    1920    0.02    0.02    0.03    0.12    1.97   22.59    7.18    0.25    0.26    0.26    0.25    0.24     33.19      2.77
    1921    0.23    0.21    0.46    0.20    0.21    0.19    0.17    0.15    0.14    0.12    0.11    0.10      2.30      0.19
    1922    0.09    0.07    0.06    3.77    3.39    0.77    0.12    0.11    0.11    0.11    0.11    0.10      8.81      0.73
    1923    0.10    0.09    0.09    0.09    0.07    0.71    0.23    0.07    0.06    0.06    0.05    0.04      1.66      0.14
    1924    0.04    0.10    1.39    0.69    1.01    1.84    1.24    0.35    0.16    0.19    0.22    0.24      7.45      0.62
    1925    0.25    0.27    0.27    0.27    0.28    0.27    0.26    0.24    0.22    0.20    0.17    0.15      2.86      0.24
    1926    0.13    0.11    0.10    0.22    0.10    0.07    0.07    0.06    0.05    0.05    0.04    0.04      1.05      0.09
    1927    0.04    0.03    0.05    1.68    1.44    0.72    0.14    0.06    0.06    0.06    0.06    0.06      4.41      0.37
    1928    0.06    0.06    0.06    0.82    0.28    0.06    0.06    0.05    0.05    0.04    0.04    0.04      1.60      0.13
    1929    0.04    0.68    0.35    0.54    0.18    0.70    0.24    0.05    0.05    0.05    0.05    0.05      3.00      0.25
    1930    0.05    0.17    0.47    0.54    0.14    0.05    0.09    0.05    0.05    0.04    0.04    0.04      1.73      0.14
    1931    0.04    0.14    0.11    0.08    0.27    0.10    0.03    0.03    0.03    0.03    0.03    0.03      0.91      0.08
    1932    0.02    0.02    0.14    0.11    0.03    0.05    0.02    0.02    0.02    0.02    0.01    0.01      0.47      0.04
    1933    0.01    0.19    4.82   15.61    4.79    0.17    0.17    0.17    0.17    0.17    0.17    0.16     26.60      2.22
    1934    0.16    0.44    0.85    0.23    0.86    0.48    0.13    0.12    0.11    0.10    0.10    0.09      3.66      0.31
    1935    0.08    0.07    0.06    0.05    0.59    4.17    1.39    0.09    0.10    0.10    0.10    0.10      6.89      0.57
    1936    0.09    0.50    0.17    1.81    0.83    0.12    0.12    0.11    0.10    0.10    0.09    0.08      4.11      0.34
    1937    0.07    0.06    4.07    1.54    0.09    0.09    0.08    0.07    0.07    0.06    0.06    0.05      6.30      0.53
    1938    0.05    0.04    0.22    0.21    5.34    2.35    0.20    0.10    0.10    0.10    0.10    0.10      8.91      0.74
    1939    0.10    0.09    0.09    0.09    0.09    0.91    0.30    0.09    0.08    0.08    0.07    0.06      2.04      0.17
    1940    0.06    0.06    2.42    0.93    0.09    0.08    0.08    0.07    0.07    0.06    0.06    0.05      4.05      0.34
    1941    0.05    0.04    0.04    0.05    0.06    3.44    1.18    0.07    0.06    0.06    0.06    0.05      5.16      0.43
    1942    0.17    0.06    2.27    1.07    0.10    0.14    0.73    0.23    0.10    0.10    0.10    0.10      5.17      0.43
    1943    0.61    0.76    0.24    0.42    7.29    2.51    0.22    0.21    0.94    0.31    0.22    0.22     13.97      1.16
    1944    0.46    0.29    0.20    0.20    0.18   16.25    5.44    0.28    0.27    0.25    0.23    0.21     24.26      2.02
    1945    0.19    0.17    0.15    3.99    2.56    0.92    0.17    0.17    0.16    0.15    0.14    0.13      8.91      0.74
    1946    0.12    0.11    0.21    0.10    0.09    0.17    0.08    0.07    0.06    0.06    0.05    0.05      1.17      0.10
    1947    0.04    0.03    0.26    0.35    0.09    0.21    0.19    0.04    0.03    0.03    0.03    0.03      1.34      0.11
    1948    0.08    0.16    0.04    1.28    0.46    0.05    0.04    0.04    0.04    0.03    0.03    0.03      2.28      0.19
    1949    0.02    0.05    1.28    0.53    0.06    0.06    0.05    0.03    0.03    0.03    0.03    0.03      2.22      0.18
    1950    0.03    0.03    0.65    0.35    0.04    0.04    0.17    0.09    0.04    0.04    0.04    0.04      1.57      0.13
    1951    0.04    0.04    0.04    0.04    0.11    0.04    0.04    0.04    0.03    0.03    0.03    0.03      0.49      0.04
    1952    0.02    0.11    0.82    0.28    0.04    0.19    0.07    0.02    0.02    0.02    0.02    0.02      1.66      0.14
    1953    0.02    0.04    0.10    0.44    0.37    0.13    0.03    0.03    0.03    0.03    0.03    0.03      1.27      0.11
    1954    0.03    0.08    0.12    1.16    6.72    2.15    0.12    0.11    0.11    0.11    0.11    0.10     10.91      0.91
    1955    0.10    0.12    0.39    0.12    2.62    0.93    0.11    0.10    0.09    0.08    0.08    0.07      4.80      0.40
    1956    0.06    0.06    0.30    0.10    0.57    0.34    0.05    0.05    0.05    0.11    0.04    0.05      1.78      0.15
    1957    0.05    0.07    0.06    1.58    0.57    0.09    0.09    0.08    0.08    0.08    0.08    0.07      2.89      0.24
    1958    0.06    0.13    1.05    0.36    0.05    0.05    0.04    0.04    0.04    0.04    0.03    0.03      1.93      0.16
    1959    0.03    0.03    0.25    0.09    0.02    0.07    0.03    0.02    0.02    0.02    0.02    0.02      0.62      0.05
    1960    0.02    2.27    2.21    0.52    0.26    0.10    1.59    0.57    0.10    0.11    0.12    0.13      8.00      0.67
    1961    0.13    0.13    0.13    0.31    0.12    0.12    0.15    0.11    0.10    0.10    0.09    0.08      1.55      0.13
    1962    0.07    0.50    0.18    0.59    0.20    0.05    0.05    0.04    0.04    0.04    0.03    0.03      1.82      0.15
    1963    0.15    0.17    0.04    0.37    0.13    0.03    0.02    0.02    0.02    0.02    0.02    0.02      1.02      0.08
    1964    0.06    0.02    0.02    0.01    0.01    0.01    0.09    0.03    0.01    0.01    0.01    0.01      0.28      0.02
    1965    0.01    0.01    0.01    0.61    2.04    0.64    0.04    0.03    0.03    0.03    0.03    0.03      3.50      0.29
    1966    0.03    0.03    0.99    4.78    3.09    2.46   37.19   11.92    0.39    0.40    0.42    0.42     62.11      5.18
    1967    0.43    0.42    0.42    0.41    0.40    1.64    0.91    0.36    0.34    0.32    0.29    0.27      6.22      0.52
    1968    0.24    0.22    0.19    0.18    0.16    0.16    0.15    0.14    0.13    0.12    0.10    0.09      1.88      0.16
    1969    0.08    0.07    0.13    0.07    0.05    0.05    0.04    0.04    0.04    0.03    0.03    0.03      0.66      0.06
    1970    0.02    0.02    0.14    1.09    0.48    0.04    0.03    0.03    0.03    0.03    0.02    0.02      1.95      0.16
    1971    0.02    0.79    0.28    7.08    2.44    0.10    0.10    0.10    0.09    0.09    0.08    0.08     11.25      0.94
    1972    0.07    0.07    0.06    0.06    0.29    0.10    0.05    0.04    0.04    0.03    0.03    0.03      0.86      0.07
    1973    0.32    0.15    0.13    1.97    1.16    0.39    0.20    0.08    0.09    0.09    0.10    0.10      4.77      0.40
    1974    0.10    0.85    0.95    0.65    0.53    0.60    0.64    0.16    0.14    0.15    0.15    0.15      5.08      0.42
    1975    0.15    0.17    1.31    1.38    1.01    3.22    1.06    0.25    0.25    0.25    0.25    0.25      9.54      0.80
    1976    0.24    0.23    0.23    1.54    0.52    1.49    0.50    0.22    0.21    0.20    0.18    0.17      5.72      0.48
    1977    0.16    0.14    1.17    6.26    2.83    0.27    0.20    0.20    0.19    0.18    0.18    0.17     11.95      1.00
    1978    0.16    0.15    0.14    0.27    0.12    0.11    0.10    0.29    0.10    0.08    0.07    0.06      1.65      0.14
    1979    0.13    0.51    0.22    1.00    0.50    0.06    0.07    0.07    0.06    0.06    0.06    0.08      2.82      0.23
    1980    0.05    0.43    0.17    1.18    1.15    0.47    0.07    0.07    0.06    0.06    0.06    0.06      3.83      0.32
    1981    0.06    0.05    0.17    0.08    0.06    0.06    0.12    0.04    0.04    0.03    0.03    0.03      0.75      0.06
    1982    0.81    0.31    0.03    0.08    0.03    0.03    0.03    0.03    0.02    0.02    0.02    0.02      1.42      0.12
    1983    0.02    0.08    0.17    0.10    0.02    0.16    0.05    0.01    0.01    0.01    0.01    0.01      0.65      0.05
    1984    0.03    0.05    0.01    0.01    0.01    0.01    0.01    0.01    0.01    0.01    0.01    0.01      0.17      0.01
    1985    0.01    0.00    0.07    0.19    0.06    0.01    0.01    0.01    0.01    0.00    0.00    0.00      0.37      0.03
    1986    0.01    0.12    0.22    0.35    0.10    0.40    0.14    0.02    0.02    0.02    0.02    0.02      1.44      0.12
    1987    0.02    0.03    0.07    0.10    6.54    2.41    0.09    0.09    0.09    0.09    0.09    0.09      9.73      0.81
    1988    0.35    0.11    0.10    0.54    1.61    0.49    0.11    0.10    0.10    0.09    0.09    0.08      3.76      0.31
    1989    0.07    1.34    0.55    0.12    0.35    0.14    0.07    0.06    0.06    0.06    0.05    0.05      2.92      0.24
    1990    0.05    0.04    0.04    1.70    1.09    1.40    0.43    0.08    0.07    0.08    0.08    0.08      5.14      0.43
    1991    0.08    0.07    0.43    0.14    0.08    0.07    0.06    0.06    0.05    0.05    0.04    0.04      1.16      0.10
    1992    0.03    4.54    1.61    0.07    0.06    0.15    0.05    0.05    0.04    0.04    0.04    0.03      6.71      0.56
    1993    0.17    0.27    0.27    0.47    0.96    0.30    0.04    0.04    0.04    0.04    0.04    0.04      2.67      0.22
    1994    0.03    0.03    0.91    0.39    0.03    1.05    0.37    0.04    0.04    0.04    0.03    0.03      3.00      0.25
    1995    0.03    0.82    4.14    2.92    0.88    0.11    0.12    0.12    0.12    0.12    0.12    0.12      9.64      0.80
    1996    0.12    0.25    0.39    0.75    0.26   10.80    3.68    0.21    0.22    0.22    0.23    0.23     17.34      1.44
    1997    0.23    0.23    0.22    1.66    1.02    0.36    0.22    0.21    0.19    0.18    0.16    0.14      4.83      0.40
    1998    0.59    2.15    1.42    0.25    0.13    0.12    0.11    0.10    0.10    0.09    0.09    0.08      5.23      0.44
    1999    0.08    0.07    5.77    1.97    7.29    2.73    0.17    0.17    0.16    0.16    0.15    0.15     18.87      1.57
    2000    0.14    0.13    0.71    0.24    0.99    1.17    0.28    0.78    0.26    0.14    0.14    0.14      5.12      0.43
    2001    0.92    1.50    0.77    0.19    0.20    0.20    0.20    0.19    0.18    0.16    0.15    0.14      4.78      0.40
    2002    0.12    0.11    0.60    0.43    0.83    0.25    0.07    0.07    0.06    0.06    0.05    0.04      2.69      0.22
    2003    0.18    0.17    0.04    0.08    3.24    9.83    2.96    0.16    0.16    0.16    0.16    0.16     17.30      1.44
    2004    0.16    0.15    0.15    0.14    0.14    0.13    0.22    0.10    0.10    0.09    0.08    0.07      1.52      0.13
    2005    0.06    0.05    0.12    0.97    5.66    2.18    0.13    0.13    0.13    0.13    0.13    0.13      9.81      0.82
    2006    0.13    0.12    0.12    0.12    0.11    0.10    0.09    0.08    0.07    0.06    0.06    0.05      1.11      0.09
    2007    1.20    0.52    0.58    1.96    0.78    0.24    0.08    0.09    0.09    0.09    0.10    0.09      5.82      0.48
    2008    0.09    0.08    0.08    6.02    3.04    1.27    0.30    0.14    0.14    0.14    0.13    0.13     11.56      0.96
    2009    0.12    9.53    3.32    0.68    0.22    0.19    3.65    1.27    0.22    0.22    0.22    0.21     19.86      1.65
  
 AVERAGE    0.14    0.40    0.63    1.06    1.08    1.25    0.87    0.26    0.11    0.10    0.09    0.09      6.07      0.51
