    1920    0.01    0.01    0.01    0.03    0.56    5.80    1.85    0.07    0.07    0.08    0.08    0.07      8.64      0.72
    1921    0.07    0.06    0.13    0.04    0.04    0.03    0.03    0.02    0.02    0.02    0.02    0.01      0.50      0.04
    1922    0.01    0.01    0.01    1.07    0.96    0.22    0.03    0.03    0.03    0.03    0.03    0.03      2.46      0.21
    1923    0.03    0.02    0.02    0.01    0.01    0.19    0.07    0.01    0.01    0.01    0.01    0.01      0.40      0.03
    1924    0.01    0.03    0.39    0.19    0.28    0.52    0.35    0.10    0.06    0.08    0.09    0.10      2.20      0.18
    1925    0.10    0.09    0.08    0.07    0.06    0.05    0.04    0.04    0.03    0.03    0.02    0.02      0.64      0.05
    1926    0.02    0.03    0.02    0.06    0.03    0.01    0.01    0.01    0.01    0.01    0.00    0.00      0.19      0.02
    1927    0.00    0.00    0.01    0.48    0.41    0.20    0.04    0.02    0.02    0.02    0.02    0.02      1.22      0.10
    1928    0.02    0.02    0.01    0.22    0.08    0.01    0.01    0.01    0.01    0.01    0.01    0.01      0.40      0.03
    1929    0.01    0.19    0.09    0.15    0.05    0.19    0.07    0.01    0.01    0.01    0.01    0.01      0.82      0.07
    1930    0.01    0.05    0.13    0.15    0.04    0.01    0.02    0.01    0.01    0.01    0.01    0.01      0.45      0.04
    1931    0.01    0.04    0.03    0.02    0.07    0.03    0.01    0.00    0.01    0.01    0.01    0.01      0.23      0.02
    1932    0.01    0.00    0.04    0.03    0.01    0.01    0.00    0.00    0.00    0.00    0.00    0.00      0.12      0.01
    1933    0.00    0.05    1.38    3.58    1.09    0.05    0.05    0.05    0.06    0.06    0.06    0.05      6.49      0.54
    1934    0.04    0.12    0.24    0.07    0.24    0.13    0.02    0.02    0.02    0.02    0.02    0.02      0.97      0.08
    1935    0.01    0.01    0.01    0.01    0.16    1.19    0.39    0.02    0.02    0.03    0.03    0.03      1.91      0.16
    1936    0.03    0.14    0.05    0.51    0.24    0.02    0.02    0.02    0.02    0.02    0.02    0.01      1.09      0.09
    1937    0.01    0.01    1.16    0.43    0.02    0.02    0.01    0.01    0.01    0.01    0.01    0.01      1.72      0.14
    1938    0.01    0.01    0.06    0.06    1.53    0.67    0.06    0.03    0.03    0.03    0.03    0.03      2.54      0.21
    1939    0.03    0.02    0.02    0.02    0.02    0.25    0.08    0.02    0.01    0.01    0.01    0.01      0.51      0.04
    1940    0.01    0.01    0.69    0.26    0.02    0.02    0.02    0.01    0.01    0.01    0.01    0.01      1.08      0.09
    1941    0.01    0.01    0.00    0.01    0.02    0.98    0.33    0.02    0.01    0.01    0.01    0.01      1.44      0.12
    1942    0.05    0.02    0.65    0.30    0.03    0.04    0.20    0.06    0.02    0.03    0.03    0.03      1.46      0.12
    1943    0.17    0.21    0.07    0.12    2.09    0.72    0.05    0.05    0.27    0.09    0.06    0.06      3.95      0.33
    1944    0.13    0.08    0.04    0.04    0.03    4.69    1.56    0.06    0.06    0.05    0.05    0.04      6.82      0.57
    1945    0.04    0.03    0.02    1.13    0.71    0.26    0.05    0.03    0.03    0.03    0.03    0.03      2.40      0.20
    1946    0.03    0.02    0.06    0.03    0.01    0.05    0.01    0.01    0.01    0.01    0.01    0.01      0.25      0.02
    1947    0.01    0.01    0.07    0.09    0.03    0.06    0.05    0.01    0.01    0.01    0.01    0.01      0.35      0.03
    1948    0.02    0.04    0.01    0.36    0.13    0.01    0.01    0.01    0.01    0.01    0.01    0.00      0.61      0.05
    1949    0.00    0.01    0.36    0.15    0.01    0.02    0.01    0.01    0.01    0.01    0.01    0.01      0.61      0.05
    1950    0.01    0.01    0.18    0.10    0.01    0.01    0.05    0.02    0.01    0.01    0.01    0.01      0.43      0.04
    1951    0.01    0.01    0.01    0.01    0.03    0.01    0.01    0.01    0.01    0.00    0.00    0.00      0.11      0.01
    1952    0.00    0.03    0.23    0.08    0.01    0.05    0.02    0.00    0.01    0.01    0.01    0.01      0.45      0.04
    1953    0.00    0.01    0.03    0.12    0.10    0.03    0.01    0.01    0.01    0.01    0.01    0.01      0.34      0.03
    1954    0.01    0.02    0.03    0.33    1.93    0.62    0.03    0.03    0.03    0.03    0.03    0.03      3.13      0.26
    1955    0.03    0.03    0.11    0.03    0.74    0.26    0.02    0.02    0.02    0.02    0.02    0.01      1.31      0.11
    1956    0.01    0.01    0.08    0.03    0.15    0.09    0.01    0.01    0.01    0.03    0.01    0.01      0.47      0.04
    1957    0.02    0.02    0.02    0.45    0.16    0.02    0.02    0.02    0.02    0.02    0.01    0.01      0.79      0.07
    1958    0.01    0.04    0.29    0.10    0.01    0.01    0.01    0.01    0.01    0.01    0.01    0.01      0.49      0.04
    1959    0.01    0.01    0.07    0.02    0.00    0.02    0.01    0.00    0.00    0.00    0.00    0.00      0.15      0.01
    1960    0.00    0.65    0.63    0.15    0.07    0.03    0.45    0.16    0.03    0.04    0.04    0.04      2.31      0.19
    1961    0.04    0.04    0.04    0.09    0.03    0.02    0.04    0.02    0.02    0.01    0.01    0.01      0.37      0.03
    1962    0.01    0.13    0.05    0.16    0.06    0.01    0.01    0.01    0.01    0.01    0.01    0.00      0.45      0.04
    1963    0.04    0.05    0.01    0.10    0.04    0.00    0.00    0.00    0.00    0.00    0.00    0.00      0.26      0.02
    1964    0.02    0.01    0.00    0.00    0.00    0.00    0.02    0.01    0.00    0.00    0.00    0.00      0.07      0.01
    1965    0.00    0.00    0.00    0.17    0.58    0.18    0.01    0.01    0.01    0.01    0.01    0.01      0.99      0.08
    1966    0.01    0.01    0.28    1.37    0.88    0.70   10.40    3.35    0.14    0.16    0.16    0.16     17.63      1.47
    1967    0.15    0.13    0.11    0.09    0.08    0.47    0.26    0.06    0.06    0.05    0.05    0.04      1.52      0.13
    1968    0.04    0.03    0.04    0.02    0.04    0.02    0.01    0.01    0.01    0.01    0.01    0.01      0.27      0.02
    1969    0.01    0.01    0.03    0.02    0.00    0.00    0.00    0.00    0.00    0.00    0.00    0.00      0.09      0.01
    1970    0.00    0.00    0.04    0.31    0.13    0.01    0.01    0.00    0.01    0.01    0.01    0.01      0.52      0.04
    1971    0.01    0.22    0.08    2.03    0.70    0.03    0.03    0.02    0.02    0.02    0.02    0.02      3.20      0.27
    1972    0.02    0.01    0.01    0.01    0.08    0.03    0.01    0.00    0.00    0.00    0.00    0.00      0.19      0.02
    1973    0.09    0.04    0.04    0.56    0.33    0.11    0.05    0.02    0.03    0.03    0.03    0.03      1.35      0.11
    1974    0.03    0.24    0.27    0.18    0.15    0.17    0.18    0.05    0.04    0.04    0.04    0.04      1.42      0.12
    1975    0.04    0.05    0.37    0.39    0.28    0.90    0.30    0.06    0.06    0.06    0.06    0.06      2.65      0.22
    1976    0.06    0.05    0.04    0.44    0.15    0.42    0.14    0.03    0.03    0.03    0.03    0.03      1.44      0.12
    1977    0.02    0.02    0.32    1.78    0.79    0.08    0.04    0.04    0.04    0.04    0.04    0.04      3.25      0.27
    1978    0.03    0.03    0.02    0.07    0.02    0.01    0.01    0.08    0.03    0.01    0.01    0.01      0.33      0.03
    1979    0.03    0.14    0.06    0.28    0.14    0.01    0.01    0.01    0.01    0.01    0.01    0.02      0.74      0.06
    1980    0.01    0.11    0.05    0.33    0.32    0.13    0.02    0.02    0.02    0.02    0.02    0.01      1.04      0.09
    1981    0.01    0.01    0.05    0.02    0.02    0.01    0.03    0.01    0.01    0.01    0.01    0.01      0.18      0.02
    1982    0.23    0.08    0.01    0.02    0.01    0.01    0.00    0.00    0.00    0.00    0.00    0.00      0.37      0.03
    1983    0.00    0.02    0.04    0.03    0.00    0.04    0.01    0.00    0.00    0.00    0.00    0.00      0.17      0.01
    1984    0.01    0.01    0.00    0.00    0.00    0.00    0.00    0.00    0.00    0.00    0.00    0.00      0.04      0.00
    1985    0.00    0.00    0.02    0.05    0.02    0.00    0.00    0.00    0.00    0.00    0.00    0.00      0.10      0.01
    1986    0.00    0.03    0.06    0.10    0.03    0.11    0.04    0.01    0.01    0.01    0.01    0.01      0.40      0.03
    1987    0.00    0.01    0.02    0.03    1.88    0.69    0.03    0.03    0.03    0.03    0.03    0.03      2.81      0.23
    1988    0.10    0.03    0.02    0.15    0.45    0.14    0.02    0.02    0.02    0.02    0.02    0.02      1.01      0.08
    1989    0.01    0.38    0.15    0.03    0.10    0.04    0.01    0.01    0.01    0.01    0.01    0.01      0.78      0.07
    1990    0.01    0.01    0.01    0.48    0.30    0.39    0.12    0.02    0.02    0.02    0.02    0.02      1.43      0.12
    1991    0.02    0.02    0.12    0.04    0.01    0.01    0.01    0.01    0.01    0.01    0.01    0.00      0.27      0.02
    1992    0.00    1.30    0.46    0.01    0.01    0.04    0.01    0.01    0.01    0.01    0.01    0.01      1.88      0.16
    1993    0.05    0.07    0.07    0.13    0.27    0.08    0.01    0.01    0.01    0.01    0.01    0.01      0.73      0.06
    1994    0.01    0.01    0.26    0.11    0.01    0.29    0.10    0.01    0.01    0.01    0.01    0.01      0.82      0.07
    1995    0.01    0.23    1.19    0.83    0.25    0.03    0.04    0.04    0.04    0.04    0.04    0.04      2.77      0.23
    1996    0.03    0.07    0.11    0.21    0.07    2.82    0.96    0.06    0.07    0.08    0.08    0.08      4.63      0.39
    1997    0.08    0.07    0.06    0.47    0.29    0.10    0.04    0.04    0.03    0.03    0.03    0.02      1.27      0.11
    1998    0.16    0.60    0.39    0.07    0.02    0.02    0.02    0.02    0.02    0.02    0.02    0.01      1.36      0.11
    1999    0.01    0.02    1.65    0.56    2.09    0.78    0.04    0.04    0.04    0.04    0.04    0.04      5.36      0.45
    2000    0.04    0.03    0.20    0.07    0.27    0.32    0.08    0.22    0.07    0.04    0.04    0.04      1.42      0.12
    2001    0.26    0.43    0.22    0.05    0.05    0.04    0.04    0.03    0.03    0.03    0.02    0.02      1.20      0.10
    2002    0.02    0.01    0.16    0.12    0.22    0.07    0.01    0.01    0.01    0.01    0.01    0.01      0.65      0.05
    2003    0.05    0.05    0.01    0.02    0.92    1.88    0.55    0.04    0.05    0.05    0.05    0.05      3.73      0.31
    2004    0.05    0.04    0.03    0.03    0.02    0.02    0.06    0.02    0.01    0.01    0.01    0.01      0.32      0.03
    2005    0.01    0.01    0.03    0.27    1.62    0.62    0.04    0.03    0.04    0.04    0.04    0.04      2.78      0.23
    2006    0.04    0.03    0.02    0.02    0.02    0.01    0.01    0.01    0.01    0.01    0.01    0.01      0.19      0.02
    2007    0.33    0.14    0.16    0.55    0.22    0.07    0.02    0.02    0.03    0.03    0.02    0.02      1.61      0.13
    2008    0.02    0.01    0.01    1.72    0.86    0.36    0.09    0.03    0.03    0.03    0.04    0.04      3.24      0.27
    2009    0.03    2.74    0.95    0.19    0.06    0.04    1.03    0.36    0.05    0.06    0.05    0.05      5.62      0.47
  
 AVERAGE    0.04    0.11    0.18    0.29    0.30    0.33    0.23    0.07    0.02    0.02    0.02    0.02      1.64      0.14
