    1920    1.24    0.62    0.56    1.41    0.97    5.66    2.58    0.68    0.48    0.37    0.29    0.24     15.11      1.26
    1921    0.26    0.30    0.63    0.97    0.60    0.38    0.28    0.26    0.28    0.27    0.31    0.29      4.82      0.40
    1922    0.39    0.73    1.09    5.53    3.47    1.21    0.59    0.39    0.31    0.32    0.29    0.24     14.57      1.21
    1923    0.18    1.03    0.55    0.26    0.55    3.14    1.56    0.56    0.44    0.35    0.28    0.23      9.13      0.76
    1924    0.19    0.75    1.76    1.05    0.87    6.62    3.53    1.63    1.22    0.90    0.71    0.70     19.93      1.66
    1925    0.65    0.54    0.44    0.37    0.37    0.43    0.36    0.34    0.33    0.35    0.34    0.27      4.79      0.40
    1926    0.19    0.28    0.20    0.25    2.31    1.52    0.72    0.49    0.36    0.36    0.35    0.25      7.28      0.61
    1927    1.39    0.66    0.16    3.42    2.81    1.17    0.60    0.45    0.35    0.29    0.27    0.25     11.81      0.98
    1928    0.19    1.43    0.67    4.83    2.69    2.51    1.37    0.65    0.58    0.55    0.42    0.37     16.25      1.35
    1929    3.96    2.72    2.30    1.08    1.28    1.13    0.66    0.46    0.39    0.37    0.36    0.26     14.98      1.25
    1930    0.18    0.14    1.20    3.78    1.84    0.59    0.48    0.41    0.32    0.33    0.34    0.24      9.84      0.82
    1931    0.16    0.57    0.37    0.38    0.75    0.60    0.44    0.37    0.30    0.26    0.23    0.18      4.61      0.38
    1932    0.15    0.25    0.90    0.61    0.29    0.43    0.37    0.29    0.26    0.26    0.23    0.18      4.21      0.35
    1933    0.13   10.76    6.25    4.81    2.22    0.71    0.42    0.39    0.38    0.34    0.29    0.25     26.94      2.25
    1934    0.20    2.43    2.03    0.66    0.88    0.71    0.44    0.33    0.28    0.25    0.22    0.18      8.61      0.72
    1935    0.14    0.09    0.46    2.63    1.73    5.05    2.35    1.74    1.24    0.74    0.53    0.39     17.08      1.42
    1936    0.34    6.79    2.78    1.72    3.71    1.71    0.67    0.53    0.42    0.37    0.31    0.26     19.61      1.63
    1937    0.23    0.17    5.91    3.04    0.77    0.41    0.73    0.60    0.42    0.34    0.28    0.22     13.12      1.09
    1938    0.17    0.12    4.16    2.97   28.87   10.33    0.88    0.64    0.59    0.64    0.66    0.51     50.54      4.21
    1939    0.42    5.25    2.73    0.69    0.39    0.70    0.57    0.47    0.55    0.56    0.45    0.91     13.69      1.14
    1940    0.59    0.65    5.31    2.94    0.88    0.90    0.97    0.70    0.46    0.35    0.29    0.24     14.30      1.19
    1941    0.43    0.28    1.03    3.61    1.59    2.10    1.17    0.51    0.37    0.31    0.30    0.28     11.99      1.00
    1942    0.54    0.94   10.18    4.02    0.67    0.66    1.39    1.04    0.69    0.70    0.71    0.53     22.09      1.84
    1943    1.38    1.00    1.19    1.96   69.69   23.10    0.67    0.56    1.23    0.93    0.66    0.56    102.94      8.58
    1944    0.79    0.79    0.37    0.28    0.28    5.90    2.70    0.66    0.48    0.38    0.31    0.23     13.16      1.10
    1945    0.18    0.18    0.13    4.83    4.30    1.80    0.77    0.51    0.38    0.31    0.25    0.19     13.84      1.15
    1946    0.15    0.21    0.86    1.17    0.97    2.12    1.19    0.50    0.35    0.29    0.24    0.20      8.23      0.69
    1947    0.18    0.30    1.06    1.41    0.81    5.64    2.73    0.89    0.60    0.44    0.34    0.26     14.65      1.22
    1948    0.28    1.22    0.55    4.18    2.02    0.54    0.37    0.28    0.25    0.26    0.23    0.18     10.35      0.86
    1949    0.20    6.87    6.94    2.29    0.76    0.79    0.68    0.61    0.60    0.54    0.40    0.26     20.92      1.74
    1950    0.22    0.24    4.42    1.90    0.47    0.44    0.53    0.64    0.60    0.46    0.37    0.28     10.57      0.88
    1951    1.03    0.54    1.41    0.70    0.70    0.56    0.39    0.31    0.27    0.31    0.33    0.24      6.77      0.56
    1952    0.16    2.21    3.50    1.82    1.64    1.26    0.73    0.49    0.37    0.30    0.25    0.18     12.90      1.07
    1953    0.13    1.41    0.65    3.12    1.50    0.45    0.38    0.35    0.30    0.26    0.23    0.20      8.98      0.75
    1954    0.17    1.04    1.48   11.90   53.59   16.76    0.79    0.76    0.70    0.61    0.51    0.40     88.71      7.39
    1955    0.35    1.72    1.74    0.65    2.71    1.53    0.57    0.68    0.61    0.46    0.34    0.26     11.61      0.97
    1956    0.56    0.61    0.85    0.88    1.13    0.84    0.51    0.36    0.75    1.20    1.10    1.32     10.10      0.84
    1957    1.05    0.65    0.36    4.69    3.08    1.88    1.31    0.84    0.61    0.52    0.43    0.40     15.83      1.32
    1958    0.35    1.38    3.38    3.56    1.48    0.53    0.46    0.47    0.41    0.36    0.31    0.22     12.91      1.08
    1959    0.16    0.59    0.99    0.57    0.33    1.00    0.96    0.67    0.47    0.37    0.29    0.20      6.59      0.55
    1960    0.27    2.72    3.00    1.22    0.58    0.84    1.28    1.03    0.79    0.60    0.42    0.27     13.04      1.09
    1961    0.28    0.41    0.38    0.67    0.77    0.53    0.54    0.48    0.35    0.29    0.24    0.18      5.11      0.43
    1962    0.13    2.47    1.18    1.09    0.55    0.22    0.41    0.43    0.45    0.49    0.40    0.26      8.09      0.67
    1963    0.24    1.04    1.14    1.21    0.80    0.47    0.39    0.35    0.30    0.28    0.24    0.19      6.62      0.55
    1964    0.74    0.46    1.39    1.12    0.56    0.30    0.42    0.40    0.32    0.28    0.24    0.18      6.43      0.54
    1965    0.12    0.18    0.14    0.52    1.65    0.82    0.31    0.26    0.26    0.25    0.22    0.17      4.91      0.41
    1966    0.82    0.77    7.49   27.16   12.50   20.09   16.77    4.50    1.26    1.08    1.00    0.84     94.28      7.86
    1967    0.74    0.67    0.60    0.54    0.50    1.70    1.05    0.67    0.53    0.43    0.37    0.29      8.10      0.67
    1968    0.23    0.24    0.32    0.20    0.37    1.68    1.19    0.87    0.74    0.54    0.40    0.29      7.05      0.59
    1969    1.21    0.98    1.64    0.99    0.52    0.38    0.31    0.29    0.28    0.25    0.22    0.19      7.25      0.60
    1970    0.27    0.25    1.16    3.74    2.36    1.36    6.11    2.87    0.82    0.60    0.48    0.41     20.43      1.70
    1971    0.37    2.07    1.32    4.15    2.02    0.62    0.41    0.31    0.27    0.24    0.21    0.18     12.18      1.02
    1972    0.26    0.61    0.49    0.60    0.36    0.50    0.72    0.57    0.39    0.31    0.26    0.29      5.36      0.45
    1973    1.11    0.98    2.23    1.74    1.44    0.93    0.97    0.74    0.49    0.37    0.29    0.22     11.51      0.96
    1974    0.20    1.55    3.06    8.01    3.47    0.98    2.03    1.31    0.74    0.59    0.47    0.36     22.76      1.90
    1975    0.30    0.65    2.73    4.16    1.83    4.60    2.63    1.29    1.05    0.79    0.62    0.50     21.15      1.76
    1976    0.72    0.63    0.49    2.51    1.14    4.06    2.08    0.75    0.52    0.42    0.35    0.36     14.04      1.17
    1977    0.37    0.57    1.35   54.91   19.41    1.51    1.01    0.80    0.64    0.57    0.50    0.45     82.08      6.84
    1978    0.37    0.30    0.24    0.68    0.45    0.46    0.39    0.31    0.28    0.27    0.32    0.32      4.40      0.37
    1979    0.54    4.68    2.10    3.37    3.15    1.32    0.58    0.39    0.29    0.26    0.22    0.27     17.16      1.43
    1980    0.23    3.13    1.48    1.91    2.08    1.06    0.56    0.40    0.31    0.27    0.24    0.21     11.88      0.99
    1981    0.29    0.23    0.41    2.97    1.34    0.51    0.42    0.32    0.26    0.28    0.28    0.21      7.53      0.63
    1982    0.27    0.22    0.79    1.05    0.57    0.32    0.27    0.25    0.26    0.29    0.26    0.21      4.77      0.40
    1983    0.34    2.00    2.03    0.86    0.32    0.69    0.46    0.27    0.25    0.27    0.27    0.21      7.97      0.66
    1984    0.36    0.34    0.31    4.86    2.08    0.65    0.45    0.33    0.30    0.27    0.25    0.23     10.44      0.87
    1985    0.79    0.47    0.85    0.59    0.29    0.21    0.22    0.23    0.25    0.27    0.26    0.20      4.64      0.39
    1986    1.27    0.96    2.61    1.81    0.69    1.47    0.89    0.42    0.31    0.26    0.25    0.81     11.76      0.98
    1987    0.59    1.06    1.59    0.89    0.55    1.62    1.05    0.57    0.42    0.34    0.28    0.27      9.22      0.77
    1988    0.35    0.26    0.81    0.64    6.05    2.55    0.70    0.56    0.56    0.56    0.43    0.27     13.75      1.15
    1989    0.18    3.36    2.24    0.67    0.57    1.46    1.91    1.17    0.67    0.48    0.36    0.25     13.33      1.11
    1990    0.21    0.16    1.15    2.31    1.56    4.81    2.25    0.59    0.39    0.31    0.27    0.21     14.22      1.18
    1991    0.18    0.18    0.77    0.49    0.31    0.23    0.18    0.16    0.16    0.16    0.16    0.14      3.12      0.26
    1992    0.11    1.49    1.64    0.86    0.64    0.46    0.34    0.29    0.24    0.22    0.20    0.18      6.68      0.56
    1993    3.27    1.76    0.82    3.73    2.63    0.99    0.53    0.41    0.31    0.26    0.23    0.17     15.12      1.26
    1994    0.18    0.34    0.83    0.60    0.42    3.89    1.93    0.68    0.50    0.38    0.30    0.23     10.27      0.86
    1995    0.28    4.66    5.17    5.09   32.27   10.99    0.96    0.84    0.73    0.65    0.55    0.44     62.64      5.22
    1996    0.41    0.44    0.45    2.25    1.04   72.47   24.39    1.63    1.37    1.04    0.83    0.71    107.03      8.92
    1997    0.60    0.63    0.85    1.54    0.83    0.48    0.37    0.29    0.26    0.24    0.21    0.20      6.48      0.54
    1998    0.24    3.46    2.22    0.83    0.55    0.39    0.37    0.40    0.37    0.33    0.27    0.20      9.63      0.80
    1999    0.15    0.11    1.76    7.01   72.70   37.46    5.71    0.92    0.77    0.69    0.59    0.51    128.39     10.70
    2000    1.27    5.71    3.04    0.70    0.74    0.61    0.49    0.46    0.41    0.34    0.27    0.21     14.26      1.19
    2001    0.30    1.42    1.58    0.64    0.31    0.23    0.16    0.19    0.25    0.27    0.26    0.21      5.82      0.49
    2002    0.26    0.18    0.31    1.01    0.78    1.49    0.86    0.38    0.29    0.27    0.24    0.17      6.23      0.52
    2003    0.48    0.47    0.29    1.59    4.45    3.48    1.49    0.70    0.48    0.38    0.31    0.23     14.36      1.20
    2004    0.18    0.33    3.75    9.73    3.66    0.89    1.00    0.74    0.48    0.40    0.33    0.25     21.74      1.81
    2005    0.20    0.53    0.33    7.25   11.91    4.02    0.71    0.47    0.39    0.36    0.30    0.24     26.71      2.23
    2006    0.19    0.19    0.19    0.14    0.12    0.12    0.14    0.15    0.15    0.15    0.17    0.32      2.04      0.17
    2007    1.53    0.85    2.70   17.24    6.03    4.38    2.06    0.64    0.57    0.49    0.40    0.30     37.19      3.10
    2008    0.25    1.23    1.07   10.31    5.08    1.29    0.65    0.43    0.44    0.45    0.38    0.33     21.91      1.83
    2009    0.31    0.57    1.12    9.31    3.81    0.96    1.31    1.09    0.81    0.60    0.46    0.33     20.68      1.72
  
 AVERAGE    0.49    1.30    1.75    3.49    4.72    3.53    1.46    0.65    0.49    0.42    0.36    0.31     18.96      1.58
