    1920    0.62    0.37    0.27    0.49    0.57   18.59    6.52    0.56    0.51    0.48    0.44    0.43     29.84      2.49
    1921    0.48    0.46    0.49    0.60    0.59    0.52    0.40    0.46    0.50    0.45    0.54    0.43      5.92      0.49
    1922    0.46    0.54    0.56    8.93    3.75    0.82    0.55    0.45    0.46    0.53    0.46    0.41     17.92      1.49
    1923    0.35    0.50    0.44    0.37    0.51    8.44    3.31    0.58    0.51    0.46    0.42    0.40     16.29      1.36
    1924    0.36    0.47    0.67    0.59    0.64   22.36    9.21    1.62    0.98    0.68    0.54    0.64     38.77      3.23
    1925    0.61    0.55    0.46    0.46    0.55    0.65    0.53    0.56    0.57    0.62    0.54    0.44      6.55      0.55
    1926    0.37    0.41    0.37    0.39    1.07    0.95    0.74    0.53    0.44    0.56    0.52    0.37      6.73      0.56
    1927    0.65    0.40    0.29    0.68    2.12    1.11    0.61    0.49    0.42    0.40    0.43    0.39      8.00      0.67
    1928    0.33    0.52    0.37    4.48    2.14    5.19    2.17    0.60    0.71    0.66    0.48    0.52     18.17      1.51
    1929    8.82    3.59    0.88    0.65    0.79    0.93    0.71    0.58    0.53    0.58    0.60    0.45     19.10      1.59
    1930    0.37    0.35    0.53    3.21    1.51    0.64    0.65    0.57    0.49    0.61    0.57    0.41      9.91      0.83
    1931    0.38    0.50    0.45    0.46    0.64    0.68    0.61    0.50    0.44    0.42    0.39    0.35      5.83      0.49
    1932    0.33    0.36    0.48    0.46    0.35    0.47    0.46    0.37    0.38    0.37    0.32    0.26      4.61      0.38
    1933    0.23   17.03    6.27    6.68    2.72    0.59    0.46    0.52    0.52    0.46    0.44    0.40     36.32      3.03
    1934    0.37    0.65    0.74    0.38    0.52    0.66    0.48    0.40    0.38    0.37    0.35    0.31      5.61      0.47
    1935    0.27    0.22    0.31    0.69    0.84   18.31    6.41    4.28    1.92    0.63    0.51    0.42     34.81      2.90
    1936    0.42    9.23    3.49    0.73    7.42    2.97    0.76    0.62    0.54    0.52    0.49    0.45     27.64      2.30
    1937    0.47    0.38    4.82    2.11    0.70    0.54    0.78    0.76    0.57    0.52    0.47    0.43     12.55      1.05
    1938    0.41    0.34    0.70    0.97   36.52   12.44    0.71    0.68    0.67    0.78    0.82    0.61     55.66      4.64
    1939    0.59    6.56    2.65    0.61    0.57    0.75    0.79    0.71    0.88    0.80    0.61    0.84     16.35      1.36
    1940    0.60    0.54    5.76    2.44    0.74    0.83    1.04    0.78    0.57    0.54    0.50    0.49     14.84      1.24
    1941    0.62    0.46    0.55    2.40    1.12    1.29    0.83    0.59    0.53    0.51    0.57    0.52      9.98      0.83
    1942    0.62    0.69   18.55    6.57    0.70    0.78    1.58    1.12    0.80    0.94    0.92    0.68     33.94      2.83
    1943    0.87    0.78    0.71    0.86   61.32   20.25    0.61    0.60    3.91    1.86    0.76    0.74     93.26      7.77
    1944    0.90    0.82    0.57    0.56    0.64   17.11    6.39    0.83    0.73    0.68    0.64    0.56     30.43      2.54
    1945    0.53    0.56    0.51    4.28    8.89    3.14    0.85    0.70    0.64    0.61    0.56    0.49     21.75      1.81
    1946    0.47    0.50    0.62    0.74    0.81    3.18    1.41    0.55    0.49    0.47    0.44    0.41     10.08      0.84
    1947    0.41    0.44    0.56    0.69    0.64   17.76    6.50    0.78    0.59    0.53    0.47    0.41     29.77      2.48
    1948    0.49    0.67    0.39    1.46    0.93    0.60    0.47    0.41    0.44    0.46    0.40    0.34      7.07      0.59
    1949    0.39   10.83   11.10    2.95    0.67    0.78    0.83    0.82    0.81    0.68    0.51    0.41     30.76      2.56
    1950    0.43    0.44    2.47    1.09    0.54    0.59    0.73    0.92    0.73    0.53    0.50    0.41      9.38      0.78
    1951    0.62    0.45    0.53    0.48    0.58    0.63    0.51    0.44    0.43    0.58    0.52    0.35      6.11      0.51
    1952    0.33    0.63    0.94    0.76    0.84    0.88    0.66    0.49    0.43    0.41    0.38    0.32      7.05      0.59
    1953    0.30    0.52    0.40    0.68    0.71    0.49    0.50    0.47    0.40    0.38    0.35    0.34      5.55      0.46
    1954    0.31    0.47    0.62   25.38   42.90   11.54    0.71    0.77    0.70    0.61    0.54    0.45     85.00      7.08
    1955    0.48    0.73    0.80    0.52    1.37    0.96    0.56    0.76    0.77    0.55    0.46    0.44      8.41      0.70
    1956    0.59    0.58    0.55    0.58    0.74    0.77    0.56    0.47    0.87    9.04    3.75    1.07     19.58      1.63
    1957    0.91    0.60    0.47    3.85    1.94    1.21    1.20    0.85    0.63    0.58    0.53    0.59     13.36      1.11
    1958    0.57    0.72    1.02    1.15    0.88    0.62    0.70    0.78    0.67    0.65    0.59    0.49      8.85      0.74
    1959    0.47    0.59    0.70    0.62    0.59    0.85    1.10    0.85    0.62    0.56    0.51    0.44      7.90      0.66
    1960    0.52    0.88    1.01    0.68    0.61    0.78    1.12    1.17    0.85    0.62    0.49    0.41      9.14      0.76
    1961    0.47    0.51    0.46    0.53    0.67    0.64    0.72    0.60    0.46    0.44    0.41    0.35      6.29      0.52
    1962    0.34    0.66    0.57    0.58    0.43    0.37    0.59    0.65    0.70    0.68    0.48    0.34      6.40      0.53
    1963    0.39    0.57    0.60    0.62    0.61    0.51    0.50    0.45    0.41    0.40    0.35    0.30      5.72      0.48
    1964    0.51    0.40    0.49    0.56    0.48    0.31    0.49    0.52    0.39    0.38    0.34    0.27      5.15      0.43
    1965    0.22    0.26    0.25    0.35    0.73    0.50    0.31    0.33    0.36    0.35    0.30    0.24      4.20      0.35
    1966    0.46    0.51   12.03   30.71   15.76   17.13   14.19    3.71    0.76    0.67    0.68    0.57     97.19      8.10
    1967    0.58    0.60    0.58    0.59    0.56    0.91    1.04    0.78    0.61    0.54    0.53    0.44      7.77      0.65
    1968    0.42    0.46    0.47    0.41    0.52    0.96    1.12    1.10    0.81    0.59    0.51    0.46      7.83      0.65
    1969    0.72    0.72    0.72    0.63    0.58    0.53    0.50    0.50    0.47    0.45    0.41    0.38      6.61      0.55
    1970    0.46    0.41    0.52    3.24    1.69    0.94   17.73    6.38    0.68    0.59    0.52    0.52     33.67      2.81
    1971    0.52    0.76    0.72    3.97    1.73    0.67    0.55    0.50    0.48    0.47    0.46    0.43     11.27      0.94
    1972    0.50    0.57    0.50    0.52    0.47    0.58    0.86    0.67    0.48    0.45    0.42    0.50      6.51      0.54
    1973    0.77    0.68    0.74    0.76    0.82    0.76    0.89    0.71    0.49    0.44    0.40    0.36      7.81      0.65
    1974    0.39    0.61    0.86   17.12    6.19    0.80    5.63    2.39    0.69    0.59    0.53    0.45     36.25      3.02
    1975    0.45    0.57    0.87    4.27    1.81   13.80    5.49    1.32    0.98    0.74    0.63    0.58     31.51      2.63
    1976    0.77    0.76    0.64    0.91    0.79   10.16    4.06    0.87    0.70    0.66    0.62    0.74     21.67      1.81
    1977    0.74    0.70    0.80   55.56   18.81    1.23    1.09    0.87    0.74    0.71    0.70    0.70     82.65      6.89
    1978    0.65    0.59    0.55    0.67    0.73    0.79    0.71    0.64    0.61    0.61    0.70    0.62      7.86      0.65
    1979    0.67    6.36    2.47    0.96    3.89    1.65    0.64    0.54    0.51    0.50    0.47    0.57     19.22      1.60
    1980    0.47    0.75    0.65    0.73    1.01    0.83    0.60    0.48    0.44    0.44    0.43    0.41      7.24      0.60
    1981    0.47    0.39    0.40    0.77    0.64    0.57    0.53    0.43    0.39    0.48    0.45    0.34      5.87      0.49
    1982    0.41    0.36    0.43    0.57    0.49    0.42    0.38    0.36    0.43    0.45    0.38    0.31      4.99      0.42
    1983    0.40    0.67    0.71    0.45    0.29    0.47    0.43    0.31    0.35    0.41    0.36    0.27      5.13      0.43
    1984    0.37    0.36    0.29    5.44    2.27    0.57    0.42    0.40    0.40    0.37    0.35    0.34     11.58      0.96
    1985    0.54    0.37    0.39    0.41    0.32    0.30    0.37    0.35    0.38    0.39    0.35    0.27      4.45      0.37
    1986    0.53    0.56    0.67    0.67    0.44    0.68    0.59    0.36    0.32    0.32    0.35    0.64      6.14      0.51
    1987    0.54    0.50    0.59    0.47    0.47    0.81    0.82    0.52    0.41    0.39    0.35    0.41      6.26      0.52
    1988    0.47    0.33    0.40    0.46   15.60    5.54    0.70    0.64    0.76    0.74    0.52    0.40     26.57      2.21
    1989    0.38    0.76    0.83    0.50    0.55    0.90    6.82    2.80    0.62    0.55    0.49    0.42     15.64      1.30
    1990    0.45    0.37    0.51    0.84    0.91   16.66    5.94    0.56    0.53    0.53    0.50    0.46     28.26      2.36
    1991    0.47    0.46    0.55    0.53    0.53    0.44    0.41    0.41    0.41    0.40    0.40    0.34      5.35      0.45
    1992    0.32    0.55    0.69    0.55    0.56    0.51    0.43    0.38    0.35    0.34    0.32    0.30      5.29      0.44
    1993    4.93    2.14    0.49    2.56    1.49    0.63    0.51    0.43    0.37    0.36    0.33    0.28     14.50      1.21
    1994    0.32    0.37    0.44    0.42    0.43   10.74    4.13    0.62    0.49    0.44    0.41    0.37     19.18      1.60
    1995    0.44    5.20    5.61    7.23   28.77    9.30    0.84    0.77    0.68    0.63    0.58    0.50     60.55      5.05
    1996    0.59    0.63    0.57    0.82    0.71   67.10   22.44    4.06    1.80    0.84    0.71    0.69    100.95      8.41
    1997    0.63    0.68    0.75    0.88    0.82    0.70    0.58    0.53    0.52    0.52    0.50    0.56      7.67      0.64
    1998    0.59    1.08    0.87    0.65    0.64    0.57    0.63    0.67    0.59    0.52    0.46    0.41      7.67      0.64
    1999    0.36    0.34    0.57   13.67   58.36   29.38    4.47    0.77    0.68    0.63    0.58    0.56    110.37      9.20
    2000    0.84    9.83    3.82    0.57    0.68    0.81    0.72    0.72    0.66    0.58    0.52    0.46     20.19      1.68
    2001    0.55    0.76    0.78    0.54    0.50    0.43    0.41    0.50    0.58    0.54    0.50    0.41      6.48      0.54
    2002    0.46    0.34    0.36    0.56    0.66    0.91    0.61    0.39    0.40    0.41    0.36    0.29      5.76      0.48
    2003    0.44    0.45    0.32    0.53   11.75    9.50    2.43    0.57    0.49    0.48    0.44    0.36     27.76      2.31
    2004    0.34    0.40    0.85   21.25    7.37    0.76    0.97    0.76    0.55    0.51    0.47    0.41     34.64      2.89
    2005    0.36    0.46    0.45   11.36   24.37    7.32    0.72    0.61    0.57    0.56    0.53    0.47     47.77      3.98
    2006    0.43    0.47    0.47    0.43    0.41    0.41    0.43    0.42    0.40    0.39    0.43    0.58      5.27      0.44
    2007    0.89    0.56    0.68   29.05    9.74    9.35    3.59    0.68    0.65    0.58    0.51    0.42     56.71      4.73
    2008    0.42    0.61    0.64   20.50    7.48    0.95    0.63    0.54    0.62    0.66    0.56    0.54     34.15      2.85
    2009    0.55    0.56    0.63   18.67    6.69    0.87    1.17    1.26    0.90    0.67    0.57    0.48     33.02      2.75
  
 AVERAGE    0.64    1.27    1.38    3.97    4.83    4.60    2.07    0.85    0.63    0.65    0.53    0.45     21.89      1.82
