    1920    0.97    0.62    0.37    0.45    0.92   15.06   14.79    0.72    0.60    0.54    0.50    0.47     36.01      3.00
    1921    0.45    0.49    3.39    3.61    0.94    0.59    0.47    0.42    0.43    0.41    0.41    0.36     11.97      1.00
    1922    0.30    0.27    0.38    1.88    3.05    1.65    0.43    0.34    0.31    0.30    0.28    0.24      9.43      0.79
    1923    0.21    0.25    0.30    0.20    0.22    1.83    1.85    0.32    0.26    0.23    0.20    0.19      6.07      0.51
    1924    0.18    0.36    2.19    2.30    0.75    1.83    2.59    1.69    0.91    0.68    0.58    0.57     14.62      1.22
    1925    0.55    0.55    0.52    0.51    0.52    0.52    0.47    0.47    0.47    0.43    0.37    0.31      5.69      0.47
    1926    0.27    0.24    0.23    0.30    0.38    0.37    0.28    0.23    0.20    0.21    0.19    0.15      3.05      0.25
    1927    0.18    0.18    0.10    1.53    2.15    0.89    0.31    0.21    0.18    0.17    0.17    0.16      6.24      0.52
    1928    0.14    0.66    0.68    1.94    2.00    0.38    0.38    0.23    0.24    0.24    0.19    0.17      7.23      0.60
    1929    0.39    0.93    0.91    0.62    0.35    0.60    0.65    0.26    0.22    0.20    0.19    0.16      5.47      0.46
    1930    0.13    0.12    0.56    1.49    1.08    0.21    0.24    0.22    0.17    0.16    0.15    0.11      4.64      0.39
    1931    0.10    0.43    0.55    0.17    0.15    0.19    0.17    0.15    0.12    0.11    0.10    0.08      2.31      0.19
    1932    0.07    0.06    0.41    0.45    0.09    0.10    0.09    0.08    0.07    0.07    0.07    0.05      1.63      0.14
    1933    0.04    1.30    2.49    3.63    2.81    0.51    0.25    0.24    0.24    0.23    0.22    0.20     12.16      1.01
    1934    0.19    1.49    2.22    0.88    0.58    1.23    0.86    0.29    0.24    0.22    0.21    0.19      8.61      0.72
    1935    0.16    0.14    0.22    1.34    1.39    2.48    2.47    0.63    0.60    0.37    0.31    0.26     10.37      0.86
    1936    0.24    2.61    2.69    0.32    0.35    0.31    0.29    0.26    0.23    0.21    0.19    0.17      7.87      0.66
    1937    0.15    0.13    2.05    2.33    0.39    0.17    0.23    0.27    0.19    0.17    0.15    0.12      6.34      0.53
    1938    0.11    0.08    1.24    1.56    5.67    5.85    0.68    0.38    0.34    0.36    0.37    0.32     16.96      1.41
    1939    0.32    0.44    0.65    0.32    0.26    0.65    0.73    0.35    0.37    0.35    0.27    0.42      5.13      0.43
    1940    0.44    0.21    1.77    1.85    0.24    0.22    0.24    0.23    0.20    0.18    0.16    0.15      5.89      0.49
    1941    0.15    0.12    0.10    0.41    0.40    2.77    2.92    0.26    0.20    0.18    0.18    0.15      7.84      0.65
    1942    0.15    0.20    1.12    1.44    0.56    0.86    1.95    1.55    0.50    0.44    0.43    0.39      9.59      0.80
    1943    1.07    2.27    1.63    0.92   26.85   26.62    0.78    0.71    1.06    1.25    0.82    0.77     64.73      5.39
    1944    0.83    0.90    0.64    0.55    0.52    1.79    1.90    0.56    0.49    0.45    0.40    0.35      9.38      0.78
    1945    0.30    0.27    0.24    2.29    3.38    1.48    0.47    0.37    0.30    0.27    0.24    0.21      9.82      0.82
    1946    0.20    0.19    0.70    1.11    0.52    1.03    1.08    0.25    0.21    0.19    0.17    0.15      5.80      0.48
    1947    0.13    0.13    0.27    0.37    0.21    1.57    1.77    0.41    0.26    0.22    0.19    0.15      5.66      0.47
    1948    0.16    0.40    0.34    1.29    1.33    0.23    0.20    0.16    0.16    0.17    0.14    0.11      4.68      0.39
    1949    0.10    0.29    2.58    2.60    0.36    0.19    0.22    0.25    0.25    0.22    0.18    0.14      7.37      0.61
    1950    0.13    0.11    0.98    1.04    0.16    0.17    0.32    0.46    0.33    0.26    0.22    0.15      4.32      0.36
    1951    0.22    0.22    0.25    0.25    0.25    0.32    0.20    0.17    0.15    0.15    0.14    0.10      2.42      0.20
    1952    0.09    1.04    2.70    1.87    0.48    0.52    0.30    0.25    0.20    0.19    0.17    0.15      7.99      0.67
    1953    0.14    0.78    0.85    0.65    0.73    0.26    0.26    0.23    0.18    0.16    0.14    0.12      4.53      0.38
    1954    0.11    0.10    0.18    6.99   28.17   21.24    0.67    0.63    0.55    0.51    0.47    0.43     60.04      5.00
    1955    0.42    0.42    2.01    1.97    4.71    5.08    0.62    0.60    0.57    0.48    0.42    0.39     17.69      1.47
    1956    0.46    0.58    0.43    0.60    0.63    0.75    0.56    0.36    0.46    0.76    0.77    0.72      7.08      0.59
    1957    0.65    0.43    0.38    1.70    1.75    0.51    0.55    0.54    0.46    0.42    0.37    0.33      8.10      0.68
    1958    0.29    0.35    3.58    3.65    0.51    0.32    0.31    0.37    0.34    0.30    0.27    0.22     10.51      0.88
    1959    0.19    0.18    0.20    0.16    0.17    0.35    0.42    0.27    0.19    0.17    0.15    0.12      2.57      0.21
    1960    0.11    1.93    5.59    3.91    0.76    0.75    0.73    0.86    0.59    0.47    0.39    0.34     16.44      1.37
    1961    0.32    0.30    0.28    0.27    0.29    0.31    0.51    0.58    0.29    0.25    0.22    0.18      3.79      0.32
    1962    0.16    1.22    1.28    1.68    1.69    0.19    0.18    0.18    0.20    0.20    0.17    0.13      7.27      0.61
    1963    0.13    0.69    0.66    0.18    0.38    0.31    0.16    0.14    0.12    0.12    0.11    0.09      3.09      0.26
    1964    0.12    0.13    0.16    0.27    0.17    0.08    0.12    0.14    0.10    0.09    0.08    0.06      1.50      0.12
    1965    0.05    0.05    0.04    0.34    1.05    0.82    0.11    0.08    0.10    0.11    0.09    0.08      2.93      0.24
    1966    0.09    0.09    4.81   29.81   26.37    5.30   17.18   14.20    1.10    1.02    1.03    1.00    102.01      8.50
    1967    0.96    0.93    0.91    0.88    0.83    0.84    0.91    0.87    0.76    0.68    0.61    0.53      9.70      0.81
    1968    0.47    0.44    0.41    0.37    0.37    0.41    0.43    0.46    0.41    0.33    0.27    0.22      4.60      0.38
    1969    0.21    0.22    0.39    0.37    0.22    0.19    0.18    0.20    0.19    0.16    0.14    0.12      2.59      0.22
    1970    0.12    0.11    0.93    2.63    1.98    0.28    1.24    1.36    0.38    0.33    0.26    0.27      9.88      0.82
    1971    0.26    0.80    1.07    8.47    8.79    1.13    0.70    0.49    0.44    0.42    0.40    0.37     23.32      1.94
    1972    0.34    0.32    0.29    0.27    0.28    0.31    0.38    0.40    0.27    0.23    0.20    0.22      3.50      0.29
    1973    0.22    0.18    0.33    5.45    5.76    0.99    0.84    0.57    0.41    0.36    0.33    0.31     15.76      1.31
    1974    0.30    0.38    0.67    0.86    0.72    0.60    1.31    1.18    0.49    0.39    0.34    0.29      7.53      0.63
    1975    0.26    0.25    1.60    5.51    4.75   25.16   25.11    1.18    0.92    0.80    0.73    0.70     66.96      5.58
    1976    0.72    0.69    0.64    0.62    0.68    1.34    1.28    0.65    0.53    0.47    0.43    0.43      8.47      0.71
    1977    0.40    0.34    1.14    5.24    6.61    2.88    0.63    0.51    0.44    0.42    0.42    0.40     19.42      1.62
    1978    0.37    0.32    0.29    0.77    0.81    0.28    0.25    0.24    0.22    0.20    0.21    0.18      4.15      0.35
    1979    0.17    1.85    2.25    1.01    0.88    0.48    0.24    0.21    0.19    0.18    0.17    0.29      7.92      0.66
    1980    0.32    1.75    1.93    1.23    1.39    0.68    0.40    0.26    0.22    0.21    0.20    0.18      8.77      0.73
    1981    0.16    0.14    0.13    0.38    0.31    0.15    0.20    0.21    0.15    0.14    0.12    0.09      2.19      0.18
    1982    0.24    0.25    0.07    0.22    0.25    0.11    0.10    0.10    0.10    0.11    0.10    0.08      1.72      0.14
    1983    0.06    0.04    0.55    0.56    0.05    0.30    0.34    0.09    0.10    0.13    0.10    0.07      2.38      0.20
    1984    0.06    0.05    0.03    0.85    0.93    0.13    0.08    0.07    0.07    0.07    0.06    0.05      2.46      0.21
    1985    0.07    0.07    0.10    0.11    0.06    0.15    0.15    0.07    0.07    0.08    0.09    0.08      1.10      0.09
    1986    0.10    0.22    0.30    0.84    0.77    0.53    0.56    0.14    0.12    0.11    0.10    0.99      4.77      0.40
    1987    1.06    0.17    0.21    0.18    1.71    2.24    0.81    0.32    0.24    0.22    0.20    0.23      7.58      0.63
    1988    0.33    0.24    0.19    0.17    2.45    2.50    0.36    0.33    0.33    0.32    0.25    0.19      7.67      0.64
    1989    0.17    0.27    1.09    0.88    0.47    0.61    0.62    0.57    0.26    0.22    0.19    0.16      5.51      0.46
    1990    0.16    0.13    0.18    2.35    2.70    1.57    1.21    0.28    0.26    0.25    0.22    0.20      9.49      0.79
    1991    0.22    0.20    0.18    0.16    0.14    0.12    0.11    0.11    0.10    0.09    0.08    0.07      1.59      0.13
    1992    0.13    0.38    1.69    1.54    0.13    0.13    0.11    0.09    0.09    0.09    0.08    0.07      4.52      0.38
    1993    0.24    0.43    0.62    0.67    0.73    0.60    0.14    0.12    0.11    0.11    0.10    0.08      3.96      0.33
    1994    0.08    0.07    0.06    0.06    0.08    3.48    3.71    0.43    0.31    0.24    0.20    0.17      8.89      0.74
    1995    0.17    1.11    2.64    2.89    3.23    2.25    0.47    0.43    0.38    0.36    0.35    0.32     14.60      1.22
    1996    0.32    0.99    1.04    0.35    0.30    6.97    7.32    1.19    1.13    0.68    0.58    0.55     21.42      1.79
    1997    0.53    0.49    0.48    0.48    0.53    0.57    0.51    0.43    0.38    0.35    0.31    0.27      5.32      0.44
    1998    0.25    0.85    2.23    1.77    0.52    0.29    0.30    0.36    0.33    0.27    0.23    0.19      7.58      0.63
    1999    0.17    0.16    1.11    1.88   39.64   39.43    0.88    0.65    0.58    0.54    0.51    0.48     86.04      7.17
    2000    0.50    0.50    1.02    1.00    0.43    0.45    0.46    0.55    0.53    0.42    0.34    0.28      6.49      0.54
    2001    0.88    2.74    2.13    0.63    0.71    0.38    0.32    0.32    0.31    0.28    0.27    0.23      9.20      0.77
    2002    0.20    0.19    0.25    0.40    0.36    0.23    0.17    0.14    0.13    0.13    0.11    0.09      2.41      0.20
    2003    0.14    0.88    0.85    1.01    1.34    1.00    0.74    0.26    0.21    0.19    0.18    0.15      6.95      0.58
    2004    0.15    0.16    0.57    1.06    0.63    0.20    0.66    0.74    0.23    0.19    0.17    0.14      4.89      0.41
    2005    0.12    0.11    0.11    0.88    3.42    3.16    0.67    0.33    0.27    0.26    0.25    0.22      9.79      0.82
    2006    0.20    0.37    0.44    0.19    0.16    0.14    0.15    0.16    0.15    0.15    0.13    0.14      2.39      0.20
    2007    0.23    0.22    0.77    6.92    6.50    1.01    0.92    0.40    0.38    0.34    0.30    0.26     18.25      1.52
    2008    0.25    0.24    0.26    6.63    6.80    1.31    1.26    0.42    0.42    0.43    0.41    0.34     18.76      1.56
    2009    0.30    0.29    0.32    0.55    0.42    0.30    0.50    0.58    0.45    0.33    0.27    0.21      4.52      0.38
  
 AVERAGE    0.28    0.51    0.98    1.81    2.63    2.39    1.34    0.57    0.33    0.30    0.27    0.25     11.67      0.97
