    1920    2.17    0.94    0.67    3.11    2.11   12.61    5.26    0.94    0.53    0.43    0.36    0.32     29.45      2.45
    1921    0.29    2.07    5.55    2.16    0.36    1.18    0.62    0.29    0.27    0.24    0.28    0.24     13.55      1.13
    1922    0.15    2.45    3.17   11.78    6.66    2.00    0.76    0.38    0.30    0.28    0.25    0.21     28.38      2.37
    1923    0.19    0.86    0.93    0.38    1.73    4.71    2.02    0.52    0.36    0.25    0.18    0.15     12.29      1.02
    1924    0.14    0.91    5.87    3.59    1.97    7.12   16.13    6.34    1.42    0.82    0.64    0.61     45.56      3.80
    1925    0.55    0.51    0.49    0.49    0.48    0.47    0.41    0.39    0.39    0.36    0.30    0.23      5.10      0.42
    1926    0.18    0.30    0.22    0.51    0.84    0.66    0.38    0.25    0.18    0.18    0.18    0.12      4.00      0.33
    1927    0.33    0.19    0.09    4.49    6.19    3.00    1.01    0.44    0.25    0.19    0.20    0.19     16.57      1.38
    1928    0.12    0.88    0.53    4.44    1.78    1.42    0.74    0.26    0.23    0.24    0.18    0.13     10.94      0.91
    1929    1.24    0.88    2.72    1.43    0.53    1.27    0.73    0.34    0.24    0.19    0.16    0.12      9.86      0.82
    1930    0.07    0.12    1.83    3.83    1.44    0.55    0.60    0.43    0.26    0.22    0.19    0.12      9.66      0.81
    1931    0.07    0.80    0.50    0.22    0.28    0.27    0.25    0.21    0.16    0.14    0.12    0.08      3.10      0.26
    1932    0.06    0.04    1.06    0.50    0.12    0.18    0.15    0.11    0.09    0.09    0.08    0.07      2.56      0.21
    1933    0.05    6.96    6.01   12.42    5.06    0.95    0.42    0.29    0.26    0.22    0.20    0.17     33.01      2.75
    1934    0.15    3.76    3.54    1.00    2.36    1.76    0.64    0.28    0.18    0.15    0.13    0.10     14.05      1.17
    1935    0.08    0.06    0.96    2.49    3.86    9.67    3.84    1.06    0.76    0.47    0.29    0.21     23.74      1.98
    1936    0.18    3.44    1.51    3.75    2.47    0.71    0.29    0.22    0.18    0.16    0.14    0.12     13.18      1.10
    1937    0.10    0.08   12.83    6.93    1.39    0.34    0.44    0.35    0.23    0.18    0.14    0.10     23.09      1.92
    1938    0.08    0.07    5.72    2.68   23.51   10.18    1.59    0.62    0.44    0.43    0.43    0.34     46.09      3.84
    1939    0.30    1.66    1.89    0.64    0.25    1.41    0.76    0.37    0.56    0.55    0.36    0.63      9.39      0.78
    1940    0.40    0.29    6.60    3.15    0.57    0.22    0.22    0.20    0.15    0.13    0.11    0.09     12.14      1.01
    1941    0.15    0.10    1.29    3.86    1.44    8.92    3.63    0.51    0.28    0.20    0.18    0.15     20.71      1.73
    1942    0.43    1.47    3.14    1.40    0.30    1.77    3.10    1.67    0.74    0.58    0.52    0.44     15.57      1.30
    1943    2.18    1.65    0.80    0.71   41.08   14.54    0.71    0.53    1.15    0.85    0.51    0.43     65.14      5.43
    1944    2.89    1.99    0.50    0.28    0.25    9.97    3.96    0.42    0.30    0.26    0.22    0.18     21.22      1.77
    1945    0.15    0.12    0.10    3.90    4.50    1.67    0.46    0.27    0.18    0.15    0.12    0.08     11.70      0.98
    1946    0.06    0.05    1.29    0.92    0.61    1.02    0.57    0.24    0.16    0.13    0.11    0.09      5.25      0.44
    1947    0.07    0.09    0.65    0.41    0.15    5.49    2.33    0.49    0.31    0.22    0.16    0.11     10.47      0.87
    1948    0.54    2.07    0.80   13.38    4.99    0.49    0.30    0.19    0.17    0.17    0.15    0.09     23.35      1.95
    1949    0.08    0.37    6.71    3.01    0.54    0.28    0.57    0.49    0.39    0.32    0.22    0.13     13.12      1.09
    1950    0.08    0.06    5.41    2.12    0.32    0.36    0.93    0.89    0.64    0.45    0.33    0.20     11.80      0.98
    1951    0.91    0.41    1.16    0.61    1.87    1.11    0.41    0.26    0.21    0.19    0.16    0.10      7.41      0.62
    1952    0.17    2.85    8.09    2.89    1.48    0.92    0.49    0.35    0.24    0.18    0.14    0.09     17.88      1.49
    1953    0.07    1.45    0.66    3.30    1.44    0.27    0.24    0.22    0.17    0.14    0.12    0.09      8.19      0.68
    1954    0.06    0.25    1.92   14.99   36.23   11.34    0.85    0.61    0.50    0.44    0.37    0.31     67.88      5.66
    1955    0.29    0.44    5.18    1.98   11.41    4.68    0.57    0.54    0.45    0.32    0.25    0.21     26.33      2.19
    1956    0.58    0.46    0.89    0.54    0.72    0.73    0.39    0.22    1.28    1.22    1.01    1.21      9.25      0.77
    1957    0.84    0.36    0.14    3.02    1.88    0.78    0.76    0.53    0.31    0.21    0.16    0.13      9.14      0.76
    1958    0.11    1.92    5.72    3.78    1.17    0.33    0.22    0.25    0.24    0.21    0.17    0.11     14.23      1.19
    1959    0.07    0.49    0.98    0.71    0.28    0.52    0.89    0.59    0.31    0.22    0.16    0.10      5.33      0.44
    1960    0.08    4.19   11.27    3.79    0.93    0.57    2.57    1.71    0.90    0.58    0.36    0.20     27.13      2.26
    1961    0.16    0.30    0.25    0.59    0.40    0.25    0.26    0.23    0.17    0.14    0.12    0.08      2.93      0.24
    1962    0.06    2.06    0.91    1.94    0.80    0.12    0.14    0.16    0.18    0.20    0.17    0.11      6.85      0.57
    1963    0.24    0.76    0.44    0.37    0.24    0.14    0.17    0.18    0.15    0.14    0.12    0.09      3.03      0.25
    1964    1.40    0.62    1.93    1.30    0.41    0.14    0.23    0.20    0.15    0.13    0.12    0.09      6.72      0.56
    1965    0.05    0.30    0.15    0.59    1.05    0.45    0.13    0.11    0.14    0.15    0.13    0.10      3.36      0.28
    1966    0.18    0.17   21.87   28.28   48.62   17.87   10.49    4.30    1.41    1.22    1.18    1.08    136.69     11.39
    1967    1.03    0.99    0.95    0.89    0.82    3.35    1.55    0.85    0.69    0.57    0.48    0.39     12.55      1.05
    1968    0.32    0.30    0.45    0.23    1.53    1.88    1.15    0.79    0.58    0.38    0.24    0.16      8.01      0.67
    1969    0.18    1.03    2.04    1.31    0.46    0.21    0.15    0.16    0.17    0.15    0.13    0.10      6.10      0.51
    1970    0.24    0.20    1.59   10.22    4.22    0.75    2.85    1.60    0.59    0.38    0.25    0.19     23.08      1.92
    1971    0.15    5.57    2.42   18.03    7.52    1.25    0.57    0.34    0.29    0.26    0.23    0.19     36.81      3.07
    1972    0.17    0.14    0.66    1.42    0.82    0.44    0.61    0.45    0.26    0.19    0.15    0.16      5.48      0.46
    1973    0.46    0.40    9.84   13.44    4.66    1.19    1.47    0.92    0.44    0.29    0.26    0.22     33.60      2.80
    1974    0.20    1.71    2.73    6.41    3.98    1.90    2.25    1.44    0.77    0.46    0.31    0.24     22.39      1.87
    1975    0.21    0.26    5.58   19.25    8.08   42.54   16.15    2.17    1.47    1.07    0.88    0.80     98.49      8.21
    1976    0.78    0.72    0.64    2.59    1.03    4.29    1.81    0.46    0.38    0.33    0.28    0.26     13.56      1.13
    1977    0.28    0.19    0.38   44.25   18.92    2.54    0.80    0.50    0.40    0.36    0.32    0.28     69.21      5.77
    1978    0.24    0.20    0.17    1.47    0.60    0.14    0.12    0.11    0.12    0.12    0.14    0.13      3.56      0.30
    1979    0.34   10.56    4.11    1.45    2.14    0.98    0.36    0.24    0.17    0.14    0.12    0.10     20.72      1.73
    1980    0.08    2.92    2.17    2.94    3.63    1.75    0.66    0.36    0.22    0.17    0.18    0.16     15.23      1.27
    1981    0.11    0.10    0.68    4.24    1.62    0.46    0.38    0.28    0.19    0.16    0.14    0.10      8.48      0.71
    1982    0.41    0.23    0.12    0.23    0.17    0.13    0.13    0.13    0.13    0.13    0.14    0.11      2.05      0.17
    1983    0.25    0.78    4.15    1.57    0.17    1.31    0.65    0.19    0.16    0.19    0.18    0.12      9.72      0.81
    1984    0.84    0.63    0.23    4.96    1.99    0.33    0.20    0.16    0.15    0.14    0.13    0.11      9.88      0.82
    1985    0.21    0.12    0.65    0.79    0.35    0.20    0.18    0.15    0.14    0.14    0.14    0.11      3.19      0.27
    1986    0.35    0.60    3.68    2.05    0.59    0.34    0.23    0.14    0.11    0.10    0.10    0.68      8.98      0.75
    1987    0.40    0.44    1.15    0.55    1.62    1.39    0.78    0.48    0.29    0.20    0.15    0.24      7.69      0.64
    1988    0.64    0.36    0.60    0.38    7.90    3.10    0.46    0.32    0.28    0.27    0.20    0.12     14.64      1.22
    1989    0.07    3.18    4.15    1.50    3.63    2.18    1.38    0.86    0.45    0.28    0.20    0.12     18.01      1.50
    1990    0.10    0.09    2.24    5.42    7.20   10.67    4.13    0.79    0.41    0.35    0.30    0.27     31.97      2.66
    1991    0.76    0.45    0.38    0.20    0.19    0.16    0.14    0.12    0.10    0.09    0.08    0.06      2.73      0.23
    1992    0.05    2.50    2.44    0.81    0.35    0.58    0.38    0.22    0.16    0.13    0.11    0.08      7.80      0.65
    1993    2.20    1.34    0.59    2.13    3.23    1.27    0.34    0.21    0.15    0.13    0.11    0.08     11.78      0.98
    1994    0.05    0.04    0.15    0.17    0.10    6.75    2.86    0.64    0.42    0.28    0.20    0.14     11.78      0.98
    1995    0.11    4.12    6.99    3.70   15.56    6.07    0.80    0.45    0.35    0.31    0.27    0.23     38.98      3.25
    1996    0.21    0.49    0.51    3.05    1.24   93.35   31.82    3.38    2.18    1.12    0.81    0.75    138.91     11.58
    1997    0.65    0.55    0.62    4.78    1.96    0.70    0.54    0.44    0.38    0.33    0.28    0.24     11.46      0.95
    1998    0.25    3.37    7.96    3.42    0.58    0.31    0.34    0.34    0.29    0.22    0.17    0.11     17.35      1.45
    1999    0.08    0.14    3.24    6.62  193.99   81.34    7.62    1.16    0.92    0.80    0.68    0.60    297.18     24.77
    2000    1.10    0.91    1.61    0.62    0.59    0.56    0.40    0.41    0.38    0.29    0.21    0.16      7.23      0.60
    2001    0.77    2.54    2.51    0.82    0.73    0.39    0.18    0.19    0.21    0.20    0.18    0.14      8.85      0.74
    2002    0.13    0.08    1.31    0.63    1.01    0.49    0.13    0.09    0.08    0.09    0.08    0.06      4.18      0.35
    2003    0.30    1.04    0.75    0.62    5.14    3.89    1.41    0.57    0.32    0.23    0.18    0.11     14.56      1.21
    2004    0.08    0.08    0.81    1.50    0.66    0.22    0.42    0.34    0.21    0.16    0.13    0.10      4.70      0.39
    2005    0.06    0.24    0.12    3.93    8.40    3.07    0.54    0.26    0.17    0.14    0.12    0.08     17.12      1.43
    2006    0.06    0.44    5.76    2.14    0.16    0.09    0.08    0.09    0.10    0.11    0.11    0.10      9.23      0.77
    2007    5.04    3.08    1.71    8.98    3.43    4.08    1.90    0.51    0.37    0.27    0.19    0.15     29.70      2.48
    2008    0.13    2.18    0.94    9.33    3.53    0.88    0.49    0.23    0.18    0.16    0.16    0.14     18.33      1.53
    2009    0.14    0.79    1.68    6.83    2.66    0.62    1.91    1.52    0.94    0.61    0.38    0.20     18.26      1.52
  
 AVERAGE    0.43    1.20    2.63    4.16    6.16    4.82    1.82    0.62    0.39    0.31    0.25    0.21     23.00      1.92
