    1920    1.13    0.45    0.32    0.37    1.17   15.64    5.48    0.39    0.28    0.24    0.22    0.21     25.91      2.16
    1921    0.20    0.18    2.99    1.65    0.51    0.23    0.16    0.14    0.14    0.12    0.12    0.10      6.52      0.54
    1922    0.08    0.12    0.12    1.48    3.58    1.42    0.29    0.14    0.12    0.12    0.11    0.09      7.66      0.64
    1923    0.08    0.16    0.09    0.12    0.22    3.28    1.36    0.22    0.13    0.09    0.08    0.07      5.91      0.49
    1924    0.06    1.00    1.60    0.78    1.01    7.88    6.74    2.31    0.77    0.57    0.48    0.48     23.68      1.97
    1925    0.46    0.43    0.38    0.35    0.32    0.31    0.30    0.28    0.26    0.23    0.20    0.17      3.69      0.31
    1926    0.15    0.22    0.14    0.11    0.12    0.20    0.13    0.08    0.07    0.07    0.06    0.05      1.39      0.12
    1927    0.33    0.15    0.11    2.79    1.92    0.85    0.40    0.21    0.12    0.09    0.09    0.09      7.15      0.60
    1928    0.07    0.93    0.45    1.82    0.78    0.71    0.38    0.15    0.17    0.16    0.11    0.08      5.82      0.49
    1929    0.68    0.75    1.06    0.76    0.32    0.89    0.45    0.15    0.09    0.08    0.07    0.06      5.36      0.45
    1930    0.05    0.05    0.54    2.33    0.94    0.27    0.26    0.18    0.10    0.08    0.08    0.05      4.93      0.41
    1931    0.04    0.36    0.23    0.08    0.37    0.30    0.15    0.09    0.06    0.05    0.04    0.03      1.79      0.15
    1932    0.02    0.01    0.49    0.23    0.09    0.17    0.11    0.06    0.05    0.04    0.04    0.03      1.33      0.11
    1933    0.02    1.61    3.01    3.24    1.26    0.32    0.15    0.12    0.11    0.10    0.10    0.08     10.12      0.84
    1934    0.07    1.56    2.02    0.66    1.16    0.87    0.33    0.14    0.10    0.09    0.08    0.07      7.13      0.59
    1935    0.06    0.05    0.49    1.08    0.75    3.03    1.30    0.76    0.48    0.23    0.15    0.13      8.52      0.71
    1936    0.12    2.42    0.97    1.54    0.80    0.25    0.15    0.12    0.10    0.09    0.08    0.07      6.70      0.56
    1937    0.06    0.05    2.39    1.89    0.62    0.17    0.28    0.20    0.11    0.08    0.06    0.05      5.97      0.50
    1938    0.04    0.04    3.51    1.61    9.13    4.06    0.69    0.30    0.26    0.26    0.26    0.23     20.40      1.70
    1939    0.21    1.68    1.95    0.67    0.21    0.63    0.36    0.21    0.26    0.24    0.16    0.47      7.05      0.59
    1940    0.26    0.15    7.49    2.84    0.24    0.18    0.20    0.17    0.14    0.12    0.10    0.09     11.99      1.00
    1941    0.13    0.07    0.46    0.95    0.38    3.79    1.61    0.28    0.15    0.11    0.11    0.09      8.14      0.68
    1942    0.17    0.56    3.73    1.63    0.27    0.46    1.22    0.67    0.28    0.22    0.23    0.18      9.64      0.80
    1943    1.24    0.97    0.40    0.23   34.94   11.71    0.35    0.29    1.48    0.77    0.33    0.28     52.99      4.42
    1944    1.34    1.13    0.35    0.19    0.17    5.98    2.40    0.30    0.22    0.19    0.17    0.14     12.59      1.05
    1945    0.13    0.11    0.10    2.70    2.04    0.88    0.36    0.18    0.12    0.11    0.10    0.08      6.91      0.58
    1946    0.07    0.07    1.33    0.97    0.61    0.96    0.48    0.17    0.09    0.08    0.07    0.06      4.98      0.41
    1947    0.05    0.08    0.28    0.40    0.23    6.34    2.58    0.43    0.23    0.15    0.13    0.12     11.02      0.92
    1948    0.11    0.80    0.31    2.20    0.88    0.16    0.11    0.09    0.08    0.07    0.06    0.05      4.93      0.41
    1949    0.05    0.70    3.18    1.30    0.23    0.17    0.16    0.15    0.15    0.13    0.09    0.05      6.37      0.53
    1950    0.05    0.04    3.32    1.33    0.18    0.17    0.29    0.31    0.23    0.15    0.10    0.06      6.25      0.52
    1951    0.31    0.15    0.59    0.33    0.33    0.27    0.15    0.09    0.06    0.06    0.06    0.04      2.44      0.20
    1952    0.03    0.75    2.39    0.91    1.43    0.70    0.21    0.14    0.09    0.07    0.06    0.05      6.82      0.57
    1953    0.04    0.63    0.32    1.59    0.71    0.19    0.17    0.13    0.09    0.07    0.05    0.04      4.03      0.34
    1954    0.04    0.12    0.86    5.49   23.11    7.32    0.35    0.30    0.27    0.25    0.23    0.20     38.53      3.21
    1955    0.18    0.50    2.03    0.76    5.24    2.19    0.28    0.26    0.24    0.19    0.16    0.14     12.18      1.01
    1956    0.34    0.23    0.52    0.46    0.59    0.47    0.22    0.10    0.80    0.84    0.59    0.90      6.05      0.50
    1957    0.63    0.34    0.18    1.13    0.66    0.25    0.36    0.24    0.16    0.14    0.12    0.11      4.32      0.36
    1958    0.09    0.40    3.42    2.03    0.68    0.25    0.14    0.14    0.12    0.11    0.09    0.07      7.57      0.63
    1959    0.06    0.21    0.25    0.31    0.20    0.62    0.45    0.23    0.13    0.08    0.06    0.04      2.66      0.22
    1960    0.03    1.78    4.09    1.41    0.80    0.51    1.78    1.03    0.43    0.27    0.20    0.16     12.51      1.04
    1961    0.15    0.14    0.13    0.11    0.13    0.11    0.28    0.19    0.09    0.07    0.06    0.05      1.52      0.13
    1962    0.04    0.74    0.35    1.00    0.43    0.07    0.09    0.09    0.09    0.10    0.08    0.04      3.12      0.26
    1963    0.07    0.50    0.28    0.12    0.16    0.11    0.11    0.10    0.07    0.05    0.04    0.03      1.64      0.14
    1964    0.31    0.16    0.57    0.97    0.40    0.10    0.13    0.10    0.06    0.05    0.04    0.03      2.91      0.24
    1965    0.02    0.10    0.05    0.13    0.66    0.29    0.07    0.05    0.05    0.05    0.04    0.03      1.54      0.13
    1966    0.09    0.07    5.45   25.96   35.09   10.11    1.91    0.92    0.62    0.55    0.50    0.44     81.70      6.81
    1967    0.39    0.35    0.31    0.29    0.26    1.41    0.73    0.32    0.24    0.20    0.17    0.15      4.82      0.40
    1968    0.13    0.27    0.15    0.09    0.43    0.62    0.39    0.28    0.22    0.14    0.09    0.06      2.85      0.24
    1969    0.18    0.37    0.48    0.63    0.28    0.10    0.08    0.10    0.09    0.07    0.06    0.04      2.49      0.21
    1970    0.07    0.07    0.53    4.38    1.69    0.29    2.05    1.03    0.30    0.18    0.13    0.12     10.84      0.90
    1971    0.11    1.17    0.96    3.29    2.79    1.09    0.37    0.19    0.16    0.15    0.14    0.12     10.55      0.88
    1972    0.11    0.10    0.34    0.63    0.44    0.33    0.34    0.22    0.12    0.08    0.06    0.09      2.85      0.24
    1973    0.12    0.19    0.87    2.35    1.22    0.40    0.85    0.49    0.19    0.11    0.09    0.08      6.95      0.58
    1974    0.07    1.04    1.40    2.70    1.73    0.72    1.05    0.62    0.27    0.20    0.17    0.15     10.13      0.84
    1975    0.13    0.13    4.28    6.37    4.82   45.07   15.12    0.96    0.68    0.51    0.42    0.37     78.88      6.57
    1976    0.37    0.33    0.28    2.52    1.00    3.59    1.53    0.31    0.24    0.21    0.19    0.18     10.76      0.90
    1977    0.17    0.15    0.73    9.16    5.12    1.22    0.40    0.28    0.24    0.22    0.21    0.20     18.10      1.51
    1978    0.17    0.15    0.13    0.88    0.45    0.16    0.11    0.09    0.08    0.07    0.08    0.08      2.44      0.20
    1979    0.33    2.19    0.98    0.65    0.59    0.27    0.13    0.08    0.06    0.06    0.05    0.23      5.62      0.47
    1980    0.13    1.49    0.75    1.56    2.16    1.11    0.41    0.19    0.11    0.10    0.10    0.09      8.19      0.68
    1981    0.08    0.06    0.07    0.94    0.39    0.09    0.11    0.09    0.06    0.05    0.05    0.03      2.02      0.17
    1982    0.16    0.09    0.15    0.10    0.15    0.09    0.07    0.06    0.06    0.07    0.06    0.05      1.10      0.09
    1983    0.04    0.21    2.18    0.83    0.09    0.61    0.30    0.08    0.07    0.08    0.07    0.05      4.60      0.38
    1984    0.06    0.07    0.04    3.00    1.16    0.18    0.11    0.06    0.05    0.04    0.04    0.03      4.85      0.40
    1985    0.07    0.05    0.21    0.32    0.21    0.16    0.10    0.06    0.05    0.05    0.05    0.05      1.38      0.12
    1986    0.23    0.21    0.24    1.13    0.51    0.45    0.26    0.11    0.06    0.05    0.04    1.38      4.68      0.39
    1987    0.62    0.31    0.28    0.22    0.39    1.30    0.68    0.25    0.13    0.09    0.06    0.13      4.47      0.37
    1988    0.36    0.22    0.16    0.18    3.08    1.24    0.38    0.25    0.17    0.15    0.10    0.06      6.35      0.53
    1989    0.05    1.02    1.55    0.57    0.30    0.72    1.04    0.55    0.21    0.12    0.09    0.07      6.30      0.52
    1990    0.07    0.06    0.31    2.24    1.23    1.47    0.69    0.17    0.10    0.09    0.08    0.07      6.59      0.55
    1991    0.16    0.09    0.11    0.08    0.04    0.04    0.03    0.03    0.02    0.02    0.02    0.02      0.67      0.06
    1992    0.11    0.87    1.06    0.39    0.22    0.14    0.08    0.05    0.04    0.03    0.03    0.03      3.06      0.26
    1993    0.64    0.51    0.41    0.91    1.42    0.60    0.17    0.09    0.06    0.05    0.04    0.04      4.94      0.41
    1994    0.03    0.03    0.12    0.19    0.12    3.67    1.51    0.28    0.17    0.11    0.07    0.06      6.37      0.53
    1995    0.08    2.16    4.02    3.16   12.25    4.34    0.46    0.37    0.32    0.30    0.28    0.25     28.00      2.33
    1996    0.22    0.45    0.24    1.32    0.55   18.67    6.62    1.75    1.00    0.49    0.38    0.35     32.04      2.67
    1997    0.32    0.28    0.24    1.93    1.15    0.45    0.26    0.19    0.17    0.15    0.13    0.12      5.39      0.45
    1998    0.10    0.97    3.11    1.23    0.18    0.12    0.12    0.15    0.13    0.10    0.07    0.06      6.36      0.53
    1999    0.05    0.06    1.59    2.37   74.79   27.03    1.41    0.47    0.38    0.33    0.29    0.26    109.03      9.09
    2000    0.35    0.23    1.41    0.55    0.25    0.20    0.18    0.21    0.18    0.14    0.11    0.09      3.89      0.32
    2001    1.05    1.60    0.92    0.51    0.42    0.20    0.09    0.09    0.09    0.07    0.06    0.05      5.16      0.43
    2002    0.05    0.04    0.37    0.27    0.22    0.15    0.08    0.05    0.04    0.04    0.03    0.03      1.37      0.11
    2003    0.22    0.62    0.29    0.49    1.31    0.69    0.25    0.13    0.08    0.06    0.05    0.03      4.23      0.35
    2004    0.04    0.16    1.33    1.20    0.54    0.27    0.57    0.35    0.15    0.09    0.07    0.05      4.83      0.40
    2005    0.04    0.15    0.14    6.41   15.96    5.53    0.68    0.30    0.25    0.24    0.23    0.20     30.13      2.51
    2006    0.18    0.52    0.77    0.28    0.13    0.11    0.10    0.10    0.09    0.08    0.07    0.10      2.52      0.21
    2007    3.30    1.40    0.33    4.57    1.98    1.42    0.72    0.29    0.23    0.19    0.16    0.14     14.74      1.23
    2008    0.12    0.70    0.47    3.48    1.38    2.53    1.11    0.22    0.18    0.18    0.16    0.12     10.66      0.89
    2009    0.10    0.45    1.50    2.84    1.18    0.57    0.49    0.42    0.32    0.22    0.16    0.12      8.36      0.70
  
 AVERAGE    0.24    0.50    1.12    1.76    3.12    2.50    0.87    0.29    0.20    0.16    0.13    0.14     11.02      0.92
