    1920    7.77    2.43    0.49    1.51    2.41   18.85    6.56    0.70    0.59    0.51    0.45    0.38     42.65
    1921    0.55    5.70    2.61    0.55    0.42    0.56    0.34    0.39    0.38    0.31    0.85    0.47     13.13
    1922    0.30    0.73    1.06   21.00    7.31    0.69    0.55    0.42    0.37    0.36    0.31    0.25     33.35
    1923    0.25    0.28    0.94    0.38    2.79    1.88    0.60    0.37    0.29    0.24    0.21    0.21      8.44
    1924    0.17    3.89    2.35    0.74    0.63    9.97    4.13    0.73    0.52    0.42    0.33    0.60     24.48
    1925    0.35    0.51    0.24    0.55    0.98    0.47    0.21    0.45    0.40    0.56    0.37    0.18      5.27
    1926    0.13    0.73    0.92    0.84    1.21    0.97    0.56    0.30    0.22    0.30    0.23    0.15      6.56
    1927    0.42    0.22    0.23    1.91    2.74    0.99    0.57    0.39    0.24    0.22    0.31    0.20      8.44
    1928    0.17    0.89    1.02    0.60    0.63    1.06    0.57    0.28    0.28    0.25    0.19    0.19      6.13
    1929    4.64    2.23    2.72    1.54    1.13    1.04    0.84    0.44    0.28    0.29    0.28    0.18     15.61
    1930    0.15    0.33    0.84    5.61    2.33    0.54    2.53    1.12    0.29    0.48    0.32    0.18     14.72
    1931    0.25    0.53    0.50    0.49    0.47    0.33    0.37    0.26    0.19    0.18    0.16    0.17      3.90
    1932    0.18    0.42    0.42    0.42    0.43    0.31    0.19    0.16    0.16    0.16    0.15    0.14      3.14
    1933    0.15    9.67    4.29    2.26    1.59    0.57    0.30    0.32    0.29    0.26    0.23    0.17     20.10
    1934    0.16    0.27    0.62    0.32    0.50    0.74    0.34    0.16    0.15    0.14    0.14    0.13      3.67
    1935    0.11    0.06    0.12    0.85    1.92    1.91    0.69    1.14    0.69    0.30    0.22    0.15      8.16
    1936    0.20    1.59    0.99    2.25    6.26    2.17    0.41    0.28    0.23    0.22    0.20    0.21     15.01
    1937    0.48    0.23   13.66    6.96    1.13    0.29    1.56    0.77    0.29    0.28    0.25    0.18     26.08
    1938    0.23    0.14    3.47    1.90    5.53    4.86    1.35    0.45    0.37    0.64    0.42    0.41     19.77
    1939    0.34    7.49    3.37    0.96    0.37    3.41    1.51    0.47    1.27    0.77    0.33    0.48     20.77
    1940    0.23    0.67    5.33    2.65    1.04    0.51    0.77    0.46    0.27    0.25    0.22    0.21     12.61
    1941    0.19    0.18    1.78    1.33    0.43    4.63    1.79    0.43    0.37    0.30    0.39    0.27     12.09
    1942    0.35    0.45    1.06    0.60    0.26    0.92    1.22    0.78    0.39    0.44    0.35    0.30      7.12
    1943    0.88    0.65    0.35    1.50   19.47    6.90    0.47    0.42    0.58    0.47    0.34    0.31     32.34
    1944    0.79    1.75    0.57    0.60    0.63    0.73    0.45    0.28    0.24    0.22    0.19    0.14      6.59
    1945    0.30    0.31    0.22   11.34    9.67    2.79    0.51    0.31    0.29    0.28    0.25    0.22     26.49
    1946    0.18    0.23    0.26    0.65    0.96    0.69    0.35    0.21    0.17    0.19    0.18    0.13      4.20
    1947    0.13    0.56    4.11    2.23    0.52    2.55    1.17    0.30    0.23    0.21    0.18    0.15     12.34
    1948    0.54    3.03    1.08    8.77    3.32    0.70    0.43    0.29    0.29    0.27    0.22    0.15     19.09
    1949    0.15    0.45    2.76    2.38    0.74    0.29    1.13    0.76    0.36    0.27    0.22    0.15      9.66
    1950    0.11    0.13    1.59    0.77    0.57    0.47    0.65    0.99    0.60    0.32    0.24    0.21      6.65
    1951    0.36    0.15    1.21    0.78    0.75    0.39    0.34    0.32    0.24    0.32    0.23    0.13      5.22
    1952    0.14    2.97    3.02    1.71    6.95    5.91    1.82    0.52    0.41    0.37    0.34    0.29     24.45
    1953    0.30    2.52    0.98    3.40    1.41    0.39    0.42    0.34    0.28    0.25    0.21    0.18     10.68
    1954    0.14    0.70    1.88    5.59   18.00    5.87    0.60    0.47    0.51    0.45    0.36    0.29     34.86
    1955    0.37    0.54   14.45    5.11    5.26    2.42    0.44    0.95    0.65    0.41    0.34    0.44     31.38
    1956    0.44    0.46    0.81    0.48    1.34    0.70    0.25    0.25    1.44    1.68    0.93    0.46      9.24
    1957    0.36    0.26    0.17    0.76    0.37    0.28    0.54    0.35    0.21    0.19    0.18    0.17      3.84
    1958    0.25    1.03   19.57    7.11    1.26    0.89    0.44    0.40    0.34    0.32    0.28    0.22     32.11
    1959    0.20    1.45    1.38    0.46    0.17    0.34    0.59    0.38    0.23    0.21    0.23    0.13      5.77
    1960    0.18    9.05    4.56    1.01    0.44    0.73    0.86    0.69    0.47    0.35    0.25    0.20     18.79
    1961    0.25    0.26    0.88    0.91    0.37    0.28    0.35    0.24    0.18    0.18    0.16    0.11      4.17
    1962    0.15    1.39    0.64    0.60    0.25    0.10    0.33    0.26    0.49    0.43    0.24    0.12      5.00
    1963    0.31    0.72    0.46    1.87    0.79    0.19    0.25    0.20    0.16    0.15    0.14    0.11      5.35
    1964    4.22    1.57    3.21    1.29    0.21    0.15    0.30    0.21    0.17    0.16    0.15    0.13     11.77
    1965    0.07    0.49    0.34    0.20    0.48    0.22    0.14    0.16    0.23    0.21    0.17    0.13      2.84
    1966    0.42    0.53    1.12    7.94   10.16    4.00    6.67    2.63    0.61    0.59    0.60    0.51     35.78
    1967    0.54    0.75    0.62    0.57    0.41    2.00    1.21    0.59    0.42    0.36    0.31    0.23      8.01
    1968    0.25    1.40    1.44    0.51    0.73    6.98    2.64    0.49    0.35    0.30    0.25    0.22     15.56
    1969    0.35    0.60    2.56    0.98    0.31    0.25    0.23    0.25    0.23    0.25    0.20    0.14      6.35
    1970    0.41    0.44    3.81   18.01    9.67    1.78    0.67    0.62    0.46    0.41    0.38    0.37     37.03
    1971    0.37    2.93    1.43   15.24    5.43    1.63    0.81    0.42    0.37    0.34    0.30    0.29     29.56
    1972    0.22    0.49    0.28    0.78    0.69    0.34    0.63    0.40    0.21    0.19    0.17    0.20      4.60
    1973    0.57    1.13   10.15    7.34    2.12    0.79    0.75    0.43    0.32    0.36    0.34    0.31     24.61
    1974    0.25    0.97    1.34   13.13   21.17    6.20    1.64    0.93    0.57    0.53    0.47    0.40     47.60
    1975    0.38    0.53    3.04    5.76    4.88    1.99    0.71    0.62    0.47    0.40    0.35    0.32     19.45
    1976    0.39    1.79    1.73    1.15    0.67    4.10    1.65    0.33    0.29    0.26    0.34    0.50     13.20
    1977    0.50    0.30    0.75   19.70    7.45    0.73    0.40    0.33    0.30    0.29    0.29    0.29     31.33
    1978    0.36    0.38    0.15    0.42    0.54    0.68    0.38    0.22    0.20    0.21    0.25    0.14      3.93
    1979    0.27    5.17    1.90    2.99    2.08    0.56    0.30    0.23    0.20    0.19    0.16    0.21     14.26
    1980    0.16    2.94    2.64    1.80    0.86    0.42    0.30    0.23    0.22    0.23    0.25    0.17     10.22
    1981    0.22    0.34    0.80    3.46    1.29    0.39    0.34    0.25    0.21    0.23    0.20    0.13      7.86
    1982    0.28    0.17    0.33    0.83    0.39    0.61    0.43    0.25    0.25    0.25    0.32    0.18      4.29
    1983    0.49    3.00    2.65    0.88    0.23    1.46    0.67    0.21    0.33    0.45    0.27    0.16     10.80
    1984    0.49    0.32    1.75    1.25    0.79    0.83    0.37    0.21    0.21    0.20    0.22    0.20      6.84
    1985    0.22    0.11    0.91    0.52    0.50    0.38    0.36    0.27    0.23    0.21    0.18    0.13      4.02
    1986    0.74    1.96    8.31    3.46    0.84    0.61    0.29    0.21    0.21    0.19    0.24    0.36     17.42
    1987    0.23    5.80    3.60    0.81    1.58    2.97    1.36    0.39    0.30    0.30    0.28    0.27     17.89
    1988    1.85    0.73    0.58    0.38    7.44    2.86    0.68    0.42    0.45    0.37    0.32    0.19     16.27
    1989    0.22    2.63    5.23    2.04    1.79    2.86    1.37    0.50    0.35    0.36    0.30    0.23     17.88
    1990    0.26    0.21    0.40    5.57    3.67    6.12    2.18    0.31    0.33    0.35    0.28    0.22     19.90
    1991    0.31    0.36    1.93    0.73    0.25    0.29    0.19    0.17    0.19    0.21    0.17    0.11      4.91
    1992    0.25    0.97    1.14    0.57    0.81    0.56    0.27    0.19    0.17    0.15    0.15    0.11      5.34
    1993    1.68    1.25    0.44    1.23    5.17    1.93    0.27    0.20    0.18    0.17    0.15    0.13     12.80
    1994    0.19    0.22    0.69    1.00    0.39    0.88    1.01    0.67    0.37    0.27    0.21    0.16      6.06
    1995    0.21    0.89    2.03    5.35   42.36   13.72    0.50    0.60    0.51    0.51    0.42    0.33     67.43
    1996    0.45    0.78    0.95    1.81    0.94   14.75    5.32    0.85    0.61    0.44    0.38    0.42     27.70
    1997    0.40    0.99    0.92    3.79    1.54    0.43    0.30    0.25    0.23    0.21    0.18    0.24      9.48
    1998    0.29    3.06   11.33    3.96    0.28    0.32    0.32    0.48    0.36    0.29    0.23    0.18     21.10
    1999    0.14    0.19    4.77   12.27   22.34    7.12    0.90    0.67    0.65    0.58    0.48    0.41     50.52
    2000    0.41    0.42    0.38    0.29    6.49    2.45    0.43    0.57    0.44    0.33    0.26    0.22     12.69
    2001    0.58   13.59    5.02    0.56    0.45    0.28    0.31    0.39    0.32    0.27    0.29    0.18     22.24
    2002    0.35    0.15    0.83    0.67    0.22    0.12    0.13    0.13    0.14    0.15    0.13    0.11      3.13
    2003    0.18    0.51    0.48    0.55    1.76    5.27    2.08    0.44    0.33    0.31    0.23    0.15     12.29
    2004    0.14    0.20    1.43    1.52    0.63    0.37    0.55    0.36    0.22    0.20    0.19    0.15      5.96
    2005    0.09    0.13    0.09   19.09   11.60    2.58    0.50    0.30    0.28    0.27    0.26    0.21     35.40
    2006    0.22    0.21    1.26    0.51    0.19    0.13    0.17    0.17    0.37    0.33    0.20    0.36      4.12
    2007    1.49    1.32    1.85   61.95   20.23   10.31    3.75    0.62    0.57    0.53    0.47    0.38    103.47
    2008    0.34    3.29    1.41    2.01    2.18    1.36    0.45    0.35    0.42    0.37    0.29    0.29     12.76
    2009    0.31    0.58    3.14    5.64    1.83    0.62   36.23   12.49    0.71    0.57    0.48    0.40     63.00
