    1920    1.65    1.13    0.42    0.51    1.54   33.80   12.30    1.48    1.11    0.78    0.62    0.49     55.83      4.65
    1921    0.52    1.61    1.84    1.01    0.75    0.89    0.64    0.47    0.45    0.41    0.93    0.81     10.34      0.86
    1922    0.44    0.70    0.94   38.05   13.79    1.11    0.72    0.63    0.55    0.51    0.45    0.35     58.22      4.85
    1923    0.33    0.38    0.69    0.52    1.07    2.17    1.58    0.74    0.48    0.40    0.35    0.37      9.07      0.76
    1924    0.33    0.48    1.33    1.63    1.45   46.14   20.34    3.74    1.54    1.05    0.81    1.00     79.84      6.65
    1925    0.84    0.82    0.59    0.71    0.80    0.70    0.50    0.57    0.69    1.05    0.87    0.38      8.53      0.71
    1926    0.23    0.29    0.34    0.42    1.14    1.62    1.76    1.22    0.55    0.47    0.39    0.30      8.74      0.73
    1927    0.32    0.25    0.35    1.01    1.71    1.18    0.82    0.64    0.39    0.34    0.36    0.31      7.69      0.64
    1928    0.21    0.37    0.63    0.66    0.68    1.37    1.33    0.73    0.42    0.37    0.29    0.21      7.27      0.61
    1929    1.58    2.71    2.17    1.44    0.90    1.10    1.90    1.39    0.68    0.56    0.46    0.34     15.24      1.27
    1930    0.27    0.38    0.64    2.01    2.03    1.09    1.11    0.89    0.49    0.57    0.51    0.30     10.28      0.86
    1931    0.31    0.54    0.61    0.49    0.58    0.59    0.62    0.49    0.33    0.28    0.25    0.17      5.26      0.44
    1932    0.13    0.26    0.37    0.52    0.61    0.70    0.51    0.26    0.20    0.21    0.18    0.17      4.12      0.34
    1933    0.23    0.68    1.04    1.34    1.40    1.05    0.59    0.47    0.42    0.35    0.29    0.20      8.06      0.67
    1934    0.18    0.27    0.42    0.24    0.32    0.57    0.41    0.22    0.18    0.18    0.16    0.15      3.32      0.28
    1935    0.11    0.06    0.08    0.39    0.87    1.86    1.48    1.12    0.91    0.53    0.34    0.23      7.99      0.67
    1936    0.34    0.84    0.62    1.15    6.90    3.55    1.08    0.60    0.44    0.41    0.37    0.31     16.63      1.39
    1937    0.41    0.26    7.78    4.97    1.72    0.48    0.78    0.84    0.51    0.45    0.38    0.27     18.84      1.57
    1938    0.22    0.17    0.48    0.75   18.34    7.81    1.33    0.73    0.64    0.68    0.60    0.49     32.22      2.68
    1939    0.43    1.20    1.26    0.86    0.62    1.12    1.42    0.96    1.11    1.01    0.54    0.67     11.20      0.93
    1940    0.48    0.34    1.43    2.26    1.60    0.70    0.89    0.83    0.48    0.42    0.35    0.28     10.06      0.84
    1941    0.22    0.25    0.41    0.52    0.47    1.50    1.40    0.69    0.41    0.34    0.32    0.33      6.87      0.57
    1942    0.51    0.44    0.79    0.78    0.44    0.80    1.93    1.99    1.23    0.64    0.56    0.48     10.59      0.88
    1943    0.87    0.76    0.40    0.68   32.51   11.96    0.90    0.58    0.89    0.94    0.59    0.42     51.51      4.29
    1944    0.72    1.62    0.82    0.46    0.78    1.20    1.21    0.74    0.46    0.39    0.32    0.23      8.96      0.75
    1945    0.28    0.32    0.22   10.72   18.32    7.15    1.74    0.67    0.55    0.53    0.49    0.40     41.40      3.45
    1946    0.33    0.32    0.31    0.55    1.07    1.38    0.98    0.46    0.33    0.33    0.29    0.21      6.57      0.55
    1947    0.22    0.67    1.55    1.18    0.55    0.89    1.01    0.64    0.38    0.33    0.28    0.22      7.92      0.66
    1948    0.41    1.76    1.20    5.91    3.37    1.25    0.65    0.47    0.48    0.47    0.37    0.26     16.61      1.38
    1949    0.22    0.31    1.54    1.60    0.88    0.68    0.92    0.92    0.61    0.44    0.33    0.23      8.68      0.72
    1950    0.16    0.16    1.15    1.08    0.67    0.55    0.85    1.76    1.50    0.83    0.51    0.32      9.53      0.79
    1951    0.49    0.32    0.28    0.38    0.72    0.62    0.37    0.37    0.31    0.27    0.23    0.15      4.51      0.38
    1952    0.12    0.67    1.60    1.80   14.19   17.65    6.48    1.88    1.12    0.88    0.75    0.63     47.74      3.98
    1953    0.57    0.61    0.62    1.47    1.58    0.84    0.83    0.67    0.47    0.42    0.36    0.27      8.69      0.72
    1954    0.21    0.34    0.83   14.12   51.91   16.59    1.02    0.77    0.76    0.73    0.60    0.46     88.31      7.36
    1955    0.43    0.52    1.68    1.36   14.90   14.17    4.33    1.21    1.08    0.79    0.63    0.64     41.75      3.48
    1956    0.76    0.69    0.94    0.97    1.36    1.11    0.58    0.51    1.20    2.92    2.67    1.52     15.24      1.27
    1957    0.82    0.51    0.37    0.65    0.87    0.51    0.63    0.61    0.41    0.36    0.31    0.28      6.32      0.53
    1958    0.26    0.51   10.62    5.12    2.06    1.62    0.95    0.70    0.58    0.51    0.46    0.33     23.73      1.98
    1959    0.25    0.52    1.64    1.14    0.42    0.39    0.62    0.70    0.47    0.36    0.35    0.24      7.10      0.59
    1960    0.19    1.40    2.66    1.85    1.01    1.07    1.60    1.63    1.21    0.84    0.55    0.38     14.39      1.20
    1961    0.36    0.66    0.74    0.56    0.59    0.78    0.95    0.65    0.38    0.33    0.28    0.19      6.46      0.54
    1962    0.15    0.89    1.09    0.90    0.45    0.16    0.27    0.35    0.57    0.66    0.41    0.18      6.09      0.51
    1963    0.24    0.58    0.45    0.71    0.55    0.24    0.26    0.25    0.21    0.20    0.17    0.12      3.99      0.33
    1964    0.77    0.89    1.01    0.81    0.47    0.24    0.37    0.39    0.26    0.24    0.20    0.15      5.83      0.49
    1965    0.08    0.20    0.22    0.27    0.47    0.34    0.15    0.15    0.25    0.30    0.24    0.17      2.86      0.24
    1966    0.29    0.36    0.57   12.16   39.56   13.97   25.80   10.05    1.39    1.08    1.01    0.83    107.10      8.92
    1967    0.72    0.84    0.89    0.87    0.74    1.17    1.82    1.50    0.91    0.63    0.48    0.34     10.91      0.91
    1968    0.37    0.69    1.22    0.80    0.60    1.89    1.85    1.04    0.63    0.47    0.37    0.29     10.22      0.85
    1969    0.31    0.35    1.32    1.87    1.11    0.48    0.36    0.32    0.31    0.33    0.29    0.20      7.25      0.60
    1970    0.21    0.39    1.53   44.47   42.31   10.16    1.03    1.01    0.84    0.71    0.61    0.52    103.80      8.65
    1971    0.51    1.19    1.38   35.25   12.57    2.05    1.99    1.06    0.73    0.64    0.56    0.45     58.39      4.87
    1972    0.38    0.57    0.57    0.42    1.15    1.42    1.13    0.72    0.43    0.37    0.30    0.27      7.73      0.64
    1973    0.65    0.72    1.77    2.56    1.93    1.96    1.87    1.08    0.60    0.54    0.49    0.42     14.58      1.21
    1974    0.38    0.62    0.79    8.02   30.95   10.49    2.11    2.04    1.16    0.86    0.68    0.52     58.60      4.88
    1975    0.43    0.48    1.34    2.32   12.24    6.05    1.79    1.18    0.89    0.71    0.60    0.51     28.54      2.38
    1976    0.56    0.76    1.46    2.28    1.95    3.58    2.93    1.44    0.74    0.62    0.58    0.79     17.70      1.47
    1977    0.83    0.45    0.73   51.56   18.92    2.06    1.15    0.78    0.63    0.57    0.52    0.47     78.67      6.56
    1978    0.46    0.38    0.26    0.29    0.50    0.69    0.66    0.51    0.37    0.32    0.36    0.26      5.07      0.42
    1979    0.33    1.36    1.09    1.37    2.26    1.63    0.72    0.40    0.33    0.32    0.28    0.27     10.34      0.86
    1980    0.23    0.57    1.53    2.13    4.26    2.69    1.12    0.58    0.47    0.46    0.50    0.43     14.97      1.25
    1981    0.32    0.54    0.68    1.14    0.92    0.88    0.79    0.46    0.33    0.39    0.34    0.20      6.99      0.58
    1982    0.32    0.28    0.32    0.49    0.33    0.32    0.43    0.37    0.34    0.32    0.38    0.29      4.19      0.35
    1983    0.37    1.24    1.85    1.06    0.33    0.54    0.53    0.29    0.31    0.55    0.48    0.23      7.79      0.65
    1984    0.32    0.35    0.55    0.85    0.89    1.14    0.82    0.35    0.26    0.25    0.25    0.23      6.27      0.52
    1985    0.23    0.14    0.38    0.54    0.75    0.92    0.77    0.47    0.28    0.26    0.23    0.18      5.14      0.43
    1986    0.46    0.80    0.99    0.76    0.50    0.52    0.38    0.23    0.21    0.20    0.21    0.30      5.56      0.46
    1987    0.26    6.58    4.05    1.41    1.26    2.63    2.47    1.22    0.63    0.56    0.49    0.45     22.00      1.83
    1988    0.79    0.56    0.51    0.48    3.23    2.31    1.04    0.62    0.47    0.43    0.36    0.26     11.06      0.92
    1989    0.23    0.57    0.97    1.00    1.26    1.49    1.34    0.92    0.55    0.43    0.35    0.25      9.36      0.78
    1990    0.20    0.16    0.16    1.33    2.27   15.54    6.06    0.67    0.53    0.51    0.44    0.36     28.22      2.35
    1991    0.36    0.45    0.88    0.60    0.33    0.49    0.45    0.30    0.25    0.24    0.21    0.15      4.70      0.39
    1992    0.21    0.81    1.47    1.20    1.38    1.71    1.23    0.57    0.37    0.35    0.31    0.25      9.86      0.82
    1993    0.61    0.88    0.92    0.96    1.78    1.52    0.64    0.32    0.29    0.29    0.26    0.20      8.66      0.72
    1994    0.23    0.27    0.54    0.78    0.50    0.74    1.36    1.25    0.78    0.42    0.32    0.22      7.43      0.62
    1995    0.24    0.54    1.35   15.93   98.94   31.82    1.12    0.96    0.82    0.74    0.65    0.52    153.61     12.80
    1996    0.62    0.79    0.98    2.16    1.84   22.60    8.73    1.57    1.24    0.84    0.67    0.65     42.70      3.56
    1997    0.58    0.67    0.89    0.90    0.57    0.42    0.34    0.28    0.26    0.24    0.22    0.20      5.55      0.46
    1998    0.19    0.55    1.97    1.67    0.62    0.23    0.26    0.50    0.54    0.38    0.28    0.18      7.38      0.62
    1999    0.16    0.17    1.59   57.47   68.99   18.19    1.81    1.17    1.03    0.93    0.77    0.60    152.87     12.74
    2000    0.56    0.59    0.58    0.40    1.41    1.43    0.74    0.75    0.63    0.47    0.36    0.27      8.19      0.68
    2001    0.53    4.27    2.47    0.60    0.27    0.25    0.30    0.34    0.35    0.34    0.29    0.20     10.21      0.85
    2002    0.32    0.19    0.58    0.68    0.41    0.21    0.15    0.13    0.16    0.19    0.16    0.10      3.26      0.27
    2003    0.12    0.52    0.60    0.71    1.72   27.35   10.35    1.20    0.68    0.64    0.55    0.41     44.84      3.74
    2004    0.33    0.40    0.88    1.53    1.34    0.74    0.72    0.60    0.39    0.35    0.34    0.28      7.91      0.66
    2005    0.18    0.17    0.15    0.83   39.27   14.03    1.05    0.62    0.48    0.45    0.39    0.31     57.92      4.83
    2006    0.27    0.39    0.45    0.32    0.20    0.13    0.13    0.15    0.14    0.13    0.12    0.17      2.59      0.22
    2007    0.47    0.53    0.85    9.95    4.45    1.32    0.72    0.44    0.42    0.39    0.34    0.24     20.14      1.68
    2008    0.18    0.59    0.62    1.45    2.36    1.81    0.77    0.35    0.86    1.08    0.57    0.46     11.09      0.92
    2009    0.72    0.48    0.34    0.56    0.51    0.48   29.45   12.03    2.07    0.90    0.61    0.43     48.58      4.05
  
 AVERAGE    0.40    0.71    1.14    4.34    6.88    4.50    2.27    1.02    0.61    0.53    0.45    0.35     23.20      1.93
