    1920    2.41    0.82    0.24    1.25    2.88   39.43   13.27    0.98    0.90    0.82    0.77    0.71     64.46      5.37
    1921    0.69    7.47    3.36    0.79    0.75    0.75    0.70    0.65    0.63    0.60    0.65    0.63     17.66      1.47
    1922    0.55    1.28    1.50   46.50   15.91    0.90    0.77    0.70    0.65    0.61    0.57    0.51     70.44      5.87
    1923    0.48    0.44    1.73    0.64    2.34    2.40    0.76    0.49    0.44    0.40    0.38    0.36     10.85      0.90
    1924    0.34    0.82    4.12    2.79    1.08   62.04   23.76    1.73    0.97    0.82    0.73    0.74     99.93      8.33
    1925    0.70    0.66    0.62    1.43    0.62    0.63    0.59    0.59    0.62    0.68    0.66    0.55      8.34      0.70
    1926    0.50    0.47    0.48    0.59    2.04    1.26    0.68    0.56    0.43    0.40    0.36    0.31      8.08      0.67
    1927    0.30    0.26    0.86    2.84    2.34    0.64    0.38    0.36    0.30    0.28    0.27    0.26      9.09      0.76
    1928    0.23    0.91    1.05    0.76    0.45    1.78    0.76    0.31    0.27    0.25    0.23    0.20      7.21      0.60
    1929    6.12    4.80    2.49    1.47    0.51    0.77    0.98    0.52    0.40    0.37    0.35    0.32     19.10      1.59
    1930    0.30    0.63    0.97    7.50    2.97    0.53    0.54    0.52    0.45    0.46    0.44    0.38     15.68      1.31
    1931    0.36    0.83    0.69    0.40    0.37    0.35    0.36    0.33    0.28    0.26    0.25    0.22      4.70      0.39
    1932    0.20    0.58    0.46    0.78    0.45    0.32    0.22    0.17    0.16    0.15    0.14    0.13      3.75      0.31
    1933    0.13    1.81    1.90    2.40    1.34    0.40    0.24    0.22    0.20    0.19    0.17    0.15      9.13      0.76
    1934    0.14    0.34    0.59    0.19    0.35    0.28    0.17    0.14    0.14    0.13    0.13    0.12      2.72      0.23
    1935    0.11    0.09    0.08    1.21    1.11    2.37    0.98    0.31    0.28    0.21    0.17    0.13      7.05      0.59
    1936    0.22    1.72    0.67    4.00    5.59    1.88    0.42    0.34    0.29    0.28    0.27    0.26     15.95      1.33
    1937    0.27    0.25   15.49    9.27    1.63    0.46    0.58    0.51    0.44    0.42    0.39    0.35     30.06      2.51
    1938    0.33    0.30    2.56    1.34   10.57    4.49    0.60    0.50    0.46    0.46    0.43    0.39     22.43      1.87
    1939    0.37    4.97    2.17    0.82    0.41    1.58    0.73    0.49    0.52    0.51    0.42    0.43     13.42      1.12
    1940    0.39    0.35    7.00    4.99    1.16    0.49    0.50    0.50    0.43    0.41    0.38    0.35     16.96      1.41
    1941    0.33    0.31    0.66    0.62    0.33    3.20    1.27    0.38    0.33    0.30    0.29    0.28      8.29      0.69
    1942    0.29    0.26    2.27    1.07    0.25    1.12    1.34    0.64    0.40    0.32    0.30    0.27      8.54      0.71
    1943    1.00    0.50    0.26    1.94   35.32   11.94    0.64    0.55    0.59    0.60    0.52    0.46     54.31      4.53
    1944    0.98    3.28    1.07    1.08    0.65    0.95    0.59    0.51    0.45    0.42    0.39    0.35     10.70      0.89
    1945    0.34    0.34    0.30   14.97   16.98    5.78    0.78    0.60    0.54    0.51    0.48    0.44     42.07      3.51
    1946    0.40    0.38    0.37    1.56    1.21    0.90    0.48    0.39    0.36    0.35    0.34    0.31      7.05      0.59
    1947    0.30    2.17    4.11    1.42    0.36    1.08    0.51    0.35    0.29    0.27    0.24    0.22     11.30      0.94
    1948    0.40    6.07    2.25   11.50    4.51    0.55    0.44    0.39    0.37    0.36    0.33    0.30     27.46      2.29
    1949    0.27    0.40    6.83    2.99    0.41    0.39    0.43    0.44    0.38    0.34    0.31    0.27     13.46      1.12
    1950    0.24    0.23    6.38    2.45    0.34    0.33    0.36    0.62    0.48    0.37    0.31    0.26     12.37      1.03
    1951    0.41    0.24    0.33    0.37    0.86    0.34    0.24    0.23    0.22    0.21    0.19    0.17      3.82      0.32
    1952    0.16    2.93    4.35    2.83    7.53   18.08    6.13    0.86    0.66    0.57    0.52    0.48     45.09      3.76
    1953    0.46    0.44    0.45    6.50    2.46    0.60    0.60    0.57    0.54    0.53    0.51    0.49     14.16      1.18
    1954    0.47    0.78    2.04   11.52   79.84   25.22    0.98    0.86    0.81    0.76    0.70    0.63    124.61     10.38
    1955    0.59    0.55    7.83    2.83   10.26   12.85    3.60    0.91    0.86    0.78    0.73    0.71     42.49      3.54
    1956    0.72    0.69    2.02    1.11    1.78    0.70    0.62    0.58    0.67    0.99    1.01    0.79     11.67      0.97
    1957    0.67    0.58    0.53    1.93    0.79    0.52    0.52    0.51    0.46    0.44    0.41    0.39      7.73      0.64
    1958    0.37    1.26   11.24    5.48    1.87    0.82    0.61    0.54    0.49    0.45    0.42    0.37     23.92      1.99
    1959    0.33    2.21    4.95    1.60    0.39    0.37    0.40    0.42    0.37    0.35    0.34    0.30     12.03      1.00
    1960    0.28    7.40    6.77    1.98    0.47    0.64    0.71    0.61    0.53    0.45    0.38    0.33     20.55      1.71
    1961    0.32    1.36    0.82    0.41    0.35    0.38    0.43    0.38    0.34    0.32    0.31    0.29      5.69      0.47
    1962    0.27    4.37    2.11    0.95    0.31    0.26    0.26    0.26    0.29    0.31    0.24    0.19      9.81      0.82
    1963    0.18    1.13    0.44    2.08    0.78    0.18    0.18    0.17    0.15    0.15    0.14    0.12      5.70      0.47
    1964    2.21    1.04    2.12    0.98    0.20    0.16    0.17    0.18    0.15    0.14    0.13    0.11      7.60      0.63
    1965    0.09    0.58    0.24    0.34    0.42    0.15    0.10    0.10    0.11    0.12    0.11    0.09      2.44      0.20
    1966    0.18    0.23    1.18   11.29   56.35   18.91   35.80   12.35    0.98    0.85    0.80    0.72    139.64     11.64
    1967    0.67    0.64    0.65    0.64    0.64    1.33    0.83    0.85    0.76    0.70    0.67    0.64      9.02      0.75
    1968    0.64    1.28    2.64    0.86    0.61    3.75    1.47    0.66    0.57    0.50    0.45    0.41     13.85      1.15
    1969    0.39    0.36    5.79    3.87    0.76    0.43    0.39    0.36    0.34    0.33    0.31    0.28     13.60      1.13
    1970    0.27    0.63    5.98   58.04   60.54   14.21    0.92    0.86    0.79    0.72    0.67    0.62    144.25     12.02
    1971    0.59    4.54    2.17   41.93   14.33    2.72    1.16    0.94    0.84    0.81    0.77    0.73     71.55      5.96
    1972    0.70    1.20    0.65    0.61    2.99    1.25    0.71    0.62    0.54    0.51    0.48    0.45     10.71      0.89
    1973    1.06    0.58    7.12    5.60    1.50    1.88    0.90    0.59    0.48    0.45    0.42    0.40     20.98      1.75
    1974    0.38    1.33    0.99   10.10   39.82   12.58    1.61    1.06    0.89    0.81    0.75    0.70     71.03      5.92
    1975    0.66    0.63    6.02    4.96    6.27    2.95    1.04    0.92    0.84    0.79    0.76    0.73     26.58      2.21
    1976    0.74    0.73    4.24    4.92    1.74    3.90    1.72    0.96    0.81    0.77    0.75    0.77     22.05      1.84
    1977    0.78    0.69    2.86   68.87   24.05    1.31    1.11    0.99    0.92    0.88    0.85    0.81    104.11      8.68
    1978    0.78    0.73    0.67    0.62    0.62    0.63    0.62    0.57    0.52    0.48    0.47    0.42      7.12      0.59
    1979    0.40    4.96    1.84    4.56    3.59    0.91    0.45    0.38    0.34    0.31    0.29    0.27     18.29      1.52
    1980    0.25    1.91    4.32    4.16    4.36    1.58    0.53    0.44    0.40    0.39    0.40    0.37     19.10      1.59
    1981    0.35    1.30    0.83    3.02    1.09    0.66    0.43    0.38    0.35    0.35    0.34    0.30      9.40      0.78
    1982    0.30    0.29    0.56    0.74    0.24    0.24    0.25    0.24    0.22    0.21    0.21    0.19      3.70      0.31
    1983    0.24    3.68    3.67    1.00    0.22    0.67    0.30    0.20    0.19    0.23    0.22    0.16     10.78      0.90
    1984    0.23    0.17    1.25    1.53    0.68    0.87    0.37    0.21    0.19    0.19    0.18    0.17      6.05      0.50
    1985    0.16    0.14    1.45    0.85    0.69    0.51    0.26    0.21    0.17    0.16    0.15    0.14      4.90      0.41
    1986    0.64    1.03    1.59    0.72    0.20    0.21    0.18    0.15    0.14    0.14    0.14    0.15      5.28      0.44
    1987    0.14   11.48    6.35    1.12    1.77    3.51    1.38    0.48    0.38    0.36    0.34    0.32     27.63      2.30
    1988    0.89    0.36    0.82    0.37    6.98    2.72    0.53    0.46    0.43    0.42    0.40    0.37     14.72      1.23
    1989    0.35    1.96    1.75    1.30    1.33    0.97    0.53    0.46    0.38    0.34    0.31    0.28      9.96      0.83
    1990    0.26    0.24    0.22    7.52    3.95    8.89    3.32    0.49    0.45    0.43    0.40    0.37     26.53      2.21
    1991    0.36    0.34    2.53    0.89    0.34    0.34    0.34    0.30    0.28    0.27    0.25    0.23      6.48      0.54
    1992    0.23    2.48    3.30    1.35    1.82    1.30    0.42    0.31    0.26    0.25    0.23    0.21     12.16      1.01
    1993    1.17    0.86    1.41    1.32    3.02    1.16    0.32    0.27    0.26    0.26    0.25    0.24     10.54      0.88
    1994    0.23    0.23    1.47    1.24    0.32    0.93    0.68    0.42    0.32    0.27    0.24    0.21      6.55      0.55
    1995    0.20    1.33    3.61   10.67  166.66   53.43    0.91    0.83    0.76    0.71    0.67    0.61    240.40     20.03
    1996    0.60    0.60    1.53    7.00    2.49   21.05    7.76    1.05    0.96    0.85    0.80    0.78     45.44      3.79
    1997    0.75    0.72    1.11    0.93    0.64    0.59    0.55    0.51    0.49    0.46    0.44    0.42      7.60      0.63
    1998    0.39    1.77    7.19    2.72    0.43    0.37    0.34    0.36    0.36    0.31    0.27    0.23     14.74      1.23
    1999    0.21    0.19    9.97   79.64  108.28   27.82    1.16    0.97    0.90    0.84    0.77    0.71    231.45     19.29
    2000    0.67    0.63    0.60    0.56    6.14    2.23    0.66    0.66    0.63    0.59    0.55    0.52     14.44      1.20
    2001    0.68    7.88    3.08    0.55    0.47    0.43    0.41    0.39    0.37    0.35    0.32    0.28     15.20      1.27
    2002    0.27    0.23    2.98    1.30    0.26    0.22    0.20    0.18    0.18    0.17    0.16    0.13      6.28      0.52
    2003    0.12    1.57    0.85    1.24    3.28   28.98    9.74    0.60    0.47    0.43    0.39    0.34     48.01      4.00
    2004    0.30    0.44    2.34    3.28    1.17    0.42    0.42    0.40    0.36    0.35    0.34    0.33     10.14      0.84
    2005    0.30    0.29    0.28    4.34   45.93   15.06    0.74    0.61    0.54    0.51    0.46    0.42     69.48      5.79
    2006    0.38    0.48    0.39    0.33    0.29    0.26    0.24    0.23    0.21    0.20    0.19    0.19      3.39      0.28
    2007    0.51    0.35    2.25    9.46    3.43    0.62    0.34    0.28    0.26    0.24    0.22    0.19     18.16      1.51
    2008    0.17    2.72    1.10    5.38    3.61    0.91    0.36    0.30    0.37    0.44    0.35    0.33     16.03      1.34
    2009    0.51    0.31    0.27    1.05    0.39    0.29   28.69   10.25    0.88    0.66    0.56    0.49     44.36      3.70
  
 AVERAGE    0.53    1.49    2.57    6.05    8.98    5.06    2.02    0.75    0.47    0.44    0.41    0.38     29.13      2.43
