    1920    0.11    0.03    0.07    0.24    0.76    5.22    1.74    0.14    0.14    0.15    0.15    0.14      8.89      0.74
    1921    0.14    0.13    1.04    0.41    0.12    0.10    0.09    0.08    0.07    0.06    0.05    0.05      2.34      0.19
    1922    0.04    0.10    0.08    1.55    1.48    0.35    0.05    0.05    0.05    0.05    0.05    0.05      3.90      0.32
    1923    0.04    0.08    0.04    0.03    0.11    0.57    0.19    0.03    0.03    0.02    0.02    0.02      1.18      0.10
    1924    0.02    0.03    1.33    0.60    0.60    1.60    1.21    0.38    0.12    0.15    0.18    0.20      6.41      0.53
    1925    0.20    0.21    0.20    0.19    0.18    0.16    0.14    0.12    0.11    0.09    0.08    0.07      1.76      0.15
    1926    0.06    0.11    0.11    0.22    0.13    0.03    0.03    0.03    0.02    0.02    0.02    0.02      0.80      0.07
    1927    0.04    0.02    0.01    1.14    0.91    0.29    0.04    0.03    0.03    0.03    0.03    0.03      2.60      0.22
    1928    0.03    0.16    0.06    0.92    0.33    0.03    0.03    0.02    0.02    0.02    0.02    0.02      1.64      0.14
    1929    0.01    0.35    0.22    0.15    0.04    0.39    0.14    0.02    0.02    0.02    0.02    0.02      1.41      0.12
    1930    0.02    0.01    0.30    0.29    0.07    0.02    0.02    0.01    0.01    0.01    0.01    0.01      0.79      0.07
    1931    0.01    0.04    0.03    0.13    0.08    0.05    0.08    0.02    0.01    0.01    0.01    0.01      0.50      0.04
    1932    0.01    0.01    0.28    0.29    0.07    0.01    0.01    0.01    0.01    0.01    0.01    0.01      0.74      0.06
    1933    0.01    0.23    3.66    5.12    1.44    0.09    0.09    0.09    0.09    0.09    0.09    0.08     11.08      0.92
    1934    0.08    0.48    0.81    0.22    0.57    0.33    0.05    0.05    0.05    0.05    0.04    0.04      2.78      0.23
    1935    0.03    0.03    0.05    0.35    0.38    3.87    1.30    0.07    0.08    0.08    0.08    0.08      6.41      0.53
    1936    0.08    1.73    0.61    0.47    0.20    0.08    0.08    0.07    0.06    0.06    0.05    0.04      3.53      0.29
    1937    0.04    0.03    3.18    1.40    0.17    0.05    0.05    0.05    0.04    0.04    0.04    0.03      5.12      0.43
    1938    0.03    0.03    0.88    0.54    5.22    1.90    0.09    0.09    0.09    0.09    0.09    0.09      9.12      0.76
    1939    0.08    0.08    0.21    0.07    0.06    0.39    0.13    0.05    0.05    0.04    0.04    0.04      1.24      0.10
    1940    0.03    0.03    1.35    0.56    0.04    0.04    0.04    0.03    0.03    0.03    0.03    0.02      2.24      0.19
    1941    0.02    0.02    0.03    0.30    0.11    4.94    1.68    0.07    0.07    0.07    0.06    0.06      7.43      0.62
    1942    0.08    0.05    1.03    0.68    0.11    0.30    1.73    0.58    0.08    0.09    0.09    0.09      4.92      0.41
    1943    0.51    0.75    0.21    0.30    9.63    3.29    0.21    0.20    0.43    0.18    0.19    0.18     16.08      1.34
    1944    0.15    0.40    0.13    0.12    0.11    7.26    2.51    0.16    0.15    0.13    0.12    0.11     11.36      0.95
    1945    0.09    0.08    0.07   12.95    5.86    0.71    0.18    0.17    0.16    0.15    0.15    0.14     20.71      1.73
    1946    0.13    0.12    0.42    0.25    0.09    0.90    0.30    0.07    0.06    0.06    0.05    0.05      2.48      0.21
    1947    0.04    0.07    0.14    0.23    0.06    0.21    0.10    0.02    0.02    0.02    0.02    0.02      0.97      0.08
    1948    0.05    0.15    0.04    0.79    0.28    0.03    0.02    0.02    0.02    0.02    0.02    0.01      1.46      0.12
    1949    0.01    0.16    1.03    0.41    0.02    0.03    0.02    0.02    0.02    0.02    0.02    0.02      1.79      0.15
    1950    0.02    0.02    0.56    0.26    0.02    0.02    0.16    0.10    0.02    0.02    0.02    0.02      1.24      0.10
    1951    0.19    0.06    0.04    0.02    0.02    0.02    0.02    0.02    0.02    0.02    0.02    0.01      0.48      0.04
    1952    0.01    1.23    0.86    0.16    0.07    0.19    0.06    0.03    0.03    0.03    0.02    0.02      2.69      0.22
    1953    0.02    0.21    0.13    0.62    0.46    0.10    0.03    0.03    0.03    0.03    0.03    0.03      1.72      0.14
    1954    0.03    0.20    0.13    3.15   10.26    3.12    0.16    0.16    0.16    0.16    0.15    0.15     17.82      1.48
    1955    0.14    0.13    0.75    0.24    4.69    1.69    0.14    0.13    0.12    0.11    0.10    0.09      8.35      0.70
    1956    0.15    0.07    0.15    0.08    0.17    0.52    0.15    0.05    0.05    0.16    0.05    0.06      1.66      0.14
    1957    0.06    0.07    0.07    1.77    0.76    0.10    0.10    0.10    0.09    0.09    0.08    0.07      3.36      0.28
    1958    0.06    0.10    0.82    0.33    0.05    0.04    0.04    0.03    0.03    0.03    0.03    0.03      1.59      0.13
    1959    0.02    0.04    0.09    0.04    0.02    0.21    0.12    0.02    0.02    0.02    0.02    0.02      0.64      0.05
    1960    0.02    1.64    2.23    0.63    0.16    0.08    1.34    0.54    0.09    0.11    0.12    0.13      7.09      0.59
    1961    0.13    0.12    0.12    0.59    0.20    0.10    0.20    0.09    0.08    0.07    0.07    0.06      1.83      0.15
    1962    0.05    1.12    0.40    0.89    0.31    0.05    0.04    0.04    0.03    0.03    0.03    0.03      3.02      0.25
    1963    0.05    0.53    0.18    0.07    0.09    0.03    0.02    0.02    0.02    0.01    0.01    0.01      1.04      0.09
    1964    0.08    0.03    0.12    0.24    0.07    0.01    0.08    0.03    0.01    0.01    0.01    0.01      0.69      0.06
    1965    0.01    0.01    0.01    0.24    0.95    0.30    0.02    0.02    0.02    0.01    0.01    0.01      1.61      0.13
    1966    0.01    0.01    3.40    7.57    3.81    1.75   41.01   13.32    0.49    0.51    0.53    0.52     72.95      6.08
    1967    0.52    0.49    0.45    0.40    0.35    0.93    0.35    0.27    0.24    0.21    0.18    0.16      4.54      0.38
    1968    0.13    0.15    0.29    0.08    0.07    0.18    0.06    0.06    0.05    0.05    0.04    0.04      1.21      0.10
    1969    0.03    0.03    0.06    0.03    0.03    0.02    0.02    0.02    0.01    0.01    0.01    0.01      0.28      0.02
    1970    0.01    0.01    0.28    2.51    0.90    0.04    0.25    0.08    0.04    0.04    0.04    0.04      4.24      0.35
    1971    0.04    0.33    0.14    7.98    2.70    0.16    0.10    0.10    0.09    0.09    0.08    0.07     11.88      0.99
    1972    0.06    0.06    0.05    0.04    0.15    0.05    0.15    0.05    0.02    0.02    0.02    0.02      0.69      0.06
    1973    0.08    0.05    0.16    3.84    1.91    0.40    0.11    0.08    0.09    0.09    0.09    0.09      6.99      0.58
    1974    0.09    0.55    0.67    0.65    0.31    1.44    1.02    0.18    0.12    0.13    0.13    0.14      5.43      0.45
    1975    0.14    0.13    1.19    2.72    1.19    3.40    1.17    0.21    0.21    0.22    0.21    0.21     11.01      0.92
    1976    0.21    0.20    0.18    0.16    0.33    1.05    0.32    0.13    0.12    0.11    0.10    0.09      2.98      0.25
    1977    0.08    0.07    0.24    8.06    3.94    0.44    0.15    0.14    0.13    0.13    0.13    0.12     13.63      1.14
    1978    0.11    0.10    0.08    0.67    0.22    0.06    0.05    0.05    0.04    0.04    0.03    0.03      1.47      0.12
    1979    0.02    1.53    0.86    0.41    0.64    0.19    0.04    0.04    0.04    0.04    0.04    0.17      4.02      0.34
    1980    0.06    0.80    0.31    0.66    0.47    0.31    0.08    0.04    0.04    0.04    0.04    0.04      2.88      0.24
    1981    0.03    0.03    0.09    0.14    0.04    0.14    0.12    0.02    0.02    0.02    0.02    0.02      0.68      0.06
    1982    0.27    0.10    0.02    0.08    0.03    0.01    0.01    0.01    0.01    0.01    0.01    0.01      0.57      0.05
    1983    0.01    0.01    0.18    0.06    0.01    0.15    0.05    0.01    0.01    0.01    0.01    0.00      0.49      0.04
    1984    0.00    0.00    0.00    0.21    0.08    0.01    0.01    0.00    0.00    0.00    0.00    0.00      0.34      0.03
    1985    0.01    0.00    0.08    0.03    0.00    0.03    0.01    0.00    0.00    0.00    0.00    0.00      0.18      0.02
    1986    0.02    0.20    0.19    0.20    0.06    0.15    0.05    0.01    0.01    0.01    0.01    0.04      0.94      0.08
    1987    0.01    0.07    0.37    0.13    4.52    1.70    0.09    0.07    0.07    0.07    0.07    0.07      7.23      0.60
    1988    0.13    0.06    0.06    0.12    0.62    0.19    0.05    0.05    0.04    0.04    0.04    0.03      1.44      0.12
    1989    0.03    0.22    0.47    0.15    0.54    0.23    0.09    0.03    0.03    0.03    0.03    0.03      1.88      0.16
    1990    0.03    0.03    0.02    1.28    0.87    1.43    0.46    0.06    0.06    0.06    0.05    0.05      4.39      0.37
    1991    0.05    0.05    0.04    0.04    0.03    0.03    0.03    0.02    0.02    0.02    0.01    0.01      0.36      0.03
    1992    0.01    0.13    0.92    0.31    0.02    0.01    0.01    0.01    0.01    0.01    0.01    0.01      1.46      0.12
    1993    0.03    0.08    0.26    0.30    0.15    0.02    0.01    0.01    0.01    0.01    0.01    0.01      0.90      0.07
    1994    0.01    0.01    0.02    0.01    0.02    1.47    0.50    0.02    0.02    0.02    0.02    0.02      2.16      0.18
    1995    0.02    0.30    1.15    0.73    1.10    0.35    0.06    0.05    0.05    0.05    0.05    0.05      3.96      0.33
    1996    0.04    0.64    0.57    0.55    0.15    8.43    2.88    0.15    0.16    0.17    0.18    0.18     14.09      1.17
    1997    0.18    0.17    0.17    0.50    0.22    0.29    0.12    0.11    0.10    0.09    0.08    0.06      2.09      0.17
    1998    0.05    1.32    2.50    0.80    0.09    0.06    0.06    0.06    0.06    0.05    0.05    0.05      5.15      0.43
    1999    0.04    0.04    2.29    1.05   31.18   10.27    0.26    0.25    0.24    0.23    0.23    0.22     46.29      3.86
    2000    0.21    0.19    0.17    0.15    0.32    0.32    0.10    0.09    0.09    0.09    0.08    0.07      1.88      0.16
    2001    0.62    2.29    0.89    0.22    0.26    0.08    0.08    0.08    0.08    0.07    0.07    0.06      4.81      0.40
    2002    0.05    0.05    0.12    0.28    0.32    0.08    0.03    0.03    0.02    0.02    0.02    0.02      1.03      0.09
    2003    0.06    0.30    0.11    0.15    0.27    0.25    0.07    0.02    0.02    0.02    0.02    0.02      1.31      0.11
    2004    0.02    0.02    0.95    1.10    0.28    0.03    0.29    0.10    0.03    0.03    0.03    0.03      2.92      0.24
    2005    0.03    0.02    0.21    1.04    2.19    0.72    0.06    0.06    0.06    0.06    0.06    0.05      4.55      0.38
    2006    0.05    0.06    0.05    0.04    0.03    0.03    0.03    0.02    0.02    0.02    0.01    0.01      0.37      0.03
    2007    0.24    0.09    0.51    4.51    1.50    0.31    0.10    0.07    0.07    0.07    0.07    0.06      7.60      0.63
    2008    0.06    0.05    0.05    3.39    1.33    0.52    0.15    0.07    0.07    0.07    0.06    0.06      5.88      0.49
    2009    0.06    0.12    0.17    0.25    0.07    0.04    0.52    0.18    0.04    0.04    0.04    0.04      1.58      0.13
  
 AVERAGE    0.08    0.25    0.50    1.04    1.23    0.86    0.74    0.23    0.07    0.07    0.06    0.06      5.19      0.43
