    1920    0.34    0.19    0.06    0.10    0.35    3.40    1.44    0.26    0.20    0.17    0.14    0.12      6.76      0.56
    1921    0.11    0.20    0.30    0.12    0.08    0.11    0.09    0.07    0.07    0.07    0.09    0.07      1.37      0.11
    1922    0.05    0.04    0.05    3.97    2.35    0.81    0.32    0.18    0.15    0.15    0.14    0.11      8.32      0.69
    1923    0.09    0.07    0.11    0.05    0.06    0.96    0.46    0.12    0.10    0.09    0.07    0.07      2.27      0.19
    1924    0.06    0.23    0.32    0.17    0.28    1.06    2.11    1.32    0.63    0.39    0.30    0.31      7.18      0.60
    1925    0.27    0.24    0.21    0.18    0.16    0.15    0.13    0.12    0.13    0.13    0.11    0.09      1.92      0.16
    1926    0.07    0.05    0.04    0.04    0.29    0.20    0.12    0.09    0.07    0.07    0.07    0.05      1.14      0.10
    1927    0.05    0.03    0.02    0.42    0.65    0.27    0.09    0.08    0.06    0.06    0.07    0.06      1.85      0.15
    1928    0.04    0.03    0.20    0.39    0.19    0.12    0.09    0.06    0.09    0.10    0.07    0.05      1.43      0.12
    1929    0.09    0.27    0.13    0.55    0.26    1.02    0.56    0.20    0.13    0.11    0.09    0.07      3.50      0.29
    1930    0.05    0.20    0.97    0.61    0.18    0.10    0.16    0.13    0.09    0.09    0.08    0.05      2.72      0.23
    1931    0.04    0.09    0.20    0.28    0.18    0.11    0.12    0.10    0.07    0.07    0.06    0.04      1.37      0.11
    1932    0.03    0.02    0.26    0.26    0.10    0.09    0.08    0.05    0.05    0.05    0.04    0.03      1.07      0.09
    1933    0.02    0.10    1.09    4.05    1.72    0.33    0.16    0.16    0.16    0.14    0.13    0.10      8.18      0.68
    1934    0.09    0.18    0.49    0.18    0.34    0.29    0.14    0.09    0.08    0.07    0.06    0.06      2.08      0.17
    1935    0.04    0.02    0.02    0.10    0.27    2.40    1.02    0.25    0.20    0.15    0.12    0.09      4.67      0.39
    1936    0.09    0.18    0.09    0.74    1.28    0.61    0.23    0.16    0.12    0.11    0.10    0.08      3.80      0.32
    1937    0.07    0.06    3.78    1.68    0.24    0.13    0.13    0.11    0.09    0.09    0.08    0.06      6.52      0.54
    1938    0.05    0.03    0.87    0.55    9.41   11.41    3.17    0.36    0.32    0.33    0.31    0.27     27.09      2.26
    1939    0.24    0.21    0.18    0.27    0.15    0.19    0.19    0.18    0.20    0.20    0.14    0.13      2.27      0.19
    1940    0.12    0.08    0.65    0.35    0.10    0.08    0.11    0.11    0.08    0.08    0.06    0.05      1.87      0.16
    1941    0.05    0.03    0.12    0.23    0.11    1.72    0.75    0.14    0.10    0.09    0.10    0.08      3.51      0.29
    1942    0.13    0.07    0.58    0.67    0.25    0.43    1.01    0.61    0.27    0.21    0.20    0.19      4.62      0.39
    1943    0.94    0.60    0.21    0.23    4.68    1.91    0.26    0.20    0.25    0.29    0.21    0.17      9.96      0.83
    1944    1.12    1.09    0.30    0.10    0.09    3.83    1.58    0.24    0.18    0.15    0.13    0.10      8.92      0.74
    1945    0.08    0.07    0.05    4.15    2.57    0.69    0.23    0.15    0.13    0.12    0.11    0.09      8.46      0.71
    1946    0.08    0.06    0.13    0.07    0.21    0.41    0.21    0.08    0.07    0.06    0.06    0.05      1.49      0.12
    1947    0.04    0.08    0.47    0.36    0.12    0.10    0.10    0.09    0.07    0.07    0.06    0.04      1.61      0.13
    1948    0.12    0.17    0.06    0.73    0.30    0.06    0.05    0.04    0.05    0.07    0.05    0.04      1.74      0.14
    1949    0.03    0.05    0.45    0.19    0.07    0.07    0.14    0.14    0.10    0.08    0.06    0.05      1.42      0.12
    1950    0.04    0.03    1.35    0.59    0.10    0.07    0.17    0.22    0.19    0.17    0.15    0.09      3.17      0.26
    1951    0.09    0.05    0.04    0.04    0.23    0.13    0.07    0.06    0.06    0.06    0.05    0.04      0.92      0.08
    1952    0.03    0.46    0.66    0.25    0.15    0.86    0.46    0.16    0.11    0.10    0.08    0.06      3.39      0.28
    1953    0.05    0.12    0.07    0.77    0.65    0.28    0.16    0.14    0.10    0.09    0.08    0.06      2.56      0.21
    1954    0.05    0.21    0.29    1.65   15.49    5.26    0.31    0.25    0.23    0.22    0.19    0.16     24.32      2.03
    1955    0.14    0.13    0.32    0.13    1.79    0.84    0.18    0.14    0.13    0.11    0.09    0.08      4.07      0.34
    1956    0.07    0.06    0.17    0.08    0.16    0.18    0.12    0.08    0.10    0.28    0.27    0.20      1.78      0.15
    1957    0.13    0.07    0.08    1.08    0.53    0.13    0.12    0.10    0.08    0.08    0.07    0.07      2.55      0.21
    1958    0.06    0.09    0.80    0.41    0.18    0.10    0.08    0.11    0.10    0.10    0.08    0.05      2.17      0.18
    1959    0.04    0.10    0.19    0.08    0.06    0.10    0.10    0.10    0.08    0.07    0.06    0.04      1.02      0.09
    1960    0.03    2.35    4.05    1.31    0.67    0.55    1.15    0.71    0.42    0.35    0.27    0.21     12.09      1.01
    1961    0.18    0.16    0.14    0.12    0.11    0.11    0.14    0.14    0.10    0.09    0.08    0.06      1.44      0.12
    1962    0.04    0.49    0.22    0.22    0.10    0.04    0.04    0.06    0.07    0.08    0.06    0.04      1.45      0.12
    1963    0.12    0.18    0.07    0.37    0.18    0.06    0.05    0.05    0.04    0.04    0.04    0.03      1.24      0.10
    1964    0.06    0.04    0.04    0.08    0.04    0.02    0.09    0.08    0.05    0.05    0.04    0.03      0.63      0.05
    1965    0.02    0.02    0.01    0.03    0.70    0.30    0.04    0.04    0.05    0.06    0.05    0.04      1.36      0.11
    1966    0.06    0.03    0.46    2.38    3.84   16.19   38.91   11.48    0.68    0.59    0.57    0.51     75.70      6.31
    1967    0.44    0.38    0.32    0.27    0.24    0.93    0.71    0.46    0.34    0.25    0.19    0.14      4.66      0.39
    1968    0.11    0.10    0.09    0.08    0.10    0.11    0.14    0.17    0.14    0.11    0.08    0.06      1.27      0.11
    1969    0.05    0.04    0.14    0.07    0.05    0.05    0.04    0.04    0.05    0.06    0.05    0.03      0.69      0.06
    1970    0.02    0.03    0.43    2.03    0.81    0.13    0.19    0.15    0.11    0.10    0.08    0.07      4.16      0.35
    1971    0.06    0.88    0.36    3.92    1.49    0.16    0.12    0.10    0.09    0.08    0.07    0.06      7.40      0.62
    1972    0.04    0.03    0.04    0.03    0.15    0.09    0.07    0.06    0.05    0.05    0.04    0.04      0.71      0.06
    1973    0.42    0.24    0.37    1.38    0.70    0.53    0.32    0.16    0.12    0.11    0.10    0.09      4.53      0.38
    1974    0.07    1.00    1.05    0.74    1.32    0.64    0.88    0.60    0.34    0.25    0.20    0.16      7.26      0.60
    1975    0.13    0.12    0.92    0.69    0.63    1.57    0.85    0.37    0.26    0.20    0.17    0.15      6.06      0.50
    1976    0.15    0.26    0.38    0.57    0.61    1.95    0.90    0.20    0.16    0.14    0.13    0.17      5.62      0.47
    1977    0.18    0.12    0.45    7.47    3.97    0.86    0.31    0.24    0.20    0.19    0.18    0.16     14.33      1.19
    1978    0.14    0.11    0.09    0.07    0.08    0.08    0.08    0.08    0.08    0.07    0.07    0.05      1.01      0.08
    1979    0.18    0.32    0.26    0.56    0.49    0.20    0.08    0.07    0.06    0.06    0.06    0.10      2.43      0.20
    1980    0.07    0.18    0.11    1.59    0.91    0.76    0.39    0.14    0.11    0.10    0.09    0.07      4.51      0.38
    1981    0.06    0.08    0.11    0.32    0.16    0.09    0.09    0.07    0.06    0.06    0.05    0.04      1.17      0.10
    1982    0.71    0.39    0.13    0.09    0.04    0.04    0.03    0.03    0.03    0.03    0.03    0.03      1.58      0.13
    1983    0.02    0.17    0.12    0.03    0.01    0.06    0.05    0.03    0.04    0.04    0.04    0.03      0.64      0.05
    1984    0.03    0.02    0.01    0.03    0.03    0.02    0.02    0.02    0.03    0.03    0.03    0.02      0.28      0.02
    1985    0.04    0.02    0.02    0.02    0.02    0.03    0.04    0.04    0.04    0.04    0.04    0.04      0.38      0.03
    1986    0.04    0.32    0.34    0.20    0.11    0.09    0.06    0.04    0.04    0.04    0.04    0.04      1.37      0.11
    1987    0.03    0.16    0.75    0.29    4.31    1.94    0.41    0.22    0.16    0.14    0.13    0.13      8.67      0.72
    1988    0.37    0.16    0.07    0.18    0.90    0.40    0.16    0.15    0.13    0.11    0.09    0.06      2.78      0.23
    1989    0.05    0.46    0.42    0.16    0.40    0.28    0.19    0.16    0.12    0.10    0.08    0.06      2.46      0.21
    1990    0.05    0.04    0.03    1.52    0.83    0.88    0.44    0.12    0.14    0.16    0.11    0.08      4.39      0.37
    1991    0.07    0.06    0.05    0.04    0.04    0.05    0.05    0.05    0.04    0.04    0.04    0.03      0.56      0.05
    1992    0.02    0.34    0.58    0.20    0.19    0.12    0.06    0.04    0.04    0.04    0.04    0.03      1.69      0.14
    1993    0.22    0.14    0.24    0.95    0.44    0.11    0.06    0.05    0.05    0.04    0.04    0.03      2.36      0.20
    1994    0.02    0.02    0.36    0.19    0.06    0.52    0.29    0.11    0.08    0.07    0.06    0.04      1.82      0.15
    1995    0.04    0.97    1.34    0.96    1.57    0.68    0.20    0.17    0.14    0.13    0.12    0.09      6.40      0.53
    1996    0.09    0.14    0.09    0.75    0.31    5.57    2.22    0.62    0.43    0.29    0.22    0.21     10.95      0.91
    1997    0.18    0.20    0.15    1.93    0.87    0.25    0.19    0.14    0.12    0.11    0.10    0.08      4.31      0.36
    1998    0.08    0.48    2.40    0.90    0.12    0.11    0.10    0.13    0.13    0.10    0.08    0.06      4.70      0.39
    1999    0.05    0.04    1.91    1.11   45.31   15.35    0.56    0.41    0.38    0.36    0.31    0.26     66.06      5.51
    2000    0.24    0.20    0.16    0.12    2.48    1.05    0.25    0.25    0.24    0.19    0.14    0.11      5.45      0.45
    2001    0.49    1.55    0.63    0.10    0.09    0.08    0.08    0.08    0.08    0.08    0.07    0.06      3.38      0.28
    2002    0.06    0.03    0.04    0.07    0.16    0.09    0.04    0.04    0.03    0.03    0.03    0.02      0.65      0.05
    2003    0.07    0.41    0.18    0.09    0.17    2.59    1.20    0.30    0.16    0.13    0.11    0.09      5.51      0.46
    2004    0.08    0.06    0.78    0.36    0.08    0.09    0.11    0.10    0.08    0.07    0.07    0.06      1.95      0.16
    2005    0.04    0.03    0.02    4.71   12.46    4.03    0.36    0.25    0.22    0.20    0.19    0.16     22.68      1.89
    2006    0.14    0.12    0.10    0.08    0.06    0.06    0.05    0.06    0.06    0.06    0.05    0.05      0.88      0.07
    2007    0.57    0.30    0.41    5.63    2.11    2.04    0.94    0.23    0.19    0.18    0.16    0.13     12.89      1.07
    2008    0.11    0.13    0.09    2.92    1.43    0.45    0.22    0.14    0.16    0.16    0.13    0.11      6.03      0.50
    2009    0.09    0.22    0.10    0.05    0.06    0.06    0.06    0.09    0.09    0.08    0.06    0.04      1.00      0.08
  
 AVERAGE    0.13    0.23    0.42    0.83    1.54    1.15    0.79    0.30    0.14    0.13    0.11    0.09      5.85      0.49
