    1920    1.71    1.65    1.59    1.52    1.45    1.39    1.33    1.27    1.21    1.15    1.08    1.00     16.32      1.36
    1921    0.91    0.82    0.76    0.69    0.62    0.56    0.51    0.46    0.41    0.37    0.34    0.30      6.76      0.56
    1922    0.26    0.23    0.20    1.83    0.67    0.15    0.14    0.13    0.12    0.10    0.09    0.08      4.00      0.33
    1923    0.07    0.06    0.19    0.06    0.69    3.77    1.24    0.08    0.07    0.06    0.06    0.05      6.39      0.53
    1924    0.04    0.26    1.18    0.63    0.13    2.79    0.97    0.07    0.06    0.05    0.05    0.04      6.27      0.52
    1925    0.04    0.03    0.03    0.04    0.05    0.03    0.02    0.02    0.02    0.01    0.01    0.01      0.30      0.03
    1926    0.01    0.03    0.11    0.23    0.39    0.13    0.01    0.01    0.01    0.01    0.01    0.01      0.96      0.08
    1927    0.13    0.05    0.41    0.86    0.26    0.02    0.02    0.02    0.01    0.01    0.01    0.01      1.81      0.15
    1928    0.01    0.12    0.04    0.06    0.19    2.27    0.76    0.04    0.03    0.03    0.03    0.02      3.60      0.30
    1929    0.02    1.62    1.51    1.47    0.41    0.05    0.09    0.04    0.04    0.03    0.03    0.03      5.34      0.44
    1930    0.02    0.02    0.71    1.47    0.44    0.39    0.72    0.21    0.04    0.03    0.03    0.03      4.10      0.34
    1931    0.02    2.46    0.85    0.06    0.04    0.03    0.14    0.04    0.03    0.02    0.02    0.02      3.75      0.31
    1932    0.02    0.02    0.01    0.02    0.05    0.03    0.01    0.01    0.01    0.01    0.01    0.01      0.19      0.02
    1933    0.01    0.20    0.10    0.42    0.15    0.13    0.04    0.01    0.01    0.01    0.01    0.01      1.10      0.09
    1934    0.01    0.03    0.09    0.03    0.01    0.00    0.00    0.00    0.00    0.00    0.00    0.00      0.18      0.01
    1935    0.00    0.00    0.00    0.71    1.87    1.38    0.30    0.04    0.03    0.03    0.03    0.02      4.43      0.37
    1936    0.02    3.98    1.37    0.84    1.10    0.51    0.08    0.06    0.05    0.04    0.04    0.03      8.12      0.68
    1937    0.04    0.03    5.81    2.96    0.41    0.08    0.07    0.07    0.06    0.05    0.05    0.04      9.68      0.81
    1938    0.04    0.03    1.07    0.56   16.06    5.88    0.20    0.16    0.15    0.13    0.12    0.10     24.49      2.04
    1939    0.09    2.07    0.77    0.22    0.09    2.02    0.73    0.08    0.10    0.06    0.06    0.06      6.37      0.53
    1940    0.05    0.31    7.96    2.79    0.12    0.11    0.09    0.09    0.08    0.07    0.06    0.06     11.77      0.98
    1941    0.05    0.04    0.04    0.62    0.21    0.18    0.06    0.03    0.03    0.03    0.02    0.02      1.32      0.11
    1942    0.25    0.08    0.22    0.31    0.08    0.76    0.31    0.03    0.02    0.02    0.02    0.02      2.12      0.18
    1943    0.18    0.09    0.61    1.14   80.45   25.95    0.34    0.30    0.27    0.25    0.22    0.19    109.99      9.17
    1944    0.51    0.62    0.15    0.22    0.11    0.47    0.16    0.09    0.08    0.07    0.06    0.05      2.59      0.22
    1945    0.05    0.04    0.04    3.32    3.22    1.90    0.42    0.09    0.08    0.07    0.06    0.06      9.33      0.78
    1946    0.05    0.04    0.10    0.03    0.03    0.24    0.08    0.03    0.02    0.02    0.02    0.02      0.68      0.06
    1947    0.02    1.71    0.64    1.52    0.54    4.77    1.67    0.09    0.08    0.08    0.07    0.06     11.24      0.94
    1948    0.18    1.23    0.42    0.05    0.05    0.04    0.04    0.03    0.03    0.03    0.02    0.02      2.14      0.18
    1949    0.02    0.03    0.47    0.18    0.27    0.09    0.02    0.02    0.01    0.01    0.01    0.01      1.14      0.10
    1950    0.01    0.01    1.24    0.43    0.02    0.02    0.71    0.57    0.12    0.03    0.02    0.02      3.20      0.27
    1951    0.24    0.08    0.02    0.05    0.27    0.09    0.02    0.01    0.01    0.01    0.01    0.01      0.82      0.07
    1952    0.07    0.22    0.59    1.33   13.45    4.51    0.15    0.14    0.12    0.11    0.10    0.09     20.87      1.74
    1953    0.07    2.08    0.74    5.19    1.83    0.12    0.11    0.09    0.08    0.07    0.07    0.06     10.51      0.88
    1954    0.05    1.59    1.07    3.54  138.88   44.76    0.42    0.38    0.34    0.31    0.28    0.24    191.85     15.99
    1955    0.22    0.19    0.18    0.14   11.72    4.00    0.22    0.20    0.18    0.16    0.14    0.13     17.47      1.46
    1956    0.11    1.12    2.24    0.68    0.09    0.09    0.08    0.07    0.07    0.06    0.05    0.05      4.72      0.39
    1957    0.04    0.04    0.09    1.37    0.66    0.06    0.04    0.04    0.03    0.03    0.03    0.02      2.46      0.20
    1958    0.25    0.09    7.23    3.23    1.48    0.67    0.09    0.09    0.08    0.07    0.07    0.06     13.42      1.12
    1959    0.05    0.64    0.34    0.38    0.12    0.04    0.04    0.03    0.03    0.03    0.02    0.02      1.74      0.14
    1960    0.02    6.32   10.01    2.71    2.02    0.89    0.20    0.13    0.12    0.11    0.10    0.08     22.71      1.89
    1961    0.07    0.37    0.13    0.05    0.05    0.04    0.10    0.03    0.03    0.03    0.03    0.02      0.96      0.08
    1962    0.02    0.40    0.15    0.10    0.03    0.02    1.92    0.67    0.04    0.03    0.03    0.03      3.43      0.29
    1963    0.09    0.04    0.08    0.28    0.09    0.02    0.02    0.02    0.01    0.01    0.01    0.01      0.68      0.06
    1964    0.02    0.01    0.27    0.10    0.01    0.01    0.08    0.03    0.01    0.01    0.01    0.01      0.55      0.05
    1965    0.01    0.01    0.00    0.51    0.19    0.01    0.01    0.01    0.01    0.01    0.01    0.01      0.76      0.06
    1966    0.00    0.00    0.21   23.56   19.88    4.28    0.25    0.24    0.21    0.19    0.17    0.15     49.16      4.10
    1967    0.13    0.11    0.10    0.12    0.07    0.10    1.63    0.57    0.07    0.06    0.06    0.05      3.06      0.26
    1968    0.04    0.04    0.04    0.15    0.07    0.30    0.10    0.02    0.02    0.02    0.02    0.02      0.85      0.07
    1969    0.01    0.01    1.64    0.61    0.03    0.03    0.02    0.02    0.02    0.02    0.02    0.01      2.45      0.20
    1970    0.01    0.27    3.05    4.09    1.19    0.08    0.17    0.06    0.06    0.05    0.05    0.04      9.11      0.76
    1971    0.03    1.46    0.52    2.42    0.88    0.06    0.06    0.05    0.05    0.04    0.04    0.03      5.65      0.47
    1972    0.03    0.02    0.02    0.02    0.17    0.06    0.02    0.01    0.01    0.01    0.01    0.01      0.39      0.03
    1973    0.10    0.03    0.67    2.59    0.99    0.09    0.04    0.04    0.03    0.03    0.03    0.02      4.65      0.39
    1974    0.02    0.90    0.59    7.18    3.73    0.49    1.64    0.57    0.11    0.09    0.08    0.07     15.48      1.29
    1975    0.06    0.06    3.52    1.65   12.40    4.30    0.19    0.17    0.15    0.14    0.12    0.11     22.88      1.91
    1976    0.09    0.53    0.20    0.52    1.32    1.60    0.43    0.08    0.07    0.06    0.06    0.05      5.01      0.42
    1977    0.05    0.04    1.02    3.28    2.19    0.44    0.08    0.07    0.07    0.06    0.05    0.05      7.40      0.62
    1978    0.04    0.04    0.14    0.17    0.04    0.03    0.03    0.02    0.02    0.02    0.02    0.02      0.59      0.05
    1979    0.02    0.12    0.04    1.44    2.57    0.74    0.05    0.05    0.04    0.04    0.03    0.03      5.18      0.43
    1980    0.03    2.37    0.89    2.26    1.33    0.28    0.07    0.06    0.05    0.05    0.04    0.04      7.46      0.62
    1981    0.03    0.56    0.21    0.70    0.60    0.13    0.03    0.03    0.03    0.02    0.02    0.02      2.40      0.20
    1982    0.35    0.13    0.10    0.04    0.01    0.06    0.02    0.01    0.01    0.01    0.01    0.01      0.76      0.06
    1983    0.01    0.05    0.22    0.11    0.01    0.34    0.12    0.01    0.01    0.01    0.01    0.01      0.91      0.08
    1984    0.01    0.01    0.20    0.18    0.04    0.01    0.01    0.01    0.01    0.01    0.01    0.00      0.49      0.04
    1985    0.05    0.02    0.29    0.10    0.01    0.01    0.06    0.02    0.01    0.00    0.00    0.00      0.57      0.05
    1986    0.25    0.16    0.32    0.15    0.02    0.01    0.01    0.01    0.01    0.01    0.01    0.00      0.93      0.08
    1987    0.00    1.48    0.98    0.24    4.25    1.64    0.07    0.06    0.06    0.05    0.05    0.04      8.93      0.74
    1988    0.28    0.09    0.03    0.06    3.44    1.18    0.06    0.05    0.05    0.04    0.04    0.03      5.36      0.45
    1989    0.03    0.55    0.83    0.23    0.08    0.06    0.02    0.02    0.02    0.02    0.02    0.01      1.89      0.16
    1990    0.01    0.01    0.01    1.74    0.94    0.70    0.20    0.03    0.03    0.03    0.02    0.02      3.75      0.31
    1991    0.02    0.02    0.06    0.02    0.01    0.01    0.01    0.01    0.01    0.01    0.01    0.01      0.20      0.02
    1992    0.05    0.04    0.61    0.22    0.06    0.05    0.01    0.01    0.01    0.01    0.01    0.01      1.09      0.09
    1993    0.01    0.09    1.56    0.57    0.25    0.08    0.02    0.02    0.02    0.02    0.01    0.01      2.66      0.22
    1994    0.01    0.01    0.01    0.17    0.34    0.20    0.03    0.01    0.01    0.01    0.01    0.01      0.82      0.07
    1995    0.01    0.27   14.92    5.30    4.65    1.61    0.17    0.15    0.13    0.12    0.11    0.09     27.53      2.29
    1996    0.08    0.40    0.24    1.99    0.71    0.35    0.12    0.06    0.05    0.05    0.04    0.04      4.13      0.34
    1997    0.03    0.42    0.25    0.11    0.03    0.26    0.09    0.02    0.02    0.02    0.02    0.02      1.27      0.11
    1998    0.01    0.05    4.65    1.63    0.06    0.06    0.05    0.04    0.04    0.04    0.03    0.03      6.69      0.56
    1999    0.02    0.02    1.10    5.04   24.61    8.11    0.37    0.23    0.21    0.19    0.17    0.15     40.22      3.35
    2000    0.13    0.12    0.18    0.09    0.46    0.16    0.07    0.06    0.06    0.05    0.05    0.04      1.47      0.12
    2001    0.03    1.29    0.60    0.06    0.04    0.03    0.03    0.03    0.03    0.02    0.02    0.02      2.21      0.18
    2002    0.02    0.02    1.22    0.43    0.03    0.02    0.02    0.02    0.02    0.02    0.02    0.01      1.84      0.15
    2003    0.01    0.01    0.03    0.27    1.33    6.90    2.40    0.09    0.09    0.08    0.07    0.06     11.36      0.95
    2004    0.06    0.05    2.44    0.86    0.06    0.06    0.05    0.05    0.04    0.04    0.03    0.03      3.76      0.31
    2005    0.02    0.10    0.03    0.68    3.18    1.80    0.29    0.06    0.05    0.05    0.04    0.04      6.34      0.53
    2006    0.03    0.08    1.37    0.48    0.04    0.03    0.03    0.03    0.02    0.02    0.02    0.02      2.16      0.18
    2007    0.35    0.41    0.18    3.15    1.08    0.09    0.05    0.04    0.04    0.04    0.03    0.03      5.48      0.46
    2008    0.02    0.27    0.12    6.01    2.04    0.08    0.07    0.07    0.06    0.05    0.05    0.04      8.90      0.74
    2009    0.04    0.09    0.53    0.19    0.03    0.87    0.92    0.23    0.04    0.03    0.03    0.03      3.02      0.25
  
 AVERAGE    0.10    0.49    1.09    1.40    4.18    1.66    0.28    0.11    0.07    0.07    0.06    0.05      9.55      0.80
