    1920    3.48    2.96    1.63    1.89    3.16   29.05   11.81    2.67    2.00    1.60    1.39    1.22     62.86      5.24
    1921    1.26    3.20    5.14    3.11    2.08    1.76    1.40    1.29    1.29    1.27    1.81    1.68     25.29      2.11
    1922    1.37    1.55    1.68   44.80   17.29    1.88    1.35    1.19    1.13    1.09    1.02    0.92     75.26      6.27
    1923    0.87    0.97    1.16    1.14    2.03    4.32    2.82    1.49    1.15    0.91    0.78    0.72     18.36      1.53
    1924    0.72    0.95    1.39    1.65    1.38   30.04   13.59    3.60    1.88    1.26    0.86    0.84     58.18      4.85
    1925    0.66    0.73    0.55    0.54    1.03    1.26    0.86    0.81    0.80    1.68    1.70    0.74     11.35      0.95
    1926    0.37    0.44    0.60    0.67    1.70    2.48    1.98    1.13    0.60    0.60    0.52    0.38     11.47      0.96
    1927    0.46    0.34    0.26    1.07    1.96    1.35    1.21    1.02    0.57    0.45    0.49    0.38      9.57      0.80
    1928    0.21    0.35    0.71    0.97    1.14    2.50    2.38    1.22    0.58    0.46    0.37    0.36     11.24      0.94
    1929    0.68    1.19    0.99    1.52    1.60    1.13    1.32    1.09    0.58    0.46    0.37    0.25     11.19      0.93
    1930    0.18    0.24    0.48    1.69    2.12    1.71    1.67    1.21    0.62    0.71    0.62    0.31     11.56      0.96
    1931    0.28    0.35    0.46    0.56    0.82    1.00    1.09    0.85    0.49    0.40    0.32    0.23      6.86      0.57
    1932    0.20    0.29    0.46    0.63    0.73    0.71    0.54    0.35    0.29    0.30    0.27    0.21      4.98      0.41
    1933    0.17    0.91    1.92    2.75    2.44    1.52    0.75    0.47    0.42    0.37    0.32    0.21     12.26      1.02
    1934    0.19    0.30    0.49    0.40    0.39    0.40    0.30    0.25    0.24    0.24    0.22    0.23      3.66      0.31
    1935    0.18    0.13    0.24    1.04    2.32    2.91    1.98    1.60    1.36    0.79    0.43    0.25     13.22      1.10
    1936    0.33    1.24    1.27    1.74   14.15    6.72    1.71    0.75    0.54    0.49    0.43    0.39     29.76      2.48
    1937    0.46    0.38    1.93    2.63    1.63    0.71    1.03    1.01    0.63    0.56    0.45    0.33     11.75      0.98
    1938    0.28    0.22    0.69    2.20   14.88    8.15    2.75    1.32    0.99    0.91    0.76    0.62     33.76      2.81
    1939    0.59    2.44    3.03    1.65    0.73    2.17    2.58    1.50    1.55    1.43    0.80    0.88     19.34      1.61
    1940    0.67    0.51   17.07    9.23    3.69    1.70    1.34    1.18    0.76    0.66    0.58    0.49     37.86      3.16
    1941    0.46    0.41    0.45    1.05    0.92    2.90    2.94    1.64    1.03    0.72    0.68    0.54     13.73      1.14
    1942    0.69    0.99    1.15    1.15    0.83    1.46    3.16    2.81    1.53    0.92    0.76    0.63     16.07      1.34
    1943    0.76    0.74    0.58    1.38   32.61   13.63    2.33    0.90    0.97    0.92    0.66    0.55     56.05      4.67
    1944    0.72    0.96    0.60    0.50    0.61    0.77    1.00    0.80    0.55    0.48    0.41    0.30      7.71      0.64
    1945    0.37    0.36    0.23   16.64   16.90    6.53    2.35    1.03    0.64    0.56    0.48    0.36     46.46      3.87
    1946    0.29    0.51    0.52    0.60    1.25    1.36    0.95    0.59    0.44    0.43    0.38    0.28      7.60      0.63
    1947    0.26    0.72    6.45    3.94    1.61    1.84    1.65    0.91    0.55    0.47    0.39    0.31     19.11      1.59
    1948    0.45    1.14    0.90    1.81    2.53    1.87    1.04    0.61    0.48    0.46    0.38    0.27     11.93      0.99
    1949    0.23    1.13    2.16    2.31    1.51    0.85    0.85    0.89    0.69    0.51    0.40    0.28     11.81      0.98
    1950    0.20    0.17    0.34    0.43    0.66    0.86    1.28    2.85    2.47    1.33    0.73    0.44     11.77      0.98
    1951    0.52    0.40    0.35    0.41    0.70    0.67    0.66    0.72    0.53    0.45    0.36    0.22      5.97      0.50
    1952    0.19    0.62    1.62    1.60   27.64   17.22    5.55    2.42    1.14    0.76    0.58    0.45     59.79      4.98
    1953    0.36    0.59    0.83    2.77    3.18    1.91    1.58    1.19    0.73    0.61    0.51    0.42     14.67      1.22
    1954    0.38    0.74    1.53    2.76   41.74   15.61    2.01    1.26    0.93    0.80    0.64    0.48     68.87      5.74
    1955    0.43    0.56    2.65    2.71    8.44    5.52    2.10    1.20    1.01    0.77    0.62    0.65     26.66      2.22
    1956    0.78    0.74    0.90    1.20    1.79    1.98    1.17    0.69    1.11    2.44    2.50    1.48     16.77      1.40
    1957    0.69    0.48    0.40    0.79    0.92    0.57    0.67    0.64    0.48    0.43    0.39    0.41      6.87      0.57
    1958    0.38    0.36    1.07    1.64    2.05    1.97    1.33    0.79    0.55    0.45    0.44    0.29     11.33      0.94
    1959    0.22    0.62    1.22    0.82    0.33    0.32    0.45    0.49    0.41    0.36    0.32    0.21      5.76      0.48
    1960    0.18    2.02    7.48    4.11    2.09    1.87    1.61    1.23    0.83    0.61    0.45    0.32     22.80      1.90
    1961    0.31    0.56    0.92    0.99    0.84    0.79    0.97    0.75    0.48    0.43    0.37    0.26      7.68      0.64
    1962    0.22    0.51    0.83    0.68    0.34    0.19    0.30    0.38    0.64    0.81    0.52    0.23      5.64      0.47
    1963    0.25    0.58    0.81    1.85    1.60    0.73    0.42    0.35    0.28    0.27    0.24    0.18      7.57      0.63
    1964    0.63    0.64    0.85    0.77    0.54    0.36    0.45    0.44    0.31    0.29    0.25    0.19      5.73      0.48
    1965    0.11    0.26    0.30    0.36    0.64    0.46    0.21    0.20    0.24    0.28    0.23    0.15      3.45      0.29
    1966    0.16    0.27    1.04    8.35   15.28    6.55    3.23    2.34    1.08    0.65    0.56    0.38     39.91      3.33
    1967    0.29    0.44    0.77    0.86    0.70    1.03    1.91    1.71    1.00    0.64    0.49    0.34     10.18      0.85
    1968    0.34    0.63    1.55    1.22    0.61    1.51    1.56    0.84    0.54    0.45    0.37    0.29      9.92      0.83
    1969    0.23    0.32    1.26    1.28    0.95    0.70    0.47    0.36    0.33    0.37    0.33    0.21      6.81      0.57
    1970    0.23    0.48    2.48   19.11   15.75    5.23    1.62    0.98    0.70    0.58    0.48    0.38     48.02      4.00
    1971    0.40    0.95    1.10   13.37    6.87    3.33    2.38    1.16    0.76    0.65    0.57    0.46     32.01      2.67
    1972    0.41    0.68    0.81    0.69    1.38    1.32    1.45    1.19    0.67    0.55    0.45    0.48     10.09      0.84
    1973    0.67    0.67    2.22    3.22    2.56    1.76    1.56    1.05    0.59    0.64    0.61    0.44     15.98      1.33
    1974    0.35    0.66    1.24   20.51   37.67   11.81    2.50    2.19    1.18    0.88    0.68    0.51     80.19      6.68
    1975    0.42    0.46    1.42    2.67   13.49    7.49    2.79    1.39    0.94    0.77    0.66    0.57     33.08      2.76
    1976    0.58    0.83    1.28    1.43    1.91   29.85   12.27    1.92    0.97    0.80    0.70    0.88     53.41      4.45
    1977    0.92    0.63    1.05   28.23   11.89    2.36    1.30    0.87    0.71    0.66    0.61    0.58     49.81      4.15
    1978    0.59    0.56    0.56    0.56    0.76    1.29    1.14    0.77    0.59    0.52    0.53    0.41      8.27      0.69
    1979    0.40    1.80    1.52    2.41    9.43    5.14    1.66    0.71    0.52    0.48    0.42    0.46     24.95      2.08
    1980    0.38    0.72    1.63    2.97    3.15    1.87    0.86    0.60    0.50    0.48    0.53    0.49     14.17      1.18
    1981    0.40    0.62    0.72    1.11    0.84    0.64    0.67    0.59    0.50    0.53    0.46    0.27      7.36      0.61
    1982    0.36    0.34    0.40    0.89    0.69    0.60    0.66    0.53    0.49    0.44    0.41    0.26      6.08      0.51
    1983    0.21    1.35    1.96    1.36    0.79    0.96    0.76    0.36    0.43    0.92    0.82    0.41     10.34      0.86
    1984    0.53    0.55    0.96    1.35    1.91    2.59    1.88    0.89    0.50    0.43    0.43    0.36     12.36      1.03
    1985    0.38    0.29    0.62    0.91    1.06    1.15    1.07    0.73    0.43    0.38    0.32    0.23      7.58      0.63
    1986    0.33    0.89    2.44    2.72    1.59    1.05    0.82    0.49    0.37    0.35    0.36    0.53     11.93      0.99
    1987    0.54    1.96    3.39    2.20    1.38    1.89    2.18    1.46    0.71    0.57    0.47    0.41     17.16      1.43
    1988    0.82    0.71    0.53    0.63    1.61    1.81    1.84    1.41    0.84    0.69    0.52    0.34     11.74      0.98
    1989    0.32    0.84    1.72    1.42    1.67    2.16    2.43    2.04    1.16    0.72    0.53    0.34     15.34      1.28
    1990    0.27    0.34    0.43    1.14    2.55    6.82    3.82    1.12    0.70    0.62    0.49    0.35     18.67      1.56
    1991    0.33    0.35    0.83    0.88    0.64    0.58    0.51    0.41    0.38    0.39    0.33    0.24      5.87      0.49
    1992    0.35    0.53    1.34    1.50    1.68    1.93    1.33    0.61    0.39    0.36    0.31    0.23     10.57      0.88
    1993    0.44    0.66    0.92    1.65    3.05    2.92    1.58    0.62    0.41    0.39    0.34    0.25     13.24      1.10
    1994    0.32    0.37    0.69    1.39    1.00    1.39    2.24    1.79    0.98    0.58    0.44    0.29     11.50      0.96
    1995    0.28    0.72    4.69   13.17   69.86   24.35    2.25    1.22    0.95    0.80    0.67    0.51    119.45      9.95
    1996    0.66    1.08    1.37    1.90    2.64   22.35    9.28    1.77    1.31    0.95    0.76    0.74     44.81      3.73
    1997    0.81    0.95    1.07    1.89    1.74    1.09    0.72    0.54    0.49    0.48    0.44    0.41     10.63      0.89
    1998    0.40    1.18    3.07    2.42    1.10    0.76    0.60    0.64    0.69    0.57    0.43    0.30     12.16      1.01
    1999    0.26    0.43    1.47   12.99   38.65   13.46    2.43    1.50    1.10    0.96    0.68    0.47     74.42      6.20
    2000    0.45    0.52    0.68    0.54    2.56    2.87    1.53    1.00    0.78    0.64    0.52    0.38     12.48      1.04
    2001    0.43    4.91    4.00    1.47    0.77    0.73    0.91    0.94    0.65    0.53    0.48    0.34     16.16      1.35
    2002    0.49    0.42    0.58    0.86    0.60    0.37    0.30    0.28    0.32    0.38    0.31    0.22      5.13      0.43
    2003    0.22    0.33    0.64    1.09    2.19   17.61    8.41    2.32    0.99    0.66    0.49    0.33     35.27      2.94
    2004    0.26    0.28    1.69    1.75    1.49    1.32    1.34    0.99    0.57    0.48    0.41    0.32     10.89      0.91
    2005    0.23    0.31    0.34    0.74   12.35    7.28    3.04    1.39    0.67    0.57    0.48    0.35     27.75      2.31
    2006    0.30    0.65    0.81    0.50    0.33    0.26    0.32    0.34    0.30    0.29    0.27    0.32      4.71      0.39
    2007    0.47    0.81    1.25    3.11    2.91    1.74    0.87    0.52    0.45    0.39    0.33    0.22     13.06      1.09
    2008    0.19    1.19    1.19    2.50    3.25    2.11    0.84    0.41    0.76    0.95    0.56    0.49     14.45      1.20
    2009    0.62    0.46    0.54    0.42    0.27    0.33    3.69    4.05    2.27    1.00    0.55    0.33     14.54      1.21
  
 AVERAGE    0.46    0.78    1.53    3.41    5.70    4.33    2.07    1.12    0.77    0.66    0.55    0.43     21.82      1.82
