    1920    2.88    2.36    1.57    1.51    2.04   18.12   18.92    2.17    1.37    1.16    1.03    0.87     54.00
    1921    1.14    2.50    2.50    1.51    1.29    1.46    1.11    0.97    1.05    1.05    1.61    1.34     17.53
    1922    1.32    1.46    1.36   11.22   11.76    1.25    0.92    0.86    0.85    0.81    0.75    0.66     33.22
    1923    0.82    1.14    1.66    1.11    3.12    6.14    4.45    1.78    1.15    0.87    0.72    0.64     23.60
    1924    0.62    1.45    1.48    1.02    0.81    6.16    8.92    4.76    2.36    1.31    0.87    1.00     30.76
    1925    0.77    0.81    0.57    0.47    0.81    0.94    0.60    0.71    0.78    1.15    1.05    0.56      9.22
    1926    0.39    0.63    1.00    1.31    2.99    3.07    1.84    0.89    0.56    0.67    0.71    0.44     14.50
    1927    0.61    0.55    0.41    1.86    2.77    2.01    1.55    1.34    0.80    0.57    0.69    0.56     13.72
    1928    0.35    0.78    1.37    1.30    1.00    2.02    2.10    1.21    0.64    0.57    0.47    0.45     12.26
    1929    1.05    1.63    1.32    2.20    3.03    2.07    1.04    0.83    0.57    0.57    0.49    0.35     15.15
    1930    0.27    0.41    0.73    1.75    2.13    1.88    1.66    1.21    0.64    0.87    0.77    0.42     12.74
    1931    0.38    0.45    0.41    0.33    0.84    1.05    0.95    0.77    0.51    0.45    0.38    0.42      6.94
    1932    0.49    0.67    0.83    0.76    0.86    0.91    0.67    0.35    0.31    0.32    0.30    0.26      6.73
    1933    0.27    1.57    2.31    3.27    4.28    3.23    1.78    1.21    0.78    0.64    0.53    0.37     20.24
    1934    0.35    0.59    1.41    1.19    0.73    0.74    0.51    0.44    0.42    0.41    0.40    0.41      7.60
    1935    0.33    0.26    0.52    1.03    2.08    2.46    1.85    1.30    1.16    0.77    0.48    0.32     12.56
    1936    0.30    0.99    1.72    1.98   10.63   11.25    2.40    1.07    0.64    0.59    0.53    0.49     32.59
    1937    0.78    0.61    5.79    7.11    2.26    1.06    1.93    1.78    0.98    0.78    0.67    0.53     24.28
    1938    0.49    0.41    1.34    3.44    5.25    5.88    3.46    1.34    0.97    1.25    1.13    0.87     25.83
    1939    0.75    2.56    3.15    2.18    1.20    1.87    2.12    1.36    1.73    1.72    1.03    1.34     21.01
    1940    0.90    1.25   14.89   15.71    3.32    2.98    3.45    2.83    1.34    0.90    0.78    0.67     49.02
    1941    0.62    0.79    0.95    0.97    0.67    2.80    3.61    2.06    1.28    0.95    1.21    0.97     16.88
    1942    0.83    1.28    1.81    1.36    1.20    1.71    3.23    4.12    3.09    1.65    1.18    0.92     22.38
    1943    1.04    1.43    2.54    3.86    6.74    6.55    2.51    0.92    1.21    1.25    0.87    0.75     29.67
    1944    1.05    1.51    0.87    0.79    1.07    1.39    1.28    0.90    0.74    0.70    0.63    0.51     11.44
    1945    0.62    0.67    0.46   10.52   23.77   14.77    2.32    0.81    0.68    0.67    0.61    0.48     56.38
    1946    0.43    0.57    0.67    1.44    2.34    2.06    1.32    0.67    0.57    0.61    0.57    0.45     11.70
    1947    0.41    1.12    3.97    3.37    1.79    2.45    2.21    1.07    0.57    0.55    0.48    0.45     18.44
    1948    1.18    2.87    2.20    2.28    3.17    2.36    1.55    0.98    0.73    0.68    0.57    0.42     18.99
    1949    0.42    2.10    3.34    4.22    3.62    1.39    1.14    1.30    0.97    0.76    0.63    0.49     20.38
    1950    0.40    0.37    0.83    0.71    0.73    0.92    1.25    3.41    3.30    1.83    0.99    0.67     15.41
    1951    0.76    0.61    0.99    0.88    2.25    2.83    1.79    1.11    0.76    0.78    0.66    0.40     13.82
    1952    0.38    1.25    4.06    4.31    9.44   10.95    5.44    2.96    1.33    0.90    0.76    0.63     42.41
    1953    0.57    2.23    2.91    4.31    4.47    2.12    2.07    1.53    1.01    0.90    0.82    0.71     23.65
    1954    0.68    1.82    2.41    3.23   17.90   17.70    2.42    1.51    1.16    1.05    0.87    0.68     51.43
    1955    0.67    0.99    3.48    3.54    4.29    4.35    1.74    1.25    1.29    1.02    0.83    0.93     24.38
    1956    1.24    1.32    1.32    1.05    2.00    2.42    1.61    0.84    1.24    2.50    2.56    1.75     19.85
    1957    0.93    0.67    0.71    1.62    1.45    0.97    1.29    0.94    0.67    0.62    0.58    0.67     11.12
    1958    0.63    0.83    2.93    3.55    2.33    1.26    0.84    0.70    0.61    0.55    0.51    0.37     15.11
    1959    0.37    1.56    2.75    2.04    0.73    0.95    1.35    1.04    0.68    0.57    0.53    0.37     12.94
    1960    0.30    4.41    7.32    4.16    2.26    2.88    2.82    2.10    1.23    0.85    0.66    0.57     29.56
    1961    0.57    0.68    1.34    1.69    1.24    0.84    1.03    0.83    0.61    0.59    0.55    0.42     10.39
    1962    0.46    1.78    2.58    2.09    1.03    0.48    0.67    0.66    1.07    1.25    0.86    0.38     13.31
    1963    0.48    0.87    1.11    2.24    2.29    1.26    0.71    0.53    0.44    0.42    0.38    0.30     11.03
    1964    0.97    1.23    1.03    1.15    0.99    0.48    0.42    0.48    0.38    0.37    0.33    0.32      8.15
    1965    0.21    0.39    0.68    0.74    0.77    0.50    0.22    0.27    0.32    0.39    0.31    0.30      5.10
    1966    0.37    0.40    1.09    3.22    4.38    3.81    3.51    3.17    1.55    0.66    0.57    0.40     23.13
    1967    0.42    0.81    0.99    0.79    0.52    1.11    2.23    1.92    1.17    0.73    0.61    0.44     11.74
    1968    0.41    0.92    1.72    1.25    1.14    4.18    4.73    1.97    0.78    0.64    0.53    0.49     18.76
    1969    0.57    1.30    3.01    2.36    0.91    0.83    0.66    0.57    0.53    0.57    0.52    0.38     12.21
    1970    0.57    0.87    1.34    3.79    5.25    3.17    1.53    1.35    0.93    0.70    0.57    0.44     20.51
    1971    0.56    1.91    2.01    4.13    5.33    3.71    2.60    1.34    0.83    0.73    0.64    0.56     24.35
    1972    0.46    0.83    1.05    1.31    1.98    1.56    1.65    1.33    0.73    0.67    0.57    0.71     12.85
    1973    1.34    1.60    8.23   10.08    4.03    1.83    1.30    1.09    0.73    0.79    0.75    0.61     32.38
    1974    0.61    1.39    1.91   13.32   23.00   11.73    3.13    2.66    1.50    1.05    0.85    0.68     61.83
    1975    0.61    1.00    3.80    5.29    7.23    5.93    2.10    1.31    1.03    0.94    0.84    0.76     30.84
    1976    0.80    1.70    2.20    1.30    1.40    4.33    4.19    1.99    0.94    0.87    0.86    0.98     21.56
    1977    1.14    1.00    1.65   18.32   19.86    3.46    1.51    0.91    0.78    0.76    0.75    0.74     50.88
    1978    1.00    1.14    0.94    0.98    1.34    1.92    1.46    0.87    0.69    0.67    0.71    0.58     12.30
    1979    0.71    3.34    4.14    2.92    4.96    3.76    1.32    0.71    0.61    0.58    0.52    0.66     24.23
    1980    0.57    1.73    2.85    3.22    2.56    1.15    0.71    0.63    0.61    0.61    0.65    0.57     15.86
    1981    0.61    0.82    0.89    2.70    2.77    1.11    0.92    1.01    0.74    0.68    0.57    0.39     13.21
    1982    0.52    0.48    0.67    1.46    1.25    0.89    1.09    0.87    0.73    0.66    0.57    0.37      9.56
    1983    0.31    7.53    8.73    1.61    0.66    1.50    1.29    0.58    0.68    0.99    0.68    0.48     25.04
    1984    0.98    0.94    1.13    1.11    2.02    2.76    1.97    0.68    0.53    0.52    0.50    0.42     13.56
    1985    0.48    0.48    1.03    1.15    0.90    0.89    1.02    0.78    0.48    0.45    0.39    0.27      8.32
    1986    0.47    1.82    4.88    4.86    1.55    0.87    0.58    0.38    0.37    0.35    0.38    0.79     17.30
    1987    0.73   10.52   12.93    4.00    1.72    1.63    2.70    2.02    0.95    0.75    0.70    0.66     39.31
    1988    1.28    1.06    1.05    1.55    1.75    1.19    1.02    0.95    0.75    0.73    0.64    0.46     12.43
    1989    0.41    0.84    1.62    1.15    0.83    1.89    2.03    1.68    1.03    0.68    0.53    0.37     13.06
    1990    0.41    0.61    1.17    3.69   11.07   12.84    5.18    1.41    0.95    0.83    0.68    0.52     39.36
    1991    0.52    0.53    0.95    1.18    1.14    0.95    0.83    0.67    0.64    0.67    0.58    0.46      9.12
    1992    0.52    0.87    2.12    2.02    3.35    4.11    2.45    0.83    0.53    0.52    0.48    0.45     18.25
    1993    0.61    0.83    0.99    1.09    1.87    2.05    1.41    0.61    0.48    0.47    0.42    0.35     11.18
    1994    0.46    0.61    1.78    2.63    1.98    1.25    2.08    1.89    1.22    0.67    0.52    0.38     15.47
    1995    0.32    0.78    2.28    3.34   23.24   22.59    1.51    0.63    0.64    0.64    0.61    0.48     57.06
    1996    0.87    1.59    2.50    1.98    1.07    2.89    3.24    2.92    2.20    1.16    0.77    0.81     22.00
    1997    1.63    2.28    1.88    1.89    1.63    1.15    0.68    0.53    0.52    0.52    0.49    0.52     13.72
    1998    0.68    1.55   10.37   11.07    2.09    0.68    0.58    0.67    0.62    0.58    0.53    0.41     29.83
    1999    0.37    0.71    1.52    3.07   12.93   13.77    5.44    3.99    1.83    1.17    0.86    0.61     46.27
    2000    0.63    1.07    1.74    1.11    1.65    1.53    0.70    0.89    1.05    0.92    0.75    0.63     12.67
    2001    0.97   13.98   15.78    2.78    1.05    1.14    0.86    0.67    0.61    0.58    0.57    0.48     39.47
    2002    0.61    1.94    2.65    3.53    4.70    3.61    1.24    0.56    0.53    0.53    0.52    0.45     20.87
    2003    0.84    1.78    3.07    3.97    3.99    4.88    4.45    2.18    0.83    0.78    0.70    0.57     28.04
    2004    0.49    0.63    1.92    1.77    0.89    0.97    0.94    0.71    0.62    0.61    0.57    0.52     10.64
    2005    0.41    2.20    3.34    3.67    7.08    6.61    2.45    0.80    0.63    0.63    0.61    0.48     28.91
    2006    0.41    0.41    0.41    0.41    0.50    0.56    0.56    0.51    0.49    0.62    0.58    0.57      6.03
    2007    0.73    1.14    1.15    9.85   10.24    1.60    1.04    0.57    0.52    0.48    0.43    0.39     28.14
    2008    0.33    1.14    2.02    2.19    1.89    1.45    0.97    0.52    0.83    0.87    0.57    0.49     13.27
    2009    1.03    1.03    3.05    5.27    3.87    1.57   17.04   18.58    2.78    1.06    0.78    0.57     56.63
