    1920    0.79    0.72    0.62    0.59    0.61    9.88    5.98    1.63    0.83    0.55    0.48    0.43     23.11
    1921    0.43    0.67    0.50    0.41    0.36    0.35    0.30    0.26    0.25    0.23    0.24    0.22      4.22
    1922    0.21    0.21    0.20    8.10    4.61    0.94    0.42    0.24    0.17    0.16    0.14    0.13     15.53
    1923    0.12    0.14    0.38    0.19    2.72    2.57    1.05    0.44    0.26    0.18    0.16    0.14      8.35
    1924    0.13    0.52    0.29    0.17    0.13    4.23    3.21    1.11    0.56    0.33    0.23    0.22     11.13
    1925    0.19    0.18    0.15    0.12    0.14    0.14    0.11    0.10    0.10    0.11    0.11    0.07      1.52
    1926    0.05    0.12    0.14    0.30    1.01    0.69    0.28    0.15    0.10    0.10    0.10    0.08      3.12
    1927    0.08    0.07    0.06    1.91    1.17    0.34    0.24    0.19    0.12    0.10    0.10    0.09      4.47
    1928    0.07    0.24    0.29    0.21    0.14    0.55    0.34    0.16    0.11    0.09    0.07    0.06      2.33
    1929    0.16    0.25    0.17    1.60    1.04    0.32    0.20    0.15    0.10    0.10    0.09    0.07      4.25
    1930    0.05    0.06    0.10    0.77    0.44    0.23    0.20    0.15    0.11    0.10    0.09    0.06      2.36
    1931    0.05    0.06    0.06    0.05    0.20    0.14    0.10    0.09    0.06    0.05    0.04    0.04      0.94
    1932    0.05    0.08    0.13    0.10    0.11    0.10    0.07    0.05    0.04    0.04    0.03    0.03      0.83
    1933    0.03    1.19    0.75    2.19    1.65    0.59    0.31    0.23    0.16    0.14    0.13    0.11      7.48
    1934    0.10    0.10    0.47    0.23    0.13    0.11    0.08    0.07    0.06    0.05    0.05    0.04      1.49
    1935    0.04    0.03    0.14    0.23    0.50    0.37    0.20    0.16    0.14    0.10    0.07    0.06      2.04
    1936    0.05    0.42    0.42    0.51    5.02    3.37    0.91    0.42    0.23    0.17    0.16    0.15     11.83
    1937    0.15    0.13    6.02    3.59    0.81    0.39    0.33    0.29    0.20    0.16    0.15    0.13     12.35
    1938    0.10    0.09    1.33    1.51    2.26    1.79    0.68    0.35    0.24    0.22    0.21    0.19      8.97
    1939    0.17    2.19    1.39    0.54    0.28    0.59    0.36    0.23    0.23    0.23    0.18    0.18      6.57
    1940    0.15    0.35    9.72    5.55    1.80    0.86    0.69    0.50    0.34    0.26    0.24    0.21     20.67
    1941    0.19    0.19    0.18    0.17    0.14    2.87    1.86    0.55    0.29    0.19    0.17    0.15      6.95
    1942    0.13    0.21    0.38    0.22    0.17    0.20    0.48    0.47    0.37    0.26    0.21    0.16      3.26
    1943    0.16    0.22    0.91    1.61    2.77    1.79    0.66    0.35    0.27    0.25    0.22    0.18      9.39
    1944    0.20    0.22    0.17    0.14    0.15    0.17    0.16    0.13    0.10    0.10    0.08    0.06      1.68
    1945    0.07    0.07    0.06   10.44   10.56    4.49    1.25    0.53    0.30    0.22    0.21    0.18     28.38
    1946    0.16    0.16    0.15    0.65    0.46    0.28    0.21    0.14    0.11    0.10    0.10    0.08      2.60
    1947    0.07    0.43    2.70    1.69    0.47    0.66    0.38    0.19    0.13    0.11    0.10    0.09      7.02
    1948    0.29    0.80    0.37    2.19    1.35    0.43    0.28    0.19    0.14    0.12    0.11    0.09      6.36
    1949    0.08    2.03    1.49    2.50    1.47    0.43    0.25    0.20    0.16    0.15    0.12    0.10      8.98
    1950    0.08    0.07    0.31    0.15    0.10    0.10    0.12    0.45    0.42    0.23    0.15    0.10      2.28
    1951    0.10    0.09    0.36    0.18    1.52    1.01    0.33    0.21    0.14    0.11    0.10    0.08      4.23
    1952    0.07    0.56    2.47    1.79    4.06    3.86    1.75    0.81    0.46    0.33    0.30    0.27     16.73
    1953    0.24    2.34    1.40    3.48    2.07    0.69    0.45    0.34    0.25    0.22    0.20    0.17     11.85
    1954    0.15    0.99    0.59    1.47    8.27    5.07    1.30    0.63    0.37    0.28    0.26    0.22     19.60
    1955    0.19    0.21    2.86    1.78    2.71    1.74    0.59    0.33    0.24    0.21    0.18    0.17     11.21
    1956    0.19    0.18    0.18    0.16    0.56    0.36    0.22    0.14    0.14    0.23    0.25    0.20      2.81
    1957    0.14    0.10    0.10    0.71    0.34    0.15    0.14    0.12    0.09    0.07    0.06    0.06      2.08
    1958    0.07    0.10    2.26    1.55    0.47    0.25    0.16    0.11    0.09    0.09    0.08    0.07      5.30
    1959    0.06    0.92    0.83    0.31    0.13    0.15    0.14    0.13    0.09    0.07    0.06    0.05      2.94
    1960    0.04    4.91    4.47    1.63    0.79    0.61    0.41    0.33    0.24    0.20    0.17    0.14     13.94
    1961    0.13    0.13    0.40    0.36    0.18    0.14    0.13    0.12    0.09    0.08    0.07    0.05      1.88
    1962    0.05    1.07    0.78    0.35    0.16    0.09    0.08    0.08    0.09    0.12    0.09    0.05      3.01
    1963    0.06    0.11    0.19    0.99    0.53    0.18    0.11    0.08    0.06    0.06    0.05    0.04      2.46
    1964    0.30    0.19    0.18    0.24    0.15    0.07    0.05    0.06    0.04    0.04    0.04    0.03      1.39
    1965    0.02    0.08    0.10    0.11    0.09    0.05    0.03    0.02    0.03    0.03    0.03    0.02      0.61
    1966    0.03    0.04    0.49    1.84    1.64    0.76    0.73    0.51    0.27    0.19    0.16    0.13      6.79
    1967    0.12    0.14    0.16    0.15    0.11    0.24    0.25    0.22    0.16    0.11    0.08    0.06      1.80
    1968    0.06    0.24    0.42    0.19    0.27    2.31    1.70    0.52    0.25    0.15    0.11    0.10      6.32
    1969    0.09    0.39    1.26    0.67    0.21    0.15    0.11    0.09    0.08    0.08    0.07    0.06      3.26
    1970    0.06    0.09    0.34    3.20    2.29    0.68    0.34    0.24    0.18    0.14    0.12    0.11      7.79
    1971    0.10    0.90    0.46    3.84    2.52    0.89    0.49    0.29    0.20    0.18    0.16    0.13     10.16
    1972    0.12    0.20    0.15    0.31    0.32    0.20    0.20    0.18    0.12    0.10    0.09    0.09      2.08
    1973    0.15    0.20    5.53    4.33    1.38    0.51    0.31    0.24    0.18    0.18    0.17    0.14     13.32
    1974    0.12    0.46    0.39    8.57    8.53    3.62    1.32    0.77    0.48    0.36    0.32    0.29     25.23
    1975    0.25    0.26    2.96    2.91    2.85    1.65    0.70    0.41    0.29    0.26    0.24    0.20     12.98
    1976    0.19    0.52    0.40    0.24    0.21    2.24    1.62    0.54    0.27    0.17    0.15    0.15      6.70
    1977    0.15    0.14    0.56   12.68    7.17    1.49    0.66    0.34    0.23    0.21    0.19    0.17     23.99
    1978    0.18    0.18    0.16    0.16    0.17    0.22    0.20    0.14    0.10    0.09    0.09    0.08      1.77
    1979    0.08    3.30    2.07    2.25    2.13    0.98    0.37    0.20    0.15    0.14    0.13    0.12     11.92
    1980    0.11    1.20    0.96    1.07    0.51    0.20    0.14    0.11    0.10    0.10    0.09    0.08      4.67
    1981    0.08    0.09    0.10    2.21    1.32    0.32    0.18    0.14    0.11    0.09    0.08    0.06      4.78
    1982    0.06    0.06    0.15    0.46    0.23    0.12    0.12    0.10    0.08    0.07    0.06    0.05      1.56
    1983    0.04    6.60    3.82    0.76    0.33    0.32    0.20    0.12    0.11    0.12    0.10    0.08     12.60
    1984    0.15    0.11    0.34    0.21    0.72    0.52    0.23    0.13    0.09    0.08    0.08    0.07      2.73
    1985    0.07    0.06    0.40    0.23    0.11    0.10    0.11    0.09    0.07    0.05    0.05    0.04      1.38
    1986    0.05    0.70    3.07    1.91    0.49    0.24    0.14    0.10    0.08    0.08    0.07    0.09      7.02
    1987    0.09    7.90    5.47    1.56    0.56    0.43    0.37    0.32    0.23    0.19    0.17    0.15     17.44
    1988    0.21    0.18    0.22    0.35    0.27    0.18    0.15    0.13    0.11    0.10    0.09    0.06      2.05
    1989    0.05    0.17    0.40    0.19    0.14    0.30    0.23    0.19    0.13    0.10    0.07    0.06      2.03
    1990    0.05    0.07    0.35    2.91    4.87    4.06    1.83    0.66    0.37    0.27    0.23    0.21     15.88
    1991    0.19    0.17    0.27    0.20    0.20    0.17    0.14    0.12    0.11    0.10    0.09    0.08      1.84
    1992    0.07    0.10    0.89    0.45    2.13    1.52    0.48    0.23    0.13    0.11    0.10    0.09      6.30
    1993    0.10    0.11    0.16    0.19    0.40    0.28    0.17    0.10    0.08    0.06    0.06    0.05      1.76
    1994    0.06    0.07    1.06    0.86    0.31    0.23    0.24    0.22    0.16    0.11    0.08    0.07      3.47
    1995    0.06    0.22    0.90    1.23   11.87    6.83    1.38    0.58    0.31    0.23    0.20    0.18     23.99
    1996    0.18    0.24    0.87    0.41    0.21    0.94    0.66    0.43    0.33    0.23    0.16    0.15      4.81
    1997    0.25    0.39    0.30    0.51    0.30    0.20    0.15    0.10    0.10    0.09    0.07    0.07      2.53
    1998    0.08    0.43    6.21    3.85    0.87    0.36    0.18    0.13    0.12    0.12    0.10    0.08     12.53
    1999    0.07    0.17    0.38    1.54    5.27    3.71    1.57    0.88    0.50    0.37    0.30    0.26     15.02
    2000    0.24    0.26    0.38    0.25    0.60    0.31    0.19    0.17    0.16    0.14    0.13    0.11      2.94
    2001    0.12    9.06    5.65    1.22    0.50    0.29    0.20    0.15    0.14    0.13    0.12    0.10     17.68
    2002    0.10    0.80    0.69    1.61    1.66    0.79    0.30    0.17    0.12    0.11    0.11    0.09      6.55
    2003    0.12    0.32    1.24    1.58    0.94    1.70    1.22    0.49    0.27    0.21    0.18    0.15      8.42
    2004    0.13    0.13    1.00    0.47    0.18    0.14    0.12    0.10    0.09    0.08    0.08    0.06      2.58
    2005    0.04    3.51    2.06    3.00    3.37    1.79    0.65    0.31    0.20    0.17    0.16    0.14     15.40
    2006    0.12    0.11    0.10    0.09    0.09    0.07    0.07    0.07    0.06    0.06    0.05    0.06      0.95
    2007    0.06    0.18    0.18    7.19    4.10    0.87    0.40    0.19    0.13    0.12    0.11    0.08     13.61
    2008    0.07    0.65    0.53    0.56    0.31    0.20    0.14    0.10    0.10    0.10    0.09    0.07      2.92
    2009    0.15    0.12    3.19    3.65    1.55    0.49    8.03    5.36    1.40    0.65    0.37    0.26     25.22
