    1920    6.76    7.95    4.43    3.37    4.30    6.36    5.30    3.96    3.12    2.46    2.10    1.78     51.89
    1921    2.20    5.72    4.64    2.37    2.11    2.54    2.15    1.84    1.96    1.96    2.50    2.13     32.12
    1922    1.80    2.72    2.31   51.90   54.11    4.36    2.50    1.76    1.53    1.44    1.31    1.10    126.84
    1923    0.97    1.62    2.85    2.61    4.13    5.71    4.25    2.28    1.76    1.28    1.11    0.86     29.43
    1924    0.94    2.74    3.66    4.69    4.11    3.91    4.78    3.90    2.79    2.06    1.31    1.17     36.06
    1925    0.99    0.89    0.55    0.44    0.98    1.26    0.87    0.62    0.65    0.96    1.01    0.68      9.90
    1926    0.28    0.66    1.17    1.15    1.44    1.59    1.38    0.91    0.56    0.70    0.74    0.55     11.13
    1927    1.00    1.11    0.90    8.25   10.07    2.99    1.77    1.86    1.36    0.81    0.79    0.55     31.46
    1928    0.30    0.43    0.87    1.05    1.30    2.68    2.66    1.67    0.80    0.62    0.50    0.55     13.43
    1929    0.80    2.38    3.28    4.37    4.67    3.61    4.09    3.87    2.34    1.20    0.87    0.53     32.01
    1930    0.29    0.36    1.19    3.81    4.19    3.97    3.45    1.96    0.87    1.32    1.33    0.87     23.61
    1931    0.39    0.71    0.73    1.49    2.52    2.28    1.74    1.43    1.13    0.79    0.59    0.39     14.19
    1932    0.35    0.54    1.00    2.86    4.01    3.47    2.19    1.22    0.72    0.62    0.51    0.45     17.94
    1933    0.35    1.49    3.37    3.89    3.86    3.04    1.91    0.90    0.61    0.58    0.50    0.34     20.84
    1934    0.39    0.76    1.12    1.00    1.00    1.08    0.77    0.43    0.36    0.35    0.32    0.33      7.91
    1935    0.35    0.22    0.43    1.46    2.39    3.81    3.46    2.55    2.07    1.43    0.82    0.46     19.45
    1936    0.49    1.17    1.85   17.46   45.68   31.42    4.16    1.52    0.86    0.80    0.70    0.66    106.77
    1937    0.86    0.66    2.01    2.72    1.72    0.86    2.23    2.64    1.80    0.98    0.71    0.55     17.74
    1938    0.52    0.44    3.19    5.67   20.05   19.61    3.60    1.51    1.05    1.62    1.58    1.44     60.28
    1939    1.32    3.71    4.81    3.36    1.62    3.08    3.38    2.20    2.27    2.41    1.74    1.42     31.32
    1940    1.18    1.22    4.01    4.53    3.22    1.88    5.61    7.41    3.52    1.40    0.85    0.57     35.40
    1941    0.50    0.45    1.43    1.79    1.03    2.13    2.59    1.89    1.56    1.36    1.23    1.27     17.23
    1942    1.42    1.59    1.99    2.68    3.15    3.75    4.12    3.88    2.80    2.01    1.77    1.06     30.22
    1943    0.67    0.82    0.95    2.77   20.64   22.29    4.96    2.00    1.12    1.00    0.77    0.53     58.52
    1944    0.97    1.42    1.17    0.95    0.97    0.83    0.74    0.62    0.51    0.49    0.43    0.31      9.41
    1945    0.58    0.74    0.61   43.22   70.96   29.42    3.59    1.38    0.91    0.83    0.72    0.53    153.49
    1946    0.41    0.48    0.70    1.85    3.69    3.55    2.62    1.58    0.87    0.78    0.66    0.44     17.63
    1947    0.34    0.72    3.34    5.47    4.52    3.10    2.53    1.49    0.75    0.65    0.56    0.39     23.86
    1948    0.81    2.07    1.90    9.92   12.94    5.44    2.61    1.36    0.85    0.75    0.62    0.43     39.70
    1949    0.36    0.65    1.63    2.12    1.70    1.04    1.23    1.10    0.86    0.65    0.52    0.45     12.31
    1950    0.35    0.40    1.17    1.49    1.18    1.26    2.27    4.61    4.42    2.82    1.60    1.10     22.67
    1951    1.69    1.72    1.54    1.29    1.09    1.24    1.05    0.93    0.79    0.71    0.55    0.36     12.96
    1952    0.33    0.99    3.73    4.26   38.78   40.75    7.16    5.16    2.53    1.17    0.88    0.61    106.35
    1953    0.50    0.97    1.14    1.99    6.60    7.76    3.39    1.39    0.80    0.73    0.63    0.49     26.39
    1954    0.57    1.72    3.96    4.12   20.04   21.66    5.40    2.64    1.44    1.31    0.92    0.59     64.37
    1955    0.76    1.27    1.67    1.51    3.56    5.03    3.75    1.65    0.96    0.83    0.66    0.90     22.55
    1956    1.12    1.15    2.38    2.69    2.74    3.32    2.95    1.93    1.61    1.88    1.63    1.18     24.58
    1957    1.04    0.88    1.02    1.85    1.77    1.13    1.16    1.04    0.75    0.61    0.51    0.52     12.28
    1958    0.66    1.46   11.54   14.48    5.70    2.78    1.21    1.00    0.79    0.70    0.60    0.43     41.35
    1959    0.38    0.98    3.72    3.81    2.26    1.37    2.15    2.12    1.48    0.86    0.68    0.43     20.24
    1960    0.30    1.45   20.11   21.12    5.00    4.57    2.68    1.69    1.23    0.99    0.75    0.53     60.42
    1961    0.46    0.60    0.88    1.04    0.89    1.02    1.46    1.29    0.88    0.63    0.55    0.36     10.06
    1962    0.30    1.39    2.86    3.29    2.61    1.25    1.39    1.37    1.60    1.71    1.30    0.62     19.69
    1963    0.84    1.25    1.15    1.59    1.91    1.75    1.32    0.83    0.51    0.48    0.42    0.28     12.33
    1964    1.23    1.64    2.25    4.50    3.60    1.56    0.55    0.39    0.36    0.35    0.33    0.35     17.11
    1965    0.28    0.59    0.75    0.82    1.79    1.66    0.87    0.45    0.49    0.55    0.46    0.33      9.04
    1966    0.22    0.53    1.46    3.32   14.19   14.64    4.36    3.22    1.82    0.93    0.82    0.55     46.06
    1967    0.46    0.59    0.58    0.70    0.98    1.22    1.66    1.59    1.15    0.75    0.58    0.38     10.64
    1968    0.36    1.18    3.18    3.02    2.24    8.53    9.83    3.15    1.15    0.76    0.62    0.49     34.51
    1969    0.60    0.83    1.89    2.15    1.97    2.14    1.79    0.97    0.68    0.78    0.74    0.51     15.05
    1970    0.49    0.94    2.15    3.96    3.73    2.38    1.56    1.31    1.03    0.74    0.56    0.42     19.27
    1971    0.71    1.84    1.79    3.32    5.10    4.09    2.33    1.41    0.95    0.70    0.56    0.47     23.27
    1972    0.69    1.06    0.89    0.60    0.80    1.11    1.59    1.47    0.98    0.62    0.49    1.44     11.74
    1973    2.69    2.72    2.98    5.68    5.54    3.21    1.75    1.39    1.07    0.89    0.73    0.62     29.27
    1974    0.56    0.96    2.20   15.14   17.68    5.32    2.75    2.31    1.75    1.08    0.79    0.51     51.05
    1975    0.43    0.55    7.55    9.56    5.44    7.13    5.92    3.71    2.37    1.41    0.89    0.80     45.76
    1976    0.77    2.13    2.81    2.47    1.92    3.14    3.51    2.54    1.23    0.80    0.65    1.21     23.18
    1977    1.16    0.92    2.38    3.09    7.10    8.46    4.12    1.57    0.77    0.70    0.60    0.64     31.51
    1978    0.74    1.08    1.02    0.80    1.08    0.98    0.71    0.68    0.58    0.56    0.98    0.86     10.07
    1979    0.64    1.29    1.58    2.32   20.66   21.47    3.39    1.86    1.07    0.79    0.65    0.97     56.69
    1980    1.13    3.88    5.33   16.08   17.46    6.56    3.81    1.73    0.98    0.88    1.01    1.05     59.90
    1981    0.77    0.96    0.91    0.95    1.13    1.04    0.94    0.80    0.65    0.60    0.51    0.35      9.61
    1982    0.45    0.84    1.04    1.49    1.65    2.90    3.36    2.58    1.50    1.00    0.97    0.75     18.53
    1983    0.44    2.75    4.66    3.39    1.57    2.53    2.50    1.37    0.80    1.16    0.98    0.73     22.88
    1984    1.06    1.28    0.92    1.45    5.05    4.88    2.76    1.13    0.86    0.70    0.62    0.54     21.25
    1985    0.61    0.60    1.19    1.28    0.99    0.91    1.44    1.42    0.97    0.60    0.48    0.39     10.88
    1986    0.43    0.68    2.79    5.13    3.91    1.79    1.12    0.88    0.60    0.53    0.76    1.03     19.65
    1987    1.09    2.62   34.01   35.66    4.45    3.09    3.48    2.08    1.29    1.29    0.88    0.86     90.80
    1988    1.92    1.81    1.27    0.96    1.05    0.87    0.88    0.85    0.88    0.91    0.70    0.44     12.54
    1989    0.41    0.93    2.26    2.47    1.93    1.43    1.71    1.64    1.13    0.70    0.53    0.35     15.49
    1990    0.24    0.35    0.88    2.96    5.83    6.30    5.53    3.71    2.01    1.16    0.78    0.47     30.22
    1991    0.31    0.46    0.83    0.81    0.94    0.82    0.59    0.50    0.46    0.49    0.42    0.29      6.92
    1992    0.31    0.43    1.12    1.36    1.41    1.27    0.87    0.67    0.53    0.46    0.49    0.43      9.35
    1993    0.34    0.68    1.63    1.91    2.96    2.93    1.83    0.94    0.56    0.48    0.42    0.29     14.97
    1994    0.28    0.66    1.44    1.92    1.72    3.26    4.32    3.51    2.12    1.22    0.74    0.43     21.62
    1995    0.34    0.97    3.16   23.01   63.20   43.98    4.22    1.92    1.12    1.13    0.97    0.63    144.65
    1996    0.80    2.40    2.59    2.63    2.62    2.21    1.95    2.38    2.26    1.56    0.87    0.56     22.83
    1997    0.94    2.71    2.54    1.35    0.69    0.64    0.60    0.48    0.42    0.41    0.37    0.32     11.47
    1998    0.50    1.09    3.14    4.18    3.22    1.45    0.66    0.67    0.80    0.83    0.69    0.45     17.68
    1999    0.36    0.89    3.54    6.47   18.72   18.48    6.86    5.97    3.92    2.40    1.48    0.93     70.02
    2000    0.93    1.12    2.08    1.65    2.02    2.49    1.38    0.98    0.96    0.84    0.65    0.42     15.52
    2001    0.47   33.39   37.19    5.80    2.79    1.21    1.04    1.24    0.92    0.79    0.66    0.47     85.97
    2002    0.69    0.50    0.48    0.47    0.52    0.45    0.54    0.57    0.57    0.62    0.49    0.33      6.23
    2003    0.45    0.76    0.95    1.99    2.84    5.50    5.43    3.07    1.26    0.80    0.61    0.38     24.04
    2004    0.29    0.41    1.44    1.73    2.31    2.31    1.52    1.01    0.68    0.54    0.46    0.32     13.02
    2005    0.19    0.23    0.31    1.72   38.49   40.37    4.62    1.95    0.96    0.81    0.74    0.52     90.91
    2006    0.37    1.20    4.79    4.10    1.52    0.49    0.61    0.61    0.52    0.57    0.52    0.90     16.20
    2007    1.68    3.86    6.37   27.95   27.00    3.72    1.45    0.99    0.85    0.76    0.66    0.47     75.76
    2008    0.38    1.06    1.85    3.85    6.11    5.06    2.50    1.04    1.26    1.10    0.76    0.54     25.51
    2009    0.82    2.26    3.14    3.15    2.18    1.44    6.88    8.82    3.84    1.64    0.90    0.53     35.60
