    1920    0.48    0.45    0.23    0.19    4.68    8.01    2.21    0.17    0.16    0.14    0.13    0.11     16.96      1.41
    1921    0.10    3.60    1.24    0.07    0.06    0.06    0.05    0.04    0.04    0.04    0.03    0.03      5.38      0.45
    1922    0.03    0.02    0.02   22.40    7.50    0.06    0.05    0.05    0.04    0.04    0.03    0.03     30.28      2.52
    1923    0.02    0.05    0.99    0.34    0.02    5.27    1.77    0.03    0.02    0.02    0.02    0.02      8.57      0.71
    1924    0.02    0.36    1.03    0.33    0.01    7.09    2.37    0.03    0.03    0.03    0.02    0.18     11.51      0.96
    1925    0.06    0.02    0.01    0.01    0.01    0.01    0.01    0.01    0.01    0.01    0.01    0.01      0.18      0.02
    1926    0.01    0.01    1.55    0.52    0.01    0.14    0.05    0.01    0.01    0.01    0.01    0.00      2.31      0.19
    1927    0.01    0.01    0.02    0.06    0.02    0.00    0.00    0.00    0.00    0.00    0.00    0.00      0.13      0.01
    1928    0.00    2.17    1.32    1.26    2.88    1.05    0.07    0.02    0.01    0.01    0.01    0.01      8.82      0.74
    1929    0.01    2.76    1.26    0.16    0.08    0.46    0.15    0.01    0.01    0.01    0.01    0.01      4.93      0.41
    1930    0.01    0.01    2.81    1.02    0.04    0.01    0.13    0.04    0.01    0.01    0.01    0.01      4.09      0.34
    1931    0.01    0.08    0.03    0.11    0.04    0.65    0.36    0.05    0.01    0.01    0.01    0.01      1.34      0.11
    1932    0.01    0.00    2.34   63.61   20.64    0.09    0.08    0.07    0.06    0.06    0.05    0.04     87.04      7.25
    1933    0.04    1.99    0.71    0.03    0.02    0.02    0.02    0.02    0.01    0.01    0.01    0.01      2.90      0.24
    1934    0.01    0.03    0.02    0.01    0.25    0.08    0.00    0.00    0.00    0.00    0.00    0.00      0.42      0.03
    1935    0.00    0.00    0.00    0.85    0.30    0.01    0.00    0.00    0.00    0.00    0.00    0.00      1.18      0.10
    1936    0.00    0.35    0.28    1.17    3.11    0.93    0.01    0.01    0.01    0.01    0.01    0.01      5.89      0.49
    1937    0.01    0.01    0.18    0.11    0.02    0.00    0.37    0.13    0.01    0.00    0.00    0.00      0.84      0.07
    1938    0.00    0.00    4.43    3.38    2.14    0.52    0.02    0.02    0.02    0.02    0.01    0.01     10.58      0.88
    1939    0.01    5.47    1.84    0.02    0.02    0.02    0.02    0.01    0.01    0.01    0.01    0.01      7.45      0.62
    1940    0.01    0.07    1.32    0.44    0.01    0.01    0.96    0.33    0.01    0.01    0.01    0.01      3.18      0.27
    1941    0.01    0.20    0.22    0.15    0.03    4.71    1.58    0.02    0.02    0.02    0.01    0.01      6.98      0.58
    1942    0.01    0.01    0.43    0.16    0.01    0.19    0.19    0.04    0.01    0.01    0.01    0.01      1.07      0.09
    1943    0.01    0.36    0.13    0.04    0.53    0.18    0.01    0.01    0.01    0.01    0.01    0.00      1.28      0.11
    1944    0.00    0.00    0.00    0.00    0.09    0.03    0.00    0.00    0.00    0.00    0.00    0.00      0.16      0.01
    1945    0.00    0.00    0.00   16.32   16.41    3.67    0.06    0.05    0.05    0.04    0.04    0.03     36.68      3.06
    1946    0.03    0.02    0.02    0.03    0.01    0.04    0.01    0.01    0.01    0.01    0.01    0.01      0.22      0.02
    1947    0.01    0.01    2.51    0.85    0.11    6.39    2.13    0.03    0.02    0.02    0.02    0.02     12.11      1.01
    1948    0.06    0.08    0.02    2.30    0.99    0.07    0.01    0.01    0.01    0.01    0.01    0.01      3.59      0.30
    1949    0.01    0.06    0.50    0.17    0.01    0.01    0.01    0.00    0.00    0.00    0.00    0.00      0.78      0.07
    1950    0.00    0.00    0.50    0.46    0.10    0.83    0.28    0.01    0.01    0.01    0.00    0.00      2.20      0.18
    1951    0.73    0.25    0.03    0.01    0.20    0.07    0.00    0.00    0.00    0.00    0.00    0.00      1.31      0.11
    1952    0.00    0.00    0.21    0.72    3.39    1.07    0.01    0.01    0.01    0.01    0.01    0.01      5.46      0.45
    1953    0.01    0.35    0.46    1.65    0.53    0.01    0.01    0.01    0.01    0.01    0.01    0.01      3.06      0.26
    1954    0.01    0.05    0.88    3.19   11.91    4.21    0.19    0.04    0.04    0.03    0.03    0.03     20.60      1.72
    1955    0.02    0.05    0.34    0.11    7.26    2.44    0.03    0.03    0.03    0.03    0.02    0.02     10.37      0.86
    1956    0.02    0.58    4.28    3.08    0.66    0.03    0.03    0.02    0.02    0.02    0.02    0.02      8.76      0.73
    1957    0.01    0.01    0.03    3.10    1.04    0.02    0.01    0.01    0.01    0.01    0.01    0.01      4.28      0.36
    1958    0.01    0.01    2.88    1.01    1.25    0.42    0.01    0.01    0.01    0.01    0.01    0.01      5.63      0.47
    1959    0.01    0.01    0.03    0.01    0.08    0.03    0.01    0.00    0.00    0.00    0.00    0.00      0.18      0.01
    1960    0.00    0.01    0.96    0.32    1.41    0.47    0.01    0.01    0.01    0.01    0.01    0.01      3.21      0.27
    1961    0.00    0.00    0.01    0.01    0.00    0.00    0.15    0.05    0.00    0.00    0.00    0.00      0.24      0.02
    1962    0.00    0.57    1.29    0.37    0.01    0.01    0.03    0.01    0.03    0.01    0.00    0.00      2.33      0.19
    1963    0.01    0.00    0.05    0.25    0.09    0.00    0.00    0.00    0.00    0.00    0.00    0.00      0.42      0.04
    1964    0.01    0.03    0.07    0.14    0.04    0.00    0.00    0.00    0.00    0.00    0.00    0.00      0.30      0.02
    1965    0.00    0.00    0.00    0.09    0.10    0.02    0.00    0.00    0.00    0.00    0.00    0.00      0.22      0.02
    1966    0.00    0.03    0.02    4.26   37.21   11.80    0.07    0.07    0.06    0.05    0.05    0.04     53.67      4.47
    1967    0.03    0.03    0.02    0.02    0.02    0.01    0.02    0.01    0.01    0.01    0.01    0.01      0.22      0.02
    1968    0.01    0.60    0.72    0.18    0.01    1.21    0.41    0.01    0.01    0.01    0.01    0.01      3.18      0.27
    1969    0.01    0.01    0.61    0.21    0.02    0.01    0.00    0.00    0.00    0.00    0.00    0.00      0.88      0.07
    1970    0.00    0.01    0.42    1.50    0.46    0.01    0.01    0.01    0.01    0.01    0.00    0.00      2.45      0.20
    1971    0.16    0.51    0.20    2.35    3.61    0.98    0.02    0.02    0.02    0.01    0.01    0.01      7.90      0.66
    1972    0.01    0.11    0.04    0.02    0.01    0.01    0.01    0.01    0.01    0.01    0.01    0.00      0.23      0.02
    1973    0.14    0.05    3.01    1.57    0.21    0.01    0.01    0.01    0.01    0.01    0.01    0.05      5.08      0.42
    1974    0.02    0.12    0.20    1.26    0.71    0.11    0.05    0.02    0.01    0.01    0.01    0.01      2.50      0.21
    1975    0.01    0.11    1.07    0.48    2.59    2.00    0.40    0.02    0.02    0.02    0.01    0.01      6.74      0.56
    1976    0.01    0.02    0.05    0.07    0.26    1.29    0.41    0.01    0.01    0.01    0.01    0.02      2.17      0.18
    1977    0.01    0.01    7.46   18.53    5.66    0.12    0.05    0.05    0.04    0.04    0.04    0.03     32.05      2.67
    1978    0.14    0.09    0.02    0.02    0.02    0.02    0.01    0.01    0.01    0.01    0.01    0.01      0.38      0.03
    1979    0.01    0.01    0.02   17.00    8.19    0.88    0.05    0.04    0.04    0.03    0.03    0.03     26.33      2.19
    1980    0.02    2.21    0.76   12.39    4.14    0.09    0.04    0.04    0.03    0.03    0.03    0.03     19.82      1.65
    1981    0.02    0.70    0.25    0.04    0.01    0.01    0.01    0.01    0.01    0.01    0.01    0.01      1.09      0.09
    1982    0.16    0.07    0.01    0.00    0.00    0.02    0.01    0.00    0.00    0.00    0.00    0.00      0.28      0.02
    1983    0.00    0.00    0.11    0.08    0.01    0.10    0.03    0.00    0.00    0.00    0.00    0.00      0.35      0.03
    1984    0.00    1.29    0.43    1.05    0.57    0.09    0.01    0.01    0.01    0.01    0.01    0.00      3.47      0.29
    1985    0.52    0.18    0.19    0.07    0.00    0.00    0.35    0.12    0.00    0.00    0.00    0.00      1.44      0.12
    1986    0.00    0.06    0.02    0.01    0.00    0.00    0.00    0.00    0.00    0.00    0.00    0.00      0.12      0.01
    1987    0.00    0.00    3.06    1.07    0.04    0.50    0.17    0.01    0.01    0.01    0.01    0.01      4.88      0.41
    1988    0.09    0.03    0.01    0.00    0.21    0.07    0.00    0.00    0.00    0.00    0.00    0.00      0.45      0.04
    1989    0.00    0.21    0.11    0.02    0.00    0.00    0.00    0.00    0.00    0.00    0.00    0.00      0.35      0.03
    1990    0.00    0.02    0.32    3.16    1.07    0.33    0.11    0.01    0.01    0.01    0.01    0.01      5.05      0.42
    1991    0.01    0.06    0.02    0.00    0.00    0.00    0.00    0.00    0.00    0.00    0.00    0.00      0.10      0.01
    1992    0.00    0.01    0.37    0.15    0.01    0.00    0.00    0.00    0.00    0.00    0.00    0.00      0.55      0.05
    1993    0.00    1.70    1.34    0.26    0.01    0.01    0.00    0.00    0.00    0.00    0.00    0.00      3.33      0.28
    1994    0.00    0.00    0.00    0.74    0.26    1.81    0.61    0.01    0.01    0.01    0.01    0.01      3.46      0.29
    1995    0.00    0.95    0.41    0.67    7.78    2.53    0.03    0.02    0.02    0.02    0.02    0.02     12.48      1.04
    1996    0.01    0.38    0.14    0.03    0.01    2.80    0.94    0.02    0.01    0.01    0.01    0.01      4.38      0.37
    1997    0.01    0.02    0.01    0.13    0.04    0.01    0.01    0.00    0.00    0.00    0.00    0.00      0.24      0.02
    1998    0.00    0.42    0.82    0.59    0.13    0.01    0.00    0.00    0.00    0.00    0.00    0.00      2.00      0.17
    1999    0.00    0.25    0.14    4.52  156.49   65.72    4.87    0.13    0.12    0.11    0.10    0.08    232.54     19.38
    2000    0.07    0.06    0.05    0.04    0.34    0.12    0.03    0.03    0.03    0.03    0.03    0.02      0.87      0.07
    2001    0.02    1.25    0.88    0.16    0.02    0.02    0.01    0.01    0.01    0.01    0.01    0.01      2.41      0.20
    2002    0.01    0.01    0.00    0.06    0.02    0.01    0.00    0.00    0.00    0.00    0.00    0.00      0.12      0.01
    2003    0.00    0.00    0.01    0.08    2.66    0.95    0.02    0.01    0.01    0.01    0.01    0.01      3.75      0.31
    2004    0.00    0.00    0.00    0.02    0.00    0.00    0.00    0.00    0.00    0.00    0.00    0.00      0.05      0.00
    2005    0.00    0.00    0.00    0.05    0.58    0.90    0.24    0.00    0.00    0.00    0.00    0.00      1.80      0.15
    2006    0.00    0.32    1.51    0.47    0.01    0.24    0.08    0.01    0.01    0.00    0.00    0.00      2.66      0.22
    2007    0.00    0.08    0.55    1.20    0.35    0.01    0.01    0.01    0.00    0.00    0.00    0.00      2.20      0.18
    2008    0.00    0.13    0.15    6.42    2.13    0.02    0.02    0.01    0.01    0.01    0.01    0.01      8.93      0.74
    2009    0.01    0.17    0.08    0.07    0.04    0.01    1.68    0.57    0.01    0.01    0.01    0.01      2.66      0.22
  
 AVERAGE    0.04    0.36    0.70    2.35    3.60    1.60    0.27    0.03    0.02    0.01    0.01    0.01      9.01      0.75
