    1920    2.77    2.67    2.43    2.37    2.45    3.23    2.74    2.45    2.36    2.31    2.29    2.29     30.36      2.53
    1921    2.30    2.97    2.63    2.38    2.35    2.44    2.38    2.31    2.29    2.28    2.27    2.27     28.87      2.41
    1922    2.27    2.32    2.32    6.21    3.04    2.67    2.34    2.25    2.22    2.20    2.19    2.17     32.21      2.68
    1923    2.16    2.15    2.20    2.24    2.19    3.82    2.41    2.15    2.05    1.98    1.94    1.89     27.18      2.27
    1924    1.85    1.85    1.96    2.03    2.01   10.49    2.70    1.93    1.63    1.49    1.40    1.35     30.70      2.56
    1925    1.31    1.23    1.17    1.11    1.11    1.17    1.00    0.88    0.82    0.76    0.71    0.66     11.92      0.99
    1926    0.61    0.56    0.53    0.49    0.49    0.48    0.42    0.38    0.34    0.31    0.29    0.26      5.16      0.43
    1927    1.57    0.37    0.37    0.88    0.33    0.22    0.18    0.15    0.13    0.11    0.10    0.09      4.50      0.38
    1928    0.08    0.30    0.27    0.96    1.75    1.08    0.36    0.16    0.11    0.09    0.07    0.07      5.29      0.44
    1929    0.20    0.76    1.38    1.37    1.27    0.71    0.98    0.43    0.22    0.15    0.12    0.10      7.71      0.64
    1930    0.09    0.09    2.26    0.80    0.29    0.26    0.23    0.16    0.12    0.14    0.15    0.11      4.71      0.39
    1931    0.10    0.16    0.11    0.17    0.13    0.13    0.15    0.15    0.11    0.08    0.07    0.06      1.41      0.12
    1932    0.05    0.06    0.98    7.19    0.69    0.32    0.17    0.11    0.10    0.09    0.08    0.07      9.90      0.83
    1933    0.06    2.13    0.22    0.71    0.20    0.24    0.14    0.09    0.07    0.06    0.06    0.05      4.05      0.34
    1934    0.05    0.22    0.27    0.11    0.09    0.16    0.09    0.06    0.04    0.04    0.03    0.03      1.18      0.10
    1935    0.03    0.02    0.02    1.84    0.40    0.32    0.12    0.07    0.05    0.04    0.03    0.03      2.98      0.25
    1936    0.03    0.49    0.46    1.55    2.63    0.60    0.22    0.10    0.07    0.06    0.06    0.05      6.32      0.53
    1937    0.05    0.05    1.26    0.51    0.16    0.10    1.39    0.26    0.12    0.09    0.07    0.07      4.11      0.34
    1938    0.08    0.06    4.28    1.13    5.25    1.17    0.46    0.25    0.19    0.17    0.15    0.14     13.33      1.11
    1939    0.13    3.05    0.70    0.30    0.24    0.30    0.26    0.20    0.19    0.18    0.13    0.12      5.80      0.48
    1940    0.11    0.35    1.11    0.20    0.21    0.27    0.44    0.23    0.14    0.11    0.09    0.08      3.34      0.28
    1941    0.08    0.11    0.30    0.32    0.10    2.98    0.31    0.39    0.24    0.15    0.10    0.08      5.16      0.43
    1942    0.07    0.17    0.25    0.19    0.11    0.23    0.29    0.17    0.10    0.09    0.08    0.05      1.80      0.15
    1943    0.04    0.49    0.09    0.70    3.26    0.45    0.18    0.10    0.08    0.07    0.06    0.05      5.56      0.46
    1944    0.09    0.06    0.05    0.16    0.08    0.07    0.07    0.06    0.04    0.03    0.03    0.03      0.77      0.06
    1945    0.05    0.12    0.40    5.14    1.17    0.45    0.22    0.12    0.09    0.07    0.06    0.06      7.96      0.66
    1946    0.05    0.05    0.05    0.05    0.17    0.09    0.06    0.04    0.04    0.04    0.03    0.03      0.70      0.06
    1947    0.03    0.10    1.67    0.73    0.50    5.46    0.77    0.27    0.15    0.11    0.09    0.08      9.96      0.83
    1948    0.08    0.35    0.24    5.28    0.56    0.29    0.19    0.15    0.12    0.11    0.09    0.08      7.55      0.63
    1949    0.08    0.88    0.69    0.70    0.28    0.20    0.15    0.13    0.10    0.09    0.08    0.07      3.44      0.29
    1950    0.06    0.06    0.61    0.11    0.07    1.01    0.22    0.30    0.17    0.09    0.07    0.05      2.82      0.24
    1951    0.30    0.09    0.07    0.10    0.23    0.10    0.07    0.05    0.04    0.04    0.03    0.02      1.14      0.10
    1952    0.02    0.27    0.39    2.90    1.23    0.47    0.66    0.25    0.11    0.08    0.07    0.06      6.52      0.54
    1953    0.05    2.00    0.47    2.06    0.89    0.34    0.23    0.18    0.11    0.09    0.08    0.07      6.58      0.55
    1954    0.07    0.21    0.62    1.38    5.27    0.91    0.43    0.24    0.19    0.17    0.14    0.12      9.75      0.81
    1955    0.12    0.49    0.64    0.18    2.67    0.51    0.27    0.17    0.14    0.12    0.11    0.11      5.51      0.46
    1956    0.10    0.10    1.04    0.44    0.76    0.31    0.25    0.18    0.13    0.11    0.09    0.08      3.59      0.30
    1957    0.13    0.09    0.67   54.22    1.35    0.53    0.30    0.24    0.21    0.19    0.18    0.17     58.30      4.86
    1958    0.16    0.16    7.37    1.01    0.87    0.40    0.24    0.19    0.17    0.16    0.15    0.14     11.02      0.92
    1959    0.13    0.62    1.44    0.25    0.26    0.23    0.23    0.17    0.14    0.12    0.10    0.09      3.77      0.31
    1960    0.08    0.10    2.51    0.47    1.91    0.41    0.25    0.16    0.12    0.10    0.09    0.07      6.27      0.52
    1961    0.07    0.09    0.07    0.16    0.17    0.13    0.18    0.11    0.06    0.05    0.04    0.04      1.17      0.10
    1962    0.03    0.74    0.97    0.14    0.07    0.06    0.09    0.08    0.11    0.09    0.05    0.03      2.48      0.21
    1963    0.03    0.03    0.22    0.36    0.19    0.09    0.06    0.04    0.03    0.02    0.02    0.02      1.11      0.09
    1964    0.28    0.26    0.52    0.35    0.15    0.06    0.03    0.03    0.02    0.02    0.02    0.02      1.75      0.15
    1965    0.02    0.08    0.17    0.18    0.53    0.10    0.04    0.02    0.02    0.02    0.01    0.01      1.19      0.10
    1966    0.01    0.01    0.13    0.83    0.83    0.36    0.59    0.21    0.08    0.06    0.04    0.03      3.19      0.27
    1967    0.03    0.65    0.08    0.05    0.04    0.04    0.06    0.06    0.05    0.03    0.02    0.02      1.13      0.09
    1968    0.02    0.55    0.70    0.23    0.10    5.14    0.54    0.21    0.12    0.08    0.07    0.06      7.82      0.65
    1969    0.15    0.08    0.43    0.08    0.19    0.09    0.06    0.04    0.04    0.04    0.03    0.03      1.25      0.10
    1970    0.03    0.16    0.36    2.87    0.33    0.18    0.14    0.12    0.09    0.06    0.05    0.04      4.42      0.37
    1971    0.49    1.65    0.37    3.30    1.46    1.22    0.46    0.25    0.15    0.11    0.09    0.09      9.64      0.80
    1972    0.66    0.31    0.16    0.14    0.13    0.21    0.20    0.15    0.10    0.09    0.08    0.26      2.50      0.21
    1973    0.36    0.40    1.33    1.24    1.55    0.43    0.24    0.18    0.14    0.12    0.10    0.10      6.17      0.51
    1974    0.10    0.72    0.51    4.01    1.93    0.55    0.34    0.29    0.20    0.15    0.12    0.11      9.03      0.75
    1975    0.10    0.10    1.91    1.69    1.09    1.14    0.47    0.32    0.22    0.16    0.14    0.12      7.47      0.62
    1976    0.12    0.87    0.19    3.21    1.87    1.45    0.57    0.30    0.21    0.17    0.16    0.23      9.34      0.78
    1977    0.18    0.14    1.42    5.41    1.60    0.81    0.43    0.26    0.21    0.19    0.18    0.16     10.98      0.91
    1978    0.16    0.63    0.30    0.87    0.28    0.23    0.19    0.16    0.14    0.13    0.24    0.15      3.46      0.29
    1979    0.12    0.12    0.19    2.35    2.56    0.60    0.31    0.18    0.13    0.12    0.10    0.10      6.89      0.57
    1980    0.10    1.39    0.37   12.01    1.70    1.39    0.58    0.32    0.23    0.19    0.17    0.16     18.63      1.55
    1981    0.16    0.22    0.18    0.17    0.17    0.16    0.15    0.15    0.14    0.12    0.11    0.10      1.84      0.15
    1982    0.10    0.11    0.11    0.11    0.11    0.57    0.16    0.11    0.09    0.08    0.07    0.06      1.67      0.14
    1983    0.06    0.58    0.17    0.08    0.06    0.21    0.11    0.07    0.04    0.04    0.04    0.04      1.50      0.13
    1984    0.23    0.76    0.11    0.43    1.19    0.30    0.12    0.11    0.08    0.05    0.04    0.24      3.67      0.31
    1985    0.18    0.13    0.59    0.11    0.07    0.05    0.50    0.11    0.05    0.04    0.03    0.03      1.89      0.16
    1986    0.06    0.33    0.68    0.53    0.21    0.13    0.08    0.05    0.04    0.03    0.03    0.03      2.19      0.18
    1987    0.03    0.08    1.95    0.36    0.60    0.41    0.16    0.08    0.09    0.08    0.05    0.04      3.93      0.33
    1988    0.93    0.13    0.14    0.06    0.65    0.19    0.12    0.07    0.05    0.04    0.04    0.03      2.44      0.20
    1989    0.12    1.36    1.48    0.36    0.18    0.43    0.20    0.12    0.07    0.05    0.05    0.04      4.45      0.37
    1990    0.04    0.89    0.60    2.71    0.74    0.88    0.31    0.17    0.12    0.09    0.07    0.07      6.68      0.56
    1991    0.06    0.27    0.09    0.29    0.11    0.08    0.07    0.06    0.05    0.05    0.04    0.04      1.20      0.10
    1992    0.04    0.07    1.17    0.22    1.43    0.28    0.15    0.10    0.07    0.05    0.05    0.04      3.67      0.31
    1993    0.04    1.40    0.51    0.15    0.09    0.06    0.05    0.04    0.03    0.03    0.03    0.02      2.45      0.20
    1994    0.02    0.03    0.06    0.12    0.19    1.24    0.49    0.25    0.11    0.06    0.04    0.03      2.66      0.22
    1995    0.03    0.13    0.19    2.33   57.24    1.48    0.64    0.46    0.35    0.31    0.26    0.21     63.61      5.30
    1996    0.19    1.10    0.62    6.34    1.59    1.71    0.71    0.43    0.31    0.26    0.24    0.24     13.75      1.15
    1997    0.24    0.60    0.30    0.27    0.28    0.27    0.26    0.23    0.21    0.20    0.19    0.17      3.22      0.27
    1998    0.16    0.32    1.33    1.63    0.39    0.26    0.19    0.15    0.13    0.12    0.11    0.10      4.91      0.41
    1999    0.09    1.57    0.48    2.79  182.13    3.34    1.53    0.83    0.53    0.41    0.34    0.30    194.33     16.19
    2000    0.29    0.79    0.40    0.33    0.72    0.39    0.35    0.31    0.27    0.25    0.24    0.23      4.59      0.38
    2001    0.23    1.83    0.66    0.37    0.29    0.26    0.24    0.23    0.22    0.21    0.19    0.17      4.90      0.41
    2002    0.16    0.14    0.21    0.56    0.19    0.14    0.11    0.09    0.08    0.08    0.06    0.06      1.88      0.16
    2003    0.05    0.21    0.14    0.73    1.13    2.32    0.48    0.18    0.10    0.07    0.06    0.05      5.54      0.46
    2004    0.05    0.06    0.24    0.07    0.06    0.06    0.05    0.04    0.03    0.03    0.03    0.03      0.75      0.06
    2005    0.02    0.34    0.19    0.35    2.13    1.12    0.36    0.15    0.09    0.07    0.06    0.05      4.93      0.41
    2006    0.04    0.28    1.39    0.16    0.08    0.21    0.09    0.06    0.04    0.04    0.04    0.05      2.50      0.21
    2007    0.17    1.69    0.47    0.32    0.16    0.12    0.09    0.06    0.05    0.04    0.04    0.03      3.25      0.27
    2008    0.03    1.54    0.22    2.21    0.63    0.26    0.13    0.09    0.07    0.06    0.05    0.05      5.34      0.45
    2009    0.04    3.18    0.39    0.75    0.26    0.16    4.24    0.60    0.26    0.15    0.11    0.09     10.24      0.85
  
 AVERAGE    0.27    0.64    0.80    1.95    3.54    0.86    0.47    0.30    0.24    0.22    0.21    0.20      9.70      0.81
