    1920    3.17    3.04    2.79    2.72    2.79    3.14    3.06    2.78    2.68    2.63    2.61    2.59     34.01      2.83
    1921    2.60    2.78    2.88    2.63    2.59    2.65    2.58    2.50    2.45    2.42    2.39    2.35     30.81      2.57
    1922    2.32    2.33    2.29    5.01    2.86    2.51    2.16    2.01    1.93    1.86    1.80    1.72     28.81      2.40
    1923    1.65    1.58    1.53    1.55    1.45    3.09    1.56    1.28    1.15    1.04    0.96    0.89     17.71      1.48
    1924    0.82    0.77    0.85    1.19    0.91    8.39    1.60    0.93    0.66    0.53    0.46    0.43     17.55      1.46
    1925    0.42    0.38    0.35    0.32    0.77    0.43    0.32    0.25    0.22    0.20    0.18    0.16      3.99      0.33
    1926    0.15    0.13    0.14    0.14    0.15    0.17    0.14    0.12    0.10    0.10    0.10    0.08      1.51      0.13
    1927    1.19    0.22    0.31    0.72    0.22    0.14    0.10    0.08    0.07    0.06    0.06    0.06      3.24      0.27
    1928    0.05    0.23    0.21    0.76    1.43    0.92    0.34    0.15    0.10    0.08    0.07    0.06      4.43      0.37
    1929    0.16    0.62    1.13    1.13    1.07    0.64    0.85    0.40    0.20    0.13    0.10    0.08      6.50      0.54
    1930    0.07    0.06    1.79    0.66    0.24    0.23    0.19    0.12    0.08    0.11    0.10    0.07      3.72      0.31
    1931    0.06    0.12    0.08    0.13    0.09    0.10    0.12    0.12    0.09    0.06    0.05    0.04      1.07      0.09
    1932    0.04    0.05    0.78    5.82    0.65    0.31    0.16    0.11    0.09    0.08    0.08    0.07      8.25      0.69
    1933    0.07    1.71    0.20    0.57    0.20    0.20    0.15    0.10    0.08    0.07    0.06    0.06      3.47      0.29
    1934    0.06    0.18    0.21    0.10    0.09    0.13    0.08    0.05    0.04    0.04    0.03    0.03      1.04      0.09
    1935    0.03    0.02    0.02    1.46    0.34    0.27    0.12    0.07    0.05    0.04    0.03    0.03      2.49      0.21
    1936    0.03    0.39    0.38    1.25    2.16    0.57    0.21    0.10    0.07    0.06    0.05    0.05      5.31      0.44
    1937    0.04    0.04    1.00    0.42    0.14    0.09    1.11    0.23    0.11    0.07    0.05    0.05      3.37      0.28
    1938    0.06    0.05    3.42    0.93    4.29    1.08    0.42    0.22    0.15    0.14    0.11    0.10     10.97      0.91
    1939    0.09    2.42    0.59    0.27    0.20    0.26    0.21    0.16    0.16    0.15    0.10    0.09      4.70      0.39
    1940    0.08    0.27    0.87    0.17    0.17    0.23    0.37    0.19    0.11    0.08    0.07    0.06      2.68      0.22
    1941    0.06    0.08    0.24    0.26    0.10    2.39    0.29    0.34    0.23    0.15    0.10    0.08      4.31      0.36
    1942    0.08    0.13    0.20    0.15    0.12    0.19    0.24    0.17    0.11    0.10    0.10    0.07      1.66      0.14
    1943    0.05    0.40    0.09    0.57    2.65    0.43    0.18    0.10    0.08    0.07    0.06    0.05      4.72      0.39
    1944    0.07    0.06    0.05    0.12    0.07    0.07    0.07    0.05    0.04    0.03    0.03    0.03      0.69      0.06
    1945    0.04    0.10    0.32    4.14    1.01    0.43    0.21    0.11    0.08    0.06    0.06    0.05      6.61      0.55
    1946    0.05    0.05    0.04    0.04    0.13    0.08    0.06    0.04    0.04    0.03    0.03    0.03      0.61      0.05
    1947    0.03    0.08    1.33    0.60    0.42    4.44    0.73    0.26    0.13    0.09    0.08    0.07      8.26      0.69
    1948    0.07    0.28    0.20    4.26    0.52    0.27    0.17    0.13    0.10    0.09    0.07    0.06      6.21      0.52
    1949    0.06    0.69    0.56    0.58    0.25    0.17    0.13    0.10    0.07    0.06    0.05    0.05      2.76      0.23
    1950    0.05    0.04    0.47    0.09    0.06    0.80    0.19    0.26    0.16    0.09    0.06    0.05      2.33      0.19
    1951    0.24    0.08    0.07    0.08    0.19    0.10    0.07    0.05    0.05    0.04    0.04    0.03      1.04      0.09
    1952    0.03    0.21    0.32    2.35    1.05    0.44    0.58    0.25    0.12    0.08    0.06    0.05      5.54      0.46
    1953    0.05    1.59    0.39    1.67    0.76    0.31    0.22    0.16    0.10    0.07    0.06    0.05      5.44      0.45
    1954    0.05    0.16    0.48    1.10    4.28    0.85    0.39    0.20    0.15    0.12    0.10    0.08      7.96      0.66
    1955    0.08    0.39    0.51    0.15    2.13    0.46    0.23    0.13    0.10    0.09    0.08    0.08      4.41      0.37
    1956    0.08    0.07    0.82    0.36    0.63    0.28    0.22    0.16    0.11    0.09    0.08    0.07      2.98      0.25
    1957    0.10    0.09    0.54   28.65    1.52    0.56    0.30    0.23    0.20    0.18    0.17    0.16     32.68      2.72
    1958    0.15    0.15    5.95    0.88    0.76    0.38    0.23    0.17    0.15    0.14    0.13    0.12      9.21      0.77
    1959    0.11    0.49    1.16    0.23    0.22    0.21    0.20    0.15    0.11    0.10    0.08    0.08      3.12      0.26
    1960    0.07    0.08    2.01    0.40    1.57    0.39    0.24    0.16    0.12    0.10    0.09    0.08      5.31      0.44
    1961    0.07    0.07    0.08    0.13    0.14    0.13    0.16    0.12    0.08    0.07    0.06    0.05      1.15      0.10
    1962    0.05    0.60    0.79    0.15    0.08    0.07    0.09    0.08    0.10    0.10    0.06    0.04      2.20      0.18
    1963    0.04    0.04    0.17    0.29    0.17    0.09    0.06    0.04    0.03    0.03    0.02    0.02      1.00      0.08
    1964    0.22    0.21    0.42    0.30    0.13    0.07    0.04    0.03    0.02    0.02    0.02    0.02      1.50      0.12
    1965    0.02    0.06    0.14    0.15    0.43    0.09    0.04    0.02    0.02    0.02    0.01    0.01      1.00      0.08
    1966    0.01    0.01    0.10    0.66    0.68    0.32    0.50    0.20    0.08    0.05    0.04    0.03      2.68      0.22
    1967    0.02    0.51    0.08    0.04    0.03    0.03    0.05    0.05    0.04    0.03    0.02    0.02      0.93      0.08
    1968    0.01    0.42    0.56    0.20    0.10    4.14    0.51    0.20    0.10    0.07    0.06    0.05      6.42      0.54
    1969    0.12    0.07    0.34    0.07    0.15    0.07    0.05    0.03    0.03    0.03    0.03    0.02      1.01      0.08
    1970    0.02    0.12    0.29    2.31    0.30    0.17    0.12    0.11    0.08    0.05    0.04    0.03      3.65      0.30
    1971    0.38    1.33    0.33    2.67    1.24    1.06    0.43    0.23    0.14    0.10    0.08    0.07      8.05      0.67
    1972    0.52    0.26    0.13    0.12    0.11    0.18    0.17    0.12    0.08    0.06    0.05    0.21      2.01      0.17
    1973    0.29    0.33    1.07    1.01    1.28    0.39    0.20    0.14    0.10    0.08    0.07    0.08      5.04      0.42
    1974    0.07    0.56    0.41    3.24    1.62    0.51    0.32    0.27    0.19    0.14    0.11    0.09      7.53      0.63
    1975    0.09    0.08    1.52    1.37    0.92    0.97    0.43    0.29    0.20    0.14    0.12    0.10      6.23      0.52
    1976    0.10    0.68    0.17    2.58    1.55    1.25    0.52    0.26    0.17    0.13    0.12    0.18      7.71      0.64
    1977    0.14    0.11    1.12    4.37    1.38    0.74    0.39    0.22    0.17    0.15    0.14    0.13      9.07      0.76
    1978    0.13    0.49    0.25    0.70    0.25    0.20    0.17    0.13    0.11    0.11    0.19    0.14      2.86      0.24
    1979    0.12    0.12    0.15    1.90    2.11    0.57    0.30    0.18    0.13    0.11    0.11    0.11      5.89      0.49
    1980    0.11    1.13    0.31    9.75    1.53    1.24    0.58    0.32    0.22    0.18    0.16    0.16     15.70      1.31
    1981    0.15    0.17    0.17    0.15    0.15    0.13    0.12    0.13    0.11    0.10    0.09    0.08      1.57      0.13
    1982    0.08    0.09    0.09    0.09    0.09    0.45    0.14    0.09    0.07    0.06    0.06    0.06      1.38      0.12
    1983    0.05    0.47    0.14    0.08    0.07    0.17    0.12    0.08    0.06    0.06    0.06    0.05      1.41      0.12
    1984    0.18    0.63    0.12    0.36    0.98    0.28    0.13    0.11    0.10    0.07    0.05    0.19      3.21      0.27
    1985    0.15    0.12    0.49    0.11    0.07    0.05    0.40    0.10    0.05    0.04    0.03    0.03      1.65      0.14
    1986    0.04    0.26    0.54    0.43    0.19    0.12    0.07    0.04    0.03    0.03    0.02    0.02      1.81      0.15
    1987    0.03    0.06    1.55    0.31    0.50    0.36    0.15    0.07    0.08    0.07    0.05    0.04      3.27      0.27
    1988    0.74    0.12    0.11    0.05    0.51    0.16    0.11    0.06    0.05    0.04    0.03    0.03      2.01      0.17
    1989    0.09    1.08    1.20    0.32    0.17    0.36    0.19    0.11    0.06    0.05    0.04    0.03      3.70      0.31
    1990    0.03    0.70    0.48    2.19    0.64    0.75    0.29    0.16    0.11    0.07    0.06    0.05      5.54      0.46
    1991    0.05    0.21    0.07    0.23    0.09    0.07    0.05    0.04    0.04    0.03    0.03    0.03      0.94      0.08
    1992    0.03    0.05    0.93    0.19    1.15    0.25    0.14    0.09    0.06    0.05    0.04    0.04      3.02      0.25
    1993    0.03    1.11    0.42    0.14    0.08    0.06    0.05    0.04    0.04    0.03    0.03    0.03      2.07      0.17
    1994    0.03    0.03    0.05    0.09    0.16    1.01    0.44    0.24    0.11    0.06    0.04    0.03      2.29      0.19
    1995    0.03    0.10    0.15    1.87   32.31    1.68    0.69    0.46    0.34    0.29    0.24    0.18     38.33      3.19
    1996    0.16    0.88    0.51    5.13    1.39    1.49    0.63    0.36    0.24    0.18    0.16    0.15     11.29      0.94
    1997    0.15    0.47    0.20    0.21    0.18    0.17    0.16    0.13    0.11    0.10    0.10    0.10      2.09      0.17
    1998    0.10    0.25    1.05    1.31    0.34    0.22    0.16    0.13    0.11    0.11    0.10    0.10      3.96      0.33
    1999    0.10    1.28    0.40    2.29  160.18    3.34    1.69    0.93    0.61    0.48    0.39    0.35    172.03     14.34
    2000    0.33    0.63    0.41    0.34    0.58    0.38    0.33    0.29    0.25    0.23    0.21    0.20      4.19      0.35
    2001    0.19    1.45    0.55    0.31    0.23    0.19    0.17    0.16    0.15    0.14    0.13    0.12      3.79      0.32
    2002    0.12    0.12    0.16    0.44    0.18    0.15    0.13    0.11    0.11    0.10    0.10    0.09      1.80      0.15
    2003    0.09    0.16    0.12    0.61    0.98    1.96    0.51    0.22    0.15    0.13    0.12    0.11      5.16      0.43
    2004    0.10    0.10    0.19    0.11    0.10    0.08    0.07    0.06    0.05    0.05    0.04    0.04      1.00      0.08
    2005    0.04    0.27    0.15    0.29    1.72    0.96    0.34    0.14    0.08    0.06    0.05    0.04      4.15      0.35
    2006    0.04    0.22    1.11    0.15    0.07    0.17    0.08    0.05    0.04    0.04    0.03    0.04      2.05      0.17
    2007    0.14    1.36    0.40    0.27    0.15    0.11    0.08    0.06    0.04    0.04    0.03    0.03      2.71      0.23
    2008    0.03    1.22    0.19    1.78    0.54    0.25    0.12    0.08    0.07    0.05    0.04    0.04      4.42      0.37
    2009    0.04    2.54    0.34    0.62    0.23    0.14    3.42    0.55    0.24    0.14    0.10    0.08      8.45      0.70
  
 AVERAGE    0.23    0.51    0.65    1.41    2.88    0.74    0.41    0.26    0.21    0.18    0.17    0.16      7.80      0.65
