    1920    2.11    2.03    1.83    1.79    1.82    1.94    1.91    1.80    1.76    1.74    1.72    1.71     22.15      1.85
    1921    1.71    1.77    1.78    1.70    1.68    1.67    1.62    1.59    1.56    1.53    1.51    1.47     19.59      1.63
    1922    1.44    1.41    1.38    8.48    1.79    1.42    1.25    1.17    1.11    1.06    1.01    0.95     22.48      1.87
    1923    0.90    0.85    1.06    0.83    0.74    1.41    0.74    0.63    0.56    0.50    0.45    0.42      9.09      0.76
    1924    0.38    1.52    0.84    0.62    0.40    3.25    0.59    0.38    0.29    0.23    0.20    0.19      8.89      0.74
    1925    0.18    0.16    0.14    0.13    0.21    0.15    0.12    0.10    0.09    0.09    0.09    0.07      1.51      0.13
    1926    0.06    0.07    0.06    0.06    0.06    0.06    0.05    0.05    0.04    0.04    0.04    0.03      0.61      0.05
    1927    0.76    0.10    0.06    0.12    0.13    0.06    0.04    0.03    0.03    0.02    0.02    0.02      1.38      0.11
    1928    0.02    0.17    0.04    0.09    0.17    0.33    0.09    0.04    0.03    0.02    0.02    0.02      1.03      0.09
    1929    0.02    0.06    0.19    1.10    0.34    0.24    0.44    0.16    0.07    0.04    0.03    0.02      2.73      0.23
    1930    0.02    0.02    0.33    0.43    0.23    0.24    0.34    0.12    0.05    0.09    0.06    0.03      1.95      0.16
    1931    0.03    0.05    0.12    0.15    0.06    0.14    0.14    0.08    0.04    0.03    0.02    0.02      0.87      0.07
    1932    0.03    0.02    0.40    1.86    0.23    0.11    0.05    0.04    0.03    0.03    0.03    0.02      2.84      0.24
    1933    0.02    4.12    0.44    0.16    0.09    0.07    0.06    0.05    0.04    0.04    0.03    0.03      5.15      0.43
    1934    0.03    0.05    0.07    0.07    0.04    0.08    0.04    0.03    0.02    0.02    0.02    0.02      0.51      0.04
    1935    0.02    0.01    0.02    0.87    0.32    0.30    0.09    0.05    0.03    0.03    0.02    0.02      1.78      0.15
    1936    0.02    0.23    0.21    1.11    0.99    0.38    0.14    0.06    0.04    0.03    0.03    0.03      3.26      0.27
    1937    0.03    0.08    1.97    0.14    0.13    0.09    0.48    0.13    0.06    0.04    0.03    0.03      3.21      0.27
    1938    0.27    0.05    1.63    2.34    1.21    0.70    0.23    0.10    0.07    0.07    0.07    0.09      6.84      0.57
    1939    0.07    7.35    0.37    0.15    0.77    0.29    0.21    0.14    0.13    0.12    0.08    0.07      9.74      0.81
    1940    0.07    3.11    3.57    0.37    0.45    0.30    8.48    0.97    0.37    0.23    0.17    0.15     18.25      1.52
    1941    0.14    0.49    0.18    0.17    0.14    2.39    0.28    0.18    0.17    0.14    0.12    0.11      4.49      0.37
    1942    0.10    0.11    0.12    0.19    0.12    0.66    0.34    0.21    0.13    0.12    0.10    0.09      2.29      0.19
    1943    0.08    0.38    0.16    0.40    0.76    0.21    0.12    0.09    0.08    0.08    0.07    0.07      2.49      0.21
    1944    0.07    0.07    0.06    0.06    0.07    0.07    0.06    0.05    0.05    0.05    0.04    0.04      0.70      0.06
    1945    0.04    0.05    0.17    7.55    1.64    0.59    0.30    0.16    0.11    0.10    0.08    0.08     10.88      0.91
    1946    0.07    0.06    0.06    0.06    0.06    0.07    0.06    0.05    0.04    0.04    0.03    0.03      0.64      0.05
    1947    0.03    0.08    1.22    0.32    0.29    1.50    0.29    0.12    0.07    0.05    0.04    0.04      4.04      0.34
    1948    0.06    0.11    0.06    1.62    0.18    0.08    0.06    0.05    0.04    0.04    0.03    0.03      2.37      0.20
    1949    0.03    0.33    0.40    0.56    0.12    0.07    0.06    0.06    0.04    0.03    0.03    0.03      1.75      0.15
    1950    0.03    0.03    0.85    0.08    0.05    0.60    0.16    0.40    0.16    0.07    0.05    0.04      2.51      0.21
    1951    0.54    0.09    0.16    0.05    0.05    0.05    0.04    0.03    0.03    0.02    0.02    0.02      1.12      0.09
    1952    0.02    0.08    0.32    0.80    5.50    0.61    0.39    0.19    0.10    0.08    0.06    0.05      8.21      0.68
    1953    0.05    1.50    0.41    2.29    0.73    0.25    0.14    0.10    0.08    0.06    0.06    0.05      5.72      0.48
    1954    0.05    0.21    0.45    0.74   24.85    1.00    0.37    0.21    0.18    0.16    0.14    0.13     28.49      2.37
    1955    0.12    0.59    0.56    0.16    2.70    0.32    0.18    0.14    0.12    0.10    0.10    0.09      5.17      0.43
    1956    0.09    0.08    0.81    0.28    0.99    0.22    0.16    0.13    0.10    0.09    0.08    0.07      3.12      0.26
    1957    0.10    0.09    0.20    8.19    0.53    0.20    0.14    0.12    0.11    0.10    0.09    0.09      9.95      0.83
    1958    0.09    0.09    3.22    0.24    0.53    0.19    0.13    0.10    0.08    0.08    0.07    0.07      4.90      0.41
    1959    0.06    0.13    0.63    0.12    0.11    0.27    0.15    0.10    0.07    0.06    0.05    0.04      1.78      0.15
    1960    0.04    0.08    1.58    0.21    1.58    0.27    0.16    0.10    0.07    0.06    0.05    0.04      4.23      0.35
    1961    0.04    0.10    0.11    0.07    0.06    0.06    0.13    0.07    0.04    0.03    0.03    0.02      0.76      0.06
    1962    0.02    0.84    0.71    0.10    0.05    0.04    0.14    0.06    0.25    0.10    0.05    0.03      2.39      0.20
    1963    0.03    0.03    0.13    0.12    0.07    0.05    0.04    0.03    0.02    0.02    0.01    0.01      0.56      0.05
    1964    0.26    0.21    0.28    0.18    0.06    0.03    0.02    0.02    0.01    0.01    0.01    0.01      1.11      0.09
    1965    0.01    0.06    0.08    0.05    0.11    0.03    0.01    0.01    0.01    0.01    0.01    0.01      0.39      0.03
    1966    0.01    0.01    0.08    1.39    0.47    0.26    0.25    0.10    0.05    0.03    0.02    0.02      2.68      0.22
    1967    0.02    0.27    0.03    0.02    0.02    0.02    0.07    0.04    0.03    0.02    0.01    0.01      0.58      0.05
    1968    0.01    0.33    0.62    0.18    0.07    4.81    0.47    0.19    0.09    0.07    0.05    0.04      6.92      0.58
    1969    0.05    0.05    0.16    0.04    0.03    0.03    0.03    0.02    0.02    0.02    0.02    0.02      0.50      0.04
    1970    0.02    0.02    0.33    0.80    0.11    0.08    0.06    0.06    0.04    0.03    0.02    0.02      1.58      0.13
    1971    0.09    0.54    0.19    4.06    0.55    0.32    0.17    0.09    0.06    0.05    0.05    0.04      6.21      0.52
    1972    0.15    0.13    0.11    0.06    0.05    0.16    0.11    0.07    0.04    0.03    0.03    0.10      1.04      0.09
    1973    0.29    0.19    0.59    0.28    0.18    0.08    0.06    0.05    0.03    0.03    0.03    0.09      1.91      0.16
    1974    0.03    0.53    0.20    1.03    0.33    0.13    0.12    0.09    0.06    0.04    0.03    0.03      2.62      0.22
    1975    0.03    0.03    2.75    0.44    0.63    0.87    0.26    0.14    0.09    0.06    0.05    0.05      5.39      0.45
    1976    0.04    0.24    0.07    0.28    0.23    0.43    0.14    0.07    0.05    0.04    0.03    0.10      1.73      0.14
    1977    0.05    0.03    1.90    2.90    0.71    0.30    0.16    0.09    0.07    0.06    0.06    0.05      6.38      0.53
    1978    0.05    0.41    0.10    0.23    0.10    0.36    0.11    0.06    0.05    0.04    0.07    0.05      1.64      0.14
    1979    0.04    0.09    0.12    1.34    2.11    0.40    0.17    0.09    0.07    0.06    0.05    0.05      4.59      0.38
    1980    0.06    0.70    0.36   13.71    0.89    0.63    0.33    0.19    0.14    0.12    0.11    0.10     17.35      1.45
    1981    0.09    0.21    0.11    0.09    0.08    0.07    0.07    0.07    0.06    0.06    0.06    0.05      1.04      0.09
    1982    0.05    0.05    0.05    0.05    0.05    0.44    0.10    0.06    0.05    0.04    0.04    0.04      1.01      0.08
    1983    0.03    0.12    0.05    0.06    0.05    0.38    0.11    0.06    0.04    0.04    0.03    0.03      1.00      0.08
    1984    0.26    0.63    0.08    0.47    1.05    0.22    0.09    0.07    0.07    0.05    0.04    0.41      3.44      0.29
    1985    0.21    0.09    0.64    0.08    0.05    0.04    0.39    0.08    0.04    0.03    0.03    0.02      1.71      0.14
    1986    0.02    0.07    0.27    0.83    0.11    0.15    0.06    0.03    0.02    0.02    0.02    0.02      1.63      0.14
    1987    0.02    0.02    2.44    0.21    0.16    0.13    0.07    0.04    0.07    0.05    0.03    0.03      3.28      0.27
    1988    1.00    0.10    0.05    0.03    0.46    0.07    0.05    0.03    0.03    0.03    0.02    0.02      1.89      0.16
    1989    0.02    0.51    1.20    0.17    0.09    0.24    0.10    0.05    0.03    0.03    0.02    0.02      2.49      0.21
    1990    0.02    0.70    0.26    3.21    0.35    0.46    0.20    0.13    0.08    0.06    0.04    0.04      5.55      0.46
    1991    0.03    0.04    0.04    0.11    0.04    0.04    0.05    0.03    0.02    0.02    0.02    0.02      0.46      0.04
    1992    0.02    0.05    1.14    0.20    0.16    0.07    0.04    0.03    0.03    0.03    0.02    0.02      1.79      0.15
    1993    0.02    0.61    0.54    0.17    0.07    0.05    0.03    0.03    0.02    0.02    0.02    0.02      1.59      0.13
    1994    0.02    0.02    0.02    0.02    0.10    1.38    0.26    0.19    0.10    0.05    0.03    0.03      2.23      0.19
    1995    0.02    0.14    0.05    0.42   11.27    0.89    0.31    0.19    0.13    0.12    0.10    0.08     13.72      1.14
    1996    0.07    0.30    0.09    0.22    0.32    0.23    0.14    0.09    0.06    0.05    0.04    0.04      1.66      0.14
    1997    0.05    0.05    0.15    0.15    0.10    0.07    0.06    0.05    0.03    0.03    0.03    0.03      0.79      0.07
    1998    0.03    0.17    0.25    0.50    0.12    0.07    0.06    0.04    0.03    0.03    0.03    0.02      1.35      0.11
    1999    0.02    0.23    0.07    0.36   27.36    1.12    0.62    0.36    0.21    0.16    0.13    0.12     30.76      2.56
    2000    0.11    0.26    0.13    0.11    0.25    0.15    0.13    0.10    0.08    0.07    0.06    0.05      1.50      0.12
    2001    0.05    0.81    0.59    0.14    0.10    0.07    0.06    0.05    0.05    0.04    0.04    0.03      2.02      0.17
    2002    0.03    0.04    0.08    0.29    0.08    0.06    0.06    0.04    0.03    0.03    0.03    0.02      0.80      0.07
    2003    0.03    0.08    0.07    0.63    4.39    1.95    0.55    0.20    0.12    0.10    0.08    0.07      8.27      0.69
    2004    0.07    0.07    0.07    0.07    0.07    0.06    0.06    0.05    0.05    0.04    0.04    0.03      0.68      0.06
    2005    0.03    0.07    0.05    0.29    1.01    1.12    0.26    0.10    0.06    0.05    0.04    0.04      3.11      0.26
    2006    0.03    0.10    0.17    0.06    0.04    0.35    0.08    0.05    0.03    0.03    0.03    0.09      1.06      0.09
    2007    0.11    1.76    0.77    0.24    0.11    0.06    0.05    0.05    0.04    0.04    0.03    0.03      3.28      0.27
    2008    0.03    0.91    0.08    3.71    0.29    0.13    0.08    0.07    0.06    0.05    0.05    0.04      5.50      0.46
    2009    0.04    1.43    0.17    0.12    0.31    0.12    0.69    0.18    0.09    0.06    0.04    0.04      3.29      0.27
  
 AVERAGE    0.15    0.47    0.52    0.97    1.20    0.47    0.31    0.16    0.12    0.11    0.10    0.10      4.69      0.39
