    1920    1.95    1.88    1.65    1.58    1.58    1.70    1.65    1.50    1.42    1.37    1.32    1.27     18.87      1.57
    1921    1.22    1.24    1.24    1.12    1.06    1.00    0.92    0.85    0.79    0.74    0.69    0.63     11.50      0.96
    1922    0.59    0.55    0.51    8.43    1.02    0.64    0.46    0.38    0.34    0.31    0.28    0.25     13.73      1.14
    1923    0.22    0.20    1.10    0.27    0.21    1.47    0.29    0.20    0.17    0.13    0.11    0.10      4.48      0.37
    1924    0.09    1.49    0.89    0.68    0.23    3.20    0.50    0.27    0.17    0.12    0.09    0.09      7.83      0.65
    1925    0.10    0.08    0.07    0.06    0.22    0.11    0.08    0.06    0.05    0.06    0.06    0.05      1.01      0.08
    1926    0.04    0.08    0.05    0.05    0.05    0.05    0.05    0.04    0.03    0.03    0.03    0.03      0.53      0.04
    1927    0.78    0.10    0.07    0.13    0.14    0.06    0.04    0.03    0.03    0.02    0.02    0.02      1.44      0.12
    1928    0.02    0.17    0.04    0.10    0.18    0.36    0.11    0.05    0.03    0.02    0.02    0.02      1.13      0.09
    1929    0.02    0.07    0.20    1.15    0.38    0.28    0.49    0.20    0.09    0.05    0.04    0.03      3.00      0.25
    1930    0.03    0.02    0.35    0.46    0.26    0.27    0.38    0.14    0.06    0.10    0.07    0.04      2.17      0.18
    1931    0.03    0.05    0.13    0.16    0.07    0.15    0.16    0.10    0.05    0.03    0.02    0.02      0.98      0.08
    1932    0.03    0.03    0.42    1.94    0.27    0.13    0.06    0.04    0.03    0.03    0.03    0.02      3.01      0.25
    1933    0.02    4.24    0.49    0.18    0.10    0.08    0.06    0.05    0.04    0.04    0.03    0.03      5.35      0.45
    1934    0.03    0.06    0.08    0.08    0.04    0.09    0.05    0.03    0.02    0.02    0.02    0.02      0.54      0.04
    1935    0.02    0.01    0.02    0.90    0.34    0.33    0.11    0.06    0.04    0.03    0.02    0.02      1.92      0.16
    1936    0.02    0.24    0.23    1.16    1.06    0.44    0.17    0.07    0.05    0.04    0.03    0.03      3.53      0.29
    1937    0.03    0.09    2.04    0.16    0.14    0.10    0.52    0.15    0.07    0.05    0.04    0.04      3.40      0.28
    1938    0.28    0.06    1.69    2.46    1.33    0.81    0.28    0.12    0.08    0.08    0.07    0.10      7.35      0.61
    1939    0.07    7.58    0.42    0.17    0.81    0.33    0.24    0.15    0.14    0.13    0.09    0.07     10.17      0.85
    1940    0.06    3.21    3.73    0.43    0.50    0.34   13.93    1.02    0.41    0.26    0.19    0.16     24.24      2.02
    1941    0.14    0.51    0.18    0.18    0.14    2.47    0.30    0.19    0.17    0.14    0.12    0.10      4.65      0.39
    1942    0.10    0.11    0.13    0.20    0.12    0.69    0.37    0.23    0.14    0.12    0.10    0.08      2.40      0.20
    1943    0.08    0.40    0.18    0.42    0.80    0.23    0.12    0.09    0.08    0.08    0.07    0.07      2.61      0.22
    1944    0.07    0.07    0.07    0.07    0.08    0.08    0.07    0.06    0.06    0.05    0.05    0.05      0.76      0.06
    1945    0.05    0.06    0.18    7.80    1.79    0.71    0.36    0.19    0.13    0.11    0.10    0.09     11.55      0.96
    1946    0.08    0.08    0.07    0.07    0.08    0.09    0.08    0.06    0.06    0.05    0.05    0.04      0.83      0.07
    1947    0.04    0.09    1.27    0.35    0.33    1.59    0.34    0.14    0.08    0.06    0.05    0.04      4.38      0.37
    1948    0.07    0.12    0.06    1.68    0.20    0.10    0.07    0.06    0.05    0.04    0.04    0.03      2.52      0.21
    1949    0.03    0.34    0.42    0.59    0.14    0.08    0.07    0.06    0.05    0.04    0.03    0.03      1.87      0.16
    1950    0.03    0.03    0.88    0.09    0.05    0.62    0.19    0.44    0.18    0.09    0.06    0.05      2.68      0.22
    1951    0.57    0.11    0.18    0.06    0.06    0.06    0.06    0.04    0.04    0.03    0.03    0.02      1.26      0.10
    1952    0.02    0.09    0.34    0.84    5.73    0.73    0.46    0.23    0.12    0.08    0.07    0.06      8.75      0.73
    1953    0.05    1.55    0.44    2.40    0.82    0.29    0.17    0.12    0.08    0.07    0.06    0.06      6.11      0.51
    1954    0.05    0.22    0.47    0.78   33.45    1.07    0.41    0.23    0.19    0.17    0.14    0.13     37.30      3.11
    1955    0.12    0.61    0.59    0.16    2.79    0.35    0.20    0.14    0.11    0.10    0.09    0.08      5.35      0.45
    1956    0.08    0.08    0.83    0.30    1.04    0.25    0.17    0.14    0.10    0.09    0.08    0.07      3.23      0.27
    1957    0.11    0.09    0.22    8.45    0.59    0.21    0.13    0.11    0.10    0.10    0.09    0.09     10.28      0.86
    1958    0.09    0.09    3.33    0.26    0.57    0.22    0.14    0.11    0.09    0.08    0.08    0.07      5.14      0.43
    1959    0.07    0.13    0.66    0.13    0.12    0.30    0.17    0.12    0.08    0.07    0.06    0.05      1.95      0.16
    1960    0.05    0.08    1.64    0.24    1.67    0.33    0.19    0.13    0.09    0.07    0.06    0.05      4.60      0.38
    1961    0.05    0.11    0.12    0.08    0.07    0.07    0.14    0.08    0.05    0.04    0.03    0.03      0.86      0.07
    1962    0.02    0.87    0.75    0.12    0.06    0.05    0.15    0.07    0.26    0.12    0.06    0.04      2.56      0.21
    1963    0.03    0.03    0.14    0.13    0.08    0.06    0.05    0.03    0.02    0.02    0.02    0.02      0.63      0.05
    1964    0.27    0.22    0.30    0.20    0.07    0.03    0.02    0.02    0.02    0.02    0.01    0.01      1.20      0.10
    1965    0.01    0.06    0.08    0.05    0.12    0.03    0.02    0.01    0.01    0.01    0.01    0.01      0.43      0.04
    1966    0.01    0.01    0.08    1.45    0.51    0.30    0.28    0.13    0.06    0.04    0.03    0.02      2.91      0.24
    1967    0.02    0.28    0.04    0.02    0.02    0.02    0.08    0.05    0.04    0.02    0.02    0.01      0.63      0.05
    1968    0.01    0.34    0.64    0.20    0.09    4.99    0.55    0.22    0.11    0.07    0.05    0.05      7.32      0.61
    1969    0.05    0.05    0.17    0.04    0.04    0.03    0.03    0.02    0.02    0.02    0.02    0.02      0.51      0.04
    1970    0.02    0.02    0.34    0.84    0.12    0.10    0.06    0.07    0.05    0.03    0.02    0.02      1.68      0.14
    1971    0.10    0.56    0.21    4.21    0.63    0.38    0.19    0.11    0.07    0.05    0.05    0.04      6.60      0.55
    1972    0.16    0.15    0.13    0.07    0.06    0.18    0.12    0.07    0.04    0.03    0.03    0.10      1.14      0.09
    1973    0.31    0.21    0.63    0.31    0.21    0.10    0.06    0.05    0.04    0.03    0.03    0.09      2.08      0.17
    1974    0.04    0.55    0.22    1.09    0.38    0.16    0.14    0.10    0.07    0.05    0.04    0.03      2.85      0.24
    1975    0.03    0.04    2.84    0.48    0.69    0.94    0.31    0.16    0.10    0.07    0.05    0.05      5.75      0.48
    1976    0.04    0.25    0.07    0.30    0.25    0.47    0.16    0.08    0.05    0.04    0.04    0.10      1.86      0.16
    1977    0.05    0.04    1.96    3.03    0.80    0.36    0.19    0.11    0.08    0.07    0.06    0.06      6.80      0.57
    1978    0.05    0.43    0.10    0.25    0.12    0.38    0.13    0.07    0.05    0.04    0.08    0.05      1.77      0.15
    1979    0.05    0.10    0.13    1.40    2.23    0.48    0.20    0.10    0.07    0.06    0.05    0.05      4.91      0.41
    1980    0.06    0.73    0.39   14.84    0.97    0.71    0.38    0.21    0.15    0.13    0.11    0.10     18.79      1.57
    1981    0.10    0.22    0.11    0.10    0.09    0.07    0.07    0.07    0.07    0.06    0.06    0.05      1.07      0.09
    1982    0.05    0.05    0.05    0.05    0.04    0.45    0.10    0.06    0.05    0.04    0.04    0.04      1.04      0.09
    1983    0.04    0.12    0.05    0.07    0.06    0.40    0.13    0.07    0.05    0.04    0.04    0.03      1.10      0.09
    1984    0.28    0.66    0.09    0.49    1.11    0.25    0.11    0.08    0.07    0.05    0.05    0.43      3.67      0.31
    1985    0.23    0.10    0.67    0.10    0.06    0.05    0.41    0.09    0.05    0.04    0.03    0.03      1.88      0.16
    1986    0.03    0.07    0.29    0.88    0.14    0.17    0.08    0.05    0.03    0.03    0.03    0.02      1.82      0.15
    1987    0.02    0.02    2.52    0.24    0.19    0.16    0.09    0.05    0.08    0.06    0.04    0.03      3.49      0.29
    1988    1.04    0.11    0.05    0.03    0.48    0.08    0.05    0.03    0.03    0.03    0.02    0.02      1.98      0.16
    1989    0.02    0.53    1.25    0.20    0.10    0.27    0.11    0.06    0.04    0.03    0.02    0.02      2.65      0.22
    1990    0.02    0.73    0.28    3.34    0.41    0.52    0.24    0.15    0.09    0.06    0.05    0.04      5.94      0.50
    1991    0.04    0.04    0.04    0.11    0.05    0.05    0.05    0.04    0.03    0.02    0.02    0.02      0.50      0.04
    1992    0.02    0.05    1.18    0.22    0.18    0.08    0.04    0.03    0.03    0.03    0.02    0.02      1.90      0.16
    1993    0.02    0.63    0.57    0.19    0.09    0.06    0.04    0.03    0.02    0.02    0.02    0.02      1.70      0.14
    1994    0.02    0.02    0.02    0.03    0.11    1.44    0.30    0.23    0.12    0.06    0.04    0.03      2.40      0.20
    1995    0.02    0.15    0.05    0.44   11.65    1.04    0.36    0.22    0.15    0.13    0.11    0.08     14.40      1.20
    1996    0.07    0.32    0.10    0.24    0.35    0.26    0.16    0.10    0.06    0.05    0.04    0.04      1.80      0.15
    1997    0.06    0.05    0.16    0.16    0.11    0.08    0.07    0.05    0.03    0.03    0.03    0.02      0.84      0.07
    1998    0.02    0.17    0.27    0.53    0.14    0.08    0.06    0.05    0.03    0.03    0.03    0.02      1.43      0.12
    1999    0.02    0.24    0.08    0.37   35.20    1.19    0.70    0.40    0.23    0.17    0.14    0.12     38.85      3.24
    2000    0.11    0.27    0.14    0.11    0.27    0.16    0.14    0.10    0.08    0.07    0.06    0.06      1.56      0.13
    2001    0.05    0.84    0.63    0.16    0.11    0.08    0.07    0.06    0.06    0.05    0.04    0.04      2.18      0.18
    2002    0.04    0.04    0.09    0.31    0.09    0.07    0.06    0.05    0.04    0.03    0.03    0.02      0.86      0.07
    2003    0.02    0.09    0.07    0.66    4.56    2.12    0.65    0.24    0.14    0.10    0.08    0.07      8.80      0.73
    2004    0.07    0.07    0.07    0.07    0.06    0.06    0.05    0.05    0.04    0.04    0.04    0.04      0.65      0.05
    2005    0.04    0.07    0.06    0.31    1.07    1.21    0.32    0.13    0.08    0.06    0.05    0.04      3.43      0.29
    2006    0.04    0.11    0.18    0.07    0.05    0.37    0.09    0.05    0.04    0.03    0.03    0.09      1.14      0.10
    2007    0.12    1.83    0.83    0.28    0.13    0.07    0.05    0.05    0.04    0.04    0.03    0.03      3.48      0.29
    2008    0.03    0.94    0.09    3.83    0.33    0.14    0.08    0.07    0.06    0.05    0.05    0.04      5.72      0.48
    2009    0.04    1.48    0.19    0.14    0.33    0.14    0.74    0.22    0.12    0.07    0.05    0.04      3.57      0.30
  
 AVERAGE    0.13    0.46    0.52    0.99    1.40    0.48    0.37    0.15    0.10    0.09    0.08    0.07      4.84      0.40
