    1920    0.52    0.51    0.39    0.32    0.34    1.54    1.02    0.64    0.50    0.40    0.33    0.25      6.75      0.56
    1921    0.22    0.71    0.43    0.18    0.14    0.13    0.11    0.12    0.12    0.11    0.11    0.10      2.48      0.21
    1922    0.10    0.09    0.07    9.93   13.63    4.64    1.26    0.75    0.56    0.46    0.38    0.30     32.18      2.68
    1923    0.23    0.18    0.19    0.22    0.25    3.15    1.70    0.66    0.48    0.40    0.37    0.31      8.13      0.68
    1924    0.27    0.73    0.66    1.56    1.50   29.48   11.04    1.78    1.70    1.16    0.70    0.56     51.13      4.26
    1925    0.48    0.37    0.30    0.39    0.82    0.70    0.52    0.35    0.28    0.28    0.25    0.19      4.94      0.41
    1926    0.14    0.11    0.10    0.12    0.14    0.14    0.13    0.11    0.10    0.14    0.16    0.11      1.51      0.13
    1927    0.22    0.22    0.32    0.47    0.38    0.28    0.21    0.17    0.14    0.12    0.12    0.11      2.76      0.23
    1928    0.08    0.09    0.82    1.15    2.38    1.74    1.06    0.61    0.46    0.41    0.34    0.27      9.43      0.79
    1929    0.23    0.32    1.29    0.85    1.18    1.32    1.11    0.80    0.53    0.42    0.32    0.24      8.62      0.72
    1930    0.17    0.16    1.75    0.92    0.40    0.40    0.39    0.31    0.25    0.29    0.28    0.19      5.53      0.46
    1931    0.17    0.18    0.16    1.53    0.84    0.46    0.41    0.38    0.33    0.25    0.19    0.14      5.04      0.42
    1932    0.14    0.18    3.75    3.93    1.88    0.88    0.46    0.33    0.26    0.23    0.20    0.16     12.41      1.03
    1933    0.13    2.74    1.43    3.19    1.97    1.10    0.94    0.71    0.51    0.42    0.33    0.25     13.72      1.14
    1934    0.20    0.20    0.20    0.18    0.22    0.29    0.25    0.18    0.14    0.12    0.10    0.08      2.17      0.18
    1935    0.07    0.05    0.03    1.06    0.60    1.23    0.87    0.51    0.35    0.27    0.23    0.17      5.43      0.45
    1936    0.14    0.16    0.27    0.37    8.81    3.98    1.07    0.60    0.41    0.34    0.27    0.24     16.67      1.39
    1937    0.21    0.16    0.15    1.44    0.84    0.38    0.43    0.39    0.29    0.24    0.19    0.17      4.89      0.41
    1938    0.17    0.13    4.75    2.20    4.48    2.61    1.07    0.68    0.56    0.50    0.43    0.32     17.89      1.49
    1939    0.24    1.24    0.73    0.50    0.46    0.91    0.95    0.72    0.65    0.62    0.45    0.41      7.88      0.66
    1940    0.33    0.46    0.60    0.51    0.36    0.32    0.29    0.21    0.16    0.14    0.12    0.10      3.60      0.30
    1941    0.08    0.09    0.16    0.17    0.13    2.21    1.14    0.45    0.36    0.31    0.29    0.26      5.65      0.47
    1942    0.25    0.22    0.33    0.23    0.34    0.36    0.46    0.42    0.28    0.28    0.29    0.22      3.67      0.31
    1943    0.14    0.37    0.26    0.29    1.75    1.03    0.44    0.26    0.21    0.18    0.15    0.11      5.20      0.43
    1944    0.13    0.13    0.08    0.08    0.12    0.58    0.51    0.38    0.27    0.20    0.16    0.12      2.75      0.23
    1945    0.11    0.10    0.30    1.18    4.27    2.25    0.94    0.60    0.44    0.36    0.28    0.21     11.02      0.92
    1946    0.16    0.15    0.13    0.13    0.15    0.18    0.18    0.15    0.14    0.14    0.12    0.10      1.73      0.14
    1947    0.08    0.13    2.84    1.65    0.92   12.24    5.09    1.05    0.65    0.52    0.42    0.32     25.91      2.16
    1948    0.32    0.35    0.33    2.26    1.38    0.71    0.55    0.42    0.33    0.30    0.26    0.20      7.39      0.62
    1949    0.15    0.40    0.53    0.53    1.17    0.89    0.61    0.51    0.38    0.29    0.24    0.18      5.90      0.49
    1950    0.12    0.09    3.36    1.58    0.42    0.64    0.50    0.36    0.29    0.23    0.21    0.17      7.98      0.67
    1951    0.73    0.50    0.32    1.03    0.96    0.67    0.45    0.31    0.27    0.25    0.21    0.18      5.89      0.49
    1952    0.21    0.22    0.70    4.41    2.51    1.17    0.94    0.75    0.52    0.44    0.37    0.27     12.49      1.04
    1953    0.23    0.89    0.62    2.18    1.88    1.20    0.86    0.66    0.48    0.38    0.31    0.25      9.95      0.83
    1954    0.19    0.18    0.84    1.80    2.76    1.84    1.09    0.75    0.69    0.62    0.46    0.33     11.54      0.96
    1955    0.29    0.31    2.15    1.16    1.92    1.67    1.06    0.70    0.52    0.41    0.32    0.29     10.80      0.90
    1956    0.25    0.19    0.18    1.21    1.31    0.86    0.59    0.48    0.38    0.33    0.27    0.20      6.24      0.52
    1957    0.21    0.23    0.37   58.76   20.75    1.34    0.72    0.51    0.39    0.33    0.27    0.26     84.13      7.01
    1958    0.25    0.20    0.62    2.04    1.37    0.79    0.50    0.32    0.25    0.23    0.21    0.16      6.95      0.58
    1959    0.13    0.13    0.33    0.22    2.37    1.28    0.66    0.55    0.41    0.34    0.26    0.19      6.87      0.57
    1960    0.15    0.47    1.58    1.14    8.85    4.07    1.32    0.89    0.65    0.53    0.42    0.32     20.40      1.70
    1961    0.26    0.23    0.23    0.27    0.27    0.25    0.33    0.33    0.23    0.19    0.15    0.12      2.86      0.24
    1962    0.09    0.22    0.70    0.43    0.26    0.23    0.20    0.18    0.19    0.17    0.14    0.10      2.90      0.24
    1963    0.09    0.08    0.10    0.14    0.16    0.14    0.10    0.08    0.06    0.06    0.06    0.05      1.14      0.10
    1964    0.04    0.05    0.13    0.12    0.10    0.11    0.12    0.10    0.08    0.07    0.07    0.06      1.05      0.09
    1965    0.06    0.10    0.13    0.27    1.25    0.80    0.39    0.24    0.17    0.15    0.13    0.12      3.79      0.32
    1966    0.10    0.09    0.08    1.21    0.82    0.49    0.59    0.52    0.35    0.27    0.22    0.16      4.89      0.41
    1967    0.12    0.11    0.09    0.06    0.08    0.09    0.09    0.14    0.15    0.13    0.11    0.08      1.25      0.10
    1968    0.06    0.34    0.37    0.24    0.17    1.22    0.78    0.41    0.27    0.20    0.17    0.17      4.42      0.37
    1969    0.29    0.28    0.29    0.19    0.24    0.19    0.12    0.10    0.10    0.10    0.09    0.07      2.06      0.17
    1970    0.06    0.09    0.72    1.13    0.68    0.52    0.47    0.40    0.33    0.25    0.19    0.16      5.01      0.42
    1971    0.42    0.47    0.35    3.03    3.15    8.27    3.57    1.07    0.86    0.65    0.50    0.38     22.71      1.89
    1972    0.35    0.39    0.32    0.24    0.21    0.19    0.23    0.24    0.19    0.18    0.16    0.66      3.38      0.28
    1973    0.59    0.42    1.12    1.64    2.79    1.86    1.02    0.72    0.53    0.41    0.33    0.30     11.73      0.98
    1974    0.26    1.80    1.01    1.76   18.47    7.12    1.36    1.01    0.76    0.60    0.45    0.34     34.94      2.91
    1975    0.25    0.21    0.84    2.38    2.04    1.36    0.96    0.84    0.70    0.52    0.39    0.29     10.78      0.90
    1976    0.24    0.23    0.42    2.25   19.22   15.83    4.26    0.92    0.63    0.48    0.39    0.40     45.27      3.77
    1977    0.39    0.38    1.15    3.51   23.62    8.79    1.55    1.03    0.70    0.55    0.43    0.34     42.45      3.54
    1978    0.33    0.37    0.52    1.19    0.79    0.53    0.39    0.27    0.22    0.19    0.24    0.25      5.29      0.44
    1979    0.23    0.25    0.22    0.59    0.68    0.66    0.50    0.31    0.21    0.18    0.16    0.15      4.14      0.34
    1980    0.16    1.04    0.86   15.63    6.77    2.22    1.59    1.05    0.75    0.55    0.45    0.37     31.43      2.62
    1981    0.31    0.30    0.27    0.22    0.23    0.23    0.23    0.26    0.23    0.20    0.16    0.12      2.76      0.23
    1982    0.11    0.09    0.07    0.06    0.06    0.08    0.10    0.09    0.08    0.08    0.09    0.08      0.98      0.08
    1983    0.06    0.08    0.06    0.04    0.04    1.00    0.57    0.26    0.19    0.18    0.17    0.16      2.82      0.23
    1984    1.73    1.22    0.64    0.92    1.18    1.02    0.69    0.44    0.34    0.28    0.22    0.23      8.92      0.74
    1985    0.27    0.20    0.33    0.33    0.36    0.29    1.16    0.81    0.42    0.29    0.22    0.17      4.86      0.41
    1986    0.15    0.17    0.16    0.14    0.13    0.15    0.15    0.12    0.11    0.10    0.09    0.09      1.55      0.13
    1987    0.09    0.09    3.74    1.60    1.62    1.26    0.79    0.48    0.43    0.42    0.33    0.25     11.10      0.93
    1988    0.60    0.43    0.29    0.23    0.60    0.46    0.33    0.25    0.20    0.17    0.14    0.11      3.82      0.32
    1989    0.11    0.26    0.45    0.41    0.50    0.45    0.33    0.22    0.16    0.13    0.12    0.10      3.23      0.27
    1990    0.08    0.07    0.12    0.35    0.31    0.78    0.57    0.33    0.23    0.18    0.14    0.12      3.26      0.27
    1991    0.09    0.07    0.08    0.11    0.11    0.10    0.08    0.06    0.07    0.09    0.08    0.06      1.00      0.08
    1992    0.05    0.26    1.01    0.61    2.74    1.60    0.69    0.41    0.32    0.33    0.31    0.22      8.55      0.71
    1993    0.17    0.31    0.28    0.24    0.31    0.27    0.19    0.14    0.12    0.10    0.09    0.08      2.29      0.19
    1994    0.06    0.05    0.05    0.07    0.25    0.25    0.22    0.20    0.18    0.14    0.13    0.10      1.71      0.14
    1995    0.07    0.05    0.03    6.50   12.23    4.37    1.21    1.05    0.87    0.85    0.78    0.53     28.54      2.38
    1996    0.45    0.40    0.30    2.10    1.51    1.05    0.77    0.53    0.41    0.35    0.29    0.28      8.43      0.70
    1997    0.27    0.24    0.22    1.46    0.99    0.53    0.39    0.30    0.22    0.20    0.18    0.16      5.16      0.43
    1998    0.17    0.27    1.51    1.05    1.98    1.76    1.23    0.81    0.57    0.51    0.43    0.31     10.61      0.88
    1999    0.27    0.32    0.32    6.37   77.77   80.13   19.41    2.57    1.05    0.88    0.64    0.47    190.21     15.85
    2000    0.41    0.39    0.34    0.28    1.17    1.65    1.17    0.77    0.53    0.46    0.39    0.28      7.85      0.65
    2001    0.20    1.03    0.78    0.53    0.39    0.27    0.20    0.16    0.16    0.16    0.13    0.11      4.13      0.34
    2002    0.11    0.10    0.33    0.21    0.12    0.22    0.19    0.13    0.14    0.16    0.12    0.10      1.92      0.16
    2003    0.10    0.08    0.26    0.58    0.44    7.79    3.77    1.22    0.70    0.51    0.41    0.30     16.16      1.35
    2004    0.24    0.18    0.25    0.34    0.26    0.22    0.19    0.16    0.13    0.11    0.10    0.08      2.27      0.19
    2005    0.06    0.09    0.40    2.48    2.78    6.34    2.98    0.99    0.65    0.50    0.39    0.29     17.95      1.50
    2006    0.21    0.18    0.17    0.18    0.19    0.34    0.32    0.24    0.18    0.18    0.17    0.18      2.54      0.21
    2007    0.22    0.20    0.71    0.52    0.30    0.23    0.19    0.14    0.11    0.10    0.09    0.07      2.90      0.24
    2008    0.05    0.20    0.13    0.75    0.66    0.57    0.47    0.30    0.21    0.19    0.15    0.11      3.80      0.32
    2009    0.08    0.08    0.13    0.15    0.40    0.31    0.22    0.19    0.14    0.13    0.12    0.09      2.03      0.17
  
 AVERAGE    0.22    0.32    0.64    1.98    3.20    2.85    1.13    0.50    0.37    0.31    0.25    0.21     11.98      1.00
