    1920    1.69    1.68    1.67    1.66    1.65    1.63    1.62    1.60    1.58    1.57    1.54    1.52     19.41      1.62
    1921    1.49    1.45    1.42    1.38    1.34    1.29    1.25    1.20    1.16    1.11    1.06    1.00     15.14      1.26
    1922    0.95    0.89    0.84    6.92    2.92    0.71    0.67    0.62    0.58    0.53    0.49    0.45     16.58      1.38
    1923    0.41    0.37    0.33    0.30    0.27    0.60    0.21    0.21    0.19    0.17    0.15    0.13      3.32      0.28
    1924    0.12    0.11    0.09    0.30    0.11    1.95    0.69    0.08    0.07    0.07    0.06    0.05      3.70      0.31
    1925    0.05    0.04    0.04    0.09    0.20    0.06    0.03    0.02    0.02    0.02    0.02    0.02      0.60      0.05
    1926    0.01    0.01    0.01    0.01    0.01    0.01    0.01    0.01    0.01    0.01    0.01    0.01      0.11      0.01
    1927    0.01    0.00    0.01    0.01    0.00    0.00    0.00    0.00    0.00    0.00    0.00    0.00      0.06      0.01
    1928    0.00    0.00    0.20    0.20    0.11    0.02    0.01    0.01    0.01    0.00    0.00    0.00      0.56      0.05
    1929    0.00    0.02    0.07    0.25    0.08    0.04    0.01    0.01    0.01    0.00    0.00    0.00      0.51      0.04
    1930    0.00    0.00    1.71    0.59    0.02    0.02    0.02    0.02    0.02    0.01    0.01    0.01      2.44      0.20
    1931    0.01    0.01    0.01    0.02    0.02    0.01    0.01    0.01    0.00    0.00    0.00    0.00      0.11      0.01
    1932    0.00    0.00    4.52    3.44    0.70    0.07    0.06    0.06    0.05    0.05    0.04    0.04      9.02      0.75
    1933    0.03    0.40    0.14    0.08    0.03    0.02    0.02    0.02    0.02    0.01    0.01    0.01      0.80      0.07
    1934    0.01    0.04    0.01    0.01    0.01    0.01    0.01    0.01    0.00    0.00    0.00    0.00      0.11      0.01
    1935    0.00    0.00    0.00    0.34    0.35    0.64    0.20    0.02    0.01    0.01    0.01    0.01      1.60      0.13
    1936    0.01    0.01    0.02    0.02    0.50    0.17    0.01    0.01    0.01    0.01    0.01    0.01      0.79      0.07
    1937    0.01    0.01    0.04    0.33    0.11    0.01    0.12    0.04    0.01    0.01    0.01    0.01      0.69      0.06
    1938    0.01    0.00    5.76    1.97    0.66    0.22    0.06    0.06    0.05    0.04    0.04    0.04      8.91      0.74
    1939    0.03    0.39    0.14    0.05    0.02    0.04    0.02    0.02    0.02    0.01    0.01    0.01      0.77      0.06
    1940    0.01    0.11    0.16    0.06    0.01    0.01    0.01    0.01    0.01    0.01    0.01    0.00      0.40      0.03
    1941    0.00    0.02    0.34    0.12    0.01    0.82    0.29    0.02    0.01    0.01    0.01    0.01      1.66      0.14
    1942    0.01    0.01    0.02    0.01    0.01    0.06    0.02    0.01    0.00    0.00    0.00    0.00      0.15      0.01
    1943    0.00    0.00    0.00    0.05    0.70    0.24    0.01    0.01    0.01    0.01    0.01    0.01      1.05      0.09
    1944    0.01    0.01    0.00    0.00    0.00    0.01    0.00    0.00    0.00    0.00    0.00    0.00      0.05      0.00
    1945    0.00    0.00    0.08    0.10    0.11    0.03    0.00    0.00    0.00    0.00    0.00    0.00      0.35      0.03
    1946    0.00    0.00    0.00    0.00    0.00    0.00    0.00    0.00    0.00    0.00    0.00    0.00      0.02      0.00
    1947    0.00    0.03    0.02    3.58    1.22    2.88    1.01    0.07    0.06    0.06    0.05    0.04      9.03      0.75
    1948    0.04    0.05    0.03    0.10    0.03    0.02    0.02    0.02    0.02    0.02    0.01    0.01      0.38      0.03
    1949    0.01    0.01    0.32    0.11    0.11    0.04    0.01    0.01    0.01    0.01    0.01    0.01      0.64      0.05
    1950    0.01    0.00    1.19    0.41    0.02    0.08    0.03    0.01    0.01    0.01    0.01    0.01      1.80      0.15
    1951    0.99    0.35    0.02    0.02    0.01    0.05    0.01    0.01    0.01    0.01    0.01    0.01      1.50      0.12
    1952    0.01    0.01    0.05    0.51    0.25    0.03    0.20    0.07    0.01    0.01    0.01    0.01      1.16      0.10
    1953    0.08    0.03    0.01    0.05    0.43    0.15    0.01    0.01    0.01    0.01    0.01    0.01      0.79      0.07
    1954    0.01    0.01    0.12    0.58    0.23    0.02    0.01    0.01    0.01    0.01    0.01    0.01      1.02      0.08
    1955    0.01    0.01    0.15    0.05    2.47    0.85    0.04    0.03    0.03    0.03    0.02    0.02      3.69      0.31
    1956    0.02    0.02    0.02    0.08    0.16    0.06    0.01    0.01    0.01    0.01    0.01    0.01      0.41      0.03
    1957    0.01    0.01    0.01   21.78    7.17    0.17    0.15    0.14    0.12    0.11    0.10    0.09     29.85      2.49
    1958    0.08    0.07    0.06    0.31    0.12    0.05    0.04    0.04    0.03    0.03    0.03    0.02      0.89      0.07
    1959    0.02    0.02    0.02    0.02    0.15    0.05    0.01    0.01    0.01    0.01    0.01    0.01      0.33      0.03
    1960    0.01    0.01    0.13    0.06    1.20    0.41    0.02    0.02    0.02    0.02    0.01    0.01      1.92      0.16
    1961    0.01    0.01    0.01    0.01    0.01    0.01    0.10    0.04    0.01    0.01    0.01    0.00      0.21      0.02
    1962    0.00    0.02    0.01    0.00    0.00    0.00    0.00    0.00    0.00    0.00    0.00    0.00      0.05      0.00
    1963    0.00    0.00    0.02    0.01    0.00    0.00    0.00    0.00    0.00    0.00    0.00    0.00      0.05      0.00
    1964    0.01    0.00    0.18    0.06    0.00    0.00    0.00    0.00    0.00    0.00    0.00    0.00      0.27      0.02
    1965    0.00    0.00    0.00    0.00    0.03    0.01    0.00    0.00    0.00    0.00    0.00    0.00      0.06      0.00
    1966    0.00    0.00    0.00    0.15    0.08    0.01    0.01    0.00    0.00    0.00    0.00    0.00      0.26      0.02
    1967    0.00    0.00    0.00    0.00    0.17    0.06    0.01    0.01    0.00    0.00    0.00    0.00      0.26      0.02
    1968    0.00    0.00    0.06    0.03    0.00    0.56    0.20    0.01    0.01    0.01    0.01    0.01      0.90      0.07
    1969    0.04    0.01    0.01    0.00    0.00    0.00    0.00    0.00    0.00    0.00    0.00    0.00      0.09      0.01
    1970    0.00    0.02    0.06    0.04    0.01    0.00    0.00    0.00    0.00    0.00    0.00    0.00      0.15      0.01
    1971    0.02    0.01    0.01    0.57    0.37    0.37    0.11    0.01    0.01    0.01    0.01    0.01      1.52      0.13
    1972    0.01    0.01    0.01    0.01    0.00    0.00    0.00    0.00    0.00    0.00    0.00    0.01      0.06      0.00
    1973    0.00    0.00    0.35    0.17    0.51    0.18    0.01    0.01    0.01    0.01    0.01    0.01      1.28      0.11
    1974    0.01    0.18    0.09    5.29    2.19    0.14    3.68    1.29    0.10    0.09    0.08    0.07     13.20      1.10
    1975    0.06    0.05    0.51    0.32    0.27    0.08    0.04    0.03    0.03    0.03    0.03    0.02      1.48      0.12
    1976    0.02    0.02    0.02    0.02    1.57    1.20    0.24    0.04    0.03    0.03    0.03    0.02      3.24      0.27
    1977    0.02    0.02    0.81    0.82    2.23    0.72    0.05    0.05    0.04    0.04    0.03    0.03      4.87      0.41
    1978    0.03    0.06    0.02    0.35    0.13    0.02    0.02    0.02    0.02    0.01    0.01    0.01      0.70      0.06
    1979    0.03    0.03    0.01    0.28    1.34    0.45    0.03    0.02    0.02    0.02    0.02    0.02      2.27      0.19
    1980    0.02    0.18    0.22    1.55    0.54    0.03    0.03    0.03    0.02    0.02    0.02    0.02      2.67      0.22
    1981    0.02    0.04    0.01    0.01    0.01    0.01    0.01    0.01    0.01    0.01    0.01    0.01      0.16      0.01
    1982    0.01    0.01    0.01    0.01    0.01    0.01    0.01    0.00    0.00    0.00    0.00    0.00      0.06      0.01
    1983    0.00    0.01    0.00    0.00    0.00    0.09    0.03    0.00    0.00    0.00    0.00    0.00      0.17      0.01
    1984    0.00    0.24    0.09    0.15    0.45    0.15    0.01    0.01    0.01    0.01    0.01    0.12      1.25      0.10
    1985    0.07    0.01    0.01    0.01    0.01    0.01    0.00    0.00    0.00    0.00    0.00    0.00      0.13      0.01
    1986    0.00    0.00    0.01    0.02    0.00    0.09    0.03    0.00    0.00    0.00    0.00    0.00      0.18      0.02
    1987    0.00    0.00    0.69    0.24    0.25    0.09    0.01    0.01    0.01    0.01    0.01    0.01      1.34      0.11
    1988    0.20    0.07    0.01    0.01    0.09    0.03    0.01    0.01    0.01    0.00    0.00    0.00      0.44      0.04
    1989    0.00    0.73    0.27    0.02    0.01    0.01    0.01    0.01    0.01    0.01    0.01    0.01      1.09      0.09
    1990    0.00    0.00    0.01    0.12    0.04    0.01    0.00    0.00    0.00    0.00    0.00    0.00      0.21      0.02
    1991    0.00    0.00    0.00    0.00    0.00    0.00    0.00    0.00    0.00    0.00    0.00    0.00      0.02      0.00
    1992    0.00    0.07    4.98    1.69    0.95    0.33    0.06    0.05    0.05    0.04    0.04    0.03      8.29      0.69
    1993    0.03    0.55    0.20    0.08    0.03    0.02    0.02    0.02    0.02    0.01    0.01    0.01      1.00      0.08
    1994    0.01    0.01    0.01    0.01    0.09    0.05    0.01    0.01    0.01    0.00    0.00    0.00      0.20      0.02
    1995    0.00    0.00    0.00    2.67    2.47    0.56    0.05    0.04    0.04    0.04    0.03    0.03      5.95      0.50
    1996    0.03    0.02    0.02    0.11    0.09    0.02    0.01    0.01    0.01    0.01    0.01    0.01      0.36      0.03
    1997    0.01    0.01    0.01    0.01    0.00    0.00    0.00    0.00    0.00    0.00    0.00    0.00      0.05      0.00
    1998    0.00    0.17    0.10    0.04    0.25    0.12    0.01    0.01    0.01    0.01    0.00    0.00      0.71      0.06
    1999    0.04    0.06    0.02    1.58   30.71    9.97    0.21    0.20    0.18    0.16    0.14    0.13     43.39      3.62
    2000    0.11    0.10    0.16    0.08    1.31    0.46    0.07    0.07    0.06    0.05    0.05    0.04      2.57      0.21
    2001    0.04    1.09    0.41    0.04    0.04    0.03    0.03    0.03    0.02    0.02    0.02    0.02      1.79      0.15
    2002    0.02    0.01    0.02    0.01    0.01    0.09    0.03    0.01    0.01    0.01    0.01    0.01      0.22      0.02
    2003    0.01    0.28    0.10    0.15    0.07    1.48    0.52    0.03    0.02    0.02    0.02    0.02      2.72      0.23
    2004    0.02    0.01    0.01    0.07    0.02    0.01    0.01    0.01    0.01    0.01    0.01    0.01      0.19      0.02
    2005    0.01    0.01    0.05    0.19    0.30    0.13    0.02    0.01    0.01    0.01    0.01    0.01      0.74      0.06
    2006    0.01    0.19    0.07    0.01    0.01    0.01    0.01    0.01    0.01    0.00    0.00    0.05      0.36      0.03
    2007    0.02    0.42    1.10    0.34    0.02    0.02    0.02    0.02    0.01    0.01    0.01    0.01      1.99      0.17
    2008    0.01    0.02    0.10    0.72    0.24    0.02    0.01    0.01    0.01    0.01    0.01    0.01      1.17      0.10
    2009    0.01    0.23    0.08    0.01    0.01    0.03    0.03    0.01    0.01    0.01    0.00    0.00      0.44      0.04
  
 AVERAGE    0.08    0.12    0.34    0.71    0.78    0.35    0.14    0.07    0.06    0.05    0.05    0.05      2.81      0.23
