    1920    0.58    0.68    0.59    0.50    1.06    4.92    2.55    1.25    1.16    1.01    0.88    0.75     15.94      1.33
    1921    0.70    4.44    2.28    1.04    0.94    0.92    0.82    0.72    0.65    0.59    0.56    0.52     14.18      1.18
    1922    0.47    0.47    0.45   14.63    8.65    2.74    1.83    2.52    1.84    1.24    0.88    0.74     36.45      3.04
    1923    0.61    0.53    0.73    0.62    0.61    7.23    3.28    1.11    0.99    0.88    0.82    0.75     18.16      1.51
    1924    0.71    1.25    1.66    2.95    2.46   39.19   14.19    4.52    2.04    1.56    1.26    1.07     72.86      6.07
    1925    0.99    0.85    0.78    0.82    1.87    1.39    1.13    0.94    0.82    0.80    0.76    0.65     11.80      0.98
    1926    0.54    0.48    0.45    0.89    0.67    0.62    0.56    0.51    0.46    0.47    0.46    0.39      6.48      0.54
    1927    0.95    0.76    0.69    1.14    0.86    0.70    0.64    0.59    0.52    0.48    0.46    0.42      8.22      0.69
    1928    0.37    0.38    0.44    1.27    2.93    1.94    1.20    1.00    0.90    0.86    0.80    0.72     12.79      1.07
    1929    0.69    0.77    2.48    1.70    1.63    1.56    2.09    2.47    1.87    1.49    1.12    0.85     18.71      1.56
    1930    0.72    0.61    2.58    1.35    0.86    0.86    0.86    0.78    0.69    0.73    0.73    0.62     11.39      0.95
    1931    0.58    0.60    0.58    1.04    0.78    0.80    0.85    0.86    0.83    0.73    0.64    0.55      8.84      0.74
    1932    0.52    0.54    0.71   11.40    4.73    1.25    1.03    0.87    0.76    0.68    0.62    0.55     23.66      1.97
    1933    0.49    4.14    2.10    3.17    2.39    1.73    2.57    2.40    1.79    1.42    1.00    0.84     24.04      2.00
    1934    0.77    0.77    0.81    0.84    0.83    0.82    0.76    0.67    0.60    0.54    0.49    0.44      8.36      0.70
    1935    0.39    0.34    0.29    1.25    1.37    1.77    1.23    1.03    0.95    0.88    0.82    0.71     11.04      0.92
    1936    0.63    0.64    0.67    0.95    5.38    2.77    1.29    1.08    0.93    0.83    0.74    0.68     16.61      1.38
    1937    0.62    0.55    0.56    2.13    1.17    0.75    0.81    0.83    0.72    0.65    0.59    0.59      9.98      0.83
    1938    0.65    0.59    2.62    1.84    4.52    2.84    1.75    2.48    2.15    1.70    1.49    1.00     23.63      1.97
    1939    0.82    1.14    1.43    1.09    1.05    1.99    1.58    1.83    1.61    1.65    1.22    1.13     16.54      1.38
    1940    1.18    0.96    1.18    1.04    0.92    0.84    0.76    0.66    0.60    0.55    0.51    0.46      9.66      0.81
    1941    0.42    0.39    0.39    0.47    0.45    2.47    1.35    0.77    0.78    0.75    0.81    0.85      9.88      0.82
    1942    0.80    0.69    0.61    0.59    0.63    0.72    1.00    0.94    0.82    0.82    0.84    0.77      9.22      0.77
    1943    0.66    0.62    0.59    0.58    3.75    2.00    1.02    0.86    0.78    0.73    0.64    0.55     12.79      1.07
    1944    0.57    0.57    0.48    0.47    0.54    0.61    0.65    0.60    0.53    0.49    0.45    0.39      6.35      0.53
    1945    0.38    0.41    0.81    4.15    3.08    1.55    1.19    1.03    0.92    0.85    0.75    0.65     15.77      1.31
    1946    0.56    0.49    0.42    0.42    0.49    0.58    0.61    0.54    0.52    0.53    0.48    0.43      6.07      0.51
    1947    0.38    0.35    2.44    2.04    1.16   19.43    7.62    2.42    2.35    1.82    1.25    0.84     42.09      3.51
    1948    0.81    0.86    0.86    4.20    2.36    1.72    2.07    1.78    1.42    1.22    1.02    0.84     19.16      1.60
    1949    0.72    0.71    0.77    1.07    1.43    1.16    1.16    1.11    0.96    0.85    0.76    0.66     11.36      0.95
    1950    0.55    0.49    3.32    1.61    0.73    1.12    0.92    0.96    0.91    0.80    0.74    0.67     12.82      1.07
    1951    0.76    0.74    0.63    1.15    1.69    1.12    0.94    0.85    0.82    0.81    0.73    0.63     10.87      0.91
    1952    0.60    0.63    0.82    7.58    3.99    1.66    2.14    2.42    1.63    1.28    1.07    0.82     24.64      2.05
    1953    0.71    0.97    1.19    3.67    2.72    2.18    2.46    2.30    1.67    1.22    0.94    0.83     20.86      1.74
    1954    0.72    0.66    0.92    2.82    8.85    4.17    3.04    2.58    1.45    1.38    1.05    0.89     28.52      2.38
    1955    0.79    0.81    1.52    1.07    6.09    3.51    2.56    2.04    1.45    1.03    0.89    0.81     22.57      1.88
    1956    0.73    0.63    0.60    1.10    1.44    1.10    1.08    1.03    0.94    0.88    0.82    0.74     11.10      0.92
    1957    0.73    0.72    0.82   29.82   10.92    2.05    1.95    1.52    0.93    0.83    0.74    0.71     51.74      4.31
    1958    0.69    0.60    2.41    3.08    1.74    1.28    1.10    0.92    0.80    0.76    0.71    0.62     14.71      1.23
    1959    0.56    0.52    1.36    0.82    1.31    0.95    0.92    0.90    0.82    0.78    0.69    0.60     10.21      0.85
    1960    0.53    0.56    2.69    1.55    5.83    3.24    1.72    2.47    1.88    1.55    1.13    0.89     24.03      2.00
    1961    0.75    0.67    0.63    0.88    0.78    0.80    0.85    0.81    0.69    0.62    0.55    0.48      8.51      0.71
    1962    0.41    0.53    0.87    0.61    0.56    0.55    0.56    0.61    0.66    0.64    0.56    0.48      7.04      0.59
    1963    0.43    0.38    0.36    0.38    0.42    0.41    0.36    0.32    0.29    0.27    0.25    0.23      4.09      0.34
    1964    0.24    0.31    0.39    0.41    0.39    0.37    0.36    0.34    0.31    0.29    0.27    0.26      3.92      0.33
    1965    0.24    0.26    0.34    0.48    4.65    2.22    0.82    0.71    0.64    0.58    0.52    0.48     11.93      0.99
    1966    0.48    0.45    0.45    3.74    2.67    1.31    1.25    1.20    1.04    0.96    0.86    0.73     15.15      1.26
    1967    0.68    0.79    0.75    0.61    0.58    0.58    0.58    0.61    0.60    0.56    0.51    0.45      7.30      0.61
    1968    0.40    0.96    0.95    0.69    0.69    3.36    1.93    1.10    0.96    0.85    0.76    0.69     13.34      1.11
    1969    0.72    0.73    0.71    0.63    0.58    0.57    0.49    0.45    0.45    0.44    0.40    0.35      6.54      0.54
    1970    0.33    0.36    0.47    2.16    1.25    0.80    0.82    0.81    0.75    0.67    0.59    0.53      9.55      0.80
    1971    0.53    0.89    0.69    4.08    4.07    4.12    3.44    3.04    2.64    1.80    1.25    0.86     27.42      2.29
    1972    0.85    0.89    0.82    0.74    0.72    0.76    0.83    0.78    0.69    0.66    0.61    0.66      9.02      0.75
    1973    0.82    0.82    2.16    2.86   12.48    5.40    3.37    2.85    2.11    1.14    0.99    0.92     35.92      2.99
    1974    0.82    1.24    0.98    1.89    6.22    3.26    2.82    2.48    1.52    1.30    1.03    0.87     24.44      2.04
    1975    0.72    0.63    1.83    5.13    3.31    1.97    2.81    2.65    1.89    1.41    1.09    0.90     24.35      2.03
    1976    0.78    0.75    0.77    3.29   12.76   25.21    8.34    2.54    1.23    1.05    0.96    0.97     58.65      4.89
    1977    0.93    0.83    1.72    8.72   11.88    4.77    3.30    1.67    1.30    1.11    0.98    0.86     38.06      3.17
    1978    0.77    0.93    0.97    0.95    0.90    0.88    0.81    0.70    0.62    0.59    0.60    0.57      9.28      0.77
    1979    0.55    0.54    0.55    0.86    0.97    0.93    0.90    0.76    0.66    0.59    0.57    0.57      8.45      0.70
    1980    0.54    1.03    0.74    8.33    4.56    2.56    2.18    2.80    2.28    1.51    1.08    0.92     28.53      2.38
    1981    0.84    0.83    0.78    0.68    0.70    0.68    0.63    0.62    0.57    0.53    0.48    0.42      7.77      0.65
    1982    0.40    0.36    0.30    0.31    0.32    0.34    0.34    0.30    0.28    0.29    0.31    0.30      3.85      0.32
    1983    0.27    0.29    0.29    0.25    0.25    0.72    0.60    0.47    0.41    0.47    0.51    0.46      5.01      0.42
    1984    0.62    1.16    0.84    1.00    1.20    1.06    0.98    0.96    0.96    0.86    0.76    0.81     11.22      0.93
    1985    0.90    0.79    1.42    0.97    0.90    0.86    1.04    0.97    0.83    0.74    0.67    0.60     10.70      0.89
    1986    0.58    0.63    0.66    0.61    0.57    0.54    0.51    0.46    0.43    0.41    0.38    0.38      6.18      0.51
    1987    0.40    0.38    3.66    1.79    2.34    1.92    1.31    1.13    1.09    1.06    0.96    0.87     16.91      1.41
    1988    1.53    1.07    0.93    0.76    1.27    0.88    0.77    0.69    0.64    0.60    0.54    0.48     10.16      0.85
    1989    0.49    0.56    0.88    1.11    0.86    0.85    0.82    0.73    0.63    0.57    0.52    0.46      8.50      0.71
    1990    0.41    0.38    0.41    1.57    1.04    1.83    1.25    0.90    0.82    0.73    0.65    0.56     10.55      0.88
    1991    0.47    0.43    0.40    0.39    0.40    0.40    0.37    0.32    0.32    0.32    0.30    0.27      4.38      0.36
    1992    0.24    0.25    0.99    0.64    4.79    2.37    0.93    0.79    0.71    0.68    0.65    0.56     13.60      1.13
    1993    0.49    0.75    0.73    0.70    0.68    0.62    0.55    0.48    0.42    0.39    0.36    0.33      6.50      0.54
    1994    0.31    0.29    0.29    0.30    1.63    1.04    0.80    0.83    0.75    0.67    0.62    0.55      8.08      0.67
    1995    0.48    0.47    0.50    9.78   26.42    8.91    3.41    3.12    2.66    2.16    2.08    1.47     61.47      5.12
    1996    1.02    0.89    0.81    2.90    1.88    1.41    1.58    1.31    1.04    0.86    0.77    0.75     15.24      1.27
    1997    0.77    0.74    0.66    1.70    1.02    0.76    0.68    0.59    0.52    0.50    0.49    0.46      8.89      0.74
    1998    0.49    0.57    1.95    1.50    1.70    1.46    1.29    1.14    1.02    0.96    0.89    0.76     13.74      1.14
    1999    0.69    0.72    0.79    6.51   95.99   58.72   10.35    3.85    1.52    1.58    1.20    1.00    182.90     15.24
    2000    0.95    0.93    0.89    0.75    5.26    2.84    1.45    1.38    1.42    1.14    0.93    0.79     18.75      1.56
    2001    0.68    1.31    1.43    1.15    0.97    0.80    0.70    0.62    0.61    0.60    0.54    0.49      9.90      0.82
    2002    0.47    0.44    0.42    0.43    0.43    0.47    0.45    0.39    0.40    0.40    0.36    0.33      4.99      0.42
    2003    0.36    0.38    0.53    0.60    0.59   12.90    5.23    1.27    1.08    0.97    0.87    0.76     25.54      2.13
    2004    0.67    0.57    0.55    0.57    0.53    0.52    0.53    0.49    0.44    0.41    0.38    0.33      5.99      0.50
    2005    0.29    0.42    0.70    1.98    2.82    3.58    2.20    1.55    2.23    1.78    1.18    0.82     19.54      1.63
    2006    0.68    0.67    0.74    0.76    0.75    1.05    0.93    0.81    0.70    0.67    0.64    0.63      9.02      0.75
    2007    0.68    0.74    2.30    1.84    1.20    1.13    1.01    0.86    0.76    0.70    0.65    0.56     12.41      1.03
    2008    0.48    0.47    0.51    0.87    1.12    1.19    1.00    0.84    0.78    0.74    0.66    0.57      9.25      0.77
    2009    0.51    1.08    0.96    1.00    1.19    1.01    1.36    1.17    1.02    0.95    0.86    0.73     11.86      0.99
  
 AVERAGE    0.62    0.74    1.01    2.34    3.71    3.35    1.75    1.26    1.02    0.88    0.76    0.65     18.09      1.51
