    1920    0.64    0.70    0.57    0.46    0.87    4.00    2.16    1.08    0.98    0.86    0.75    0.65     13.71      1.14
    1921    0.62    3.61    1.85    0.89    0.80    0.78    0.71    0.64    0.61    0.57    0.56    0.53     12.17      1.01
    1922    0.49    0.49    0.47   12.11    7.19    2.30    1.47    1.18    0.99    0.87    0.78    0.67     29.00      2.42
    1923    0.57    0.51    0.56    0.60    0.60    5.94    2.69    1.04    0.93    0.84    0.78    0.72     15.77      1.31
    1924    0.69    1.00    1.32    2.35    1.96   19.15    7.90    2.14    1.77    1.51    1.29    1.17     42.26      3.52
    1925    1.09    0.95    0.88    0.91    1.48    1.30    1.18    1.02    0.93    0.92    0.90    0.81     12.36      1.03
    1926    0.72    0.67    0.65    0.70    0.81    0.79    0.74    0.70    0.66    0.67    0.67    0.61      8.39      0.70
    1927    0.77    0.79    0.79    0.90    0.85    0.74    0.68    0.63    0.57    0.54    0.53    0.49      8.29      0.69
    1928    0.44    0.45    0.48    1.00    2.43    1.57    1.03    0.83    0.73    0.70    0.66    0.59     10.93      0.91
    1929    0.58    0.63    1.97    1.35    1.28    1.23    1.28    1.21    1.02    0.91    0.82    0.74     12.99      1.08
    1930    0.64    0.56    2.03    1.07    0.77    0.78    0.78    0.73    0.67    0.71    0.71    0.62     10.08      0.84
    1931    0.59    0.60    0.57    0.81    0.69    0.73    0.76    0.77    0.74    0.66    0.58    0.51      8.00      0.67
    1932    0.49    0.50    0.56    9.27    3.95    1.06    0.85    0.72    0.63    0.58    0.55    0.49     19.63      1.64
    1933    0.45    3.38    1.71    2.54    1.92    1.40    1.34    1.15    1.00    0.90    0.81    0.73     17.35      1.45
    1934    0.69    0.69    0.72    0.75    0.75    0.75    0.71    0.65    0.61    0.57    0.54    0.49      7.92      0.66
    1935    0.46    0.41    0.37    0.98    1.09    1.42    1.02    0.92    0.83    0.76    0.70    0.61      9.57      0.80
    1936    0.54    0.54    0.57    0.74    4.33    2.25    1.06    0.87    0.75    0.68    0.63    0.59     13.55      1.13
    1937    0.55    0.49    0.50    1.68    0.94    0.66    0.71    0.74    0.65    0.60    0.55    0.56      8.63      0.72
    1938    0.61    0.55    2.09    1.46    3.66    2.30    1.33    1.14    1.04    1.01    0.96    0.83     16.97      1.41
    1939    0.71    0.89    1.12    0.93    0.90    1.55    1.26    1.20    1.14    1.10    0.99    1.01     12.80      1.07
    1940    0.98    0.89    0.91    0.93    0.84    0.78    0.73    0.66    0.62    0.60    0.58    0.55      9.08      0.76
    1941    0.52    0.49    0.48    0.52    0.53    2.02    1.10    0.78    0.77    0.73    0.78    0.80      9.52      0.79
    1942    0.74    0.62    0.54    0.51    0.55    0.63    0.79    0.81    0.71    0.71    0.74    0.68      8.02      0.67
    1943    0.58    0.55    0.51    0.50    3.04    1.62    0.86    0.72    0.66    0.63    0.57    0.50     10.73      0.89
    1944    0.52    0.52    0.44    0.43    0.49    0.55    0.59    0.55    0.50    0.46    0.44    0.39      5.89      0.49
    1945    0.38    0.40    0.64    3.36    2.52    1.27    0.94    0.78    0.70    0.65    0.58    0.51     12.72      1.06
    1946    0.45    0.40    0.35    0.36    0.43    0.51    0.55    0.50    0.49    0.50    0.47    0.42      5.43      0.45
    1947    0.37    0.35    2.00    1.65    0.94   14.86    6.02    1.34    1.08    0.96    0.86    0.73     31.15      2.60
    1948    0.71    0.75    0.75    3.36    1.90    1.28    1.24    1.11    1.01    0.97    0.92    0.82     14.82      1.23
    1949    0.72    0.72    0.76    0.82    1.11    1.07    1.07    1.02    0.90    0.81    0.75    0.67     10.43      0.87
    1950    0.58    0.53    2.65    1.29    0.72    0.88    0.88    0.90    0.86    0.77    0.71    0.66     11.44      0.95
    1951    0.70    0.71    0.60    0.89    1.33    0.92    0.82    0.74    0.72    0.72    0.66    0.58      9.40      0.78
    1952    0.56    0.59    0.64    6.14    3.25    1.39    1.31    1.14    0.95    0.89    0.84    0.73     18.44      1.54
    1953    0.65    0.76    0.93    2.91    2.16    1.45    1.38    1.25    1.09    0.97    0.89    0.81     15.26      1.27
    1954    0.72    0.68    0.73    2.22    7.34    3.42    1.65    1.42    1.27    1.17    1.03    0.90     22.57      1.88
    1955    0.83    0.85    1.18    1.01    5.00    2.83    1.57    1.33    1.16    1.03    0.93    0.87     18.59      1.55
    1956    0.80    0.73    0.70    0.85    1.12    1.12    1.11    1.05    0.98    0.93    0.88    0.81     11.07      0.92
    1957    0.80    0.78    0.78   26.24    9.76    1.50    1.23    1.04    0.91    0.85    0.78    0.76     45.42      3.78
    1958    0.75    0.67    1.91    2.45    1.40    1.21    1.04    0.89    0.79    0.76    0.73    0.66     13.26      1.10
    1959    0.62    0.58    1.07    0.71    1.02    0.87    0.89    0.86    0.80    0.76    0.68    0.61      9.46      0.79
    1960    0.54    0.55    2.14    1.24    4.77    2.64    1.41    1.18    1.04    0.97    0.89    0.79     18.16      1.51
    1961    0.68    0.62    0.59    0.67    0.73    0.75    0.81    0.78    0.69    0.64    0.59    0.54      8.09      0.67
    1962    0.48    0.49    0.68    0.62    0.57    0.55    0.56    0.60    0.65    0.63    0.56    0.48      6.87      0.57
    1963    0.43    0.38    0.36    0.38    0.41    0.40    0.36    0.33    0.31    0.30    0.29    0.27      4.21      0.35
    1964    0.27    0.31    0.34    0.36    0.36    0.33    0.32    0.31    0.28    0.28    0.26    0.25      3.68      0.31
    1965    0.23    0.24    0.28    0.38    3.72    1.83    0.68    0.56    0.49    0.45    0.41    0.39      9.66      0.80
    1966    0.39    0.37    0.36    2.98    2.15    1.07    0.97    0.92    0.78    0.72    0.65    0.56     11.92      0.99
    1967    0.52    0.63    0.59    0.48    0.47    0.48    0.49    0.53    0.54    0.52    0.48    0.43      6.17      0.51
    1968    0.39    0.77    0.76    0.61    0.59    2.71    1.57    0.88    0.75    0.67    0.60    0.55     10.84      0.90
    1969    0.58    0.59    0.57    0.50    0.47    0.47    0.43    0.41    0.42    0.42    0.40    0.36      5.61      0.47
    1970    0.35    0.36    0.40    1.77    1.01    0.66    0.66    0.64    0.59    0.53    0.47    0.43      7.88      0.66
    1971    0.43    0.71    0.56    3.24    3.19    2.76    1.73    1.28    1.11    0.96    0.85    0.74     17.57      1.46
    1972    0.75    0.79    0.73    0.67    0.67    0.72    0.79    0.77    0.71    0.69    0.67    0.71      8.68      0.72
    1973    0.84    0.82    1.72    2.27    6.15    3.14    1.61    1.42    1.22    1.07    0.96    0.90     22.12      1.84
    1974    0.83    0.99    0.95    1.48    5.11    2.65    1.66    1.50    1.32    1.18    1.05    0.92     19.65      1.64
    1975    0.80    0.73    1.43    4.19    2.65    1.72    1.65    1.59    1.46    1.27    1.11    0.96     19.58      1.63
    1976    0.86    0.84    0.85    2.60    9.83    7.16    2.81    1.82    1.49    1.28    1.17    1.16     31.89      2.66
    1977    1.11    0.99    1.40    7.33    5.14    2.45    1.99    1.61    1.35    1.23    1.12    1.01     26.71      2.23
    1978    0.93    0.97    1.06    1.07    1.02    1.00    0.96    0.87    0.82    0.80    0.83    0.81     11.15      0.93
    1979    0.79    0.79    0.79    0.87    1.00    1.09    1.04    0.91    0.81    0.76    0.74    0.75     10.33      0.86
    1980    0.72    0.82    0.81    6.97    3.81    2.08    1.62    1.37    1.20    1.04    0.95    0.88     22.26      1.86
    1981    0.81    0.81    0.76    0.68    0.71    0.70    0.67    0.68    0.65    0.62    0.59    0.54      8.23      0.69
    1982    0.52    0.48    0.42    0.42    0.42    0.44    0.44    0.40    0.38    0.39    0.41    0.39      5.11      0.43
    1983    0.36    0.35    0.34    0.29    0.28    0.58    0.50    0.45    0.40    0.45    0.48    0.43      4.89      0.41
    1984    0.52    0.95    0.69    0.78    0.94    0.84    0.73    0.71    0.71    0.65    0.58    0.66      8.76      0.73
    1985    0.71    0.62    1.11    0.75    0.70    0.67    0.81    0.78    0.68    0.62    0.57    0.51      8.52      0.71
    1986    0.51    0.55    0.57    0.52    0.48    0.47    0.45    0.42    0.41    0.40    0.38    0.38      5.52      0.46
    1987    0.39    0.37    2.98    1.46    1.91    1.55    1.04    0.87    0.82    0.79    0.72    0.66     13.56      1.13
    1988    1.23    0.87    0.70    0.57    0.98    0.69    0.62    0.57    0.55    0.53    0.50    0.45      8.27      0.69
    1989    0.47    0.53    0.70    0.87    0.74    0.71    0.68    0.60    0.53    0.48    0.46    0.41      7.19      0.60
    1990    0.37    0.35    0.37    1.23    0.83    1.46    1.02    0.74    0.66    0.59    0.52    0.46      8.60      0.72
    1991    0.39    0.36    0.34    0.33    0.34    0.35    0.34    0.31    0.31    0.32    0.31    0.29      4.00      0.33
    1992    0.26    0.26    0.80    0.52    3.84    1.90    0.72    0.59    0.52    0.51    0.49    0.42     10.84      0.90
    1993    0.37    0.60    0.58    0.54    0.53    0.48    0.43    0.39    0.36    0.34    0.33    0.30      5.26      0.44
    1994    0.29    0.27    0.26    0.26    1.30    0.84    0.64    0.65    0.57    0.51    0.47    0.42      6.47      0.54
    1995    0.36    0.35    0.38    7.88   15.28    5.48    1.56    1.44    1.31    1.29    1.27    1.07     37.66      3.14
    1996    0.91    0.84    0.78    2.30    1.50    1.29    1.23    1.07    0.95    0.89    0.83    0.82     13.41      1.12
    1997    0.83    0.80    0.73    1.33    0.88    0.81    0.75    0.68    0.63    0.62    0.62    0.59      9.29      0.77
    1998    0.63    0.68    1.56    1.20    1.35    1.22    1.13    0.98    0.87    0.83    0.78    0.68     11.89      0.99
    1999    0.62    0.65    0.70    5.30   78.62   50.15    9.59    1.87    1.63    1.49    1.30    1.14    153.06     12.76
    2000    1.08    1.05    1.00    0.87    4.31    2.31    1.48    1.35    1.19    1.12    1.03    0.91     17.69      1.47
    2001    0.82    1.04    1.13    1.14    1.04    0.89    0.81    0.76    0.76    0.77    0.73    0.69     10.59      0.88
    2002    0.68    0.65    0.63    0.63    0.62    0.65    0.64    0.59    0.59    0.59    0.56    0.52      7.35      0.61
    2003    0.53    0.54    0.54    0.59    0.63   10.58    4.49    1.18    0.96    0.85    0.76    0.67     22.32      1.86
    2004    0.59    0.51    0.49    0.51    0.49    0.49    0.51    0.49    0.46    0.44    0.42    0.38      5.79      0.48
    2005    0.35    0.37    0.56    1.62    2.33    2.92    1.82    1.20    1.01    0.89    0.77    0.64     14.47      1.21
    2006    0.54    0.54    0.60    0.63    0.63    0.81    0.81    0.73    0.65    0.63    0.62    0.61      7.81      0.65
    2007    0.66    0.69    1.83    1.46    1.00    0.92    0.81    0.70    0.62    0.60    0.56    0.51     10.36      0.86
    2008    0.45    0.44    0.48    0.68    0.88    0.94    0.87    0.72    0.67    0.64    0.58    0.51      7.86      0.65
    2009    0.46    0.86    0.76    0.79    0.94    0.83    1.07    0.95    0.82    0.76    0.70    0.60      9.54      0.80
  
 AVERAGE    0.61    0.69    0.87    1.95    2.90    2.44    1.29    0.90    0.81    0.75    0.70    0.64     14.56      1.21
