    1920    6.97    4.78    1.80    0.76    0.83   10.46   12.12    3.91    1.38    0.57    0.52    0.49     44.59
    1921    0.62    0.92    0.65    0.52    0.71    1.01    0.69    0.47    0.55    0.50    0.55    0.45      7.64
    1922    0.45    0.79    0.72    4.14    5.18    1.88    0.65    0.30    0.27    0.28    0.22    0.20     15.08
    1923    0.18    0.29    0.52    0.39    0.35    3.99    5.13    2.05    0.80    0.34    0.23    0.23     14.50
    1924    0.27    1.05    4.64    5.04    3.71    9.39    9.06    3.70    1.83    0.94    0.54    0.57     40.74
    1925    0.49    0.49    0.42    0.36    0.48    0.39    0.26    0.28    0.29    0.25    0.20    0.20      4.11
    1926    0.19    0.20    0.20    0.22    3.64    4.72    1.81    0.70    0.29    0.36    0.34    0.20     12.87
    1927    1.19    1.50    0.63    0.47    0.54    0.37    0.21    0.15    0.13    0.12    0.12    0.13      5.56
    1928    0.09    0.12    0.10    0.09    0.13    0.45    0.40    0.26    0.20    0.18    0.15    0.25      2.42
    1929    0.59    0.78    0.81    2.19    3.55    2.76    1.35    0.59    0.31    0.36    0.36    0.25     13.90
    1930    0.18    0.14    0.14    0.36    0.29    0.23    0.22    0.17    0.13    0.41    0.40    0.27      2.94
    1931    0.17    0.29    0.33    0.38    1.75    2.26    1.11    0.47    0.23    0.19    0.17    0.15      7.50
    1932    0.14    0.21    0.18    0.15    0.13    0.11    0.14    0.12    0.10    0.12    0.10    0.08      1.58
    1933    0.06    3.62   11.52   19.29   20.19   11.43    4.05    1.67    0.77    0.61    0.50    0.34     74.05
    1934    0.27    3.21    4.37    1.78    0.66    0.39    0.37    0.27    0.22    0.20    0.19    0.16     12.09
    1935    0.18    0.13    0.17    0.25    2.93    4.61    2.44    5.43    6.39    2.44    0.87    0.37     26.21
    1936    0.38    3.98    5.13    2.39    5.17    5.73    2.15    0.76    0.32    0.31    0.27    0.32     26.91
    1937    0.40    0.33   13.65   27.21   17.38    5.46    2.09    0.98    0.44    0.42    0.40    0.33     69.09
    1938    0.44    0.42    1.08    1.32   15.10   17.13    5.31    1.94    0.82    0.53    0.48    0.38     44.95
    1939    0.29    4.45    5.72    2.04    0.83    0.41    0.29    0.32    1.91    2.43    1.08    1.35     21.12
    1940    1.42    2.20    2.66    1.38    0.64    1.52    6.08    6.28    2.26    0.80    0.35    0.29     25.88
    1941    0.30    0.25    0.26    2.56    3.45    1.62    0.77    1.29    1.58    0.82    0.36    0.26     13.52
    1942    0.51    0.89    2.11    2.33    0.97    0.60   13.93   16.07    5.19    1.96    1.08    0.62     46.26
    1943    0.46    5.95    7.75    4.51   26.78   27.22    7.80    2.57    0.99    0.49    0.40    0.37     85.29
    1944    0.40    0.40    0.32    0.32    0.62    0.53    0.38    0.29    0.25    0.22    0.18    0.16      4.07
    1945    0.22    0.26    0.24    2.46   14.84   14.66    4.69    1.68    0.66    0.32    0.28    0.22     40.53
    1946    0.23    1.78    2.32    3.88    4.47    1.85    0.71    0.30    0.25    0.24    0.20    0.17     16.40
    1947    0.24    0.35    3.15    8.25    6.67    2.37    0.90    0.38    0.27    0.25    0.22    0.20     23.25
    1948    0.39    2.66    3.19    4.11    4.59    1.98    1.86    1.80    0.81    0.35    0.27    0.25     22.26
    1949    0.50    3.62    4.67    2.09    0.96    1.68    2.17    1.23    0.60    0.34    0.28    0.23     18.37
    1950    0.20    0.25    0.40    0.29    0.34    0.53    0.88    0.94    0.69    0.40    0.31    0.22      5.45
    1951    2.06    2.64    1.17    0.78    0.69    0.48    0.29    0.21    0.17    0.19    0.17    0.14      8.99
    1952    0.14    0.22    0.51    0.42    0.28    0.39    0.36    0.38    0.32    0.22    0.15    0.10      3.49
    1953    0.14    1.75    2.51    1.40    3.45    3.95    1.55    0.61    0.28    0.23    0.19    0.19     16.25
    1954    0.16    0.71    0.90    0.83   12.32   13.80    4.41    1.74    0.78    0.39    0.28    0.22     36.54
    1955    0.31    0.64    3.40    4.17    4.55    4.51    1.64    4.35    5.41    2.16    0.81    0.44     32.39
    1956    0.79    0.89    0.73    0.54    0.73    0.86    0.59    0.39    0.41    0.85    0.79    0.80      8.37
    1957    0.94    0.62    0.40    0.85    1.12    0.75    4.53    5.63    2.16    0.76    0.33    0.49     18.58
    1958    0.94    0.69    2.21    2.76    1.56    0.92    0.50    0.40    0.32    0.30    0.26    0.18     11.04
    1959    0.17    1.84    2.37    0.89    0.32    0.17    0.32    0.32    0.22    0.19    0.16    0.12      7.09
    1960    0.16    0.37    0.64    0.57    0.40    0.44    0.53    0.41    0.27    0.24    0.17    0.21      4.41
    1961    0.29    0.37    0.54    0.56    0.48    0.52    0.63    0.48    0.25    0.18    0.18    0.14      4.62
    1962    0.17    3.12    4.34    2.40    1.44    0.51    0.26    0.30    0.53    0.62    0.40    0.21     14.30
    1963    0.23    0.58    0.42    1.89    2.39    0.97    0.37    0.18    0.16    0.15    0.16    0.12      7.62
    1964    2.09    2.94    1.36    0.65    0.28    0.14    0.18    0.20    0.15    0.14    0.13    0.09      8.35
    1965    0.08    0.10    0.26    0.24    0.19    0.13    0.13    0.17    0.15    0.14    0.11    0.07      1.77
    1966    0.29    0.53    0.48    5.02    6.88    3.07    1.70    1.17    0.56    0.34    0.30    0.24     20.58
    1967    0.40    1.02    1.15    0.67    0.41    0.55    0.48    0.37    0.27    0.21    0.20    0.17      5.90
    1968    0.12    0.57    0.82    0.59    0.70    7.69    9.13    3.31    1.29    0.52    0.29    0.26     25.29
    1969    2.54    3.83    2.26    1.39    0.83    0.51    0.40    0.36    0.29    0.26    0.24    0.21     13.12
    1970    0.36    0.65    0.59    0.53    0.45    0.42    0.72    0.64    0.42    0.26    0.19    0.21      5.44
    1971    0.32    1.13    1.57    8.14    9.18    4.16    2.62    1.02    0.41    0.31    0.27    0.30     29.43
    1972    0.40    0.71    0.51    0.36    0.27    0.40    0.63    0.45    0.26    0.19    0.17    0.23      4.58
    1973    0.55    0.45    0.83    1.09    0.73    0.37    0.32    0.31    0.22    0.21    0.18    0.13      5.39
    1974    0.11    0.24    0.33   11.82   18.59   10.05    3.99    1.74    0.74    0.40    0.35    0.28     48.64
    1975    0.30    5.80    8.37    3.96    1.65    0.77    0.47    0.52    0.45    0.33    0.28    0.21     23.11
    1976    0.48    0.73    0.80    0.73    0.43    0.48    0.55    0.37    0.23    0.20    0.20    0.19      5.39
    1977    0.22    0.38    0.36    2.05    8.34    8.02    2.81    1.00    0.41    0.25    0.26    0.32     24.42
    1978    0.55    0.62    0.38    0.21    0.32    0.43    0.31    0.21    0.16    0.16    0.18    0.13      3.66
    1979    0.75    4.00    4.33    4.04    8.61    7.30    2.65    0.96    0.38    0.31    0.27    0.25     33.85
    1980    0.23    4.53    6.20   10.08   10.36    3.79    1.41    0.57    0.35    0.33    0.33    0.38     38.56
    1981    1.30    1.54    0.68    0.62    0.54    0.85    0.91    0.42    0.22    0.22    0.18    0.15      7.63
    1982    0.24    0.39    0.24    2.13    2.77    1.19    0.60    0.33    0.25    0.31    0.37    0.25      9.07
    1983    0.27   10.09   12.14    4.12    1.88    1.15    0.63    0.31    0.28    0.32    0.28    0.21     31.68
    1984    0.42    0.46    0.36    0.27    2.86    3.87    1.65    0.60    0.27    0.21    0.18    0.23     11.38
    1985    0.40    0.34    0.32    0.45    0.42    0.40    0.33    0.20    0.15    0.14    0.13    0.09      3.37
    1986    0.19    1.58    2.31    2.02    1.73    1.08    0.73    0.39    0.26    0.23    0.28    2.29     13.09
    1987    3.06    4.87    5.39    2.23    0.87    0.54    0.53    0.36    0.28    0.27    0.24    0.26     18.90
    1988    0.50    0.47    0.52    0.56    5.72    7.06    2.53    0.91    0.48    0.43    0.32    0.22     19.72
    1989    0.27    1.88    3.84    2.90    1.28    0.69    0.76    0.66    0.42    0.29    0.24    0.18     13.41
    1990    0.18    0.28    1.65   11.44   11.88    5.50    3.56    1.29    0.54    0.38    0.30    0.24     37.24
    1991    0.28    0.21    0.38    0.64    0.57    0.44    0.29    0.20    0.16    0.15    0.17    0.15      3.64
    1992    0.16    0.23    0.50    0.44    0.53    0.80    0.64    0.38    0.22    0.17    0.15    0.17      4.39
    1993    1.04    1.64    1.05    0.70    0.47    0.36    0.25    0.15    0.13    0.12    0.12    0.10      6.13
    1994    0.19    0.18    0.22    0.34    0.31    0.67    0.91    0.61    0.35    0.19    0.17    0.12      4.26
    1995    0.25    2.63    8.66    8.01   21.82   22.49    7.06    2.57    1.04    0.52    0.45    0.36     75.86
    1996    0.58    0.51    0.59    1.11    1.11    3.58    4.34    1.87    0.95    0.48    0.34    0.28     15.74
    1997    0.50    3.55    4.28    1.79    0.87    0.46    0.27    0.21    0.19    0.17    0.16    0.27     12.72
    1998    0.30    1.76    4.30    3.55    1.43    0.63    0.33    0.26    0.23    0.21    0.18    0.15     13.33
    1999    0.22    0.42    8.73   14.29   16.35   14.78    7.36    2.75    1.13    0.64    0.45    0.43     67.55
    2000    0.55    3.00   15.19   14.51    4.62    1.68    0.69    0.42    0.35    0.34    0.31    0.25     41.91
    2001    0.36    0.73    0.53    0.50    0.51    0.43    0.33    0.25    0.24    0.21    0.31    0.25      4.65
    2002    0.40    0.38    0.88    2.05    2.00    0.94    0.37    0.18    0.16    0.16    0.16    0.12      7.80
    2003    0.13    1.20    1.61    0.97    4.44    5.59    2.40    0.87    0.33    0.29    0.25    0.18     18.26
    2004    0.29    0.34    0.24    0.32    0.31    0.35    0.36    0.26    0.16    0.13    0.12    0.09      2.97
    2005    0.08    0.19    0.18   15.35   21.27    9.40    3.17    1.06    0.43    0.27    0.31    0.24     51.95
    2006    0.17    0.26    1.67    2.13    0.89    0.32    0.17    0.15    0.15    0.13    0.12    0.13      6.29
    2007    2.07    4.00    5.37   13.97   12.10    3.89    1.41    0.82    0.78    0.55    0.38    0.27     45.61
    2008    0.34    0.51    0.51   10.71   36.96   30.31    8.67    2.89    1.13    0.54    0.38    0.30     93.25
    2009    0.29    1.11    1.60    1.03    0.66    0.48    0.54    0.39    0.26    0.22    0.19    0.16      6.93
