    1920    5.17    4.54    3.74    3.08    5.85    9.49    7.46    3.86    2.88    2.14    1.61    1.21     51.03
    1921    0.97    1.02    1.34    1.39    1.36    1.73    1.92    1.49    1.29    1.19    1.13    1.09     15.92
    1922    1.07    1.59    2.56    3.78    3.79    2.36    1.73    1.21    0.88    0.66    0.54    0.43     20.60
    1923    0.32    0.31    0.75    1.20    1.31    2.30    3.07    2.46    1.84    1.43    1.06    0.81     16.86
    1924    0.68    1.05    2.09    2.45    2.42    3.32    4.19    4.26    3.88    3.45    2.78    2.12     32.69
    1925    1.63    1.30    1.12    0.93    0.80    0.76    0.64    0.53    0.48    0.47    0.42    0.38      9.46
    1926    0.34    0.46    0.52    0.64    1.00    1.15    1.05    0.88    0.73    0.67    0.86    0.80      9.10
    1927    1.09    1.32    0.93    0.80    0.89    0.88    0.81    0.67    0.54    0.43    0.38    0.34      9.08
    1928    0.31    0.29    0.58    0.79    1.01    1.53    1.62    1.34    1.19    1.03    0.84    0.73     11.26
    1929    1.56    2.48    4.22    7.57    7.76    5.47    3.76    2.95    2.14    1.58    1.22    0.94     41.65
    1930    0.67    0.49    0.40    0.46    0.54    0.58    0.76    0.81    0.65    0.64    0.78    0.63      7.41
    1931    0.52    0.63    0.68    0.75    1.09    1.16    0.89    0.74    0.62    0.52    0.44    0.38      8.42
    1932    0.34    0.56    0.85    0.80    0.64    0.67    0.63    0.54    0.45    0.38    0.34    0.29      6.49
    1933    0.26    1.04    2.01    5.90    7.82    4.71    2.72    2.03    1.59    1.32    1.14    0.95     31.49
    1934    0.70    0.65    1.28    1.50    1.24    1.15    1.02    0.82    0.64    0.48    0.38    0.31     10.17
    1935    0.23    0.18    0.22    1.31    2.79    3.09    2.51    2.30    2.31    1.88    1.45    1.08     19.35
    1936    0.87    1.77    2.43    2.06    2.06    1.87    1.47    1.14    0.85    0.64    0.48    0.39     16.03
    1937    0.42    0.53    4.07    9.91    8.91    4.69    2.73    2.21    1.83    1.41    1.08    0.82     38.61
    1938    0.65    0.58    0.68    0.78    2.56    4.20    3.16    2.01    1.61    1.39    1.25    1.08     19.95
    1939    0.90    5.83    9.91    6.65    4.16    2.69    2.18    1.78    1.70    2.07    1.70    1.46     41.03
    1940    1.24    1.10    1.35    1.51    1.53    1.81    2.21    2.02    1.57    1.18    0.87    0.65     17.04
    1941    0.54    0.45    0.53    1.78    2.86    2.71    2.38    2.23    2.18    1.95    1.62    1.28     20.51
    1942    1.42    2.14    3.35    3.76    2.76    2.15    2.48    2.97    2.53    2.22    2.11    1.96     29.85
    1943    1.66    1.48    1.75    2.91    6.94    7.71    4.10    2.29    1.70    1.33    1.04    0.78     33.69
    1944    0.65    0.85    0.94    0.98    1.16    1.07    0.84    0.71    0.59    0.49    0.42    0.33      9.03
    1945    0.27    0.41    0.56    1.84    4.15    4.46    3.02    2.02    1.47    1.07    0.77    0.55     20.59
    1946    0.39    0.47    1.01    1.58    1.92    1.94    1.63    1.28    0.97    0.72    0.57    0.43     12.91
    1947    0.35    0.56    2.42    4.95    4.86    3.38    2.45    1.92    1.42    1.05    0.77    0.58     24.71
    1948    0.50    0.99    1.19    2.23    3.01    2.11    1.48    1.23    1.04    0.84    0.65    0.53     15.80
    1949    0.48    1.81    3.91    3.93    2.54    1.81    1.57    1.47    1.27    1.03    0.81    0.64     21.27
    1950    0.49    0.42    0.75    0.97    0.91    1.07    1.74    2.46    2.34    1.80    1.45    1.13     15.53
    1951    1.18    1.45    1.39    1.45    1.27    0.98    0.81    0.69    0.60    0.50    0.44    0.38     11.14
    1952    0.31    0.45    0.77    0.85    1.40    2.81    3.41    2.68    2.02    1.51    1.10    0.77     18.08
    1953    0.55    3.96    6.04    3.45    2.80    2.69    2.17    1.79    1.40    1.06    0.79    0.61     27.31
    1954    0.46    0.60    0.84    2.54   11.51   13.50    6.31    3.31    2.30    1.80    1.33    0.96     45.46
    1955    0.71    0.84    3.36    4.28    2.33    1.29    0.99    0.85    1.24    1.22    0.97    0.80     18.88
    1956    0.69    0.78    0.94    0.97    1.17    1.43    1.27    1.02    0.90    1.21    1.64    1.81     13.83
    1957    2.01    1.73    1.31    1.03    1.15    0.98    1.60    2.17    1.73    1.28    0.97    0.84     16.80
    1958    1.75    2.82    4.46    4.86    3.74    2.80    2.23    1.73    1.33    1.03    0.79    0.61     28.15
    1959    0.45    3.52    5.61    3.36    1.92    1.32    1.73    2.28    1.77    1.32    1.01    0.75     25.04
    1960    0.58    0.73    1.15    1.32    1.31    1.61    2.10    2.02    1.61    1.35    1.05    0.81     15.64
    1961    0.65    0.63    1.34    1.93    1.67    1.34    1.27    1.13    0.94    0.76    0.60    0.50     12.76
    1962    0.44    1.52    2.72    3.47    3.30    1.87    1.38    1.04    1.09    1.69    1.61    1.17     21.30
    1963    0.90    0.97    1.09    2.30    3.11    1.99    1.12    0.87    0.68    0.53    0.43    0.35     14.34
    1964    1.17    2.07    1.82    1.46    1.14    0.91    0.70    0.58    0.50    0.44    0.38    0.34     11.51
    1965    0.27    0.27    0.51    0.77    0.83    0.62    0.47    0.38    0.34    0.34    0.34    0.29      5.43
    1966    0.52    1.12    1.79    7.31   10.00    5.67    3.97    3.25    2.62    1.99    1.48    1.08     40.80
    1967    0.84    1.31    1.82    1.82    1.74    1.99    2.16    1.75    1.44    1.11    0.86    0.64     17.48
    1968    0.48    0.67    1.02    1.02    1.19    4.22    5.98    3.98    2.56    1.99    1.48    1.06     25.65
    1969    1.07    2.22    2.95    2.98    2.72    2.19    1.73    1.32    1.00    0.77    0.61    0.52     20.08
    1970    0.68    1.31    1.61    2.07    2.27    1.76    1.93    2.24    1.83    1.47    1.10    0.85     19.12
    1971    0.73    1.43    2.29    3.65    4.12    3.78    3.51    2.40    1.82    1.33    0.99    0.76     26.81
    1972    0.62    1.10    1.53    1.49    1.31    1.06    1.18    1.25    0.99    0.79    0.63    0.54     12.49
    1973    0.87    1.22    1.89    2.51    2.15    1.53    1.28    1.10    0.94    0.77    0.65    0.54     15.45
    1974    0.42    0.67    1.22    6.48   10.34    7.08    5.25    3.88    3.05    2.28    1.63    1.14     43.44
    1975    0.82    2.25    3.87    3.36    2.65    2.03    1.73    1.49    1.29    1.07    0.85    0.64     22.05
    1976    0.68    1.23    1.38    1.23    0.93    0.93    1.38    1.45    1.09    0.88    0.68    0.56     12.42
    1977    0.51    0.73    0.87    2.05    3.90    3.80    2.59    1.82    1.32    0.95    0.73    0.62     19.89
    1978    0.81    1.11    0.97    0.69    0.54    0.50    0.56    0.50    0.44    0.38    0.38    0.34      7.22
    1979    0.59    2.07    2.79    2.63    5.07    6.08    3.91    2.46    1.78    1.28    0.92    0.69     30.27
    1980    0.52    1.69    2.86    3.83    4.56    3.41    2.25    1.66    1.18    0.88    0.68    0.61     24.13
    1981    0.89    1.09    0.91    1.11    1.31    1.37    1.35    1.01    0.78    0.60    0.48    0.38     11.28
    1982    0.38    0.51    0.50    1.58    2.27    1.64    1.34    1.04    0.91    0.85    0.90    0.86     12.78
    1983    0.80    5.05    7.35    4.12    2.63    1.96    1.66    1.29    0.95    0.78    0.68    0.57     27.84
    1984    0.72    1.09    1.09    1.06    1.86    2.76    2.39    1.65    1.23    0.91    0.68    0.54     15.98
    1985    0.68    0.84    0.78    0.87    0.97    0.90    0.79    0.68    0.56    0.48    0.41    0.34      8.30
    1986    0.40    1.97    4.48    5.09    4.07    3.82    3.61    2.67    1.97    1.41    1.07    1.15     31.71
    1987    1.70    4.28    5.48    3.37    2.03    1.70    1.43    1.17    0.90    0.72    0.57    0.49     23.84
    1988    0.72    1.04    1.09    1.39    2.88    3.61    2.59    1.84    1.48    1.29    1.14    0.90     19.97
    1989    0.69    0.84    1.66    1.79    1.31    1.27    1.98    2.45    1.86    1.43    1.06    0.76     17.10
    1990    0.56    0.47    0.94   17.79   24.37   10.87    6.51    3.16    2.22    1.70    1.29    0.93     70.81
    1991    0.70    0.53    0.44    0.68    0.94    1.06    0.94    0.73    0.60    0.47    0.38    0.34      7.81
    1992    0.31    0.52    0.91    0.88    0.89    1.40    1.60    1.26    1.02    0.80    0.63    0.54     10.76
    1993    1.04    2.10    2.36    1.89    1.47    1.50    1.62    1.14    0.87    0.65    0.48    0.36     15.48
    1994    0.34    0.45    0.56    0.67    0.59    0.85    1.42    1.50    1.19    0.98    0.79    0.62      9.96
    1995    0.59    2.42    6.78    6.94   14.71   18.27    8.40    4.10    2.76    2.18    1.68    1.25     70.08
    1996    1.06    1.26    1.22    1.53    1.62    2.86    3.69    2.71    1.97    1.62    1.28    0.97     21.79
    1997    0.83    1.81    2.18    1.43    1.06    0.86    0.65    0.47    0.35    0.26    0.21    0.26     10.37
    1998    0.44    1.55    3.75    4.02    2.46    1.57    1.13    0.81    0.61    0.46    0.35    0.28     17.43
    1999    0.26    0.62    5.26    8.08   18.91   23.11   10.68    5.27    3.40    2.88    2.35    1.82     82.64
    2000    1.51    4.22   24.62   28.57   10.39    4.49    2.07    1.69    1.38    1.10    0.86    0.64     81.54
    2001    0.53    0.87    1.07    1.25    1.53    1.57    1.29    1.05    0.83    0.67    0.60    0.68     11.94
    2002    0.78    0.79    2.01    2.88    2.20    1.57    1.13    0.86    0.65    0.52    0.42    0.35     14.16
    2003    0.32    0.55    0.87    1.00    1.89    2.94    2.56    1.74    1.31    0.98    0.78    0.60     15.54
    2004    0.47    0.42    0.35    0.31    0.31    0.50    0.81    0.82    0.60    0.51    0.41    0.34      5.85
    2005    0.26    0.31    0.45   12.42   18.80    8.73    4.17    1.91    1.40    1.04    0.83    0.67     50.99
    2006    0.50    0.40    1.23    1.88    1.39    0.86    0.64    0.48    0.38    0.30    0.25    0.22      8.53
    2007    0.97    2.41    4.00   10.16   10.91    5.03    2.42    2.07    1.96    1.80    1.46    1.08     44.27
    2008    0.81    0.82    1.06    7.80   31.29   31.88   11.04    4.27    1.92    1.63    1.31    0.97     94.80
    2009    0.72    0.97    1.73    1.97    1.74    1.32    1.23    1.13    0.94    0.73    0.57    0.42     13.47
