    1920    7.17    2.46    0.64    0.48   10.76    9.83    2.91    0.74    0.44    0.35    0.34    0.32     36.44
    1921    0.36    0.55    0.48    0.50    0.45    2.23    0.96    0.39    0.46    0.40    0.47    0.40      7.65
    1922    0.44    1.60    2.30    4.40    1.82    0.52    0.33    0.29    0.28    0.29    0.28    0.26     12.81
    1923    0.26    0.29    0.57    0.50    0.46    4.87    2.09    0.54    0.38    0.28    0.24    0.26     10.74
    1924    0.26    1.43    2.12    0.98    1.31    4.53    2.21    1.16    0.96    0.68    0.43    0.33     16.40
    1925    0.29    0.30    0.33    0.25    0.27    0.26    0.20    0.21    0.21    0.19    0.18    0.18      2.87
    1926    0.17    0.23    0.19    0.32    0.47    0.36    0.28    0.21    0.17    0.30    0.34    0.19      3.23
    1927    1.42    0.67    0.20    0.32    0.27    0.27    0.19    0.14    0.11    0.10    0.11    0.09      3.89
    1928    0.08    0.11    0.38    0.26    0.51    0.66    0.44    0.31    0.25    0.18    0.12    0.34      3.64
    1929    2.28    1.37    6.12    9.20    3.65    1.23    0.75    0.37    0.21    0.18    0.20    0.14     25.70
    1930    0.12    0.13    0.15    0.23    0.17    0.22    0.34    0.22    0.14    0.29    0.26    0.14      2.41
    1931    0.16    0.29    0.20    0.33    0.49    0.33    0.19    0.13    0.11    0.09    0.08    0.08      2.48
    1932    0.11    0.32    0.34    0.20    0.20    0.21    0.16    0.10    0.07    0.08    0.07    0.07      1.93
    1933    0.05    3.13    1.54   10.22    4.61    0.98    0.49    0.27    0.23    0.24    0.24    0.15     22.15
    1934    0.09    0.39    0.72    0.44    0.32    0.37    0.23    0.13    0.08    0.07    0.07    0.06      2.97
    1935    0.05    0.04    0.17    3.32    2.81    1.17    0.55    0.95    0.67    0.33    0.17    0.14     10.37
    1936    0.22    4.12    1.74    0.63    0.66    0.46    0.26    0.14    0.10    0.09    0.08    0.09      8.59
    1937    0.22    0.16    8.75   11.87    4.16    0.85    0.72    0.51    0.27    0.17    0.13    0.12     27.93
    1938    0.17    0.19    0.31    0.23    7.25    3.23    0.67    0.40    0.26    0.38    0.31    0.20     13.60
    1939    0.18   12.86    9.46    2.54    0.79    0.51    0.34    0.27    0.97    0.68    0.34    0.37     29.31
    1940    0.27    0.37    0.56    0.46    0.48    0.72    0.78    0.49    0.24    0.13    0.10    0.11      4.71
    1941    0.15    0.08    0.33    3.81    1.85    0.75    0.63    0.62    0.57    0.39    0.25    0.20      9.63
    1942    2.14    1.27    4.53    2.08    0.61    0.53    2.53    1.36    0.51    0.59    0.63    0.42     17.20
    1943    0.33    0.45    0.73    4.02    9.79    3.90    0.69    0.32    0.21    0.21    0.16    0.14     20.95
    1944    0.23    0.43    0.26    0.40    0.43    0.27    0.17    0.12    0.11    0.11    0.09    0.07      2.69
    1945    0.11    0.23    0.19    4.29    6.96    2.57    0.57    0.28    0.16    0.11    0.10    0.08     15.65
    1946    0.08    0.33    0.57    0.69    0.65    0.58    0.37    0.19    0.11    0.10    0.09    0.06      3.82
    1947    0.08    0.43    5.36    6.68    2.32    0.70    0.44    0.25    0.15    0.10    0.09    0.09     16.69
    1948    0.22    0.63    0.36    4.37    1.96    0.45    0.35    0.25    0.17    0.12    0.09    0.11      9.08
    1949    0.20    4.90    5.31    1.82    0.48    0.30    0.49    0.38    0.22    0.14    0.12    0.09     14.45
    1950    0.09    0.16    0.47    0.32    0.29    0.43    1.62    1.12    0.55    0.31    0.24    0.16      5.76
    1951    1.79    0.83    0.48    0.47    0.31    0.18    0.16    0.15    0.11    0.11    0.10    0.06      4.75
    1952    0.09    0.27    0.37    0.25    2.90    4.03    1.58    0.53    0.29    0.16    0.11    0.07     10.65
    1953    0.08    9.92    4.17    0.76    1.55    0.93    0.48    0.29    0.17    0.11    0.10    0.10     18.66
    1954    0.09    0.42    0.29    5.55   16.13    6.47    1.17    0.61    0.34    0.20    0.13    0.10     31.50
    1955    0.17    0.51    7.00    2.88    0.44    0.24    0.14    0.50    0.51    0.30    0.18    0.13     13.00
    1956    0.23    0.29    0.35    0.29    0.53    0.47    0.30    0.19    0.23    0.67    0.58    0.61      4.74
    1957    0.66    0.40    0.19    0.47    0.34    0.27    3.03    1.34    0.34    0.18    0.12    0.46      7.80
    1958    1.87    2.21    5.70    2.53    0.88    0.55    0.33    0.24    0.16    0.15    0.13    0.10     14.85
    1959    0.11    9.16    3.97    0.71    0.35    0.25    3.42    1.49    0.32    0.19    0.13    0.10     20.20
    1960    0.17    0.39    0.53    0.41    0.40    0.72    0.77    0.50    0.31    0.21    0.14    0.11      4.66
    1961    0.17    0.25    1.94    1.04    0.41    0.35    0.36    0.25    0.15    0.10    0.11    0.09      5.22
    1962    0.15    4.20    2.02    3.89    1.66    0.30    0.18    0.15    0.77    0.74    0.38    0.18     14.62
    1963    0.18    0.51    0.30    4.70    2.07    0.38    0.18    0.11    0.09    0.09    0.09    0.08      8.78
    1964    4.37    1.86    0.49    0.39    0.26    0.13    0.15    0.15    0.09    0.09    0.09    0.06      8.13
    1965    0.05    0.15    0.30    0.32    0.24    0.13    0.08    0.08    0.10    0.10    0.08    0.06      1.69
    1966    0.39    0.62    0.80   11.84    6.07    1.32    2.44    1.22    0.39    0.22    0.16    0.12     25.59
    1967    0.25    1.48    0.84    0.56    0.49    1.20    0.72    0.36    0.21    0.14    0.12    0.09      6.46
    1968    0.08    0.68    0.42    0.34    0.48    9.16    3.96    0.84    0.49    0.26    0.14    0.10     16.95
    1969    2.22    2.21    1.19    0.87    0.75    0.45    0.24    0.17    0.12    0.12    0.14    0.11      8.59
    1970    0.43    0.69    0.52    2.18    1.08    0.40    1.84    0.98    0.36    0.21    0.13    0.15      8.97
    1971    0.22    2.91    1.48    5.40    2.37    4.24    1.84    0.38    0.22    0.15    0.12    0.14     19.47
    1972    0.16    1.72    0.84    0.48    0.34    0.27    0.49    0.33    0.19    0.11    0.09    0.20      5.22
    1973    0.51    0.43    2.38    1.32    0.51    0.28    0.31    0.26    0.15    0.14    0.13    0.09      6.51
    1974    0.07    0.56    0.56   12.08    9.69    2.84    1.97    1.05    0.42    0.23    0.16    0.12     29.75
    1975    0.13    6.19    2.92    0.93    0.62    0.47    0.32    0.33    0.26    0.17    0.12    0.10     12.56
    1976    0.45    0.61    0.42    0.34    0.19    0.47    0.65    0.38    0.21    0.12    0.10    0.14      4.08
    1977    0.15    0.41    0.27    4.31    5.44    1.89    0.47    0.24    0.13    0.09    0.11    0.20     13.71
    1978    0.41    0.40    0.22    0.12    0.13    0.19    0.16    0.11    0.08    0.09    0.10    0.08      2.09
    1979    0.43    4.84    1.95    2.23    8.23    3.47    0.73    0.34    0.18    0.12    0.11    0.12     22.75
    1980    0.10    4.83    2.23    5.34    2.59    0.72    0.35    0.19    0.12    0.12    0.12    0.21     16.92
    1981    0.49    0.33    0.24    0.55    0.39    0.51    0.36    0.18    0.11    0.09    0.09    0.06      3.40
    1982    0.18    0.21    0.13    3.77    1.61    0.44    0.33    0.22    0.18    0.23    0.32    0.21      7.83
    1983    0.26   11.32    4.82    0.89    0.58    0.50    0.31    0.15    0.12    0.18    0.16    0.09     19.38
    1984    0.45    0.45    0.30    0.37    3.32    1.71    0.53    0.25    0.14    0.10    0.09    0.16      7.87
    1985    0.36    0.24    0.24    0.34    0.30    0.25    0.19    0.13    0.09    0.09    0.08    0.06      2.37
    1986    0.23    5.59    6.36    2.94    1.08    3.94    1.76    0.39    0.21    0.13    0.18    0.83     23.64
    1987    0.65    8.78    3.71    0.73    0.41    0.38    0.29    0.16    0.12    0.13    0.11    0.15     15.62
    1988    0.45    0.38    0.35    0.63    5.93    2.45    0.51    0.27    0.35    0.35    0.22    0.13     12.02
    1989    0.13    0.52    1.29    0.62    0.34    0.44    2.88    1.31    0.35    0.19    0.12    0.09      8.28
    1990    0.09    0.23    0.58   26.71   11.81    7.17    2.87    0.52    0.26    0.18    0.14    0.12     50.68
    1991    0.13    0.12    0.23    0.32    0.40    0.33    0.21    0.14    0.09    0.08    0.11    0.09      2.25
    1992    0.10    0.34    0.42    0.23    0.40    0.70    0.46    0.26    0.16    0.11    0.09    0.20      3.47
    1993    0.84    2.02    0.95    0.51    0.31    1.50    0.74    0.19    0.10    0.07    0.07    0.06      7.36
    1994    0.19    0.16    0.25    0.23    0.13    0.98    0.73    0.39    0.25    0.16    0.12    0.09      3.68
    1995    0.30    6.45    9.63    3.39   20.37    9.14    1.49    0.76    0.41    0.24    0.17    0.14     52.49
    1996    0.93    0.50    0.38    0.69    0.44    6.67    2.76    0.61    0.42    0.26    0.17    0.13     13.96
    1997    0.41    3.10    1.29    0.29    0.21    0.15    0.10    0.08    0.08    0.07    0.07    0.18      6.03
    1998    0.19    4.11    5.82    2.08    0.44    0.21    0.12    0.09    0.08    0.08    0.08    0.07     13.37
    1999    0.13    0.43   10.95    5.90   22.85   13.61    3.02    0.87    0.73    0.59    0.31    0.27     59.66
    2000    0.36    9.54   30.98   12.41    1.80    0.74    0.36    0.24    0.21    0.19    0.17    0.15     57.15
    2001    0.27    0.48    0.33    0.55    0.56    0.45    0.29    0.18    0.14    0.13    0.24    0.23      3.85
    2002    0.29    0.23    4.25    1.93    0.56    0.33    0.17    0.12    0.10    0.09    0.09    0.08      8.24
    2003    0.11    0.34    0.38    0.34    4.19    2.02    0.56    0.27    0.15    0.15    0.13    0.08      8.72
    2004    0.15    0.11    0.06    0.14    0.09    0.33    0.37    0.21    0.12    0.08    0.07    0.04      1.77
    2005    0.03    0.21    0.17   20.47   12.94    2.75    0.63    0.27    0.13    0.10    0.16    0.11     37.97
    2006    0.07    0.18    2.33    1.13    0.29    0.13    0.08    0.07    0.06    0.06    0.06    0.06      4.52
    2007    3.55    2.91    4.81   12.93    5.11    0.86    0.42    0.51    0.55    0.35    0.20    0.13     32.33
    2008    0.22    0.38    0.38   14.04   34.42   13.26    1.75    0.68    0.34    0.24    0.16    0.13     66.00
    2009    0.13    1.75    1.05    0.66    0.42    0.32    0.38    0.25    0.15    0.11    0.10    0.09      5.41
