    1920    1.63    2.00    1.58    1.35    1.26   17.84    6.70    1.74    1.46    1.29    1.18    1.12     39.15
    1921    1.13    1.22    1.28    1.35    1.39    1.32    1.21    1.11    1.05    1.00    0.97    0.98     14.01
    1922    0.97    1.25    1.50    3.42    1.74    1.52    1.22    1.02    0.90    0.85    0.82    0.76     15.97
    1923    0.68    0.63    0.69    0.87    0.95    1.05    1.21    1.12    0.89    0.72    0.61    0.53      9.95
    1924    0.47    0.49    5.02    2.56    1.60    7.95    6.76    2.65    2.30    1.79    1.39    1.21     34.19
    1925    1.13    1.10    1.09    1.11    1.17    1.11    0.94    0.82    0.77    0.73    0.67    0.62     11.26
    1926    0.56    0.54    0.55    0.55    0.58    0.59    0.54    0.44    0.35    0.31    0.33    0.31      5.65
    1927    0.58    0.54    0.38    0.43    0.81    0.82    0.76    0.59    0.43    0.34    0.29    0.26      6.23
    1928    0.22    0.37    0.44    0.61    1.19    1.38    1.55    1.24    0.96    0.82    0.72    0.69     10.19
    1929    1.26    1.64    2.03    2.06    2.02    2.06    1.81    1.39    1.12    1.00    0.97    0.93     18.29
    1930    0.84    0.75    0.71    0.75    0.93    1.01    0.91    0.81    0.68    0.59    0.58    0.52      9.08
    1931    0.42    0.58    0.61    0.55    0.52    1.06    1.00    0.91    0.70    0.55    0.45    0.37      7.72
    1932    0.34    0.32    0.31    0.29    0.27    0.34    0.39    0.33    0.27    0.22    0.19    0.16      3.43
    1933    0.12    8.80    6.61    6.51    2.50    1.73    1.35    1.17    1.12    1.08    1.03    0.96     32.98
    1934    0.87    0.90    1.00    0.91    0.77    0.73    0.69    0.58    0.48    0.41    0.37    0.32      8.03
    1935    0.28    0.24    0.24    0.39    1.07    1.63    1.74    7.91    3.49    1.74    1.31    1.05     21.09
    1936    0.91    0.95    1.03    1.04    1.36    1.55    1.30    0.96    0.77    0.66    0.59    0.53     11.65
    1937    0.48    0.43    0.42    0.60    0.66    0.65    0.63    0.64    0.57    0.47    0.40    0.33      6.28
    1938    0.28    0.25    0.85    0.91   12.41    5.33    1.64    1.26    1.05    0.95    0.90    0.82     26.65
    1939    0.71    1.18    1.31    1.40    1.26    1.05    0.91    0.82    0.77    0.75    0.67    0.59     11.42
    1940    0.56    0.59    1.38    1.27    1.23    1.17    1.33    1.40    1.17    0.90    0.74    0.63     12.37
    1941    0.55    0.49    0.44    0.62    0.74    0.80    0.73    0.59    0.49    0.45    0.41    0.39      6.70
    1942    0.48    0.72    0.99    0.95    0.80    0.65    0.87    1.09    1.18    1.03    0.95    0.89     10.60
    1943    0.83    0.80    0.81    0.92   21.50    8.11    1.52    1.14    1.00    1.02    0.97    0.90     39.52
    1944    0.96    1.09    1.05    0.83    0.75    0.83    0.85    0.72    0.59    0.50    0.43    0.37      8.97
    1945    0.31    0.28    0.28    0.85    1.24    1.52    1.69    1.37    1.04    0.85    0.74    0.65     10.82
    1946    0.57    0.54    0.56    0.59    0.70    0.88    0.91    0.72    0.54    0.43    0.37    0.31      7.12
    1947    0.27    0.25    0.43    0.67    0.55    0.51    0.56    0.56    0.49    0.39    0.31    0.25      5.24
    1948    0.21    0.47    0.37    0.50    0.65    0.52    0.45    0.38    0.32    0.27    0.23    0.19      4.56
    1949    0.27    1.20    1.68    1.75    1.49    1.18    1.06    1.02    0.95    0.83    0.71    0.61     12.75
    1950    0.53    0.48    5.98    2.82    1.12    0.93    0.82    0.79    0.76    0.68    0.59    0.51     16.01
    1951    0.48    0.51    0.47    0.47    0.47    0.44    0.39    0.33    0.28    0.25    0.24    0.21      4.54
    1952    0.16    0.32    0.50    0.37    0.58    0.82    1.07    1.32    1.31    1.06    0.83    0.67      9.01
    1953    0.56    0.85    1.02    1.09    0.98    0.89    0.86    0.78    0.66    0.55    0.47    0.41      9.12
    1954    0.36    0.36    0.37    1.36    2.31    1.69    1.53    1.31    1.15    0.98    0.84    0.72     12.98
    1955    0.63    0.68    0.97    1.22    1.33    1.37    1.25    1.07    1.01    0.94    0.79    0.66     11.92
    1956    0.64    0.79    0.92    0.90    0.85    0.91    0.96    0.83    0.68    0.70    0.84    0.94      9.96
    1957    1.10    1.16    0.94    0.73    0.71    0.76    0.94    1.14    1.06    0.82    0.66    0.61     10.63
    1958    0.64    0.68    1.46    1.72    1.86    1.45    1.13    1.02    0.96    0.88    0.81    0.71     13.32
    1959    0.63    0.64    0.82    0.90    0.76    0.62    0.63    0.69    0.63    0.50    0.41    0.35      7.58
    1960    0.30    0.45    0.89    0.81    0.88    1.01    1.19    1.16    0.98    0.80    0.67    0.55      9.69
    1961    0.49    0.49    0.45    0.37    0.41    0.50    0.53    0.53    0.44    0.34    0.28    0.23      5.06
    1962    0.20    0.41    0.61    1.08    0.86    0.74    0.54    0.45    0.45    0.59    0.60    0.49      7.02
    1963    0.36    0.32    0.34    5.05    2.58    1.08    0.87    0.70    0.58    0.49    0.44    0.39     13.20
    1964    3.12    1.79    1.20    1.25    1.09    0.85    0.69    0.63    0.57    0.51    0.45    0.39     12.54
    1965    0.34    0.31    0.31    0.33    0.35    0.33    0.28    0.22    0.20    0.18    0.16    0.14      3.15
    1966    0.30    0.56    1.07   16.59    6.76    2.10    2.00    1.80    1.49    1.25    1.11    1.00     36.03
    1967    0.92    0.89    9.32    3.81    1.40    1.29    1.33    1.23    1.02    0.86    0.76    0.67     23.50
    1968    0.60    0.55    0.54    0.52    0.45    0.54    0.72    0.78    0.79    0.68    0.53    0.41      7.11
    1969    0.58    0.99    1.06    1.14    1.04    0.88    0.72    0.67    0.63    0.54    0.48    0.43      9.16
    1970    0.50    0.79    0.79    0.82    0.88    1.01    1.43    1.68    1.44    1.13    0.93    0.80     12.20
    1971    0.75    0.81    0.96   13.86    5.48    1.47    1.21    1.04    0.90    0.80    0.72    0.66     28.66
    1972    0.63    0.61    0.56    0.50    0.45    0.44    0.73    0.74    0.64    0.49    0.40    0.38      6.57
    1973    0.48    0.55    0.71    0.70    0.67    0.56    0.50    0.52    0.48    0.39    0.32    0.26      6.14
    1974    0.22    1.10    1.13   14.54    6.32    2.11    1.87    1.70    1.45    1.21    1.05    0.93     33.63
    1975    0.84    0.94    1.41    1.69    1.68    1.60    1.48    1.37    1.28    1.11    0.93    0.80     15.13
    1976    0.75    0.79    0.85    0.97    1.01    0.89    0.80    0.69    0.56    0.47    0.41    0.37      8.56
    1977    0.42    0.67    1.00   24.79   16.27    3.55    1.88    1.46    1.18    1.03    0.95    0.91     54.11
    1978    0.94    0.96    0.86    0.73    0.66    0.62    0.60    0.57    0.54    0.51    0.53    0.56      8.08
    1979    0.54    0.69    0.70    1.20   15.67    6.21    1.65    1.21    0.95    0.82    0.75    0.71     31.10
    1980    0.69    0.72    0.84    0.93    1.02    1.13    1.09    0.90    0.70    0.57    0.49    0.44      9.52
    1981    0.45    0.50    0.52    0.96    0.87    0.83    0.65    0.48    0.37    0.32    0.29    0.26      6.50
    1982    0.22    0.21    0.22    0.53    0.52    0.38    0.27    0.20    0.17    0.22    0.24    0.22      3.40
    1983    0.31    0.69    0.98    0.90    0.78    0.59    0.51    0.42    0.34    0.31    0.30    0.27      6.40
    1984    0.27    0.50    0.41    0.36    0.54    0.55    0.46    0.33    0.24    0.20    0.17    0.16      4.19
    1985    0.50    0.50    0.39    0.40    0.35    0.32    0.33    0.29    0.25    0.24    0.21    0.17      3.95
    1986    0.33    0.63    0.83    0.78    0.70    0.81    0.83    0.77    0.58    0.46    0.40    0.64      7.76
    1987    0.99    1.29    1.47    1.29    1.07    1.00    0.98    0.85    0.71    0.63    0.57    0.52     11.37
    1988    0.52    0.55    0.51    0.43    0.41    0.43    0.38    0.31    0.28    0.34    0.33    0.29      4.78
    1989    0.22    1.19    1.38    1.23    1.18    2.41    2.70    2.20    1.78    1.36    1.13    0.99     17.77
    1990    0.91    0.85    0.83    0.99    1.18    1.23    1.17    0.97    0.79    0.68    0.61    0.54     10.75
    1991    0.49    0.53    0.65    0.69    0.64    0.56    0.45    0.36    0.29    0.25    0.22    0.21      5.34
    1992    0.18    0.16    0.28    0.47    0.65    0.59    0.52    0.43    0.34    0.27    0.22    0.20      4.31
    1993    3.54    2.31    1.42    1.22    1.00    0.85    0.72    0.61    0.53    0.47    0.42    0.37     13.46
    1994    0.34    0.31    0.32    0.35    0.44    0.67    0.68    0.65    0.51    0.39    0.31    0.26      5.23
    1995    0.29    1.01    1.40    1.73   40.84   14.89    2.28    1.95    1.54    1.25    1.11    1.02     69.31
    1996    0.97    0.98    1.04    1.07    1.05   25.09    9.39    1.66    1.54    1.34    1.13    1.00     46.26
    1997    0.92    0.92    0.98    0.95    0.88    0.80    0.71    0.61    0.53    0.47    0.42    0.43      8.62
    1998    0.58    1.28    1.56    1.57    1.22    0.92    0.76    0.69    0.65    0.60    0.54    0.47     10.84
    1999    0.40    0.40    0.65   21.24   20.82   15.72    4.55    1.99    1.57    1.29    1.11    1.00     70.74
    2000    1.04    1.31    1.46    1.26    1.04    0.94    0.86    0.81    0.79    0.75    0.66    0.60     11.52
    2001    0.61    0.66    0.65    0.62    1.22    1.02    0.96    0.77    0.67    0.60    0.52    0.45      8.75
    2002    0.39    0.35    0.32    0.72    0.84    0.81    0.74    0.57    0.45    0.40    0.37    0.32      6.28
    2003    0.27    0.24    0.24    0.22    0.50    1.04    0.98    0.97    0.81    0.66    0.57    0.48      6.98
    2004    0.40    0.44    0.90    0.89    0.95    0.84    0.72    0.62    0.52    0.43    0.38    0.34      7.43
    2005    0.28    0.28    0.36    0.55    0.66    0.72    0.73    0.62    0.47    0.37    0.31    0.26      5.61
    2006    0.22    0.26    0.36    0.29    0.26    0.18    0.13    0.13    0.15    0.16    0.12    0.11      2.37
    2007    0.75    1.23    1.08    1.13    1.30    1.29    1.30    1.14    0.98    0.87    0.77    0.67     12.51
    2008    0.59    0.55    0.86   10.47    4.05    1.39    1.25    1.02    0.88    0.81    0.77    0.73     23.37
    2009    0.78    1.22    1.42    1.59    1.90    1.66    1.55    1.57    1.43    1.19    1.00    0.86     16.17
