    1920   19.19    5.24    0.53    0.53    0.99   20.59    7.04    0.49    0.49    0.49    0.48    0.48     56.54
    1921    0.49    3.26    1.50    0.46    0.49    1.26    0.56    0.44    0.46    0.43    0.50    0.44     10.29
    1922    0.45    3.91    1.81   10.63    3.78    0.38    0.38    0.37    0.36    0.36    0.36    0.34     23.13
    1923    0.33    0.47    0.59    0.34    0.36   11.94    4.37    0.35    0.28    0.26    0.26    0.25     19.80
    1924    0.25    0.86    1.76    0.70    0.83   15.44    5.96    1.05    0.74    0.35    0.23    0.47     28.64
    1925    0.31    0.35    0.34    0.21    0.18    0.18    0.17    0.25    0.23    0.20    0.13    0.13      2.68
    1926    0.12    0.34    0.24    0.42    0.74    0.72    0.35    0.12    0.08    0.67    0.61    0.23      4.64
    1927    2.75    1.13    0.19    1.28    0.71    0.26    0.13    0.07    0.06    0.06    0.13    0.12      6.89
    1928    0.06    0.50    0.72    0.40    0.28    1.50    0.77    0.23    0.17    0.13    0.09    0.42      5.27
    1929   11.18    5.32    3.71    1.88    2.42    1.29    0.41    0.14    0.12    0.19    0.23    0.10     26.99
    1930    0.10    0.10    0.15    0.30    0.25    0.24    0.31    0.19    0.08    0.48    0.41    0.12      2.73
    1931    0.12    0.28    0.26    9.06    3.45    0.46    0.19    0.10    0.09    0.07    0.06    0.10     14.24
    1932    0.20    0.84    0.62    0.26    0.35    0.28    0.12    0.06    0.06    0.08    0.07    0.07      3.01
    1933    0.04   23.19   12.18   19.29   10.07    1.90    0.47    0.31    0.23    0.23    0.26    0.23     68.40
    1934    0.12    1.53    1.58    0.58    0.54    0.78    0.35    0.08    0.08    0.08    0.07    0.07      5.86
    1935    0.06    0.06    0.28    5.41    5.40    4.46    1.59    8.05    3.06    0.24    0.12    0.12     28.85
    1936    0.29    9.62    3.50   15.82    8.63    1.36    0.15    0.15    0.14    0.13    0.12    0.12     40.03
    1937    0.32    0.16    4.94    5.68    1.62    0.25    1.47    0.78    0.20    0.16    0.14    0.10     15.82
    1938    0.16    0.19    1.78    1.33   37.66   13.09    0.47    0.41    0.30    0.65    0.48    0.20     56.72
    1939    0.25   17.23   12.40    2.58    0.44    0.47    0.29    0.26    0.98    0.76    0.25    0.45     36.36
    1940    0.26    6.12    2.80    0.68    0.51    0.65    1.61    0.75    0.16    0.10    0.09    0.09     13.82
    1941    0.13    0.08    0.40    1.54    0.99    0.68    0.35    0.28    0.31    0.23    0.16    0.16      5.31
    1942    0.60    0.90   14.00    5.18    0.48    0.41    6.87    2.92    0.42    0.40    0.56    0.36     33.10
    1943    0.39    0.72    0.86    1.85   23.16    7.91    0.23    0.12    0.26    0.26    0.12    0.12     36.00
    1944    0.62    7.73    2.70    0.57    0.67    0.54    0.28    0.13    0.10    0.08    0.08    0.08     13.58
    1945    0.08    0.16    0.32   10.18   18.01    5.55    0.41    0.12    0.10    0.10    0.10    0.10     35.23
    1946    0.09    0.38    0.61    0.50    0.41    0.35    0.25    0.12    0.10    0.10    0.08    0.06      3.05
    1947    0.06    0.83    8.31   11.28    3.07    0.57    0.34    0.13    0.08    0.07    0.06    0.06     24.86
    1948    0.41    4.75    1.71   11.15    3.94    0.16    0.23    0.20    0.13    0.10    0.07    0.06     22.91
    1949    0.23    4.53    2.39    0.75    0.40    0.31    0.86    0.61    0.23    0.11    0.07    0.06     10.55
    1950    0.05    0.15    0.57    0.57    0.46    0.35    0.37    0.48    0.32    0.16    0.17    0.11      3.76
    1951    1.45    0.63    0.37    0.28    0.57    0.31    0.12    0.08    0.08    0.17    0.16    0.06      4.28
    1952    0.06    0.48    2.91    1.26    1.56    3.16    1.38    0.32    0.12    0.08    0.07    0.06     11.46
    1953    0.10   18.91    6.68    0.81    0.91    0.53    0.34    0.20    0.11    0.08    0.07    0.06     28.80
    1954    0.07    0.78    0.64   11.22   22.73    6.67    0.58    0.39    0.21    0.13    0.10    0.09     43.61
    1955    0.21    0.65   15.08    5.21    5.79    2.48    0.27    4.42    1.96    0.32    0.12    0.29     36.80
    1956    0.99    0.88    0.66    0.46    4.75    2.31    0.47    0.20    0.31    0.75    0.65    0.61     13.04
    1957    0.55    0.24    0.08    2.19    0.93    0.23    6.87    2.61    0.17    0.08    0.08    0.27     14.30
    1958    0.66    0.54    3.57    1.85    0.59    0.24    0.19    0.17    0.12    0.11    0.09    0.06      8.19
    1959    0.05   11.84    4.72    0.55    0.29    0.34    1.15    0.67    0.20    0.10    0.10    0.07     20.08
    1960    0.13    0.63    0.78    0.52    0.49    0.93    1.53    0.88    0.33    0.16    0.10    0.08      6.56
    1961    0.25    0.39    0.63    0.56    0.43    0.31    0.31    0.19    0.10    0.08    0.09    0.07      3.41
    1962    0.16    5.41    2.27    1.00    0.44    0.10    0.22    0.20    3.12    1.65    0.36    0.08     15.01
    1963    0.20    0.54    0.28   13.09    4.61    0.16    0.07    0.06    0.07    0.09    0.08    0.06     19.31
    1964   15.12    5.24    1.63    1.09    0.37    0.10    0.13    0.14    0.10    0.10    0.09    0.06     24.17
    1965    0.04    0.34    0.38    0.25    0.22    0.09    0.04    0.06    0.07    0.09    0.07    0.06      1.71
    1966    0.66    1.00    1.84   18.20    7.32    0.88    6.05    2.34    0.20    0.12    0.13    0.10     38.84
    1967    0.53    1.37    0.93    0.68    0.44    2.06    1.10    0.32    0.14    0.10    0.10    0.07      7.84
    1968    0.07    0.62    0.68    0.44    0.61   21.05    7.35    0.58    0.32    0.13    0.08    0.08     32.01
    1969    3.77    2.88    4.45    1.80    0.47    0.25    0.22    0.16    0.10    0.10    0.12    0.10     14.42
    1970    0.48    0.65    0.68    8.95    3.15    0.22    0.88    0.65    0.24    0.12    0.07    0.19     16.28
    1971    0.23    6.50    3.05    8.10    2.88    0.73    0.41    0.13    0.09    0.08    0.08    0.12     22.40
    1972    0.14    1.17    0.60    0.71    0.46    0.50    0.69    0.35    0.12    0.07    0.07    0.24      5.12
    1973    0.43    0.42    7.42    3.22    0.57    0.16    0.27    0.20    0.10    0.12    0.11    0.07     13.09
    1974    0.06    0.65    0.74   32.61   23.81    4.58    1.59    0.84    0.21    0.12    0.10    0.10     65.41
    1975    0.10    6.99    3.05    0.98    0.86    0.85    0.50    0.37    0.24    0.12    0.08    0.08     14.22
    1976    0.45    0.81    0.65    0.83    0.32    0.58    0.49    0.20    0.08    0.06    0.06    0.16      4.69
    1977    0.23    0.50    0.30   14.47    5.98    0.95    0.32    0.10    0.06    0.06    0.08    0.13     23.18
    1978    0.29    0.27    0.12    0.11    0.09    0.10    0.16    0.12    0.08    0.11    0.15    0.10      1.70
    1979    0.42    6.37    2.37    2.84   11.48    3.93    0.25    0.07    0.07    0.06    0.06    0.13     28.05
    1980    0.10    8.41    3.19    1.75    1.18    0.64    0.28    0.10    0.08    0.10    0.11    0.16     16.10
    1981    0.35    0.35    0.28    3.03    1.24    0.41    0.23    0.07    0.06    0.13    0.13    0.06      6.34
    1982    0.29    0.16    0.15    1.66    0.75    0.29    0.22    0.16    0.17    0.23    0.32    0.17      4.57
    1983    0.57   14.13    5.27    0.59    0.22    0.85    0.46    0.10    0.10    0.16    0.14    0.07     22.66
    1984    0.86    0.72    0.30    0.44    3.33    1.69    0.33    0.12    0.10    0.08    0.07    0.13      8.17
    1985    0.47    0.28    0.70    0.60    0.31    0.23    0.19    0.12    0.10    0.10    0.08    0.04      3.22
    1986    0.66    7.50   13.49    4.22    0.46   13.90    4.82    0.12    0.10    0.10    0.13    0.96     46.46
    1987    0.79   16.80    7.70    1.12    0.24    0.44    0.29    0.12    0.11    0.12    0.10    0.12     27.95
    1988    0.66    0.41    0.28    0.35    3.40    1.36    0.25    0.13    0.58    0.50    0.23    0.07      8.22
    1989    0.10    5.15    4.52    1.14    0.84    2.85    6.65    2.27    0.16    0.10    0.10    0.10     23.98
    1990    0.10    0.16    3.86    2.25   11.47   16.40    4.45    0.14    0.14    0.14    0.13    0.13     39.37
    1991    0.12    0.19    0.74    0.68    0.52    0.29    0.12    0.09    0.08    0.08    0.10    0.08      3.09
    1992    0.39    0.71    0.86    0.40    1.02    1.31    0.64    0.18    0.07    0.06    0.07    0.23      5.94
    1993   13.44    7.56    1.45    0.41    1.05    0.71    0.23    0.08    0.08    0.08    0.07    0.06     25.22
    1994    0.19    0.34    0.30    0.28    0.19    6.53    2.93    0.48    0.16    0.08    0.09    0.07     11.64
    1995    0.41   15.66   32.20   33.22   70.76   21.75    1.10    0.46    0.23    0.23    0.23    0.23    176.48
    1996    0.55    0.35    0.26    0.33    0.18   28.03    9.74    0.90    0.58    0.23    0.17    0.17     41.49
    1997    0.34    4.22    1.60    0.44    0.32    0.23    0.12    0.12    0.12    0.12    0.10    0.29      8.02
    1998    0.33   11.34    4.68    0.69    0.17    0.10    0.10    0.10    0.12    0.11    0.07    0.07     17.88
    1999    0.12   15.14   26.57   34.65   28.76   22.52    6.06    0.48    0.24    0.23    0.23    0.23    135.23
    2000    2.54    1.52    1.11    0.41    0.30    0.18    0.17    0.33    0.38    0.23    0.13    0.13      7.43
    2001    0.47    4.34    1.71    0.19    0.16    0.11    0.10    0.13    0.13    0.12    0.10    0.08      7.64
    2002    0.13    0.10    0.50    0.34    0.49    0.39    0.15    0.06    0.06    0.06    0.06    0.04      2.38
    2003    0.31    0.32    0.63    0.66   23.54   49.98   14.17    0.20    0.10    0.16    0.13    0.10     90.30
    2004    0.10    4.23    5.22   22.84    7.43    0.47    1.56    0.76    0.16    0.12    0.12    0.12     43.13
    2005    0.10    0.50    0.40   31.61   28.23    6.34    0.24    0.13    0.13    0.13    0.12    0.12     68.05
    2006    0.12    0.63    3.90    1.40    0.10    0.10    0.08    0.08    0.14    0.16    0.10    0.13      6.94
    2007   27.92   10.58    9.99   48.16   14.96   39.23   13.15    0.26    0.19    0.19    0.19    0.18    165.00
    2008    0.17   10.12    4.06    4.82    2.34    1.16    0.48    0.16    0.42    0.38    0.23    0.19     24.53
    2009    0.94   20.78   11.49   12.29    8.15    2.28   22.79    7.89    0.24    0.24    0.23    0.22     87.54
