    1920   19.48    5.31    0.59    0.58    0.99   20.86    7.13    0.56    0.56    0.56    0.56    0.56     57.74
    1921    0.58    2.53    1.24    0.56    0.58    1.10    0.55    0.56    0.56    0.55    0.61    0.56      9.98
    1922    0.56    3.18    1.56   10.08    3.61    0.54    0.54    0.54    0.53    0.53    0.53    0.53     22.73
    1923    0.52    0.55    0.59    0.51    0.52   11.97    4.34    0.51    0.49    0.49    0.49    0.49     21.47
    1924    0.47    0.86    1.27    0.56    0.84   15.71    5.95    1.05    0.73    0.45    0.44    0.49     28.82
    1925    0.42    0.42    0.41    0.41    0.39    0.39    0.37    0.37    0.37    0.35    0.35    0.34      4.59
    1926    0.33    0.34    0.30    0.42    0.74    0.72    0.35    0.26    0.26    0.71    0.64    0.23      5.30
    1927    2.40    0.99    0.22    0.91    0.59    0.26    0.19    0.18    0.18    0.15    0.16    0.15      6.38
    1928    0.14    0.50    0.70    0.38    0.27    1.05    0.63    0.22    0.18    0.15    0.10    0.44      4.76
    1929   11.02    4.73    2.85    1.63    1.70    1.05    0.41    0.15    0.15    0.20    0.23    0.13     24.25
    1930    0.12    0.12    0.15    0.31    0.24    0.24    0.31    0.18    0.09    0.53    0.42    0.12      2.83
    1931    0.12    0.27    0.26    8.60    3.32    0.46    0.19    0.11    0.09    0.09    0.07    0.11     13.69
    1932    0.20    0.84    0.60    0.24    0.35    0.27    0.13    0.07    0.06    0.09    0.09    0.07      3.01
    1933    0.04   24.00   11.62   18.96    9.48    1.71    0.46    0.31    0.22    0.23    0.27    0.22     67.52
    1934    0.12    0.95    1.29    0.55    0.54    0.78    0.35    0.09    0.09    0.09    0.08    0.07      5.00
    1935    0.07    0.07    0.27    4.74    4.60    3.66    1.40    7.88    3.01    0.23    0.12    0.12     26.17
    1936    0.28    9.21    3.36   15.73    8.00    1.15    0.16    0.15    0.15    0.15    0.15    0.13     38.62
    1937    0.33    0.16    4.45    4.74    1.35    0.24    1.06    0.66    0.21    0.16    0.16    0.11     13.63
    1938    0.18    0.19    1.07    1.09   39.25   13.62    0.46    0.42    0.31    0.76    0.57    0.22     58.14
    1939    0.26   17.29   11.71    2.32    0.44    0.48    0.30    0.26    1.02    0.76    0.26    0.46     35.56
    1940    0.26    5.70    2.65    0.66    0.50    0.64    1.25    0.65    0.16    0.11    0.11    0.10     12.79
    1941    0.15    0.09    0.41    1.06    0.84    0.68    0.33    0.27    0.33    0.23    0.16    0.17      4.72
    1942    0.60    0.88   13.51    5.02    0.48    0.41    6.55    2.82    0.42    0.42    0.58    0.37     32.06
    1943    0.38    0.71    0.86    1.21   23.73    8.18    0.22    0.12    0.27    0.27    0.14    0.12     36.21
    1944    0.64    7.08    2.48    0.56    0.65    0.53    0.27    0.15    0.11    0.09    0.09    0.09     12.74
    1945    0.09    0.16    0.31    9.72   17.86    5.57    0.41    0.12    0.11    0.11    0.11    0.11     34.68
    1946    0.10    0.38    0.59    0.48    0.41    0.36    0.25    0.12    0.10    0.11    0.09    0.06      3.05
    1947    0.07    0.84    7.62   10.42    2.88    0.57    0.33    0.14    0.09    0.09    0.07    0.07     23.19
    1948    0.43    4.04    1.47   10.93    3.86    0.17    0.23    0.20    0.15    0.11    0.09    0.07     21.75
    1949    0.24    3.90    2.19    0.73    0.38    0.31    0.88    0.60    0.22    0.11    0.09    0.06      9.71
    1950    0.05    0.15    0.57    0.55    0.46    0.35    0.37    0.49    0.32    0.16    0.18    0.12      3.77
    1951    0.98    0.47    0.38    0.27    0.57    0.30    0.11    0.09    0.09    0.19    0.16    0.07      3.68
    1952    0.07    0.49    2.11    0.99    1.06    2.50    1.22    0.31    0.12    0.09    0.07    0.05      9.08
    1953    0.11   19.30    6.80    0.80    0.90    0.52    0.33    0.20    0.11    0.09    0.07    0.07     29.30
    1954    0.09    0.79    0.63   10.75   22.90    6.79    0.57    0.38    0.22    0.15    0.10    0.10     43.47
    1955    0.22    0.65   14.71    5.09    5.40    2.36    0.26    4.33    1.94    0.33    0.12    0.30     35.71
    1956    1.02    0.87    0.64    0.44    4.26    2.16    0.46    0.20    0.32    0.79    0.68    0.63     12.47
    1957    0.55    0.23    0.09    1.58    0.73    0.22    6.67    2.55    0.18    0.09    0.07    0.29     13.25
    1958    0.68    0.53    2.82    1.60    0.58    0.22    0.19    0.18    0.12    0.12    0.10    0.05      7.19
    1959    0.05   11.76    4.69    0.53    0.29    0.33    1.06    0.65    0.20    0.11    0.11    0.07     19.85
    1960    0.15    0.63    0.78    0.49    0.48    0.94    1.36    0.83    0.33    0.18    0.11    0.09      6.37
    1961    0.26    0.38    0.62    0.54    0.42    0.31    0.31    0.18    0.10    0.09    0.09    0.07      3.37
    1962    0.17    4.85    2.07    0.99    0.42    0.10    0.22    0.20    3.06    1.65    0.38    0.09     14.20
    1963    0.20    0.53    0.27   12.93    4.56    0.17    0.07    0.07    0.07    0.10    0.09    0.06     19.12
    1964   15.57    5.39    1.01    0.86    0.37    0.10    0.15    0.15    0.11    0.11    0.10    0.06     23.98
    1965    0.05    0.35    0.37    0.23    0.22    0.09    0.04    0.07    0.09    0.10    0.07    0.06      1.74
    1966    0.69    0.99    1.23   18.06    6.90    0.74    5.73    2.25    0.20    0.12    0.16    0.11     37.18
    1967    0.54    1.14    0.84    0.67    0.44    1.49    0.91    0.33    0.15    0.11    0.11    0.07      6.80
    1968    0.09    0.62    0.68    0.42    0.60   21.50    7.51    0.57    0.33    0.15    0.09    0.09     32.65
    1969    3.47    2.25    3.57    1.54    0.47    0.24    0.21    0.16    0.11    0.11    0.12    0.10     12.35
    1970    0.50    0.64    0.65    8.32    2.95    0.21    0.90    0.64    0.23    0.12    0.09    0.20     15.45
    1971    0.22    6.01    2.88    7.33    2.62    0.74    0.41    0.14    0.09    0.09    0.09    0.12     20.74
    1972    0.15    0.91    0.52    0.71    0.46    0.49    0.68    0.35    0.11    0.07    0.07    0.26      4.78
    1973    0.44    0.42    6.81    3.01    0.54    0.16    0.27    0.20    0.11    0.12    0.11    0.07     12.26
    1974    0.06    0.65    0.72   33.59   24.00    4.53    1.10    0.68    0.23    0.12    0.11    0.11     65.90
    1975    0.11    6.58    2.91    0.95    0.85    0.85    0.49    0.37    0.23    0.12    0.09    0.09     13.64
    1976    0.47    0.82    0.63    0.82    0.31    0.59    0.49    0.20    0.09    0.07    0.07    0.18      4.74
    1977    0.23    0.49    0.30   14.33    5.74    0.88    0.33    0.11    0.07    0.07    0.09    0.15     22.79
    1978    0.30    0.26    0.12    0.11    0.09    0.10    0.16    0.12    0.09    0.12    0.16    0.11      1.74
    1979    0.44    5.72    2.15    2.13   10.98    3.86    0.25    0.08    0.07    0.07    0.07    0.15     25.97
    1980    0.10    8.13    3.09    1.07    0.97    0.63    0.27    0.10    0.09    0.11    0.12    0.16     14.84
    1981    0.37    0.35    0.27    2.32    1.00    0.42    0.22    0.07    0.05    0.15    0.15    0.07      5.44
    1982    0.29    0.16    0.15    0.97    0.52    0.29    0.22    0.15    0.18    0.23    0.33    0.18      3.67
    1983    0.58   13.81    5.16    0.57    0.22    0.86    0.46    0.11    0.11    0.18    0.16    0.07     22.29
    1984    0.87    0.72    0.28    0.44    2.74    1.50    0.32    0.11    0.11    0.09    0.09    0.15      7.42
    1985    0.49    0.27    0.70    0.58    0.30    0.22    0.20    0.11    0.11    0.11    0.09    0.05      3.23
    1986    0.69    6.79   12.72    4.03    0.44   13.95    4.85    0.12    0.11    0.11    0.15    0.99     44.95
    1987    0.80   16.73    6.87    0.82    0.22    0.44    0.30    0.11    0.11    0.12    0.11    0.12     26.75
    1988    0.69    0.42    0.26    0.35    2.86    1.16    0.26    0.15    0.60    0.53    0.22    0.07      7.57
    1989    0.09    4.64    3.53    0.86    0.84    2.17    5.97    2.13    0.16    0.11    0.11    0.11     20.72
    1990    0.10    0.16    3.20    1.99   11.29   16.21    4.40    0.15    0.15    0.15    0.15    0.15     38.10
    1991    0.14    0.18    0.75    0.65    0.52    0.28    0.11    0.11    0.10    0.09    0.11    0.09      3.13
    1992    0.41    0.70    0.84    0.37    0.91    1.31    0.63    0.17    0.07    0.07    0.07    0.23      5.78
    1993   13.53    6.80    1.15    0.41    0.99    0.70    0.22    0.09    0.09    0.09    0.07    0.07     24.21
    1994    0.20    0.33    0.30    0.26    0.18    6.26    2.85    0.49    0.15    0.09    0.09    0.07     11.27
    1995    0.42   15.49   32.73   33.79   74.65   22.95    1.09    0.46    0.23    0.23    0.26    0.26    182.56
    1996    0.57    0.35    0.26    0.31    0.20   29.48   10.23    0.91    0.58    0.23    0.20    0.19     43.51
    1997    0.34    3.55    1.36    0.44    0.31    0.22    0.15    0.15    0.15    0.13    0.12    0.30      7.22
    1998    0.33   11.04    4.59    0.67    0.16    0.11    0.11    0.11    0.12    0.12    0.09    0.09     17.54
    1999    0.12   15.17   26.74   35.33   29.32   22.74    6.12    0.48    0.23    0.24    0.26    0.25    137.00
    2000    2.14    1.39    1.09    0.41    0.30    0.20    0.20    0.34    0.39    0.23    0.18    0.16      7.03
    2001    0.49    3.62    1.46    0.17    0.16    0.13    0.12    0.15    0.15    0.13    0.11    0.11      6.80
    2002    0.15    0.11    0.49    0.33    0.49    0.38    0.15    0.07    0.07    0.06    0.06    0.05      2.41
    2003    0.32    0.31    0.62    0.64   24.17   52.31   14.86    0.20    0.11    0.18    0.15    0.11     93.98
    2004    0.11    3.85    4.30   22.78    7.52    0.46    1.17    0.64    0.16    0.14    0.13    0.12     41.38
    2005    0.12    0.52    0.41   32.69   28.80    6.42    0.23    0.15    0.15    0.15    0.15    0.14     69.93
    2006    0.13    0.64    3.10    1.10    0.11    0.11    0.11    0.10    0.16    0.18    0.11    0.15      6.00
    2007   29.20   10.67    9.38   49.97   15.62   41.39   13.87    0.26    0.22    0.22    0.22    0.22    171.24
    2008    0.20    9.83    3.94    4.04    2.08    1.16    0.48    0.18    0.45    0.40    0.23    0.20     23.19
    2009    0.95   21.05   10.79   11.53    7.46    2.11   23.41    8.10    0.26    0.27    0.26    0.26     86.45
