    1920    2.61    1.57    0.89    0.89    1.27   13.32    5.37    0.79    0.66    0.57    0.49    0.41     28.84      2.40
    1921    0.63    1.16    0.67    0.49    0.44    0.46    0.28    0.36    0.47    0.37    0.78    0.67      6.78      0.56
    1922    0.84    1.51    1.15    9.65    4.23    0.84    0.54    0.39    0.34    0.34    0.29    0.21     20.33      1.69
    1923    0.19    0.35    0.54    0.39    0.84    1.80    1.42    0.81    0.45    0.34    0.28    0.29      7.69      0.64
    1924    0.26    1.40    1.68    0.69    0.48    1.67    3.38    2.78    1.49    0.76    0.50    0.63     15.71      1.31
    1925    0.54    0.54    0.44    0.31    0.55    0.42    0.19    0.34    0.43    0.41    0.29    0.17      4.64      0.39
    1926    0.14    0.30    0.40    0.38    0.66    0.81    0.59    0.31    0.19    0.36    0.35    0.25      4.74      0.39
    1927    0.88    0.64    0.27    0.92    1.24    0.92    0.68    0.42    0.25    0.23    0.32    0.24      7.00      0.58
    1928    0.13    0.69    1.22    1.11    0.61    0.88    0.71    0.34    0.29    0.29    0.22    0.30      6.79      0.57
    1929    1.23    1.40    1.22    0.80    1.02    1.40    0.97    0.43    0.29    0.44    0.47    0.23      9.91      0.83
    1930    0.14    0.14    0.24    0.59    0.41    0.36    0.62    0.47    0.24    0.45    0.43    0.19      4.29      0.36
    1931    0.20    0.53    0.39    0.33    0.39    0.33    0.21    0.20    0.19    0.18    0.17    0.18      3.30      0.28
    1932    0.30    0.59    0.89    0.48    0.34    0.26    0.20    0.17    0.16    0.18    0.15    0.14      3.86      0.32
    1933    0.08   23.62    9.46    5.72    2.83    0.76    0.54    0.52    0.48    0.44    0.42    0.34     45.21      3.77
    1934    0.26    0.74    1.06    0.54    0.59    0.66    0.35    0.19    0.17    0.16    0.16    0.14      5.03      0.42
    1935    0.09    0.06    0.19    1.01    2.93    8.33    3.30    1.42    1.14    0.61    0.44    0.37     19.87      1.66
    1936    0.41    1.97    1.21    1.72    3.99    2.06    0.55    0.39    0.33    0.30    0.27    0.26     13.46      1.12
    1937    0.33    0.18    1.26    2.01    1.12    0.39    0.95    0.82    0.38    0.35    0.30    0.21      8.28      0.69
    1938    0.34    0.23    1.42    1.74    2.17    1.72    0.68    0.50    0.48    0.97    0.88    0.49     11.62      0.97
    1939    0.58    4.31    2.24    0.54    0.41    0.72    0.60    0.49    1.03    0.94    0.46    0.48     12.80      1.07
    1940    0.26    0.83    1.56    1.47    0.94    0.77    1.43    1.02    0.39    0.31    0.26    0.20      9.45      0.79
    1941    0.18    0.14    0.38    1.04    1.02    1.14    0.71    0.43    0.40    0.31    0.30    0.24      6.31      0.53
    1942    0.58    1.06    1.92    1.19    0.48    0.75    2.15    1.98    0.95    0.81    0.76    0.50     13.13      1.09
    1943    0.56    0.92    0.76    0.88   11.23    4.54    0.47    0.34    0.64    0.67    0.37    0.32     21.70      1.81
    1944    0.53    0.85    0.41    0.27    0.56    0.90    0.58    0.26    0.21    0.20    0.18    0.12      5.06      0.42
    1945    0.15    0.23    0.23    1.07    4.88    2.66    0.74    0.30    0.27    0.26    0.22    0.16     11.16      0.93
    1946    0.13    0.21    0.58    0.55    0.64    0.81    0.57    0.27    0.20    0.22    0.19    0.12      4.49      0.37
    1947    0.12    0.49    0.97    1.13    0.57    1.17    0.98    0.44    0.26    0.24    0.20    0.16      6.73      0.56
    1948    0.40    1.01    0.55    1.00    0.90    0.42    0.30    0.28    0.24    0.25    0.19    0.12      5.66      0.47
    1949    0.19    1.30    1.70    1.07    0.44    0.34    0.66    0.64    0.40    0.29    0.22    0.14      7.40      0.62
    1950    0.11    0.15    1.13    0.93    0.79    0.76    0.88    1.29    0.95    0.45    0.40    0.26      8.12      0.68
    1951    0.73    0.43    0.25    0.30    0.56    0.42    0.24    0.22    0.20    0.28    0.25    0.14      4.02      0.34
    1952    0.10    0.68    0.89    0.63    1.19    1.64    1.27    0.69    0.36    0.31    0.25    0.17      8.19      0.68
    1953    0.15    1.35    1.10    0.82    0.49    0.30    0.32    0.27    0.22    0.21    0.18    0.14      5.57      0.46
    1954    0.15    0.60    0.83    5.98    7.91    2.87    0.69    0.57    0.47    0.43    0.34    0.23     21.08      1.76
    1955    0.34    0.83    5.26    2.35    1.96    2.00    0.86    1.72    1.66    0.76    0.44    0.53     18.70      1.56
    1956    1.07    0.96    0.70    0.40    0.65    0.80    0.50    0.33    0.55    1.25    1.22    1.00      9.43      0.79
    1957    0.82    0.43    0.14    0.43    0.40    0.26    0.59    0.52    0.27    0.22    0.18    0.26      4.51      0.38
    1958    0.37    0.52    0.78    0.92    0.92    0.65    0.43    0.32    0.25    0.24    0.20    0.12      5.72      0.48
    1959    0.15    1.48    1.29    0.54    0.19    0.32    1.07    0.92    0.42    0.27    0.25    0.16      7.08      0.59
    1960    0.26    1.39    1.94    1.12    0.51    0.59    1.46    1.49    0.87    0.48    0.33    0.25     10.68      0.89
    1961    0.31    0.73    0.57    0.39    0.43    0.40    0.49    0.37    0.22    0.21    0.19    0.13      4.44      0.37
    1962    0.23    0.84    0.68    0.79    0.43    0.11    0.54    0.56    0.66    0.68    0.41    0.17      6.08      0.51
    1963    0.18    0.60    0.41    1.17    0.89    0.36    0.27    0.23    0.20    0.20    0.17    0.12      4.80      0.40
    1964    1.65    1.22    1.00    0.59    0.26    0.14    0.26    0.30    0.21    0.21    0.18    0.12      6.13      0.51
    1965    0.08    0.38    0.36    0.40    0.55    0.29    0.08    0.11    0.14    0.14    0.13    0.12      2.78      0.23
    1966    0.94    1.17    1.32   26.27   10.75    2.68    6.68    3.19    0.88    0.70    0.65    0.50     55.73      4.64
    1967    0.72    0.92    0.65    0.58    0.50    0.72    0.98    0.73    0.43    0.33    0.30    0.19      7.05      0.59
    1968    0.14    0.81    0.81    0.39    0.37   11.84    5.18    1.17    0.60    0.42    0.34    0.38     22.46      1.87
    1969    1.05    1.73    2.27    1.39    0.58    0.31    0.28    0.34    0.32    0.30    0.26    0.20      9.04      0.75
    1970    0.38    0.49    0.91    2.02    2.17    1.04    1.23    1.04    0.51    0.40    0.30    0.29     10.78      0.90
    1971    0.34    1.21    1.52    1.89    1.17    0.81    0.60    0.35    0.27    0.25    0.23    0.25      8.91      0.74
    1972    0.32    0.73    0.42    0.41    0.46    0.40    0.85    0.69    0.31    0.22    0.20    0.33      5.33      0.44
    1973    0.49    0.62    1.67    2.63    1.98    0.84    0.74    0.56    0.34    0.34    0.31    0.25     10.78      0.90
    1974    0.21    0.50    0.54   31.42   11.89    1.18    1.41    1.12    0.56    0.46    0.36    0.25     49.90      4.16
    1975    0.22    0.72    1.26    0.99    1.94    1.88    1.06    0.66    0.46    0.36    0.29    0.23     10.07      0.84
    1976    0.47    1.24    1.09    0.66    0.36    1.22    1.13    0.50    0.25    0.24    0.24    0.35      7.76      0.65
    1977    0.80    0.52    0.22   20.95    8.86    1.57    0.59    0.39    0.32    0.30    0.29    0.29     35.11      2.93
    1978    0.44    0.32    0.13    0.19    0.21    0.30    0.35    0.27    0.20    0.23    0.33    0.23      3.20      0.27
    1979    0.41    2.44    1.52    1.25    2.42    1.95    0.73    0.30    0.27    0.26    0.23    0.40     12.21      1.02
    1980    0.30    1.34    1.04    0.75    0.90    0.65    0.37    0.24    0.22    0.23    0.26    0.29      6.59      0.55
    1981    0.25    0.18    0.26    1.25    1.10    0.72    0.49    0.29    0.21    0.29    0.26    0.14      5.45      0.45
    1982    0.27    0.48    0.42    0.48    0.32    0.28    0.31    0.28    0.28    0.33    0.46    0.32      4.24      0.35
    1983    0.38    2.34    8.48    3.17    0.28    0.45    0.39    0.25    0.30    0.43    0.33    0.20     16.99      1.42
    1984    0.66    0.59    0.26    0.70    1.04    0.98    0.48    0.28    0.29    0.25    0.28    0.34      6.15      0.51
    1985    0.63    0.48    0.93    0.58    0.23    0.21    0.32    0.26    0.21    0.23    0.18    0.11      4.38      0.37
    1986    0.70    1.40    2.07    1.73    0.87    1.10    0.71    0.27    0.24    0.22    0.30    0.64     10.24      0.85
    1987    0.74    1.71    1.33    0.55    0.28    0.62    0.70    0.40    0.25    0.27    0.25    0.27      7.37      0.61
    1988    0.62    0.48    0.50    0.40    1.80    1.29    0.62    0.36    0.52    0.53    0.33    0.17      7.61      0.63
    1989    0.24    1.85    1.69    0.56    0.30    0.65    1.02    0.70    0.31    0.30    0.26    0.16      8.03      0.67
    1990    0.17    0.14    0.30    1.76    2.73    6.98    2.87    0.41    0.47    0.49    0.38    0.27     16.97      1.41
    1991    0.35    0.47    0.66    0.39    0.31    0.25    0.21    0.18    0.16    0.15    0.17    0.12      3.43      0.29
    1992    0.17    0.34    0.53    0.35    0.81    0.94    0.52    0.22    0.16    0.16    0.15    0.20      4.56      0.38
    1993    1.44    1.40    1.04    0.90    1.47    1.42    0.67    0.27    0.23    0.22    0.20    0.17      9.41      0.78
    1994    0.19    0.46    0.76    0.62    0.40    1.22    1.70    1.03    0.38    0.29    0.25    0.17      7.48      0.62
    1995    0.25    1.38    2.04    2.18   40.74   14.11    1.40    1.17    0.71    0.58    0.48    0.35     65.38      5.45
    1996    0.77    0.77    1.03    0.84    0.36   25.74    9.37    1.15    0.84    0.53    0.41    0.39     42.20      3.52
    1997    0.54    1.23    0.91    0.53    0.66    0.48    0.28    0.21    0.18    0.17    0.16    0.25      5.59      0.47
    1998    0.40    1.15    1.21    0.81    0.30    0.14    0.24    0.44    0.38    0.27    0.20    0.14      5.67      0.47
    1999    0.15    0.24    0.76   10.27    6.95    3.50    1.98    0.95    0.68    0.55    0.42    0.31     26.76      2.23
    2000    1.16    1.95    1.31    0.45    0.66    0.46    0.28    0.48    0.46    0.32    0.24    0.17      7.94      0.66
    2001    0.37    7.44    3.34    0.53    0.37    0.25    0.27    0.30    0.26    0.25    0.28    0.18     13.85      1.15
    2002    0.38    0.24    0.63    1.25    1.24    0.66    0.21    0.13    0.14    0.15    0.14    0.11      5.26      0.44
    2003    0.17    0.30    0.28    0.30    1.33    7.97    3.56    0.67    0.37    0.37    0.31    0.24     15.86      1.32
    2004    0.19    0.60    1.34    0.95    0.35    0.27    0.35    0.25    0.19    0.18    0.16    0.12      4.96      0.41
    2005    0.09    1.11    0.78    1.79    2.40    1.15    0.30    0.25    0.22    0.20    0.25    0.17      8.70      0.73
    2006    0.11    0.18    0.20    0.11    0.06    0.08    0.10    0.09    0.18    0.25    0.19    0.18      1.74      0.14
    2007    1.22    1.23    1.15   46.53   15.54    1.60    1.07    0.49    0.44    0.38    0.32    0.23     70.21      5.85
    2008    0.22    0.73    0.60    0.88    0.95    1.01    0.53    0.23    0.32    0.34    0.24    0.19      6.22      0.52
    2009    0.22    1.77    2.62    1.80    0.75    0.65    1.50    1.30    0.61    0.39    0.30    0.20     12.13      1.01
  
 AVERAGE    0.45    1.21    1.18    2.58    2.17    1.85    1.06    0.59    0.41    0.36    0.31    0.26     12.43      1.04
