    1920    7.76    3.43    1.24    1.18    1.72   20.27    7.65    1.09    0.97    0.89    0.80    0.68     47.69      3.97
    1921    0.90    2.13    1.59    0.76    0.59    0.93    0.60    0.52    0.55    0.50    0.95    0.62     10.64      0.89
    1922    0.74    1.22    0.76   33.05   11.50    0.64    0.54    0.49    0.45    0.42    0.37    0.28     50.47      4.21
    1923    0.34    0.65    1.24    0.65    2.06    2.46    1.38    0.81    0.57    0.44    0.37    0.32     11.29      0.94
    1924    0.32    1.49    1.05    0.36    0.73    2.41    3.01    1.87    1.09    0.80    0.49    0.93     14.55      1.21
    1925    0.53    0.44    0.28    0.23    0.60    0.44    0.19    0.42    0.51    0.56    0.40    0.20      4.81      0.40
    1926    0.12    0.36    0.48    0.48    0.79    0.72    0.41    0.21    0.18    0.29    0.29    0.18      4.52      0.38
    1927    0.74    0.52    0.18    0.62    1.21    0.71    0.54    0.39    0.23    0.23    0.37    0.27      6.01      0.50
    1928    0.12    0.54    0.82    0.68    0.43    0.63    0.46    0.22    0.19    0.19    0.17    0.20      4.63      0.39
    1929    1.51    1.20    0.85    0.75    0.85    0.58    0.36    0.26    0.20    0.25    0.26    0.15      7.22      0.60
    1930    0.09    0.16    0.39    1.12    0.99    0.76    1.19    0.83    0.33    0.54    0.45    0.19      7.03      0.59
    1931    0.19    0.21    0.18    0.16    0.31    0.41    0.39    0.27    0.19    0.18    0.18    0.21      2.88      0.24
    1932    0.49    0.57    0.40    0.22    0.39    0.28    0.14    0.13    0.14    0.14    0.14    0.13      3.17      0.26
    1933    0.12   19.18    7.32    1.60    1.65    1.00    0.62    0.49    0.41    0.39    0.34    0.27     33.38      2.78
    1934    0.20    0.38    0.90    0.44    0.34    0.38    0.20    0.16    0.16    0.15    0.14    0.14      3.57      0.30
    1935    0.10    0.07    0.29    0.64    1.17    1.60    0.90    0.72    0.59    0.36    0.27    0.22      6.93      0.58
    1936    0.25    1.12    1.20    1.81    2.79    1.53    0.62    0.45    0.35    0.33    0.29    0.32     11.08      0.92
    1937    0.57    0.29    5.61    3.15    0.84    0.30    1.07    0.90    0.38    0.37    0.34    0.25     14.07      1.17
    1938    0.28    0.20    1.05    1.14    1.95    2.05    0.90    0.42    0.41    0.88    0.75    0.44     10.47      0.87
    1939    0.37    5.51    3.08    0.91    0.34    0.76    0.84    0.61    1.18    1.03    0.47    0.52     15.64      1.30
    1940    0.28    0.69    6.77    3.06    0.96    0.69    1.24    0.89    0.40    0.36    0.31    0.25     15.89      1.32
    1941    0.21    0.19    0.72    0.96    0.45    1.20    0.82    0.52    0.55    0.40    0.53    0.35      6.88      0.57
    1942    0.35    0.64    0.65    0.32    0.23    0.77    1.55    1.23    0.57    0.58    0.48    0.40      7.77      0.65
    1943    0.76    0.89    0.65    1.29   16.30    6.36    0.61    0.42    0.57    0.58    0.41    0.34     29.18      2.43
    1944    0.64    0.93    0.52    0.31    0.43    0.54    0.35    0.25    0.22    0.21    0.19    0.14      4.74      0.40
    1945    0.22    0.30    0.26    1.03    2.35    1.65    0.56    0.26    0.25    0.24    0.22    0.16      7.50      0.62
    1946    0.12    0.20    0.39    0.53    1.18    1.00    0.43    0.19    0.18    0.21    0.20    0.15      4.78      0.40
    1947    0.13    0.84    2.03    1.90    0.76    1.34    1.04    0.42    0.31    0.30    0.25    0.19      9.50      0.79
    1948    0.58    1.95    0.97    0.86    0.88    0.81    0.57    0.34    0.28    0.27    0.23    0.16      7.90      0.66
    1949    0.12    0.93    0.87    1.06    0.62    0.24    0.64    0.74    0.46    0.31    0.24    0.18      6.41      0.53
    1950    0.12    0.11    0.34    0.37    0.51    0.63    0.67    1.18    0.94    0.46    0.37    0.31      6.03      0.50
    1951    0.39    0.18    0.19    0.18    0.66    0.56    0.39    0.36    0.28    0.35    0.28    0.14      3.96      0.33
    1952    0.31    0.82    1.32    1.25    9.94    5.92    2.03    0.76    0.58    0.53    0.46    0.37     24.27      2.02
    1953    0.37    9.92    3.94    1.79    1.59    0.97    0.84    0.59    0.43    0.39    0.34    0.33     21.51      1.79
    1954    0.32    0.94    1.00    1.74   10.37    4.19    0.71    0.59    0.55    0.51    0.39    0.28     21.58      1.80
    1955    0.33    0.60   10.50    4.32    2.50    2.05    0.73    1.04    0.99    0.58    0.43    0.66     24.72      2.06
    1956    1.12    1.08    1.09    0.57    0.59    0.70    0.46    0.32    0.51    1.24    1.25    1.09     10.03      0.84
    1957    0.88    0.52    0.33    0.40    0.25    0.22    0.40    0.32    0.24    0.25    0.21    0.21      4.23      0.35
    1958    0.52    0.64    1.75    1.52    0.84    0.69    0.46    0.35    0.30    0.29    0.24    0.15      7.76      0.65
    1959    0.17    0.98    1.23    0.59    0.22    0.51    1.35    1.04    0.44    0.30    0.30    0.20      7.34      0.61
    1960    0.24    1.87    5.39    2.16    0.56    0.70    1.31    1.20    0.73    0.53    0.37    0.27     15.35      1.28
    1961    0.32    0.51    0.89    0.94    0.49    0.27    0.40    0.32    0.24    0.24    0.22    0.15      5.00      0.42
    1962    0.22    1.79    1.12    0.72    0.32    0.11    0.28    0.32    0.75    0.87    0.49    0.18      7.15      0.60
    1963    0.30    0.52    0.33    0.60    0.46    0.27    0.22    0.18    0.16    0.16    0.15    0.11      3.46      0.29
    1964    1.53    1.41    1.37    0.70    0.19    0.13    0.17    0.19    0.17    0.16    0.16    0.14      6.33      0.53
    1965    0.09    0.39    0.38    0.21    0.36    0.20    0.08    0.11    0.13    0.15    0.15    0.14      2.40      0.20
    1966    0.42    0.51    0.85    6.59   10.89    3.85    2.19    1.51    0.62    0.56    0.50    0.37     28.87      2.41
    1967    0.43    0.90    0.78    0.38    0.30    0.57    0.76    0.53    0.36    0.31    0.28    0.18      5.77      0.48
    1968    0.14    1.10    0.96    0.43    0.63    3.05    1.91    0.69    0.41    0.35    0.30    0.38     10.36      0.86
    1969    0.74    1.06    2.00    0.96    0.25    0.27    0.32    0.30    0.26    0.28    0.24    0.16      6.82      0.57
    1970    0.47    0.75    1.65    2.54    2.23    0.89    1.22    1.12    0.54    0.42    0.34    0.29     12.46      1.04
    1971    0.32    1.54    1.26    1.96    1.30    1.07    0.87    0.50    0.36    0.32    0.28    0.27     10.05      0.84
    1972    0.20    0.95    0.63    0.43    0.58    0.44    0.69    0.53    0.25    0.23    0.20    0.54      5.68      0.47
    1973    0.65    0.76    2.17    2.42    1.74    0.82    0.89    0.61    0.38    0.43    0.39    0.32     11.56      0.96
    1974    0.32    0.54    1.14   14.99   12.56    3.78    1.91    1.31    0.71    0.58    0.48    0.36     38.68      3.22
    1975    0.30    0.52    1.24    1.43    2.33    1.91    1.02    0.74    0.53    0.42    0.34    0.27     11.04      0.92
    1976    0.40    3.56    2.33    0.86    0.44   11.69    4.72    0.51    0.43    0.40    0.41    0.54     26.30      2.19
    1977    0.99    0.65    0.41    9.68   10.30    3.44    0.60    0.44    0.39    0.36    0.34    0.36     27.95      2.33
    1978    0.68    0.70    0.27    0.19    0.23    0.33    0.31    0.27    0.24    0.23    0.33    0.20      3.97      0.33
    1979    0.38   10.47    4.03    1.21    1.67    1.16    0.45    0.28    0.26    0.24    0.22    0.33     20.70      1.73
    1980    0.25    1.30    0.93    1.05    0.92    0.49    0.26    0.21    0.21    0.22    0.25    0.23      6.33      0.53
    1981    0.24    0.22    0.29    0.74    0.61    0.38    0.24    0.24    0.24    0.24    0.20    0.12      3.74      0.31
    1982    0.21    0.37    0.33    0.49    0.32    0.55    0.52    0.33    0.31    0.36    0.40    0.24      4.43      0.37
    1983    0.25    5.90    3.05    0.76    0.22    0.39    0.29    0.20    0.28    0.45    0.32    0.20     12.28      1.02
    1984    1.01    0.91    0.61    0.67    1.46    2.01    0.99    0.45    0.44    0.37    0.33    0.44      9.71      0.81
    1985    0.47    0.27    0.94    0.57    0.20    0.25    0.47    0.36    0.25    0.27    0.21    0.15      4.40      0.37
    1986    0.47    1.17    2.45    1.96    1.01    0.37    0.22    0.20    0.19    0.17    0.21    0.88      9.30      0.77
    1987    1.18    2.40    1.35    0.49    0.27    0.34    0.40    0.28    0.25    0.26    0.22    0.25      7.69      0.64
    1988    0.89    0.56    0.71    0.56    0.73    0.48    0.36    0.27    0.28    0.31    0.27    0.15      5.59      0.47
    1989    0.15    0.92    0.98    0.43    0.46    0.78    0.59    0.31    0.23    0.23    0.20    0.13      5.40      0.45
    1990    0.12    0.16    0.42    1.17    2.59   10.11    3.83    0.42    0.51    0.53    0.42    0.31     20.58      1.71
    1991    0.37    0.38    0.53    0.34    0.39    0.35    0.21    0.18    0.17    0.16    0.21    0.25      3.53      0.29
    1992    0.32    0.24    0.44    0.54    0.42    0.45    0.38    0.26    0.26    0.33    0.31    0.21      4.16      0.35
    1993    0.47    0.40    0.37    0.41    0.83    0.59    0.22    0.14    0.13    0.13    0.13    0.14      3.95      0.33
    1994    0.14    0.26    0.30    0.28    0.18    1.19    0.98    0.50    0.30    0.25    0.23    0.17      4.80      0.40
    1995    0.23    0.76    0.76    3.48   20.75    7.79    0.82    0.56    0.54    0.66    0.57    0.37     37.28      3.11
    1996    1.53    2.12    1.11    0.42    0.36    0.78    0.64    0.58    0.52    0.43    0.35    0.32      9.15      0.76
    1997    0.87    1.71    1.01    0.37    0.20    0.15    0.18    0.19    0.17    0.16    0.15    0.31      5.49      0.46
    1998    0.51    0.97    6.61    2.92    0.38    0.24    0.33    0.49    0.43    0.35    0.27    0.20     13.70      1.14
    1999    0.19    0.16    1.37    3.44    2.86    2.28    1.50    0.75    0.68    0.67    0.50    0.32     14.70      1.22
    2000    0.33    0.81    1.31    0.55    0.40    0.22    0.39    0.85    0.64    0.39    0.27    0.19      6.35      0.53
    2001    0.20    1.99    1.72    0.60    0.28    0.25    0.22    0.29    0.31    0.30    0.35    0.21      6.73      0.56
    2002    0.47    0.29    0.53    0.38    0.34    0.18    0.09    0.09    0.08    0.08    0.08    0.07      2.68      0.22
    2003    0.12    0.27    0.30    0.24    0.50   13.71    5.21    0.47    0.37    0.36    0.30    0.20     22.07      1.84
    2004    0.25    0.75    0.85    0.33    0.18    0.32    0.34    0.22    0.18    0.17    0.16    0.15      3.89      0.32
    2005    0.11    1.28    0.91   14.23   19.07    5.73    0.55    0.45    0.42    0.39    0.41    0.32     43.88      3.66
    2006    0.28    0.53    0.58    0.34    0.18    0.15    0.23    0.23    0.24    0.30    0.24    0.28      3.57      0.30
    2007    0.73    1.39    2.35   58.20   19.52    1.51    0.94    0.69    0.61    0.53    0.45    0.34     87.25      7.27
    2008    0.35    2.10    3.12   32.81   11.83    1.78    0.81    0.55    0.59    0.57    0.46    0.35     55.32      4.61
    2009    0.47    1.33    1.83    1.91    1.00    0.69    2.47    1.88    0.66    0.45    0.37    0.27     13.32      1.11
  
 AVERAGE    0.51    1.39    1.46    2.82    2.43    1.77    0.92    0.53    0.41    0.38    0.34    0.29     13.26      1.10
