    1920    1.32    1.47    0.70    0.60    1.08    0.85    0.53    0.46    0.41    0.37    0.32    0.27      8.37      0.70
    1921    0.25    1.50    2.11    0.99    1.05    2.90    1.38    0.38    0.35    0.31    0.31    0.25     11.78      0.98
    1922    0.46    1.07    1.02   20.00    9.68    0.49    0.39    0.34    0.31    0.28    0.25    0.21     34.49      2.87
    1923    0.20    1.08    1.25    2.36    2.34    4.26    1.95    0.51    0.45    0.38    0.32    0.29     15.38      1.28
    1924    0.26    1.96    1.54    0.52    0.22    1.51    0.94    0.37    0.37    0.31    0.22    0.53      8.74      0.73
    1925    0.33    1.48    0.73    0.21    0.26    0.14    0.10    0.20    0.17    0.12    0.10    0.11      3.94      0.33
    1926    0.08    0.90    0.57    1.02    1.24    0.66    0.36    0.20    0.14    0.34    0.30    0.16      5.97      0.50
    1927    0.70    0.44    0.40    2.61    1.77    0.40    0.22    0.19    0.15    0.14    0.13    0.10      7.25      0.60
    1928    0.08    0.85    1.12    0.83    0.35    0.21    0.14    0.11    0.09    0.09    0.07    0.08      4.03      0.34
    1929    1.03    2.45    1.91    3.69    2.26    0.65    0.45    0.35    0.29    0.30    0.28    0.20     13.86      1.15
    1930    0.16    0.13    0.19    0.46    0.36    0.22    0.30    0.19    0.11    0.15    0.13    0.08      2.48      0.21
    1931    0.07    0.18    0.45    1.05    1.07    0.82    0.36    0.22    0.18    0.14    0.12    0.12      4.78      0.40
    1932    0.40    0.34    1.83    1.50    0.63    0.23    0.16    0.13    0.11    0.11    0.09    0.07      5.58      0.47
    1933    0.07    9.49    5.84    3.38    1.64    0.47    0.39    0.33    0.30    0.27    0.23    0.18     22.59      1.88
    1934    0.16    0.37    1.82    1.03    0.33    0.15    0.12    0.10    0.09    0.08    0.07    0.07      4.40      0.37
    1935    0.06    0.08    1.77    4.20    2.86    0.85    0.35    0.33    0.28    0.23    0.20    0.18     11.40      0.95
    1936    0.18    1.57    1.36   29.03   14.41    1.11    0.56    0.45    0.38    0.34    0.30    0.27     49.96      4.16
    1937    0.24    0.20    0.58    0.73    0.35    0.16    2.40    1.41    0.24    0.21    0.18    0.17      6.89      0.57
    1938    0.18    0.28    1.75    1.93    2.90    1.54    0.30    0.24    0.21    0.26    0.26    0.23     10.09      0.84
    1939    0.20    4.59    4.01    1.19    0.48    0.63    0.39    0.35    0.43    0.39    0.26    0.23     13.17      1.10
    1940    0.18    1.48    2.44    1.06    0.48    0.31    0.60    0.37    0.18    0.16    0.13    0.11      7.48      0.62
    1941    0.09    0.11    0.15    0.73    0.42    2.39    1.29    0.31    0.31    0.24    0.19    0.14      6.36      0.53
    1942    0.14    0.87    0.62    0.82    0.74    1.03   14.38    7.04    0.58    0.55    0.49    0.43     27.68      2.31
    1943    0.43    2.33    1.40    1.67    3.27    1.56    0.40    0.32    0.32    0.30    0.24    0.20     12.42      1.03
    1944    1.46    1.20    0.36    1.28    0.77    0.19    0.16    0.13    0.12    0.11    0.09    0.08      5.93      0.49
    1945    0.07    0.09    0.23   10.14   23.81   10.64    1.19    0.44    0.38    0.35    0.30    0.25     47.89      3.99
    1946    0.22    1.20    0.86    0.87    0.79    0.32    0.19    0.15    0.13    0.12    0.11    0.09      5.03      0.42
    1947    0.08    0.45    2.54    1.95    0.60    1.84    1.01    0.21    0.18    0.16    0.13    0.11      9.25      0.77
    1948    0.21    0.72    0.37    7.61    4.58    0.79    0.38    0.33    0.26    0.23    0.19    0.16     15.86      1.32
    1949    0.14    2.72    2.31    2.02    0.83    0.23    0.34    0.27    0.20    0.17    0.14    0.11      9.48      0.79
    1950    0.09    0.08    1.08    0.70    1.71    1.32    0.77    0.58    0.40    0.29    0.28    0.22      7.53      0.63
    1951    0.20    0.15    1.67    0.87    1.34    0.84    0.20    0.18    0.16    0.15    0.12    0.09      5.97      0.50
    1952    0.09    0.52    1.18    1.11   11.62    6.34    0.76    0.45    0.37    0.32    0.27    0.23     23.26      1.94
    1953    0.22   17.64    8.43    4.38    2.92    0.72    0.51    0.43    0.35    0.30    0.26    0.23     36.39      3.03
    1954    0.21    2.44    2.63    1.34    8.11    4.63    0.65    0.47    0.39    0.33    0.28    0.22     21.69      1.81
    1955    0.21    1.25    2.73    1.58    1.59    1.32    0.45    0.38    0.39    0.29    0.22    0.23     10.64      0.89
    1956    0.34    0.66    2.61    1.34    2.47    1.48    0.35    0.31    0.26    0.27    0.27    0.28     10.62      0.88
    1957    0.28    0.17    0.75    1.15    0.70    0.29    0.20    0.16    0.12    0.11    0.09    0.11      4.14      0.34
    1958    0.55    1.07    1.06    1.18    0.74    0.30    0.18    0.15    0.13    0.12    0.11    0.08      5.67      0.47
    1959    0.07    1.32    1.30    0.60    0.51    1.26    1.17    0.47    0.23    0.20    0.17    0.14      7.45      0.62
    1960    0.13    2.20    3.08    1.28    0.28    0.29    0.84    0.53    0.29    0.24    0.19    0.15      9.49      0.79
    1961    0.29    0.34    0.76    0.52    0.16    0.10    0.12    0.11    0.09    0.08    0.08    0.07      2.71      0.23
    1962    0.06    8.93    4.58    1.17    0.47    0.16    0.18    0.17    0.21    0.28    0.19    0.12     16.52      1.38
    1963    0.10    0.98    0.73    3.88    2.45    0.56    0.27    0.21    0.18    0.16    0.14    0.11      9.78      0.81
    1964    1.84    2.66    2.05    0.88    0.25    0.21    0.18    0.16    0.14    0.13    0.12    0.10      8.72      0.73
    1965    0.08    0.32    0.29    0.14    0.43    0.22    0.05    0.05    0.05    0.05    0.05    0.05      1.77      0.15
    1966    0.16    0.23    2.58    3.71    4.92    2.25    0.82    0.54    0.41    0.39    0.34    0.27     16.62      1.39
    1967    0.25    0.30    0.57    0.36    0.16    1.31    0.75    0.22    0.17    0.15    0.13    0.10      4.48      0.37
    1968    0.08    1.42    0.89    0.37    1.44    2.05    0.91    0.27    0.22    0.19    0.16    0.17      8.17      0.68
    1969    0.18    0.60    3.61    1.78    0.18    0.18    0.16    0.13    0.12    0.11    0.11    0.08      7.25      0.60
    1970    0.11    0.56    1.53    3.56    2.25    0.55    1.13    0.71    0.33    0.27    0.22    0.20     11.42      0.95
    1971    0.31    2.47    1.74    4.88    2.57    0.78    0.68    0.43    0.33    0.28    0.24    0.20     14.90      1.24
    1972    0.17    0.97    0.70    0.87    0.88    0.67    0.75    0.39    0.19    0.17    0.14    0.29      6.19      0.52
    1973    0.37    0.74    1.22    1.89    2.32    1.02    0.44    0.32    0.24    0.21    0.19    0.16      9.13      0.76
    1974    0.13    0.88    1.11   20.01   40.75   14.95    0.81    0.63    0.52    0.45    0.39    0.32     80.95      6.75
    1975    0.27    1.33    1.54    0.85    1.19    0.84    0.31    0.28    0.23    0.19    0.16    0.14      7.33      0.61
    1976    0.13    2.01    1.32    0.76    0.32    2.78    1.56    0.23    0.18    0.16    0.16    0.16      9.75      0.81
    1977    0.15    0.26    1.71    4.43    9.43    4.70    0.64    0.43    0.36    0.32    0.28    0.24     22.95      1.91
    1978    0.75    0.60    0.17    0.14    0.12    0.12    0.12    0.11    0.09    0.09    0.11    0.09      2.51      0.21
    1979    0.07    4.97    2.60    2.54    2.06    0.63    0.24    0.19    0.17    0.15    0.13    0.13     13.89      1.16
    1980    0.11    2.95    3.17    2.02    1.71    1.06    0.34    0.26    0.23    0.21    0.19    0.19     12.46      1.04
    1981    0.19    0.19    0.11    0.51    0.59    0.27    0.11    0.09    0.08    0.09    0.08    0.06      2.37      0.20
    1982    0.10    0.08    0.28    1.74    0.87    0.33    0.19    0.10    0.09    0.10    0.11    0.07      4.06      0.34
    1983    0.36    4.68    2.67    0.42    0.16    0.24    0.15    0.12    0.13    0.16    0.12    0.09      9.30      0.78
    1984    0.30    0.82    1.37    0.60    0.80    0.67    0.21    0.14    0.14    0.12    0.10    0.10      5.37      0.45
    1985    0.09    0.10    1.10    0.66    0.16    0.08    0.09    0.08    0.09    0.09    0.07    0.05      2.65      0.22
    1986    0.26    0.86    2.94    2.36    0.77    0.25    0.19    0.15    0.13    0.12    0.12    0.49      8.63      0.72
    1987    0.62    6.86    3.79    1.17    0.44    0.38    0.27    0.22    0.20    0.18    0.16    0.13     14.44      1.20
    1988    0.27    0.16    1.38    1.03    1.09    0.52    0.15    0.14    0.14    0.14    0.12    0.08      5.20      0.43
    1989    0.07    1.37    1.50    0.69    0.43    0.85    0.50    0.21    0.16    0.14    0.12    0.09      6.12      0.51
    1990    0.07    0.19    1.15    2.05    1.79    2.27    1.01    0.28    0.26    0.24    0.20    0.16      9.69      0.81
    1991    0.14    0.16    0.91    0.64    0.17    0.15    0.11    0.09    0.08    0.07    0.08    0.07      2.67      0.22
    1992    0.31    0.21    2.36    1.62    0.56    0.31    0.15    0.12    0.11    0.11    0.10    0.09      6.05      0.50
    1993    0.58    1.29    1.37    1.30    2.44    1.31    0.30    0.23    0.20    0.18    0.16    0.14      9.50      0.79
    1994    0.12    0.20    0.77    0.67    0.23    2.33    1.42    0.32    0.24    0.20    0.16    0.13      6.79      0.57
    1995    0.13    2.08    1.82    4.02   21.32   10.45    0.97    0.69    0.57    0.54    0.47    0.37     43.43      3.62
    1996    3.48    3.25    1.41    2.05    1.02    1.32    0.72    0.44    0.38    0.30    0.25    0.23     14.84      1.24
    1997    1.17    3.48    1.88    0.51    0.24    0.19    0.17    0.16    0.14    0.12    0.11    0.09      8.26      0.69
    1998    0.21    2.01   30.21   14.17    0.63    0.33    0.30    0.32    0.29    0.23    0.20    0.16     49.06      4.09
    1999    0.16    0.14    3.53    3.49    2.91    2.33    0.90    0.42    0.37    0.32    0.26    0.21     15.05      1.25
    2000    0.20    2.56    2.01    0.61    0.75    0.36    0.14    0.16    0.17    0.14    0.11    0.09      7.30      0.61
    2001    0.09   12.28    7.14    1.06    0.40    0.28    0.25    0.21    0.18    0.17    0.15    0.13     22.34      1.86
    2002    0.40    0.22    2.61    1.42    3.84    2.01    0.20    0.17    0.15    0.14    0.12    0.10     11.38      0.95
    2003    0.09    0.22    0.17    0.27    3.00   25.24   11.31    0.45    0.39    0.35    0.31    0.25     42.06      3.51
    2004    0.23    2.07    3.08    1.25    0.25    0.23    0.22    0.18    0.15    0.14    0.12    0.10      8.01      0.67
    2005    0.08    0.98    0.84   25.93   35.61   11.96    0.77    0.45    0.40    0.37    0.33    0.28     78.01      6.50
    2006    0.25    3.54    4.35    3.69    1.24    0.29    0.27    0.25    0.22    0.21    0.18    0.17     14.67      1.22
    2007    0.48    4.48    3.88   43.54   19.93    2.07    0.87    0.46    0.41    0.36    0.31    0.26     77.05      6.42
    2008    0.24    2.02    3.55   30.53   14.46    1.54    0.54    0.45    0.41    0.37    0.32    0.27     54.70      4.56
    2009    0.25    1.03    1.00    2.98    1.49    0.24    1.28    0.79    0.28    0.23    0.19    0.14      9.89      0.82
  
 AVERAGE    0.32    1.78    2.12    3.63    3.39    1.78    0.80    0.38    0.24    0.22    0.19    0.17     15.02      1.25
