    1920    3.18    5.59    1.84    0.34    0.17    2.11    0.70    0.14    0.12    0.10    0.07    0.05     14.41      1.20
    1921    0.30    6.17    3.45    0.51    0.08    1.72    0.59    0.09    0.08    0.07    0.06    0.04     13.15      1.10
    1922    0.91    7.52    3.13   23.29    7.86    1.11    0.36    0.20    0.16    0.14    0.10    0.07     44.85      3.74
    1923    0.05    0.38    4.28    1.57    0.09    2.22    0.79    0.07    0.06    0.06    0.05    0.03      9.65      0.80
    1924    0.02    6.26    3.22    2.72    0.86   40.91   13.30    0.88    0.20    0.19    0.16    0.27     69.00      5.75
    1925    0.09    0.17    0.08    0.19    0.67    0.24    0.02    0.02    0.01    0.01    0.01    0.01      1.53      0.13
    1926    0.00    0.55    0.29    0.08    1.00    0.41    0.21    0.06    0.02    0.27    0.09    0.03      3.04      0.25
    1927    0.59    0.82    0.37    3.91    1.84    0.23    0.12    0.09    0.08    0.07    0.06    0.04      8.21      0.68
    1928    0.03    0.06    0.30    0.88    0.40    0.34    0.10    0.02    0.02    0.02    0.01    0.01      2.19      0.18
    1929    2.84    2.74    1.11    4.56    2.45    3.21    1.37    0.55    0.20    0.19    0.16    0.11     19.50      1.63
    1930    0.07    0.22    1.08    2.76    2.75    1.10    0.14    0.10    0.10    0.10    0.08    0.05      8.57      0.71
    1931    0.04    0.10    0.56    0.56    0.30    0.29    0.08    0.02    0.02    0.02    0.01    0.01      2.01      0.17
    1932    0.09    0.15    0.67    2.35    0.79    0.04    0.03    0.03    0.02    0.02    0.02    0.01      4.23      0.35
    1933    0.01    4.92    3.21    1.12    1.03    4.59    1.60    0.59    0.19    0.19    0.16    0.12     17.72      1.48
    1934    0.16    1.58    2.08    1.21    0.65    0.14    0.07    0.06    0.05    0.04    0.03    0.02      6.09      0.51
    1935    0.01    0.01    1.20    3.67    1.52    0.33    0.08    0.07    0.06    0.06    0.05    0.04      7.10      0.59
    1936    1.19    1.22    1.22    7.06   16.91    5.22    0.82    0.41    0.18    0.16    0.12    0.08     34.57      2.88
    1937    0.05    0.10    2.04    0.98    0.30    0.16    0.97    0.33    0.05    0.05    0.04    0.24      5.31      0.44
    1938    0.40    0.11   54.04   32.60   39.06   11.22    1.07    0.15    0.12    0.11    0.08    0.39    139.35     11.61
    1939    0.20    4.30    2.57    0.55    0.15    0.23    0.13    0.07    0.07    0.06    0.05    0.17      8.55      0.71
    1940    0.10   26.96    9.97    0.45    0.75    0.88    0.91    0.23    0.15    0.13    0.11    0.08     40.71      3.39
    1941    0.05    0.10    0.98    0.37    0.02    1.00    0.35    0.09    0.13    0.03    0.03    0.07      3.23      0.27
    1942    0.03    2.86    1.66    0.95    0.26    0.60    2.13    0.69    0.11    0.13    0.13    0.12      9.66      0.81
    1943    0.09    2.15    0.86    1.57    3.04    1.01    0.10    0.09    0.08    0.07    0.05    0.04      9.15      0.76
    1944    0.37    0.45    0.12    1.60    0.70    0.10    0.11    0.03    0.02    0.02    0.02    0.01      3.55      0.30
    1945    0.29    0.17    0.05    6.57    4.88    1.48    0.18    0.13    0.13    0.12    0.09    0.06     14.15      1.18
    1946    0.04    0.42    1.27    1.13    2.02    0.66    0.06    0.05    0.05    0.04    0.03    0.02      5.81      0.48
    1947    0.05    3.81    2.35    0.85    0.48    2.04    0.68    0.11    0.10    0.09    0.07    0.05     10.68      0.89
    1948    0.42    0.73    0.24    7.51    3.78    0.45    0.11    0.11    0.10    0.08    0.06    0.04     13.64      1.14
    1949    0.03    0.73    1.91    2.06    0.53    0.50    0.26    0.05    0.05    0.04    0.04    0.04      6.24      0.52
    1950    0.02    0.01    1.54    1.21    0.25    0.39    0.63    0.53    0.12    0.08    0.09    0.08      4.96      0.41
    1951    2.16    0.83    2.08    0.72    0.17    0.15    0.04    0.04    0.03    0.02    0.02    0.01      6.28      0.52
    1952    0.02    0.99    5.66    3.76    1.78    0.70    0.25    0.39    0.17    0.15    0.12    0.09     14.09      1.17
    1953    0.06    3.72    1.77    0.73    2.20    0.73    0.09    0.08    0.08    0.06    0.05    0.03      9.60      0.80
    1954    0.06    2.81    1.25    5.69    4.96    1.92    1.20    1.16    0.52    0.38    0.17    0.12     20.22      1.69
    1955    0.77    0.92    5.51    1.85    5.60    1.98    0.14    0.14    0.13    0.11    0.09    0.14     17.37      1.45
    1956    0.06    0.04    2.45    4.37    2.09    1.82    0.55    0.18    0.18    0.18    0.15    0.16     12.24      1.02
    1957    0.10    0.11    2.54    8.64    3.38    0.25    0.16    0.15    0.13    0.11    0.08    0.06     15.70      1.31
    1958    0.04    2.12    2.95    4.70    1.96    0.20    0.12    0.11    0.09    0.08    0.06    0.04     12.48      1.04
    1959    0.12    2.91    5.48    1.66    6.58    2.67    0.82    0.51    0.19    0.17    0.14    0.10     21.35      1.78
    1960    0.07    2.56    9.49    3.02    1.76    0.67    0.34    0.14    0.15    0.13    0.11    0.08     18.53      1.54
    1961    0.06    0.13    0.60    0.21    0.55    0.24    0.07    0.02    0.02    0.02    0.01    0.01      1.93      0.16
    1962    0.01    4.52    1.89    0.28    0.05    0.02    0.05    0.02    0.14    0.05    0.02    0.01      7.05      0.59
    1963    0.02    0.82    0.83    1.11    0.64    0.14    0.03    0.03    0.03    0.02    0.02    0.01      3.71      0.31
    1964    2.12    1.34    0.97    1.15    0.45    0.05    0.04    0.04    0.03    0.02    0.02    0.02      6.24      0.52
    1965    0.01    3.56    1.63    0.32    0.11    0.03    0.02    0.02    0.02    0.01    0.01    0.01      5.74      0.48
    1966    0.12    0.40    0.65    0.63    3.55    1.37    1.58    0.52    0.15    0.17    0.15    0.11      9.39      0.78
    1967    0.08    0.89    1.67    0.69    0.23    0.06    0.04    0.03    0.03    0.02    0.02    0.01      3.77      0.31
    1968    0.07    0.54    1.08    0.71    0.24    2.94    1.01    0.07    0.06    0.06    0.05    0.03      6.87      0.57
    1969    0.39    0.69    1.68    0.63    0.04    0.04    0.03    0.02    0.02    0.01    0.01    0.01      3.57      0.30
    1970    0.01    0.52    2.01    1.24    0.24    0.66    0.24    0.05    0.04    0.04    0.03    0.03      5.11      0.43
    1971    0.44    1.45    2.00    1.96    1.55    0.97    0.40    0.19    0.19    0.18    0.15    0.11      9.57      0.80
    1972    0.50    2.03    0.71    1.15    0.42    0.19    0.70    0.21    0.06    0.05    0.04    1.27      7.33      0.61
    1973    0.62    2.32    2.99    2.45    0.85    0.17    0.45    0.18    0.17    0.15    0.12    0.09     10.56      0.88
    1974    0.06    0.97    1.00    7.03    2.75    0.19    0.12    0.12    0.11    0.09    0.07    0.05     12.56      1.05
    1975    0.03    0.18    7.27    4.10    2.02    5.02    1.75    1.08    0.42    0.22    0.17    0.12     22.38      1.87
    1976    0.10    0.46    0.53    0.69    0.27    0.60    0.52    0.11    0.05    0.05    0.04    0.03      3.45      0.29
    1977    0.02    0.37    1.15    6.31    2.79    0.59    0.11    0.12    0.11    0.10    0.07    0.05     11.79      0.98
    1978    0.53    0.74    0.52    0.78    0.31    0.20    0.15    0.03    0.03    0.03    0.03    0.02      3.36      0.28
    1979    0.08    1.55    2.71    7.28   28.06    8.80    1.25    0.25    0.18    0.15    0.12    0.12     50.58      4.21
    1980    0.09   12.97    6.24    5.26    2.55    1.04    0.17    0.14    0.11    0.09    0.07    0.05     28.78      2.40
    1981    0.89    0.44    1.17    2.03    0.59    0.04    0.04    0.03    0.03    0.02    0.02    0.01      5.31      0.44
    1982    0.12    0.06    0.05    1.30    0.47    1.89    0.70    0.04    0.05    0.05    0.04    0.03      4.81      0.40
    1983    0.09   10.46    4.81    1.19    0.38    0.25    0.13    0.11    0.09    0.08    0.06    0.05     17.70      1.47
    1984    0.38    0.62    1.04    0.60   36.15   11.69    0.35    0.16    0.15    0.13    0.10    0.07     51.44      4.29
    1985    0.31    0.18    0.68    0.28    0.68    0.24    1.51    0.53    0.05    0.05    0.04    0.03      4.59      0.38
    1986    0.09    1.92    1.26    0.73    0.29    0.05    0.03    0.03    0.02    0.02    0.01    0.01      4.46      0.37
    1987    0.07    1.10    1.80    2.10    1.19    0.42    0.09    0.09    0.08    0.07    0.06    0.05      7.11      0.59
    1988    0.28    0.09    0.55    0.30    0.20    0.10    0.17    0.06    0.02    0.03    0.03    0.02      1.84      0.15
    1989    0.24    5.03    2.39    0.84    0.73    0.75    0.21    0.10    0.09    0.08    0.06    0.04     10.58      0.88
    1990    0.11    0.37    3.58    6.51    2.06    0.24    0.13    0.14    0.13    0.11    0.08    0.06     13.52      1.13
    1991    0.04    0.67    0.51    1.08    0.35    0.04    0.02    0.02    0.01    0.01    0.01    0.01      2.77      0.23
    1992    0.03    0.01    1.29    1.92    1.46    0.37    0.05    0.05    0.05    0.04    0.03    0.02      5.34      0.44
    1993    0.27    0.45    2.88    1.02    0.21    0.55    0.17    0.04    0.04    0.03    0.02    0.02      5.69      0.47
    1994    0.27    0.14    0.53    2.10    0.80    1.14    0.51    0.07    0.07    0.07    0.06    0.04      5.81      0.48
    1995    0.03    2.56    1.87    3.05   75.91   25.80    2.80    0.68    0.95    0.19    0.18    0.13    114.15      9.51
    1996    0.34    1.27    6.70    2.54    0.33    0.18    0.12    0.11    0.09    0.07    0.05    0.04     11.84      0.99
    1997    0.12    1.24    1.03    0.24    1.33    0.47    0.04    0.03    0.03    0.02    0.02    0.01      4.60      0.38
    1998    0.92    1.70    3.54    1.68    0.34    0.09    0.09    0.08    0.07    0.05    0.04    0.03      8.64      0.72
    1999    0.28    5.90    2.56    4.70   28.90    9.26    1.37    1.53    0.94    0.49    0.15    0.11     56.20      4.68
    2000    0.08    3.33    5.20    1.42    0.41    0.16    0.07    0.05    0.04    0.03    0.02    0.02     10.82      0.90
    2001    0.22   12.87    5.38    0.62    0.55    0.16    0.10    0.09    0.07    0.06    0.04    0.03     20.19      1.68
    2002    0.02    0.01    0.51    1.39    0.43    0.02    0.01    0.01    0.01    0.01    0.01    0.01      2.44      0.20
    2003    0.01    2.52    1.15    0.62    0.58    2.38    0.80    0.08    0.08    0.08    0.06    0.04      8.40      0.70
    2004    0.04    0.85    0.34    1.00    0.88    0.20    0.03    0.02    0.02    0.02    0.02    0.01      3.44      0.29
    2005    0.01    0.93    0.33    2.06    6.37    2.67    0.26    0.13    0.14    0.13    0.10    0.07     13.20      1.10
    2006    0.05    0.26    1.71    0.56    0.42    0.23    0.97    0.33    0.04    0.04    0.04    0.03      4.68      0.39
    2007    0.13    3.66    1.25    2.61    0.93    0.83    0.33    0.07    0.07    0.06    0.05    0.03     10.04      0.84
    2008    0.11    1.08    0.94   17.68    7.05    2.73    1.90    2.12    0.95    0.19    0.15    0.11     35.00      2.92
    2009    0.08    4.21    1.45    0.15    0.05    0.93    0.53    0.07    0.03    0.03    0.03    0.02      7.58      0.63
  
 AVERAGE    0.29    2.21    2.68    2.85    3.82    2.04    0.60    0.21    0.12    0.09    0.07    0.07     15.05      1.25
