    1920    3.57    9.23    9.00    2.42    1.61    2.97    2.84    1.91    1.14    0.86    0.70    0.56     36.81      3.07
    1921    1.36    6.17    7.89    3.91    2.42    2.73    2.51    1.86    1.41    1.13    1.47    1.39     34.24      2.85
    1922    2.36    6.21    6.62   10.60   10.72    2.88    1.66    1.06    0.80    0.69    0.63    0.55     44.78      3.73
    1923    0.47    1.20    2.46    2.24    1.81    2.79    2.43    1.77    1.50    1.18    0.85    0.73     19.44      1.62
    1924    1.14    5.48    6.77    3.84    3.18    6.31    6.67    2.93    2.06    1.57    1.12    1.62     42.68      3.56
    1925    2.04    2.21    1.84    1.21    1.47    1.47    1.11    0.73    0.70    0.75    0.71    0.66     14.90      1.24
    1926    0.56    0.69    1.02    0.88    2.21    3.02    2.70    2.02    1.36    1.82    1.92    1.50     19.71      1.64
    1927    1.45    1.90    1.73    2.69    4.14    3.17    2.08    1.51    1.03    0.74    0.67    0.58     21.70      1.81
    1928    0.78    0.88    1.19    1.64    2.12    2.62    2.34    1.61    1.03    0.80    0.68    0.88     16.57      1.38
    1929    3.28    5.73    5.73   10.35   11.01    6.19    4.74    3.09    1.70    1.13    0.94    0.69     54.58      4.55
    1930    0.46    0.65    1.26    2.12    2.58    2.82    2.58    1.78    1.06    1.22    1.20    0.91     18.64      1.55
    1931    0.60    0.86    1.49    2.10    2.42    2.45    2.08    1.47    1.05    0.83    0.69    0.54     16.58      1.38
    1932    0.50    1.35    2.52    4.08    4.16    2.35    1.63    1.18    0.83    0.76    0.71    0.62     20.69      1.72
    1933    0.61    2.34    3.32    4.32    4.44    4.39    3.60    2.38    1.43    1.07    0.84    0.77     29.52      2.46
    1934    1.45    2.47    3.26    3.06    2.58    2.03    1.41    1.06    0.84    0.71    0.63    0.62     20.10      1.68
    1935    0.62    0.56    1.43    3.80    3.65    2.74    2.09    1.90    1.60    1.16    0.85    0.77     21.17      1.76
    1936    1.78    3.38    3.79   15.52   18.29    6.45    3.22    1.90    1.08    0.76    0.64    0.57     57.39      4.78
    1937    0.47    0.78    3.24    3.79    2.67    2.20    3.55    3.29    2.19    1.35    1.03    1.46     26.02      2.17
    1938    1.83    1.61   23.13   27.08   31.26   28.69    2.92    1.54    1.10    1.58    1.58    2.08    124.39     10.37
    1939    2.16    6.27    7.26    3.01    1.73    1.85    2.16    2.10    2.29    2.07    1.50    1.35     33.75      2.81
    1940    1.46    5.35    6.92    3.28    2.17    3.83    5.12    3.66    2.03    1.15    0.88    0.66     36.51      3.04
    1941    0.71    0.99    1.58    1.60    1.29    2.98    3.00    2.21    2.26    1.96    1.39    1.08     21.06      1.75
    1942    1.04    2.80    3.15    2.72    1.95    2.36    4.23    4.10    2.82    2.50    2.93    2.20     32.79      2.73
    1943    1.62    2.18    2.05    2.50    4.85    4.31    2.07    1.06    0.88    0.92    0.80    0.60     23.83      1.99
    1944    1.12    1.77    1.45    1.32    1.66    1.88    1.94    1.61    1.04    0.75    0.63    0.51     15.68      1.31
    1945    0.99    1.36    1.16    2.93    4.64    4.23    2.90    1.83    1.17    0.86    0.70    0.59     23.38      1.95
    1946    0.50    1.43    3.20    3.40    3.37    2.65    1.90    1.32    0.97    0.88    0.78    0.70     21.10      1.76
    1947    1.29    3.10    4.65    3.89    2.71    4.08    3.67    2.39    1.28    0.88    0.71    0.67     29.33      2.44
    1948    1.28    1.66    1.50    2.93    4.86    4.01    2.58    1.73    1.32    1.02    0.81    0.75     24.44      2.04
    1949    0.74    1.80    3.78    4.01    2.84    1.61    1.91    1.89    1.53    1.08    0.85    1.27     23.30      1.94
    1950    1.56    1.63    2.59    2.87    2.25    1.50    2.71    3.88    3.04    1.94    1.80    1.72     27.50      2.29
    1951    2.20    2.22    4.59    4.68    1.87    2.00    1.86    1.39    1.03    0.95    0.84    0.63     24.27      2.02
    1952    0.64    2.00    4.12    3.74    3.26    3.43    2.84    2.21    1.44    0.96    0.76    0.67     26.06      2.17
    1953    1.20    4.78    6.38    4.05    3.66    2.78    1.92    1.64    1.32    0.96    0.79    0.70     30.17      2.51
    1954    0.82    2.56    2.66    2.89    5.11    5.96    5.35    3.73    2.36    1.48    1.00    0.66     34.58      2.88
    1955    1.18    2.89    4.04    3.18    2.66    3.29    2.35    1.70    1.96    1.69    1.18    1.51     27.62      2.30
    1956    1.57    1.33    1.64    2.82    4.02    5.41    4.21    2.79    1.65    1.35    1.42    1.77     29.98      2.50
    1957    1.95    1.63    1.69    8.37    9.19    2.41    1.54    1.57    1.22    0.86    0.71    0.72     31.87      2.66
    1958    0.96    1.65    2.66    5.47    6.00    3.15    1.99    1.29    0.98    0.84    0.75    0.82     26.57      2.21
    1959    1.07    1.98    3.66    3.46   11.62   11.93    3.59    2.76    1.76    1.08    0.84    0.77     44.52      3.71
    1960    0.72    2.34    6.72    6.67    2.92    4.12    3.86    2.98    2.30    1.97    1.43    1.01     37.03      3.09
    1961    1.38    1.48    2.47    2.12    1.52    1.82    1.82    1.55    1.08    0.78    0.69    0.60     17.32      1.44
    1962    1.08    4.65    5.94    3.01    1.71    0.88    0.97    1.03    1.36    1.62    1.35    0.85     24.46      2.04
    1963    0.99    2.17    2.38    2.97    3.28    2.39    1.55    1.22    0.93    0.73    0.64    0.52     19.79      1.65
    1964    1.77    3.52    3.68    3.61    2.69    1.63    1.03    0.85    0.70    0.59    0.54    0.70     21.29      1.77
    1965    0.77    2.45    2.96    2.27    1.58    1.34    0.89    0.65    0.59    0.57    0.59    0.57     15.21      1.27
    1966    0.89    1.67    3.62    3.71    3.81    3.71    4.03    3.23    1.96    1.30    1.23    0.91     30.06      2.51
    1967    0.95    2.42    2.64    2.22    2.01    2.17    1.93    1.47    1.10    0.94    0.85    0.69     19.39      1.62
    1968    0.55    1.59    2.62    2.50    1.96    2.62    2.62    1.93    1.23    0.92    0.75    0.78     20.08      1.67
    1969    1.39    2.37    3.46    3.06    1.97    1.34    1.17    0.97    0.75    0.73    0.82    0.74     18.77      1.56
    1970    0.75    2.03    3.42    3.42    2.75    2.00    1.69    1.57    1.45    1.21    0.91    0.90     22.11      1.84
    1971    1.64    3.29    4.38    5.22    4.70    3.96    3.79    3.38    2.48    1.54    0.98    0.76     36.12      3.01
    1972    1.55    3.19    2.66    1.89    2.00    2.00    3.62    3.28    2.07    1.12    0.82    2.40     26.59      2.22
    1973    3.19    3.00    3.26    4.24    3.51    2.36    2.85    2.82    1.96    1.29    1.10    0.92     30.49      2.54
    1974    0.95    1.54    2.41    8.98    9.88    3.34    2.22    1.88    1.45    1.03    0.80    0.64     35.12      2.93
    1975    0.56    1.01    3.32    4.33    4.49    5.56    5.24    2.58    1.53    1.04    0.78    0.63     31.08      2.59
    1976    0.69    1.60    1.90    1.84    1.70    2.50    3.20    2.68    1.66    1.03    0.94    1.27     21.01      1.75
    1977    1.28    2.03    3.59    7.29    7.64    4.02    2.64    1.43    0.86    0.71    0.68    0.61     32.77      2.73
    1978    0.94    2.31    2.39    2.07    1.84    1.71    1.81    1.72    1.29    1.00    1.29    1.14     19.50      1.63
    1979    1.23    3.56    4.08    6.69    9.31    6.25    2.61    1.38    0.87    0.69    0.62    0.84     38.13      3.18
    1980    0.95    5.07    7.01    8.63    8.73    4.33    2.90    1.69    1.10    0.85    0.76    0.87     42.87      3.57
    1981    1.20    1.55    1.52    2.45    2.36    1.64    1.12    0.91    0.75    0.64    0.58    0.53     15.25      1.27
    1982    0.95    1.29    1.22    1.58    1.59    2.04    2.08    1.78    1.43    1.15    1.00    0.87     16.98      1.41
    1983    1.09    7.94   13.09    7.86    3.50    2.12    2.01    1.76    1.26    1.64    1.61    1.38     45.27      3.77
    1984    2.30    2.74    2.60    2.25   11.37   12.07    2.44    1.41    1.31    1.12    0.85    0.66     41.14      3.43
    1985    1.51    1.75    2.45    2.56    2.71    3.69    4.01    3.04    1.90    1.21    0.90    0.71     26.44      2.20
    1986    1.28    2.74    4.19    4.46    3.17    2.74    2.35    1.50    0.94    0.76    1.31    1.79     27.23      2.27
    1987    1.84    2.20    3.13    3.30    3.94    4.41    3.22    1.98    1.27    1.16    1.18    1.22     28.87      2.41
    1988    1.78    1.53    1.46    1.98    3.12    2.88    2.13    1.78    1.98    1.84    1.38    0.85     22.72      1.89
    1989    1.16    3.64    5.06    3.96    2.97    2.96    3.13    2.52    1.57    0.99    0.83    0.66     29.45      2.45
    1990    0.84    1.25    2.88    8.80    9.43    5.04    3.43    1.93    1.26    1.11    0.89    0.67     37.52      3.13
    1991    0.50    1.20    1.68    2.01    1.93    1.41    0.96    0.74    0.59    0.50    0.67    0.66     12.84      1.07
    1992    0.72    0.77    1.31    2.71    2.88    2.84    2.53    1.84    1.19    0.85    0.73    0.65     19.02      1.59
    1993    1.62    2.38    3.30    2.95    1.78    2.03    2.15    1.61    0.95    0.70    0.60    0.54     20.62      1.72
    1994    0.92    1.03    1.81    2.34    2.02    2.58    3.22    2.44    1.39    0.89    0.71    0.54     19.90      1.66
    1995    0.54    2.62    3.64    3.56   23.02   23.74    3.84    3.34    3.02    2.08    1.35    1.00     71.76      5.98
    1996    1.35    2.69    4.97    5.59    3.66    2.99    2.24    1.99    1.85    1.37    0.92    1.11     30.73      2.56
    1997    1.27    1.74    1.78    1.52    2.75    2.76    2.03    1.32    0.90    0.68    0.59    0.76     18.11      1.51
    1998    1.66    3.32    9.59    9.36    2.65    1.93    1.42    1.23    1.14    0.94    0.99    0.91     35.14      2.93
    1999    1.65    3.79    4.03    4.74    7.38    6.64    4.33    3.40    2.44    1.76    1.22    0.80     42.18      3.51
    2000    0.99    3.38    6.37    6.25    3.23    2.18    1.58    1.29    1.06    0.93    0.82    0.61     28.69      2.39
    2001    1.53    3.08    3.66    3.24    2.80    2.52    1.78    1.33    1.09    0.93    0.83    0.64     23.42      1.95
    2002    0.68    0.59    1.30    2.55    2.29    1.66    1.28    1.06    0.90    0.88    0.85    0.90     14.94      1.25
    2003    1.08    2.64    2.71    2.23    2.90    4.93    3.99    2.67    1.62    1.20    1.09    1.05     28.12      2.34
    2004    1.15    2.18    1.84    1.88    2.64    2.07    1.30    1.01    0.93    0.94    0.82    0.58     17.35      1.45
    2005    0.40    1.46    1.59    2.49    5.58    6.70    3.81    2.18    1.66    1.26    0.96    0.78     28.85      2.40
    2006    0.63    1.32    2.82    2.31    1.31    1.52    3.56    3.33    2.22    1.50    1.23    0.87     22.62      1.89
    2007    1.02    3.38    3.62    2.23    1.84    3.36    4.41    3.01    1.68    1.05    0.79    0.57     26.95      2.25
    2008    0.71    2.38    2.90    6.04    7.02    3.86    1.98    1.00    1.00    0.95    0.95    0.87     29.66      2.47
    2009    0.83    3.15    3.05    2.24    1.29    1.59    4.97    5.70    2.31    1.21    0.85    0.60     27.80      2.32
  
 AVERAGE    1.21    2.53    3.70    4.12    4.42    3.79    2.69    2.01    1.43    1.11    0.96    0.89     28.86      2.40
