    1920    1.29    8.93    3.30    0.32    0.21    0.99    0.58    0.20    0.13    0.10    0.08    0.05     16.19      1.35
    1921    0.30    5.43    3.27    0.97    0.33    0.69    0.43    0.23    0.19    0.13    0.19    0.15     12.31      1.03
    1922    0.80    4.87    2.07   11.49    4.26    0.50    0.19    0.13    0.10    0.08    0.07    0.05     24.63      2.05
    1923    0.04    0.28    0.72    0.38    0.24    0.66    0.39    0.21    0.17    0.11    0.08    0.06      3.34      0.28
    1924    0.13    4.73    2.17    1.16    0.67    5.18    2.21    0.50    0.33    0.23    0.15    0.27     17.74      1.48
    1925    0.29    0.47    0.25    0.13    0.21    0.16    0.08    0.05    0.06    0.06    0.06    0.05      1.87      0.16
    1926    0.04    0.07    0.11    0.07    1.08    0.69    0.36    0.24    0.13    0.24    0.27    0.15      3.43      0.29
    1927    0.23    0.29    0.22    1.21    1.08    0.50    0.25    0.16    0.10    0.08    0.07    0.05      4.25      0.35
    1928    0.07    0.07    0.22    0.29    0.36    0.46    0.31    0.16    0.09    0.08    0.06    0.08      2.25      0.19
    1929    1.50    3.29    1.61   10.92    4.66    2.41    1.27    0.46    0.21    0.17    0.12    0.07     26.69      2.22
    1930    0.04    0.06    0.23    0.55    0.50    0.53    0.37    0.18    0.09    0.14    0.13    0.07      2.91      0.24
    1931    0.04    0.09    0.29    0.47    0.44    0.38    0.25    0.14    0.09    0.08    0.06    0.04      2.38      0.20
    1932    0.03    0.32    0.70    2.03    0.97    0.31    0.19    0.11    0.09    0.08    0.07    0.05      4.96      0.41
    1933    0.05    1.28    0.99    1.98    1.18    1.22    0.90    0.30    0.20    0.15    0.10    0.09      8.44      0.70
    1934    0.20    0.56    1.02    0.65    0.46    0.25    0.14    0.10    0.08    0.07    0.05    0.05      3.63      0.30
    1935    0.05    0.03    0.61    1.82    0.90    0.37    0.27    0.25    0.18    0.12    0.08    0.08      4.76      0.40
    1936    0.35    1.00    1.01   19.38   10.86    2.21    0.50    0.22    0.12    0.10    0.07    0.06     35.89      2.99
    1937    0.03    0.13    2.42    1.15    0.45    0.31    0.93    0.65    0.27    0.18    0.12    0.20      6.85      0.57
    1938    0.23    0.17   33.59   15.30   42.38   13.87    0.59    0.19    0.14    0.22    0.20    0.41    107.31      8.94
    1939    0.33    5.64    2.64    0.48    0.20    0.28    0.30    0.28    0.34    0.28    0.17    0.17     11.10      0.92
    1940    0.17    4.54    2.59    0.59    0.62    1.06    1.08    0.82    0.25    0.17    0.12    0.07     12.08      1.01
    1941    0.07    0.09    0.36    0.24    0.11    1.51    0.76    0.27    0.32    0.25    0.15    0.12      4.26      0.36
    1942    0.10    1.63    0.91    0.52    0.26    0.69    0.86    0.69    0.41    0.45    0.50    0.30      7.31      0.61
    1943    0.22    0.54    0.34    1.02    1.74    0.87    0.24    0.12    0.12    0.12    0.08    0.05      5.45      0.45
    1944    0.18    0.26    0.14    0.30    0.23    0.26    0.24    0.16    0.09    0.06    0.05    0.03      2.02      0.17
    1945    0.13    0.15    0.10    2.43    1.72    0.82    0.41    0.23    0.15    0.11    0.08    0.06      6.40      0.53
    1946    0.04    0.53    1.14    0.98    0.67    0.38    0.21    0.13    0.10    0.10    0.07    0.07      4.43      0.37
    1947    0.16    1.16    1.75    0.88    0.42    1.37    0.83    0.28    0.16    0.12    0.09    0.08      7.31      0.61
    1948    0.17    0.23    0.17    1.76    1.57    0.75    0.33    0.23    0.17    0.13    0.09    0.08      5.67      0.47
    1949    0.07    0.64    1.54    1.16    0.42    0.18    0.24    0.24    0.16    0.11    0.08    0.14      4.99      0.42
    1950    0.17    0.25    0.85    0.74    0.30    0.19    0.50    0.63    0.46    0.24    0.28    0.23      4.84      0.40
    1951    0.53    0.37    2.84    1.19    0.24    0.32    0.23    0.13    0.11    0.11    0.08    0.04      6.20      0.52
    1952    0.05    0.69    1.81    0.92    0.85    0.63    0.43    0.29    0.17    0.12    0.09    0.07      6.12      0.51
    1953    0.15    3.57    2.17    1.04    0.87    0.43    0.26    0.23    0.15    0.11    0.09    0.07      9.15      0.76
    1954    0.07    1.17    0.63    1.22    1.65    1.71    1.79    0.79    0.32    0.20    0.13    0.07      9.77      0.81
    1955    0.24    0.85    1.48    0.63    1.04    0.71    0.27    0.23    0.28    0.20    0.12    0.22      6.28      0.52
    1956    0.20    0.13    0.41    0.91    1.10    1.38    0.86    0.45    0.23    0.22    0.21    0.25      6.34      0.53
    1957    0.27    0.17    0.50    8.54    3.20    0.28    0.24    0.21    0.13    0.10    0.08    0.07     13.79      1.15
    1958    0.09    0.32    0.78    3.36    1.64    0.49    0.23    0.16    0.12    0.11    0.08    0.09      7.47      0.62
    1959    0.10    0.50    1.48    0.84   13.13    4.75    0.98    0.44    0.22    0.15    0.12    0.10     22.81      1.90
    1960    0.07    1.33    5.20    1.89    0.96    0.92    0.70    0.52    0.39    0.32    0.18    0.13     12.61      1.05
    1961    0.17    0.19    0.96    0.43    0.24    0.24    0.22    0.16    0.09    0.07    0.06    0.04      2.87      0.24
    1962    0.15    3.37    1.73    0.52    0.18    0.07    0.10    0.10    0.15    0.20    0.14    0.07      6.78      0.56
    1963    0.13    0.49    0.50    0.98    0.68    0.29    0.16    0.12    0.08    0.07    0.06    0.04      3.61      0.30
    1964    0.71    0.94    1.05    0.89    0.42    0.15    0.11    0.08    0.06    0.06    0.05    0.06      4.59      0.38
    1965    0.06    1.31    0.82    0.27    0.23    0.14    0.06    0.05    0.05    0.05    0.05    0.04      3.13      0.26
    1966    0.08    0.28    1.85    1.08    0.95    0.71    0.84    0.63    0.23    0.22    0.18    0.09      7.14      0.59
    1967    0.11    0.77    0.62    0.31    0.38    0.33    0.22    0.14    0.10    0.09    0.08    0.05      3.20      0.27
    1968    0.04    0.50    0.67    0.46    0.23    0.75    0.48    0.21    0.12    0.09    0.07    0.07      3.70      0.31
    1969    0.18    0.52    1.20    0.63    0.21    0.13    0.11    0.08    0.06    0.07    0.08    0.06      3.33      0.28
    1970    0.06    0.66    1.13    0.88    0.42    0.25    0.20    0.19    0.17    0.13    0.08    0.09      4.25      0.35
    1971    0.23    1.14    1.33    1.99    1.27    1.00    0.86    0.73    0.36    0.21    0.14    0.10      9.35      0.78
    1972    0.30    0.97    0.49    0.42    0.34    0.27    0.90    0.63    0.24    0.13    0.09    0.86      5.63      0.47
    1973    0.66    0.61    0.89    1.49    0.78    0.27    0.70    0.51    0.22    0.18    0.14    0.10      6.57      0.55
    1974    0.10    0.28    0.65    9.00    3.64    0.91    0.32    0.27    0.17    0.13    0.09    0.06     15.61      1.30
    1975    0.05    0.15    2.07    1.58    1.02    3.26    1.50    0.34    0.20    0.14    0.10    0.07     10.50      0.88
    1976    0.07    0.40    0.35    0.30    0.22    0.57    0.57    0.37    0.18    0.11    0.11    0.14      3.35      0.28
    1977    0.13    0.52    1.38    5.54    2.60    1.19    0.36    0.15    0.11    0.10    0.08    0.06     12.21      1.02
    1978    0.10    0.67    0.48    0.31    0.27    0.20    0.22    0.20    0.12    0.10    0.14    0.11      2.91      0.24
    1979    0.16    1.78    1.22    4.70    6.16    2.07    0.33    0.15    0.10    0.09    0.07    0.08     16.90      1.41
    1980    0.09    4.36    2.66    7.45    3.52    0.96    0.41    0.20    0.14    0.11    0.09    0.09     20.08      1.67
    1981    0.12    0.21    0.20    0.95    0.48    0.15    0.09    0.07    0.06    0.05    0.05    0.04      2.48      0.21
    1982    0.10    0.14    0.12    0.36    0.22    0.41    0.30    0.19    0.15    0.11    0.10    0.07      2.28      0.19
    1983    0.14    8.61    8.97    3.23    0.83    0.29    0.29    0.21    0.13    0.21    0.19    0.14     23.25      1.94
    1984    0.50    0.54    0.51    0.41   13.34    4.76    0.51    0.21    0.19    0.14    0.10    0.07     21.27      1.77
    1985    0.35    0.27    0.93    0.58    0.63    0.73    0.74    0.47    0.23    0.16    0.11    0.08      5.27      0.44
    1986    0.19    0.78    1.65    1.20    0.52    0.60    0.36    0.15    0.11    0.09    0.16    0.22      6.04      0.50
    1987    0.26    0.42    1.08    0.78    1.16    0.95    0.49    0.23    0.18    0.17    0.16    0.15      6.04      0.50
    1988    0.28    0.18    0.45    0.41    0.92    0.53    0.25    0.23    0.27    0.23    0.14    0.07      3.96      0.33
    1989    0.19    1.88    1.89    0.90    0.61    0.51    0.53    0.36    0.18    0.14    0.11    0.07      7.37      0.61
    1990    0.08    0.14    1.50    8.10    3.35    1.62    0.62    0.22    0.18    0.15    0.10    0.07     16.14      1.34
    1991    0.04    0.37    0.29    0.49    0.29    0.12    0.07    0.05    0.04    0.04    0.06    0.05      1.92      0.16
    1992    0.06    0.06    0.30    0.95    0.62    0.51    0.37    0.20    0.11    0.09    0.07    0.05      3.39      0.28
    1993    0.40    0.43    1.30    0.65    0.16    0.54    0.37    0.15    0.08    0.07    0.05    0.04      4.23      0.35
    1994    0.09    0.09    0.59    0.53    0.25    0.74    0.58    0.30    0.14    0.10    0.07    0.04      3.52      0.29
    1995    0.04    1.64    1.17    0.99   31.81   11.13    1.53    0.70    0.54    0.28    0.21    0.12     50.15      4.18
    1996    0.25    0.68    2.72    1.66    0.81    0.51    0.29    0.31    0.26    0.16    0.10    0.13      7.86      0.66
    1997    0.14    0.35    0.28    0.18    1.00    0.56    0.21    0.12    0.07    0.06    0.05    0.06      3.10      0.26
    1998    0.26    1.08    9.37    3.38    0.52    0.24    0.16    0.16    0.13    0.10    0.11    0.08     15.60      1.30
    1999    0.38    1.36    1.10    2.04    5.76    2.39    0.89    0.65    0.37    0.26    0.15    0.09     15.44      1.29
    2000    0.11    2.00    4.50    2.04    0.57    0.27    0.20    0.15    0.12    0.11    0.08    0.05     10.19      0.85
    2001    0.46    0.76    1.21    0.67    0.71    0.41    0.19    0.15    0.11    0.10    0.08    0.05      4.88      0.41
    2002    0.05    0.04    0.64    0.70    0.33    0.16    0.12    0.09    0.08    0.08    0.07    0.08      2.45      0.20
    2003    0.10    1.06    0.61    0.38    0.76    1.31    0.82    0.35    0.22    0.18    0.16    0.13      6.07      0.51
    2004    0.13    0.59    0.30    0.90    0.59    0.22    0.12    0.09    0.09    0.09    0.07    0.04      3.23      0.27
    2005    0.02    0.65    0.32    1.48    3.38    2.10    1.08    0.30    0.24    0.16    0.13    0.08      9.93      0.83
    2006    0.06    0.26    1.05    0.46    0.11    0.20    0.94    0.64    0.27    0.20    0.14    0.08      4.40      0.37
    2007    0.11    2.12    0.97    0.51    0.28    1.41    0.96    0.41    0.19    0.14    0.10    0.06      7.24      0.60
    2008    0.07    0.95    0.75    4.22    2.45    1.07    0.21    0.13    0.13    0.12    0.11    0.08     10.28      0.86
    2009    0.08    2.02    0.98    0.29    0.12    0.39    3.51    1.56    0.29    0.17    0.11    0.07      9.59      0.80
  
 AVERAGE    0.20    1.18    1.69    2.01    2.23    1.11    0.53    0.29    0.17    0.14    0.11    0.10      9.77      0.81
