    1920    1.29    0.77    0.35    0.32    0.30    0.90    0.30    0.26    0.24    0.22    0.19    0.16      5.30      0.44
    1921    0.13    1.92    0.67    0.10    0.09    0.08    0.07    0.06    0.05    0.05    0.04    0.03      3.28      0.27
    1922    0.03    0.07    0.03   10.06    3.37    0.13    0.12    0.12    0.12    0.11    0.10    0.08     14.34      1.19
    1923    0.06    0.10    0.09    0.31    0.59    0.47    0.10    0.07    0.08    0.09    0.09    0.07      2.12      0.18
    1924    0.06    1.09    0.46    0.30    0.09    0.96    0.33    0.08    0.09    0.09    0.09    0.09      3.74      0.31
    1925    0.08    0.06    0.05    0.08    0.20    0.06    0.03    0.03    0.02    0.02    0.02    0.02      0.66      0.06
    1926    0.01    0.31    0.12    0.01    0.21    0.07    0.02    0.02    0.02    0.02    0.02    0.02      0.84      0.07
    1927    0.01    0.01    0.02    2.43    0.83    0.04    0.04    0.04    0.04    0.04    0.04    0.03      3.56      0.30
    1928    0.03    0.08    0.10    0.03    0.02    0.14    0.05    0.02    0.02    0.02    0.02    0.02      0.53      0.04
    1929    0.04    0.77    0.30    0.53    0.22    0.05    0.12    0.07    0.08    0.09    0.08    0.07      2.44      0.20
    1930    0.06    0.05    0.07    0.79    0.27    0.16    0.05    0.04    0.04    0.05    0.04    0.04      1.66      0.14
    1931    0.03    0.04    0.02    0.04    0.03    0.01    0.01    0.02    0.02    0.02    0.02    0.02      0.28      0.02
    1932    0.02    0.01    0.10    0.41    0.15    0.02    0.02    0.02    0.02    0.02    0.02    0.01      0.81      0.07
    1933    0.01    1.54    0.64    0.13    0.04    0.03    0.04    0.04    0.04    0.04    0.03    0.03      2.60      0.22
    1934    0.02    0.02    0.03    0.01    0.01    0.01    0.01    0.01    0.01    0.01    0.01    0.01      0.15      0.01
    1935    0.01    0.00    0.09    0.39    0.33    0.10    0.02    0.03    0.03    0.04    0.04    0.04      1.11      0.09
    1936    0.03    0.04    0.10    4.41    1.83    0.15    0.13    0.15    0.17    0.18    0.16    0.13      7.48      0.62
    1937    0.10    0.08    3.75    1.32    0.08    0.07    0.39    0.13    0.08    0.08    0.07    0.06      6.21      0.52
    1938    0.06    0.04    3.50    1.63    5.25    1.83    0.21    0.24    0.25    0.26    0.23    0.20     13.71      1.14
    1939    0.16    1.29    0.63    0.11    0.10    0.09    0.09    0.08    0.08    0.08    0.07    0.06      2.85      0.24
    1940    0.05    0.08    2.42    0.86    0.06    0.06    0.68    0.23    0.09    0.09    0.08    0.07      4.76      0.40
    1941    0.06    0.05    0.22    0.07    0.03    0.54    0.19    0.03    0.03    0.03    0.03    0.03      1.29      0.11
    1942    0.02    0.10    0.05    0.18    0.06    0.20    0.15    0.04    0.05    0.06    0.07    0.07      1.05      0.09
    1943    0.07    0.06    0.05    0.65    1.33    0.40    0.07    0.08    0.08    0.08    0.07    0.06      3.00      0.25
    1944    0.05    0.04    0.03    0.03    0.02    0.02    0.01    0.01    0.01    0.01    0.01    0.01      0.25      0.02
    1945    0.01    0.00    0.04    3.97    1.86    0.19    0.09    0.10    0.11    0.11    0.10    0.08      6.67      0.56
    1946    0.06    0.05    0.04    0.27    0.09    0.02    0.02    0.02    0.02    0.02    0.02    0.01      0.64      0.05
    1947    0.01    0.29    0.46    0.57    0.16    0.10    0.03    0.04    0.05    0.04    0.04    0.03      1.83      0.15
    1948    0.17    0.17    0.05    2.21    0.81    0.06    0.06    0.07    0.07    0.06    0.06    0.04      3.84      0.32
    1949    0.03    0.52    0.24    0.25    0.08    0.02    0.02    0.02    0.02    0.02    0.02    0.01      1.25      0.10
    1950    0.01    0.01    0.13    0.05    0.01    0.01    0.02    0.10    0.03    0.03    0.04    0.05      0.49      0.04
    1951    0.06    0.04    0.19    0.06    0.03    0.03    0.02    0.02    0.02    0.02    0.01    0.01      0.52      0.04
    1952    0.01    0.04    0.57    0.26    1.89    0.81    0.08    0.12    0.15    0.17    0.17    0.14      4.40      0.37
    1953    0.12    1.06    0.36    1.13    1.35    0.34    0.10    0.09    0.09    0.09    0.08    0.06      4.86      0.41
    1954    0.05    0.83    0.34    0.17    3.84    1.42    0.14    0.16    0.18    0.18    0.16    0.12      7.59      0.63
    1955    0.10    0.08    0.37    0.12    0.38    0.17    0.05    0.05    0.05    0.04    0.04    0.04      1.48      0.12
    1956    0.03    0.03    0.34    0.16    0.14    0.06    0.03    0.04    0.04    0.04    0.04    0.04      1.00      0.08
    1957    0.04    0.03    0.03    0.15    0.05    0.02    0.02    0.01    0.01    0.01    0.01    0.01      0.40      0.03
    1958    0.01    0.45    3.13    1.46    0.16    0.08    0.09    0.10    0.10    0.09    0.07    0.06      5.81      0.48
    1959    0.05    0.30    0.59    0.17    0.04    0.03    0.03    0.03    0.03    0.03    0.03    0.03      1.36      0.11
    1960    0.02    0.38    2.88    0.95    0.31    0.12    0.07    0.07    0.08    0.08    0.07    0.06      5.09      0.42
    1961    0.05    0.04    0.03    0.02    0.02    0.02    0.01    0.01    0.01    0.01    0.01    0.01      0.23      0.02
    1962    0.01    1.74    0.69    0.05    0.02    0.02    0.02    0.02    0.02    0.02    0.02    0.01      2.63      0.22
    1963    0.05    0.02    0.01    0.34    0.13    0.02    0.02    0.02    0.02    0.02    0.02    0.02      0.67      0.06
    1964    1.04    0.47    0.71    0.52    0.10    0.06    0.06    0.06    0.06    0.05    0.04    0.03      3.21      0.27
    1965    0.02    0.17    0.06    0.01    0.13    0.04    0.01    0.01    0.01    0.01    0.01    0.01      0.50      0.04
    1966    0.01    0.02    0.52    0.30    1.35    0.52    0.07    0.10    0.12    0.14    0.14    0.12      3.38      0.28
    1967    0.10    0.07    0.19    0.06    0.04    0.04    0.03    0.03    0.02    0.02    0.02    0.02      0.64      0.05
    1968    0.01    0.37    0.21    0.04    0.02    0.64    0.23    0.04    0.04    0.05    0.05    0.04      1.75      0.15
    1969    0.04    0.03    0.51    0.18    0.03    0.02    0.02    0.02    0.02    0.02    0.02    0.02      0.92      0.08
    1970    0.01    0.01    0.14    0.63    0.22    0.02    0.02    0.03    0.04    0.04    0.04    0.03      1.23      0.10
    1971    0.03    0.18    0.07    1.87    0.67    0.05    0.06    0.06    0.06    0.06    0.05    0.04      3.21      0.27
    1972    0.04    0.03    0.02    0.02    0.02    0.01    0.02    0.01    0.02    0.02    0.02    0.04      0.26      0.02
    1973    0.04    0.17    0.25    2.05    0.72    0.08    0.09    0.09    0.09    0.09    0.08    0.06      3.81      0.32
    1974    0.05    0.10    0.80    2.47    0.86    0.09    0.11    0.13    0.14    0.14    0.12    0.10      5.10      0.43
    1975    0.08    0.06    0.58    0.20    0.34    0.14    0.04    0.05    0.05    0.05    0.05    0.04      1.70      0.14
    1976    0.03    0.23    0.13    0.03    0.03    0.24    0.08    0.03    0.03    0.03    0.03    0.03      0.92      0.08
    1977    0.02    0.02    0.57    0.34    0.56    0.18    0.05    0.05    0.06    0.06    0.05    0.04      2.01      0.17
    1978    0.03    0.03    0.02    0.02    0.01    0.01    0.01    0.01    0.01    0.01    0.01    0.01      0.18      0.02
    1979    0.04    0.20    0.26    1.11    1.90    0.55    0.11    0.12    0.14    0.14    0.12    0.10      4.79      0.40
    1980    0.08    2.61    1.04    2.21    0.87    0.15    0.17    0.17    0.17    0.16    0.14    0.12      7.90      0.66
    1981    0.09    0.07    0.06    0.29    0.19    0.04    0.04    0.03    0.03    0.03    0.03    0.02      0.92      0.08
    1982    0.02    0.01    0.01    0.12    0.04    0.25    0.09    0.01    0.02    0.02    0.02    0.02      0.63      0.05
    1983    0.01    4.12    1.46    0.06    0.05    0.05    0.05    0.05    0.04    0.04    0.03    0.03      5.99      0.50
    1984    0.05    0.02    0.02    0.26    0.69    0.23    0.03    0.04    0.04    0.04    0.04    0.03      1.49      0.12
    1985    0.03    0.02    0.15    0.05    0.01    0.01    0.01    0.01    0.01    0.01    0.01    0.01      0.33      0.03
    1986    0.01    0.03    0.30    0.14    0.01    0.01    0.01    0.01    0.01    0.01    0.01    0.01      0.57      0.05
    1987    0.01    0.26    0.64    0.56    0.13    0.24    0.08    0.06    0.06    0.06    0.05    0.05      2.21      0.18
    1988    0.04    0.03    0.43    0.15    0.03    0.02    0.02    0.02    0.02    0.02    0.02    0.01      0.81      0.07
    1989    0.01    0.13    0.92    0.31    0.02    0.02    0.02    0.03    0.03    0.02    0.02    0.02      1.56      0.13
    1990    0.02    0.01    0.24    0.45    0.78    0.42    0.06    0.07    0.08    0.09    0.09    0.07      2.39      0.20
    1991    0.06    0.04    0.03    0.11    0.05    0.02    0.02    0.02    0.02    0.01    0.01    0.01      0.41      0.03
    1992    0.01    0.01    1.27    0.44    0.30    0.10    0.03    0.03    0.03    0.03    0.03    0.02      2.30      0.19
    1993    0.02    0.03    0.18    0.09    0.21    0.07    0.02    0.03    0.03    0.03    0.03    0.02      0.76      0.06
    1994    0.02    0.01    0.09    0.03    0.01    0.27    0.11    0.02    0.03    0.03    0.04    0.03      0.70      0.06
    1995    0.03    0.45    0.44    1.39    2.57    0.80    0.16    0.20    0.22    0.24    0.21    0.17      6.90      0.57
    1996    0.14    0.16    0.09    0.08    0.07    0.07    0.05    0.05    0.04    0.04    0.04    0.03      0.86      0.07
    1997    0.03    0.27    0.11    0.02    0.02    0.02    0.02    0.02    0.01    0.01    0.01    0.01      0.54      0.05
    1998    0.01    0.04    1.28    0.73    0.11    0.03    0.03    0.03    0.03    0.03    0.02    0.02      2.37      0.20
    1999    0.02    0.22    0.42    0.32    2.60    0.90    0.12    0.14    0.19    0.21    0.21    0.18      5.54      0.46
    2000    0.15    0.12    0.10    0.08    0.57    0.19    0.05    0.05    0.04    0.04    0.03    0.03      1.45      0.12
    2001    0.02   10.93    3.93    0.12    0.13    0.12    0.13    0.12    0.11    0.09    0.08    0.06     15.83      1.32
    2002    0.05    0.04    0.20    0.12    0.04    0.02    0.02    0.02    0.02    0.01    0.01    0.01      0.55      0.05
    2003    0.01    0.01    0.06    0.02    0.06    0.40    0.14    0.02    0.02    0.02    0.03    0.02      0.81      0.07
    2004    0.02    0.01    1.19    0.41    0.02    0.02    0.02    0.02    0.02    0.02    0.02    0.01      1.79      0.15
    2005    0.01    0.08    0.03    0.04    1.51    0.54    0.03    0.04    0.04    0.05    0.05    0.04      2.45      0.20
    2006    0.03    0.81    1.42    0.41    0.04    0.04    0.03    0.03    0.03    0.02    0.02    0.02      2.90      0.24
    2007    0.05    2.73    1.03    2.16    0.76    0.13    0.15    0.16    0.16    0.15    0.13    0.10      7.71      0.64
    2008    0.08    1.59    0.57    4.61    1.64    0.12    0.11    0.11    0.11    0.10    0.09    0.07      9.20      0.77
    2009    0.06    1.63    1.09    0.40    0.07    0.08    1.55    0.53    0.16    0.16    0.16    0.14      6.02      0.50
  
 AVERAGE    0.07    0.48    0.54    0.71    0.53    0.20    0.10    0.07    0.06    0.06    0.06    0.05      2.91      0.24
