    1920    0.98    1.11    0.42    0.21    0.35    2.95    1.02    0.09    0.07    0.05    0.03    0.01      7.29      0.61
    1921    0.07    3.44    1.58    0.39    0.17    0.47    0.15    0.02    0.02    0.01    0.02    0.01      6.37      0.53
    1922    0.42    1.78    0.58    4.60    1.64    0.05    0.03    0.02    0.01    0.01    0.01    0.00      9.15      0.76
    1923    0.01    0.48    1.57    0.61    0.19    1.45    0.50    0.05    0.04    0.03    0.02    0.01      4.93      0.41
    1924    0.12    1.81    1.15    1.44    0.45    2.88    1.04    0.08    0.08    0.06    0.04    0.19      9.35      0.78
    1925    0.07    0.36    0.12    0.06    0.08    0.02    0.00    0.00    0.00    0.00    0.00    0.02      0.74      0.06
    1926    0.01    1.16    0.45    0.10    1.66    0.65    0.05    0.03    0.02    0.10    0.03    0.01      4.26      0.35
    1927    0.15    0.05    0.54    4.96    1.81    0.10    0.07    0.04    0.03    0.02    0.01    0.01      7.80      0.65
    1928    0.00    0.06    0.12    0.16    0.12    0.47    0.16    0.01    0.01    0.01    0.00    0.02      1.13      0.09
    1929    0.68    0.83    1.12    5.52    1.91    0.19    0.07    0.05    0.04    0.03    0.02    0.01     10.47      0.87
    1930    0.00    0.10    0.29    0.35    1.46    0.81    0.12    0.03    0.02    0.02    0.01    0.01      3.22      0.27
    1931    0.01    0.03    0.27    0.50    0.19    0.20    0.09    0.01    0.01    0.01    0.01    0.00      1.33      0.11
    1932    0.09    0.04    0.14    0.51    0.18    0.23    0.09    0.01    0.01    0.01    0.00    0.00      1.31      0.11
    1933    0.01    1.23    1.16    1.21    1.77    0.99    0.16    0.06    0.05    0.03    0.02    0.01      6.69      0.56
    1934    0.08    0.08    0.21    0.45    0.59    0.16    0.01    0.01    0.01    0.01    0.00    0.00      1.60      0.13
    1935    0.00    0.00    0.98    1.45    0.67    0.15    0.02    0.02    0.02    0.01    0.01    0.01      3.34      0.28
    1936    0.10    1.52    1.75   10.56    3.66    0.15    0.07    0.05    0.03    0.02    0.01    0.01     17.93      1.49
    1937    0.00    0.00    2.68    1.03    0.06    0.16    0.98    0.34    0.04    0.03    0.02    0.02      5.36      0.45
    1938    0.11    0.05    1.92    4.57    8.58    2.56    0.06    0.04    0.03    0.02    0.02    0.16     18.12      1.51
    1939    0.06    3.57    1.90    0.96    0.28    0.42    0.15    0.04    0.04    0.03    0.03    0.32      7.80      0.65
    1940    0.12    3.49    2.08    0.61    0.79    0.33    0.24    0.07    0.04    0.03    0.02    0.01      7.81      0.65
    1941    0.00    0.11    0.16    0.34    0.12    1.99    0.68    0.11    0.04    0.04    0.03    0.02      3.65      0.30
    1942    0.01    1.30    0.74    0.24    0.09    0.12    0.31    0.10    0.03    0.06    0.02    0.02      3.05      0.25
    1943    0.01    1.20    0.48    0.95    1.13    0.39    0.03    0.03    0.02    0.01    0.01    0.00      4.26      0.36
    1944    0.06    0.10    0.04    0.28    0.13    0.03    0.05    0.01    0.00    0.00    0.00    0.00      0.71      0.06
    1945    0.10    0.24    0.28    1.71    1.80    0.52    0.06    0.04    0.02    0.02    0.01    0.00      4.80      0.40
    1946    0.00    0.20    0.28    0.45    1.39    0.54    0.03    0.02    0.02    0.01    0.01    0.00      2.96      0.25
    1947    0.01    1.09    0.87    0.72    0.51    0.76    0.23    0.04    0.03    0.02    0.01    0.01      4.32      0.36
    1948    0.12    0.14    0.04    1.84    0.87    0.09    0.04    0.01    0.01    0.01    0.01    0.00      3.19      0.27
    1949    0.00    1.86    1.05    0.75    0.21    0.16    0.10    0.02    0.01    0.01    0.01    0.01      4.18      0.35
    1950    0.02    0.01    0.20    0.16    0.08    0.02    0.27    0.31    0.07    0.04    0.03    0.02      1.22      0.10
    1951    0.80    0.27    0.35    0.12    0.14    0.13    0.03    0.00    0.00    0.00    0.00    0.00      1.87      0.16
    1952    0.02    0.64    1.96    0.81    1.35    1.03    0.22    0.10    0.07    0.05    0.03    0.02      6.30      0.52
    1953    0.01    2.31    1.06    1.15    0.44    0.03    0.02    0.01    0.01    0.01    0.00    0.00      5.05      0.42
    1954    0.00    1.12    0.39    0.32    2.02    1.02    0.16    0.06    0.06    0.04    0.03    0.01      5.24      0.44
    1955    0.07    0.40    2.24    0.84    1.44    0.59    0.04    0.04    0.03    0.02    0.02    0.16      5.90      0.49
    1956    0.06    0.10    1.49    0.63    0.49    0.71    0.24    0.05    0.04    0.03    0.02    0.13      3.99      0.33
    1957    0.09    0.02    0.81    0.85    0.25    0.02    0.01    0.01    0.01    0.00    0.00    0.00      2.08      0.17
    1958    0.05    1.16    1.92    2.20    0.99    0.13    0.05    0.03    0.02    0.02    0.01    0.01      6.59      0.55
    1959    0.03    0.92    2.53    1.11    2.04    0.81    0.22    0.06    0.05    0.04    0.02    0.01      7.86      0.66
    1960    0.00    1.00    7.94    2.74    0.13    0.07    0.23    0.07    0.04    0.03    0.02    0.01     12.29      1.02
    1961    0.07    0.09    0.81    0.30    0.06    0.03    0.04    0.01    0.00    0.00    0.00    0.00      1.42      0.12
    1962    0.00    4.91    1.67    0.34    0.11    0.01    0.06    0.02    0.01    0.01    0.01    0.00      7.14      0.59
    1963    0.02    0.15    0.51    1.27    0.46    0.04    0.01    0.01    0.01    0.01    0.00    0.00      2.50      0.21
    1964    1.67    1.16    1.02    1.13    0.41    0.04    0.02    0.01    0.01    0.01    0.00    0.00      5.49      0.46
    1965    0.00    0.74    0.50    0.11    0.30    0.10    0.00    0.00    0.00    0.00    0.00    0.00      1.76      0.15
    1966    0.06    0.16    1.09    2.06    1.40    0.38    0.19    0.07    0.06    0.05    0.03    0.01      5.56      0.46
    1967    0.09    0.13    0.75    0.41    0.19    0.14    0.05    0.01    0.01    0.01    0.01    0.00      1.80      0.15
    1968    0.00    1.35    0.56    0.11    0.14    0.76    0.26    0.02    0.02    0.01    0.01    0.01      3.25      0.27
    1969    0.12    0.45    3.47    1.30    0.15    0.06    0.02    0.02    0.01    0.01    0.01    0.00      5.62      0.47
    1970    0.01    0.23    0.52    1.17    0.43    0.08    0.06    0.02    0.02    0.02    0.01    0.01      2.57      0.21
    1971    0.25    1.62    0.73    2.30    0.81    0.04    0.14    0.05    0.03    0.02    0.01    0.01      6.01      0.50
    1972    0.02    0.74    0.28    0.24    0.15    0.19    0.30    0.09    0.02    0.02    0.01    0.17      2.23      0.19
    1973    0.13    0.65    0.51    1.30    0.93    0.18    0.14    0.05    0.03    0.02    0.01    0.01      3.96      0.33
    1974    0.00    0.44    0.37    2.56    1.76    0.37    0.10    0.06    0.05    0.03    0.02    0.01      5.78      0.48
    1975    0.00    0.30    0.83    0.64    0.47    0.42    0.11    0.03    0.03    0.02    0.01    0.01      2.87      0.24
    1976    0.01    0.47    0.57    0.37    0.20    0.85    0.33    0.04    0.03    0.02    0.02    0.01      2.90      0.24
    1977    0.01    0.34    1.62    1.62    0.58    0.36    0.10    0.03    0.02    0.01    0.01    0.00      4.72      0.39
    1978    0.30    0.13    0.06    0.15    0.05    0.00    0.07    0.02    0.00    0.00    0.00    0.00      0.80      0.07
    1979    0.14    1.40    0.50    1.84    1.56    0.37    0.05    0.03    0.02    0.02    0.01    0.01      5.93      0.49
    1980    0.19    4.60    2.19    0.93    0.50    0.09    0.03    0.02    0.01    0.01    0.01    0.01      8.57      0.71
    1981    0.03    0.17    0.18    0.83    0.72    0.17    0.02    0.01    0.01    0.01    0.00    0.00      2.14      0.18
    1982    0.05    0.03    0.37    0.41    0.11    0.11    0.04    0.00    0.00    0.00    0.00    0.00      1.13      0.09
    1983    0.40    5.18    1.89    0.51    0.35    0.08    0.03    0.02    0.01    0.01    0.01    0.01      8.51      0.71
    1984    0.37    0.27    0.12    0.15    0.46    0.16    0.01    0.01    0.01    0.01    0.01    0.00      1.58      0.13
    1985    0.00    0.00    0.38    0.29    0.18    0.14    0.04    0.01    0.01    0.01    0.01    0.00      1.07      0.09
    1986    0.03    0.33    1.28    0.55    0.07    0.13    0.04    0.01    0.00    0.00    0.00    0.13      2.59      0.22
    1987    0.05    1.06    1.03    0.90    0.24    0.34    0.17    0.02    0.02    0.02    0.01    0.01      3.87      0.32
    1988    0.09    0.03    0.59    0.40    0.27    0.07    0.15    0.05    0.02    0.01    0.01    0.01      1.70      0.14
    1989    0.15    1.07    1.49    0.55    0.26    0.11    0.05    0.02    0.02    0.02    0.01    0.01      3.76      0.31
    1990    0.00    0.07    1.94    4.90    1.88    1.10    0.32    0.07    0.05    0.03    0.02    0.01     10.39      0.87
    1991    0.00    0.22    0.43    0.23    0.04    0.02    0.01    0.00    0.00    0.00    0.00    0.00      0.96      0.08
    1992    0.01    0.01    0.64    0.29    0.18    0.07    0.00    0.00    0.00    0.00    0.00    0.00      1.21      0.10
    1993    0.20    0.78    0.50    0.12    0.41    0.23    0.03    0.01    0.01    0.01    0.00    0.00      2.29      0.19
    1994    0.01    0.04    2.02    0.80    0.06    1.09    0.44    0.04    0.03    0.03    0.02    0.01      4.59      0.38
    1995    0.00    0.82    0.63    0.23    2.51    1.25    0.14    0.06    0.04    0.03    0.02    0.01      5.75      0.48
    1996    0.20    0.81    0.90    0.63    0.22    0.30    0.11    0.03    0.02    0.02    0.01    0.01      3.26      0.27
    1997    0.31    0.48    0.60    0.53    0.20    0.02    0.01    0.01    0.00    0.00    0.00    0.00      2.17      0.18
    1998    0.73    0.85    0.52    0.69    0.21    0.11    0.04    0.04    0.01    0.01    0.01    0.00      3.23      0.27
    1999    0.08    0.29    1.92    1.37    0.89    1.57    0.54    0.10    0.08    0.07    0.05    0.03      7.00      0.58
    2000    0.08    0.65    1.93    0.63    0.32    0.22    0.04    0.02    0.01    0.01    0.01    0.00      3.91      0.33
    2001    0.12    7.57    2.90    0.34    0.09    0.02    0.01    0.01    0.01    0.00    0.00    0.00     11.07      0.92
    2002    0.43    0.15    0.44    0.32    0.07    0.11    0.04    0.00    0.00    0.00    0.00    0.00      1.57      0.13
    2003    0.00    0.02    0.01    0.22    1.86    2.43    0.67    0.07    0.05    0.04    0.02    0.01      5.41      0.45
    2004    0.02    1.26    1.02    0.25    0.09    0.08    0.08    0.02    0.01    0.01    0.00    0.00      2.84      0.24
    2005    0.00    1.74    0.58    1.11    1.27    0.37    0.03    0.02    0.01    0.01    0.01    0.00      5.15      0.43
    2006    0.00    0.60    1.25    0.36    0.01    0.05    0.08    0.02    0.00    0.00    0.00    0.00      2.39      0.20
    2007    0.33    5.49    2.30    4.68    1.71    0.09    0.05    0.04    0.03    0.02    0.01    0.00     14.74      1.23
    2008    0.07    0.46    1.65    5.26    1.62    0.05    0.03    0.02    0.01    0.01    0.01    0.00      9.21      0.77
    2009    0.51    1.74    1.02    1.01    0.36    1.28    0.60    0.06    0.05    0.04    0.02    0.01      6.70      0.56
  
 AVERAGE    0.13    0.97    1.06    1.19    0.77    0.45    0.16    0.04    0.02    0.02    0.01    0.02      4.85      0.40
