    1920    1.06    0.48    0.25    0.24    0.23    1.79    0.59    0.21    0.20    0.19    0.17    0.16      5.58      0.46
    1921    0.14    1.38    0.74    0.12    0.11    0.69    0.22    0.10    0.09    0.08    0.07    0.07      3.81      0.32
    1922    0.06    0.47    0.27    5.52    2.40    0.21    0.09    0.08    0.08    0.08    0.07    0.07      9.41      0.78
    1923    0.07    0.09    0.48    0.31    0.09    0.60    0.20    0.04    0.04    0.04    0.03    0.03      2.02      0.17
    1924    0.06    0.54    1.10    0.98    0.25    4.62    1.56    0.09    0.09    0.09    0.08    0.08      9.54      0.79
    1925    0.08    0.08    0.07    0.07    0.13    0.05    0.05    0.04    0.04    0.03    0.03    0.03      0.69      0.06
    1926    0.02    0.17    0.08    0.02    0.02    0.01    0.01    0.01    0.01    0.01    0.01    0.01      0.37      0.03
    1927    0.25    0.09    0.03    0.65    0.25    0.01    0.01    0.01    0.01    0.01    0.01    0.01      1.35      0.11
    1928    0.01    0.04    0.10    0.13    0.11    0.37    0.13    0.01    0.01    0.01    0.01    0.01      0.94      0.08
    1929    0.16    0.33    0.18    0.26    0.44    0.37    0.29    0.07    0.03    0.03    0.03    0.03      2.25      0.19
    1930    0.03    0.03    0.26    0.48    0.22    0.27    0.08    0.03    0.03    0.03    0.03    0.02      1.52      0.13
    1931    0.02    0.10    0.09    0.08    0.07    0.16    0.06    0.02    0.02    0.01    0.01    0.01      0.66      0.06
    1932    0.01    0.03    0.33    1.80    0.61    0.03    0.03    0.03    0.02    0.02    0.02    0.02      2.95      0.25
    1933    0.02    1.11    0.54    0.36    0.19    0.05    0.02    0.02    0.02    0.02    0.02    0.02      2.40      0.20
    1934    0.04    0.21    0.15    0.03    0.11    0.04    0.01    0.01    0.01    0.01    0.01    0.01      0.64      0.05
    1935    0.01    0.01    0.02    0.63    0.53    0.14    0.01    0.01    0.01    0.01    0.01    0.01      1.42      0.12
    1936    0.03    0.26    0.25    2.77    2.12    0.56    0.06    0.06    0.06    0.07    0.06    0.06      6.38      0.53
    1937    0.06    0.06    0.60    0.25    0.05    0.04    0.83    0.29    0.04    0.04    0.04    0.03      2.32      0.19
    1938    0.05    0.03    6.26    3.73    5.42    1.70    0.12    0.12    0.12    0.12    0.12    0.11     17.90      1.49
    1939    0.11    1.41    0.85    0.20    0.17    0.09    0.09    0.08    0.08    0.07    0.07    0.06      3.27      0.27
    1940    0.05    0.36    0.55    0.24    0.45    0.18    0.17    0.05    0.04    0.04    0.04    0.03      2.20      0.18
    1941    0.03    0.03    0.34    0.14    0.02    1.02    0.36    0.08    0.03    0.03    0.03    0.02      2.12      0.18
    1942    0.02    0.37    0.19    0.05    0.03    0.04    0.05    0.02    0.02    0.02    0.02    0.02      0.84      0.07
    1943    0.02    0.09    0.06    0.61    1.35    0.42    0.03    0.03    0.03    0.03    0.03    0.02      2.72      0.23
    1944    0.02    0.02    0.04    0.13    0.20    0.10    0.02    0.01    0.01    0.01    0.01    0.01      0.59      0.05
    1945    0.04    0.02    0.02    0.76    0.44    0.20    0.05    0.02    0.02    0.02    0.02    0.01      1.61      0.13
    1946    0.01    0.05    0.05    0.17    0.14    0.03    0.01    0.01    0.01    0.01    0.01    0.01      0.50      0.04
    1947    0.01    0.23    0.25    0.13    0.07    1.62    0.55    0.03    0.03    0.03    0.02    0.02      2.98      0.25
    1948    0.02    0.04    0.07    1.11    0.40    0.03    0.03    0.02    0.02    0.02    0.02    0.02      1.78      0.15
    1949    0.01    0.21    0.26    0.39    0.13    0.02    0.01    0.01    0.01    0.01    0.01    0.01      1.09      0.09
    1950    0.01    0.01    0.46    0.16    0.01    0.06    0.04    0.12    0.04    0.01    0.01    0.01      0.93      0.08
    1951    0.06    0.02    0.02    0.01    0.05    0.02    0.01    0.01    0.01    0.01    0.01    0.01      0.22      0.02
    1952    0.00    0.22    0.78    0.36    0.52    0.24    0.18    0.05    0.03    0.03    0.03    0.03      2.47      0.21
    1953    0.03    0.75    0.42    0.84    1.08    0.29    0.05    0.05    0.04    0.04    0.04    0.04      3.66      0.31
    1954    0.03    1.10    0.52    0.71    2.19    0.79    0.07    0.07    0.07    0.07    0.06    0.06      5.74      0.48
    1955    0.06    0.14    0.46    0.16    4.10    1.40    0.08    0.07    0.07    0.06    0.06    0.05      6.70      0.56
    1956    0.05    0.04    0.45    0.23    0.23    0.20    0.06    0.03    0.03    0.03    0.03    0.02      1.40      0.12
    1957    0.07    0.03    0.22    6.81    2.23    0.07    0.06    0.06    0.05    0.05    0.04    0.04      9.74      0.81
    1958    0.04    0.11    3.29    1.18    0.18    0.05    0.05    0.04    0.04    0.04    0.03    0.03      5.08      0.42
    1959    0.03    0.66    0.90    0.24    0.33    0.13    0.03    0.03    0.03    0.02    0.02    0.02      2.43      0.20
    1960    0.02    0.04    3.88    1.48    0.80    0.27    0.05    0.05    0.05    0.05    0.05    0.04      6.78      0.57
    1961    0.04    0.04    0.03    0.03    0.06    0.03    0.02    0.02    0.02    0.02    0.01    0.01      0.34      0.03
    1962    0.01    0.22    0.26    0.13    0.02    0.01    0.02    0.01    0.02    0.01    0.01    0.01      0.73      0.06
    1963    0.01    0.05    0.14    0.35    0.12    0.01    0.01    0.01    0.01    0.01    0.01    0.01      0.72      0.06
    1964    0.40    0.38    0.79    0.67    0.20    0.02    0.02    0.02    0.02    0.02    0.02    0.02      2.61      0.22
    1965    0.02    0.10    0.09    0.11    0.10    0.02    0.01    0.01    0.01    0.01    0.01    0.01      0.50      0.04
    1966    0.01    0.02    0.23    0.29    0.59    0.25    0.15    0.04    0.02    0.02    0.02    0.02      1.67      0.14
    1967    0.02    0.27    0.14    0.04    0.02    0.02    0.02    0.01    0.01    0.01    0.01    0.01      0.59      0.05
    1968    0.01    0.14    0.31    0.26    0.11    1.24    0.42    0.03    0.03    0.02    0.02    0.02      2.61      0.22
    1969    0.05    0.09    0.18    0.05    0.02    0.02    0.02    0.01    0.01    0.01    0.01    0.01      0.48      0.04
    1970    0.01    0.06    0.32    1.48    0.48    0.02    0.02    0.02    0.02    0.02    0.02    0.02      2.48      0.21
    1971    0.12    0.73    0.35    5.08    2.07    0.18    0.07    0.07    0.07    0.07    0.07    0.07      8.95      0.75
    1972    0.06    0.30    0.19    0.05    0.05    0.05    0.11    0.04    0.03    0.03    0.03    0.11      1.05      0.09
    1973    0.11    0.59    0.62    0.78    0.58    0.18    0.05    0.05    0.05    0.05    0.05    0.05      3.14      0.26
    1974    0.04    0.42    0.47    2.19    1.64    0.34    0.07    0.07    0.07    0.07    0.07    0.06      5.51      0.46
    1975    0.06    0.06    0.63    0.66    0.90    1.48    0.43    0.07    0.07    0.07    0.07    0.06      4.57      0.38
    1976    0.06    1.22    0.53    1.41    0.76    0.30    0.26    0.08    0.08    0.08    0.07    0.07      4.92      0.41
    1977    0.07    0.06    0.58    2.36    1.00    0.44    0.12    0.08    0.07    0.07    0.07    0.06      4.98      0.41
    1978    0.05    0.18    0.11    0.17    0.06    0.04    0.03    0.03    0.03    0.02    0.03    0.02      0.77      0.06
    1979    0.04    0.08    0.11    0.85    1.32    0.37    0.03    0.03    0.03    0.03    0.03    0.05      2.98      0.25
    1980    0.04    3.45    1.17    3.03    1.55    0.24    0.08    0.08    0.08    0.08    0.07    0.07      9.93      0.83
    1981    0.07    0.06    0.05    0.57    0.19    0.04    0.04    0.04    0.03    0.03    0.03    0.02      1.17      0.10
    1982    0.02    0.03    0.03    0.05    0.02    0.37    0.13    0.01    0.01    0.01    0.01    0.01      0.72      0.06
    1983    0.01    1.19    0.52    0.05    0.02    0.03    0.04    0.02    0.02    0.04    0.01    0.01      1.96      0.16
    1984    0.07    0.07    0.03    0.16    0.57    0.19    0.02    0.02    0.02    0.02    0.01    0.01      1.17      0.10
    1985    0.01    0.03    0.12    0.07    0.03    0.07    0.35    0.12    0.01    0.01    0.01    0.01      0.86      0.07
    1986    0.01    0.94    0.54    0.38    4.56    1.52    0.07    0.07    0.06    0.06    0.06    0.06      8.32      0.69
    1987    0.05    0.17    0.46    0.29    0.46    0.23    0.04    0.04    0.04    0.04    0.03    0.03      1.91      0.16
    1988    0.13    0.04    0.41    0.18    0.06    0.02    0.02    0.02    0.02    0.02    0.02    0.01      0.95      0.08
    1989    0.09    1.37    1.01    0.30    0.09    0.03    0.03    0.03    0.03    0.03    0.03    0.02      3.06      0.26
    1990    0.02    0.26    1.72    0.98    0.25    0.17    0.05    0.04    0.04    0.03    0.03    0.03      3.62      0.30
    1991    0.03    0.19    0.07    0.03    0.02    0.02    0.02    0.01    0.01    0.01    0.01    0.01      0.42      0.03
    1992    0.01    0.02    0.11    0.07    0.15    0.06    0.01    0.01    0.01    0.01    0.00    0.00      0.46      0.04
    1993    0.00    0.04    0.28    0.11    0.01    0.02    0.01    0.01    0.00    0.00    0.00    0.00      0.50      0.04
    1994    0.03    0.03    0.09    0.35    0.14    0.22    0.09    0.01    0.01    0.01    0.01    0.01      0.99      0.08
    1995    0.01    0.15    0.20    1.05   14.02    4.43    0.08    0.08    0.07    0.07    0.07    0.06     20.28      1.69
    1996    0.06    0.06    0.05    0.05    0.04    0.04    0.03    0.03    0.03    0.02    0.02    0.02      0.46      0.04
    1997    0.02    0.20    0.07    0.01    0.01    0.01    0.01    0.01    0.01    0.01    0.01    0.00      0.35      0.03
    1998    0.05    0.11    0.50    0.38    0.08    0.01    0.01    0.01    0.01    0.01    0.01    0.01      1.19      0.10
    1999    0.01    2.15    1.22    0.48    3.53    1.18    0.22    0.07    0.08    0.08    0.08    0.08      9.19      0.77
    2000    0.08    0.18    0.27    0.07    0.26    0.09    0.06    0.05    0.05    0.04    0.04    0.03      1.20      0.10
    2001    0.17    9.27    3.39    0.14    0.07    0.07    0.06    0.06    0.05    0.05    0.05    0.05     13.43      1.12
    2002    0.10    0.03    0.29    0.24    0.05    0.37    0.13    0.03    0.02    0.02    0.02    0.02      1.31      0.11
    2003    0.01    0.09    0.06    0.01    0.05    1.76    0.59    0.03    0.02    0.02    0.02    0.02      2.69      0.22
    2004    0.02    0.02    2.94    0.99    0.06    0.03    0.03    0.03    0.03    0.02    0.02    0.02      4.19      0.35
    2005    0.02    0.09    0.33    0.24    0.66    0.24    0.02    0.02    0.02    0.02    0.02    0.02      1.68      0.14
    2006    0.01    0.25    3.04    1.06    0.04    0.04    0.03    0.03    0.03    0.03    0.02    0.02      4.61      0.38
    2007    0.21    3.69    1.29    1.98    0.75    1.78    0.62    0.09    0.09    0.09    0.09    0.09     10.77      0.90
    2008    0.08    1.02    0.33    4.17    1.58    0.10    0.09    0.08    0.07    0.07    0.06    0.06      7.72      0.64
    2009    0.05    1.79    1.46    0.79    0.22    0.06    1.54    0.54    0.08    0.08    0.08    0.08      6.77      0.56
  
 AVERAGE    0.06    0.48    0.60    0.78    0.76    0.42    0.14    0.05    0.04    0.04    0.03    0.03      3.43      0.29
