    1920    0.43    3.06    1.12    0.34    0.14    0.80    0.27    0.04    0.03    0.02    0.02    0.01      6.28      0.52
    1921    0.02    0.68    0.43    0.09    0.10    0.88    0.29    0.01    0.01    0.01    0.01    0.01      2.52      0.21
    1922    0.31    3.70    1.62    8.85    2.93    0.72    0.28    0.07    0.05    0.04    0.02    0.01     18.60      1.55
    1923    0.01    0.09    0.40    0.16    0.05    0.94    0.32    0.01    0.01    0.01    0.01    0.00      2.00      0.17
    1924    0.00    1.43    1.19    0.99    0.27    7.55    2.49    0.06    0.06    0.05    0.03    0.04     14.17      1.18
    1925    0.01    0.02    0.01    0.09    0.20    0.06    0.00    0.00    0.00    0.00    0.00    0.00      0.39      0.03
    1926    0.00    0.34    0.12    0.05    0.22    0.07    0.01    0.00    0.00    0.02    0.01    0.00      0.84      0.07
    1927    0.11    0.05    0.05    0.91    0.36    0.02    0.02    0.01    0.00    0.00    0.00    0.00      1.56      0.13
    1928    0.00    0.04    0.05    0.24    0.09    0.24    0.08    0.00    0.00    0.00    0.00    0.00      0.76      0.06
    1929    0.64    0.65    0.23    1.07    0.42    0.24    0.14    0.02    0.02    0.02    0.01    0.01      3.46      0.29
    1930    0.00    0.03    0.18    0.50    0.87    0.45    0.07    0.01    0.01    0.01    0.01    0.01      2.15      0.18
    1931    0.00    0.09    0.25    0.22    0.11    0.11    0.03    0.00    0.00    0.00    0.00    0.00      0.84      0.07
    1932    0.02    0.02    0.19    0.45    0.17    0.04    0.01    0.00    0.00    0.00    0.00    0.00      0.91      0.08
    1933    0.00    1.88    0.87    0.42    0.31    0.24    0.06    0.01    0.01    0.01    0.01    0.01      3.84      0.32
    1934    0.04    0.23    0.18    0.19    0.26    0.07    0.00    0.00    0.00    0.00    0.00    0.00      1.01      0.08
    1935    0.00    0.00    0.46    0.74    0.28    0.06    0.01    0.01    0.01    0.01    0.00    0.00      1.58      0.13
    1936    0.15    0.18    0.28    2.78    1.61    0.30    0.03    0.03    0.03    0.03    0.02    0.01      5.45      0.45
    1937    0.01    0.00    1.21    0.47    0.03    0.06    0.39    0.13    0.01    0.01    0.01    0.02      2.33      0.19
    1938    0.05    0.02    3.55    2.84    3.79    1.13    0.06    0.05    0.05    0.06    0.04    0.06     11.70      0.98
    1939    0.02    1.43    0.81    0.39    0.12    0.19    0.08    0.01    0.01    0.01    0.01    0.06      3.13      0.26
    1940    0.02    1.85    1.04    0.20    0.35    0.15    0.20    0.06    0.02    0.01    0.01    0.01      3.91      0.33
    1941    0.00    0.02    0.21    0.10    0.01    0.82    0.28    0.06    0.02    0.01    0.01    0.01      1.55      0.13
    1942    0.01    0.66    0.32    0.23    0.09    0.12    0.24    0.07    0.01    0.02    0.01    0.01      1.79      0.15
    1943    0.01    0.64    0.29    0.70    1.40    0.44    0.02    0.02    0.02    0.01    0.01    0.01      3.56      0.30
    1944    0.11    0.08    0.08    0.35    0.12    0.00    0.00    0.00    0.00    0.00    0.00    0.00      0.74      0.06
    1945    0.07    0.06    0.06    2.90    2.25    0.62    0.06    0.03    0.03    0.03    0.02    0.01      6.15      0.51
    1946    0.01    0.05    0.11    0.20    0.65    0.24    0.01    0.01    0.01    0.01    0.00    0.00      1.29      0.11
    1947    0.01    0.69    0.42    0.37    0.32    0.73    0.23    0.02    0.02    0.01    0.01    0.01      2.84      0.24
    1948    0.12    0.26    0.09    3.00    1.15    0.05    0.01    0.01    0.01    0.01    0.01    0.00      4.74      0.40
    1949    0.00    0.54    0.42    0.72    0.22    0.06    0.03    0.00    0.00    0.00    0.00    0.00      2.00      0.17
    1950    0.00    0.00    0.21    0.11    0.02    0.04    0.14    0.22    0.06    0.01    0.01    0.01      0.82      0.07
    1951    0.52    0.18    0.27    0.09    0.09    0.06    0.01    0.00    0.00    0.00    0.00    0.00      1.23      0.10
    1952    0.00    0.15    1.10    0.70    1.40    0.56    0.15    0.03    0.03    0.03    0.03    0.02      4.20      0.35
    1953    0.01    1.39    0.59    1.20    0.89    0.18    0.02    0.01    0.01    0.01    0.01    0.01      4.32      0.36
    1954    0.01    1.43    0.56    0.61    2.65    0.99    0.08    0.04    0.04    0.04    0.03    0.02      6.51      0.54
    1955    0.05    0.18    0.73    0.26    1.26    0.48    0.02    0.01    0.01    0.01    0.01    0.07      3.11      0.26
    1956    0.03    0.04    0.68    0.57    0.39    0.31    0.11    0.01    0.02    0.02    0.01    0.01      2.21      0.18
    1957    0.05    0.02    0.37    1.42    0.49    0.02    0.01    0.01    0.01    0.01    0.00    0.00      2.40      0.20
    1958    0.00    0.80    2.65    1.39    0.36    0.05    0.02    0.02    0.02    0.02    0.01    0.01      5.34      0.44
    1959    0.01    0.41    1.20    0.39    0.47    0.19    0.08    0.02    0.01    0.01    0.01    0.01      2.81      0.23
    1960    0.00    0.29    4.09    1.36    0.30    0.11    0.02    0.01    0.02    0.01    0.01    0.01      6.23      0.52
    1961    0.00    0.03    0.07    0.03    0.03    0.01    0.01    0.00    0.00    0.00    0.00    0.00      0.19      0.02
    1962    0.00    2.13    0.75    0.17    0.05    0.00    0.02    0.01    0.01    0.00    0.00    0.00      3.15      0.26
    1963    0.03    0.04    0.04    0.55    0.28    0.05    0.01    0.00    0.00    0.00    0.00    0.00      1.02      0.08
    1964    0.94    0.63    0.69    0.52    0.14    0.01    0.01    0.01    0.01    0.01    0.00    0.00      2.95      0.25
    1965    0.00    0.20    0.12    0.08    0.17    0.05    0.00    0.00    0.00    0.00    0.00    0.00      0.62      0.05
    1966    0.01    0.08    0.33    0.50    0.77    0.26    0.20    0.06    0.02    0.02    0.02    0.01      2.26      0.19
    1967    0.01    0.12    0.39    0.15    0.06    0.05    0.02    0.00    0.00    0.00    0.00    0.00      0.81      0.07
    1968    0.00    0.63    0.35    0.16    0.24    1.02    0.33    0.01    0.01    0.01    0.01    0.01      2.80      0.23
    1969    0.11    0.17    0.65    0.28    0.06    0.04    0.01    0.00    0.00    0.00    0.00    0.00      1.34      0.11
    1970    0.00    0.05    0.42    0.89    0.26    0.08    0.03    0.01    0.01    0.01    0.01    0.00      1.76      0.15
    1971    0.20    0.46    0.27    0.91    0.34    0.02    0.01    0.01    0.01    0.01    0.01    0.00      2.24      0.19
    1972    0.03    0.55    0.21    0.05    0.03    0.11    0.10    0.02    0.00    0.00    0.00    0.19      1.30      0.11
    1973    0.12    0.28    0.25    1.03    0.42    0.05    0.03    0.01    0.01    0.01    0.01    0.01      2.25      0.19
    1974    0.00    0.22    0.48    1.78    0.72    0.07    0.02    0.02    0.02    0.02    0.01    0.01      3.35      0.28
    1975    0.00    0.05    0.77    0.41    0.31    0.32    0.09    0.01    0.01    0.01    0.01    0.01      2.00      0.17
    1976    0.01    0.39    0.35    0.16    0.10    0.15    0.06    0.01    0.01    0.01    0.01    0.00      1.25      0.10
    1977    0.00    0.14    0.85    0.67    0.36    0.22    0.05    0.01    0.01    0.01    0.01    0.01      2.33      0.19
    1978    0.02    0.10    0.06    0.13    0.05    0.01    0.00    0.00    0.00    0.00    0.00    0.00      0.38      0.03
    1979    0.08    0.24    0.34    2.05    1.95    0.45    0.03    0.03    0.03    0.03    0.02    0.01      5.26      0.44
    1980    0.02    3.58    1.58    1.26    0.75    0.15    0.03    0.03    0.03    0.03    0.02    0.01      7.50      0.62
    1981    0.01    0.04    0.10    0.72    0.32    0.03    0.01    0.00    0.00    0.00    0.00    0.00      1.24      0.10
    1982    0.02    0.02    0.03    0.17    0.06    0.22    0.08    0.00    0.00    0.00    0.00    0.00      0.61      0.05
    1983    0.04    3.71    1.48    0.18    0.18    0.07    0.01    0.01    0.01    0.01    0.01    0.01      5.70      0.48
    1984    0.08    0.06    0.04    0.20    0.68    0.22    0.01    0.01    0.01    0.01    0.01    0.00      1.32      0.11
    1985    0.04    0.02    0.02    0.04    0.03    0.01    0.03    0.01    0.00    0.00    0.00    0.00      0.22      0.02
    1986    0.00    0.16    0.51    0.28    0.06    0.02    0.00    0.00    0.00    0.00    0.00    0.00      1.05      0.09
    1987    0.02    0.05    0.33    0.26    0.05    0.13    0.05    0.00    0.00    0.00    0.00    0.00      0.91      0.08
    1988    0.04    0.01    0.52    0.23    0.03    0.00    0.03    0.01    0.00    0.00    0.00    0.00      0.90      0.07
    1989    0.07    1.03    0.99    0.25    0.04    0.01    0.03    0.01    0.01    0.01    0.00    0.00      2.46      0.21
    1990    0.00    0.06    0.40    1.12    0.70    0.28    0.05    0.01    0.02    0.02    0.01    0.01      2.68      0.22
    1991    0.00    0.14    0.07    0.08    0.03    0.00    0.00    0.00    0.00    0.00    0.00    0.00      0.33      0.03
    1992    0.00    0.01    0.35    0.27    0.28    0.08    0.00    0.00    0.00    0.00    0.00    0.00      1.02      0.08
    1993    0.00    0.19    0.20    0.10    0.09    0.11    0.03    0.00    0.00    0.00    0.00    0.00      0.73      0.06
    1994    0.07    0.06    1.16    0.47    0.03    0.46    0.17    0.01    0.01    0.01    0.01    0.00      2.47      0.21
    1995    0.00    0.73    1.14    0.96    3.35    1.13    0.05    0.05    0.05    0.05    0.04    0.02      7.58      0.63
    1996    0.06    0.32    0.21    0.31    0.12    0.09    0.03    0.01    0.01    0.01    0.00    0.00      1.15      0.10
    1997    0.14    0.53    0.27    0.10    0.06    0.02    0.00    0.00    0.00    0.00    0.00    0.00      1.13      0.09
    1998    0.08    0.15    0.56    0.61    0.15    0.01    0.00    0.00    0.00    0.00    0.00    0.00      1.58      0.13
    1999    0.01    0.58    1.23    0.54    1.75    0.80    0.27    0.06    0.05    0.05    0.05    0.03      5.44      0.45
    2000    0.02    0.11    0.43    0.15    0.38    0.13    0.01    0.00    0.00    0.00    0.00    0.00      1.25      0.10
    2001    0.07   14.22    5.03    0.17    0.03    0.02    0.08    0.03    0.02    0.02    0.01    0.01     19.71      1.64
    2002    0.19    0.07    0.31    0.32    0.18    0.08    0.01    0.00    0.00    0.00    0.00    0.00      1.18      0.10
    2003    0.03    0.08    0.24    0.08    0.12    0.80    0.26    0.01    0.01    0.01    0.01    0.00      1.64      0.14
    2004    0.00    0.04    1.56    0.52    0.10    0.03    0.01    0.00    0.00    0.00    0.00    0.00      2.29      0.19
    2005    0.00    0.10    0.11    0.11    2.28    0.79    0.02    0.01    0.01    0.01    0.01    0.01      3.47      0.29
    2006    0.00    1.13    2.61    0.79    0.02    0.01    0.01    0.01    0.01    0.01    0.00    0.00      4.60      0.38
    2007    0.13    2.80    1.17    2.25    0.80    0.32    0.10    0.04    0.04    0.03    0.02    0.01      7.71      0.64
    2008    0.01    1.43    0.50    3.52    1.46    0.10    0.02    0.02    0.02    0.02    0.01    0.01      7.11      0.59
    2009    0.04    2.35    1.84    0.90    0.26    0.03    2.02    0.71    0.06    0.05    0.04    0.03      8.34      0.69
  
 AVERAGE    0.06    0.71    0.68    0.73    0.53    0.33    0.12    0.03    0.01    0.01    0.01    0.01      3.24      0.27
