    1920    1.29    0.61    0.11    0.12    0.10    2.12    0.72    0.03    0.03    0.02    0.02    0.01      5.18      0.43
    1921    0.13    1.61    0.86    0.13    0.10    0.81    0.27    0.02    0.01    0.01    0.01    0.01      3.97      0.33
    1922    0.04    0.54    0.31    7.04    3.03    0.26    0.04    0.04    0.04    0.03    0.02    0.01     11.40      0.95
    1923    0.00    0.10    0.55    0.36    0.10    0.71    0.24    0.01    0.01    0.01    0.01    0.00      2.11      0.18
    1924    0.07    0.66    1.37    1.22    0.31    5.88    1.95    0.10    0.06    0.05    0.04    0.03     11.72      0.98
    1925    0.02    0.02    0.01    0.01    0.14    0.05    0.00    0.00    0.00    0.00    0.00    0.00      0.26      0.02
    1926    0.00    0.19    0.09    0.02    0.02    0.01    0.01    0.00    0.00    0.00    0.00    0.00      0.34      0.03
    1927    0.30    0.11    0.04    0.82    0.30    0.01    0.01    0.00    0.00    0.00    0.00    0.00      1.60      0.13
    1928    0.01    0.04    0.11    0.16    0.13    0.46    0.15    0.01    0.01    0.01    0.00    0.00      1.08      0.09
    1929    0.20    0.41    0.21    0.32    0.55    0.45    0.36    0.09    0.03    0.03    0.02    0.01      2.66      0.22
    1930    0.01    0.02    0.30    0.57    0.26    0.32    0.10    0.01    0.01    0.03    0.01    0.00      1.64      0.14
    1931    0.00    0.12    0.10    0.10    0.08    0.18    0.07    0.01    0.00    0.00    0.00    0.00      0.67      0.06
    1932    0.00    0.04    0.40    2.28    0.76    0.02    0.01    0.01    0.01    0.01    0.00    0.00      3.53      0.29
    1933    0.00    1.40    0.66    0.43    0.22    0.07    0.01    0.01    0.01    0.01    0.00    0.00      2.81      0.23
    1934    0.04    0.24    0.17    0.04    0.13    0.04    0.00    0.00    0.00    0.00    0.00    0.00      0.67      0.06
    1935    0.00    0.00    0.02    0.80    0.67    0.17    0.01    0.01    0.01    0.01    0.01    0.00      1.70      0.14
    1936    0.04    0.31    0.30    3.51    2.69    0.71    0.05    0.05    0.05    0.04    0.03    0.02      7.81      0.65
    1937    0.01    0.00    0.69    0.29    0.03    0.01    1.00    0.34    0.01    0.01    0.01    0.04      2.44      0.20
    1938    0.07    0.02    8.00    4.74    5.86    1.78    0.04    0.04    0.03    0.02    0.02    0.09     20.70      1.73
    1939    0.03    1.65    1.00    0.24    0.21    0.09    0.02    0.01    0.02    0.01    0.01    0.00      3.29      0.27
    1940    0.00    0.41    0.65    0.28    0.52    0.21    0.20    0.06    0.01    0.01    0.01    0.01      2.37      0.20
    1941    0.00    0.03    0.40    0.16    0.01    1.27    0.43    0.09    0.03    0.01    0.01    0.01      2.46      0.21
    1942    0.01    0.45    0.22    0.06    0.03    0.05    0.06    0.02    0.00    0.00    0.00    0.00      0.92      0.08
    1943    0.00    0.10    0.07    0.75    1.70    0.51    0.02    0.01    0.01    0.01    0.01    0.00      3.21      0.27
    1944    0.00    0.01    0.05    0.14    0.23    0.12    0.02    0.00    0.00    0.00    0.00    0.00      0.59      0.05
    1945    0.05    0.02    0.02    0.96    0.54    0.23    0.06    0.01    0.01    0.01    0.01    0.00      1.92      0.16
    1946    0.00    0.05    0.06    0.19    0.16    0.04    0.00    0.00    0.00    0.00    0.00    0.00      0.52      0.04
    1947    0.00    0.28    0.31    0.15    0.09    2.05    0.69    0.02    0.02    0.02    0.01    0.01      3.63      0.30
    1948    0.03    0.04    0.08    1.39    0.48    0.01    0.01    0.00    0.00    0.00    0.00    0.00      2.04      0.17
    1949    0.00    0.25    0.31    0.48    0.15    0.01    0.00    0.00    0.00    0.00    0.00    0.00      1.22      0.10
    1950    0.00    0.00    0.57    0.20    0.00    0.07    0.04    0.14    0.05    0.01    0.01    0.01      1.08      0.09
    1951    0.07    0.02    0.02    0.01    0.06    0.03    0.00    0.00    0.00    0.00    0.00    0.00      0.21      0.02
    1952    0.00    0.27    0.99    0.45    0.65    0.29    0.23    0.07    0.02    0.02    0.02    0.01      3.01      0.25
    1953    0.01    0.92    0.50    1.04    1.34    0.35    0.02    0.02    0.02    0.02    0.01    0.01      4.26      0.36
    1954    0.02    1.36    0.62    0.86    2.76    0.97    0.04    0.04    0.05    0.04    0.03    0.02      6.81      0.57
    1955    0.01    0.17    0.53    0.18    5.20    1.73    0.03    0.02    0.02    0.02    0.01    0.03      7.96      0.66
    1956    0.01    0.01    0.52    0.26    0.26    0.23    0.07    0.01    0.01    0.01    0.01    0.01      1.41      0.12
    1957    0.09    0.03    0.26    8.72    2.83    0.03    0.02    0.02    0.02    0.01    0.01    0.00     12.04      1.00
    1958    0.00    0.13    4.17    1.46    0.23    0.06    0.01    0.01    0.01    0.01    0.00    0.00      6.10      0.51
    1959    0.00    0.80    1.12    0.29    0.38    0.15    0.01    0.01    0.01    0.01    0.00    0.00      2.78      0.23
    1960    0.00    0.05    4.94    1.87    0.99    0.34    0.03    0.03    0.03    0.03    0.02    0.01      8.32      0.69
    1961    0.00    0.01    0.02    0.02    0.06    0.03    0.02    0.00    0.00    0.00    0.00    0.00      0.18      0.01
    1962    0.00    0.26    0.32    0.14    0.02    0.00    0.03    0.01    0.02    0.01    0.00    0.00      0.83      0.07
    1963    0.01    0.05    0.16    0.43    0.14    0.00    0.00    0.00    0.00    0.00    0.00    0.00      0.81      0.07
    1964    0.50    0.47    0.99    0.84    0.25    0.02    0.01    0.01    0.01    0.01    0.00    0.00      3.12      0.26
    1965    0.00    0.12    0.10    0.13    0.11    0.03    0.00    0.00    0.00    0.00    0.00    0.00      0.49      0.04
    1966    0.01    0.02    0.29    0.37    0.74    0.31    0.19    0.05    0.02    0.02    0.01    0.01      2.03      0.17
    1967    0.00    0.32    0.16    0.05    0.01    0.00    0.01    0.00    0.00    0.00    0.00    0.00      0.56      0.05
    1968    0.00    0.17    0.38    0.32    0.13    1.56    0.52    0.02    0.02    0.01    0.01    0.01      3.15      0.26
    1969    0.06    0.10    0.20    0.06    0.01    0.01    0.00    0.00    0.00    0.00    0.00    0.00      0.45      0.04
    1970    0.00    0.06    0.40    1.87    0.59    0.01    0.01    0.01    0.01    0.01    0.00    0.00      2.98      0.25
    1971    0.13    0.91    0.43    6.47    2.63    0.22    0.05    0.05    0.05    0.04    0.03    0.01     11.02      0.92
    1972    0.03    0.35    0.22    0.06    0.04    0.06    0.12    0.04    0.00    0.00    0.00    0.13      1.05      0.09
    1973    0.13    0.72    0.76    0.97    0.70    0.23    0.03    0.03    0.02    0.02    0.01    0.02      3.63      0.30
    1974    0.01    0.48    0.55    2.75    2.06    0.43    0.04    0.04    0.04    0.03    0.02    0.01      6.46      0.54
    1975    0.01    0.02    0.74    0.77    1.09    1.84    0.54    0.04    0.04    0.04    0.03    0.02      5.17      0.43
    1976    0.01    1.48    0.62    1.73    0.90    0.37    0.33    0.08    0.03    0.03    0.02    0.05      5.65      0.47
    1977    0.02    0.02    0.67    2.96    1.19    0.53    0.15    0.03    0.02    0.02    0.01    0.01      5.64      0.47
    1978    0.04    0.21    0.12    0.19    0.06    0.00    0.00    0.00    0.00    0.00    0.04    0.01      0.68      0.06
    1979    0.05    0.09    0.13    1.07    1.67    0.45    0.02    0.01    0.01    0.01    0.01    0.06      3.56      0.30
    1980    0.04    4.38    1.46    3.84    1.94    0.30    0.04    0.04    0.03    0.02    0.01    0.01     12.11      1.01
    1981    0.01    0.06    0.05    0.66    0.22    0.01    0.01    0.00    0.00    0.00    0.00    0.00      1.03      0.09
    1982    0.01    0.03    0.04    0.06    0.02    0.46    0.16    0.00    0.00    0.00    0.00    0.00      0.79      0.07
    1983    0.00    1.51    0.64    0.06    0.03    0.04    0.05    0.01    0.00    0.05    0.02    0.00      2.42      0.20
    1984    0.09    0.08    0.03    0.18    0.70    0.22    0.01    0.00    0.00    0.00    0.00    0.00      1.32      0.11
    1985    0.01    0.04    0.14    0.08    0.04    0.08    0.43    0.14    0.01    0.01    0.01    0.00      0.98      0.08
    1986    0.00    1.18    0.67    0.46    5.65    1.87    0.05    0.04    0.04    0.03    0.03    0.01     10.03      0.84
    1987    0.01    0.20    0.53    0.34    0.54    0.28    0.04    0.01    0.01    0.01    0.01    0.00      1.98      0.16
    1988    0.15    0.05    0.49    0.21    0.07    0.03    0.03    0.01    0.00    0.00    0.00    0.00      1.04      0.09
    1989    0.10    1.74    1.27    0.35    0.11    0.04    0.01    0.01    0.01    0.01    0.00    0.00      3.66      0.30
    1990    0.00    0.30    2.17    1.22    0.30    0.21    0.06    0.02    0.02    0.01    0.01    0.00      4.33      0.36
    1991    0.00    0.22    0.08    0.03    0.01    0.00    0.00    0.00    0.00    0.00    0.00    0.00      0.34      0.03
    1992    0.01    0.02    0.13    0.08    0.19    0.07    0.00    0.00    0.00    0.00    0.00    0.00      0.52      0.04
    1993    0.00    0.05    0.34    0.14    0.02    0.02    0.01    0.00    0.00    0.00    0.00    0.00      0.58      0.05
    1994    0.03    0.03    0.11    0.44    0.17    0.27    0.10    0.01    0.01    0.01    0.00    0.00      1.18      0.10
    1995    0.00    0.18    0.24    1.32   17.63    5.56    0.17    0.04    0.04    0.05    0.03    0.02     25.28      2.11
    1996    0.01    0.01    0.01    0.05    0.02    0.05    0.02    0.00    0.00    0.00    0.00    0.00      0.17      0.01
    1997    0.00    0.23    0.08    0.01    0.01    0.00    0.00    0.00    0.00    0.00    0.00    0.00      0.34      0.03
    1998    0.06    0.13    0.63    0.48    0.10    0.00    0.00    0.00    0.00    0.00    0.00    0.00      1.41      0.12
    1999    0.00    2.73    1.54    0.59    4.50    1.49    0.28    0.22    0.06    0.06    0.04    0.02     11.52      0.96
    2000    0.03    0.21    0.31    0.09    0.30    0.10    0.00    0.00    0.00    0.00    0.00    0.00      1.04      0.09
    2001    0.19   11.95    4.35    0.18    0.03    0.02    0.06    0.02    0.01    0.01    0.00    0.00     16.82      1.40
    2002    0.11    0.04    0.33    0.27    0.06    0.44    0.15    0.00    0.00    0.00    0.00    0.00      1.42      0.12
    2003    0.01    0.10    0.07    0.01    0.06    2.23    0.74    0.01    0.01    0.01    0.01    0.00      3.25      0.27
    2004    0.00    0.01    3.73    1.23    0.08    0.03    0.02    0.01    0.00    0.00    0.00    0.00      5.11      0.43
    2005    0.00    0.10    0.41    0.28    0.82    0.29    0.01    0.01    0.01    0.01    0.00    0.00      1.94      0.16
    2006    0.01    0.30    3.86    1.33    0.03    0.01    0.01    0.01    0.01    0.00    0.00    0.00      5.58      0.46
    2007    0.24    4.69    1.61    2.50    0.92    2.25    0.79    0.05    0.04    0.04    0.02    0.01     13.17      1.10
    2008    0.08    1.19    0.39    5.28    1.93    0.07    0.02    0.01    0.01    0.01    0.01    0.00      8.99      0.75
    2009    0.04    2.24    1.81    0.95    0.27    0.03    1.92    0.67    0.05    0.04    0.03    0.01      8.07      0.67
  
 AVERAGE    0.05    0.59    0.74    0.97    0.93    0.51    0.16    0.04    0.01    0.01    0.01    0.01      4.03      0.34
