    1920    1.70    2.19    1.28    0.69    0.80    9.24    3.70    0.83    0.46    0.34    0.25    0.18     21.66
    1921    0.34    7.04    3.76    1.30    0.45    0.91    0.57    0.33    0.28    0.23    0.20    0.16     15.57
    1922    0.30    2.34    1.31    7.30   28.86    9.53    1.47    0.52    0.33    0.25    0.19    0.13     52.53
    1923    0.09    0.22    2.70    1.28    0.39    1.77    0.95    0.43    0.36    0.26    0.21    0.18      8.84
    1924    0.18    2.72    2.13    2.77    6.48   78.38   26.04    2.19    0.76    0.54    0.37    0.38    122.94
    1925    0.36    0.37    0.30    0.50    0.94    0.81    0.47    0.28    0.19    0.21    0.21    0.17      4.81
    1926    0.12    0.20    0.20    0.34    0.34    0.62    0.48    0.33    0.23    0.51    0.46    0.32      4.15
    1927    0.50    0.53    0.43    2.84    1.44    0.71    0.63    0.48    0.31    0.25    0.21    0.16      8.49
    1928    0.13    0.13    0.38    0.52    1.03    1.31    0.78    0.44    0.28    0.23    0.18    0.16      5.57
    1929    0.56    2.64    1.46    2.93    2.27   14.99    5.87    1.73    0.65    0.46    0.34    0.23     34.13
    1930    0.15    0.16    2.42    1.38    0.53    0.55    0.46    0.34    0.23    0.25    0.25    0.18      6.90
    1931    0.13    0.62    0.94    0.82    0.60    0.52    0.37    0.27    0.22    0.17    0.13    0.10      4.89
    1932    0.08    0.27    1.78    2.53    1.14    0.50    0.39    0.30    0.22    0.17    0.14    0.11      7.63
    1933    0.10    2.23    1.24    2.06    1.51    2.17    1.55    0.94    0.59    0.42    0.31    0.25     13.37
    1934    0.25    2.52    2.76    1.92    1.38    0.92    0.49    0.35    0.26    0.21    0.17    0.13     11.36
    1935    0.12    0.10    0.38    2.40    1.57    0.99    0.71    0.53    0.40    0.31    0.24    0.25      8.00
    1936    0.65    1.08    2.01    9.00   20.52    7.10    2.21    0.77    0.43    0.30    0.23    0.17     44.47
    1937    0.12    0.17    1.98    2.06    1.14    0.64    1.26    0.87    0.48    0.37    0.29    0.49      9.87
    1938    0.49    0.40   45.80   23.33   76.07   25.17    1.65    0.65    0.45    0.45    0.42    0.47    175.35
    1939    0.43    4.24    6.76    2.53    0.70    0.67    0.58    0.52    0.56    0.51    0.37    0.54     18.41
    1940    0.51    3.77    2.64    1.26    0.98    1.21    1.32    1.04    0.54    0.37    0.28    0.19     14.11
    1941    0.15    0.18    1.38    0.80    0.34    0.91    0.55    0.32    0.37    0.36    0.29    0.28      5.93
    1942    0.30    1.18    0.95    1.11    0.69    1.17    1.28    1.06    0.64    0.55    0.62    0.49     10.04
    1943    0.40    0.91    0.60    0.62    3.43    1.62    0.48    0.29    0.23    0.19    0.15    0.11      9.03
    1944    0.21    0.24    0.25    0.46    0.51    0.43    0.41    0.33    0.23    0.16    0.13    0.10      3.46
    1945    0.34    0.35    0.24    6.68    3.79    1.65    1.31    0.65    0.39    0.28    0.21    0.15     16.04
    1946    0.12    0.71    1.00    0.81    2.14    1.21    0.62    0.45    0.33    0.28    0.21    0.16      8.04
    1947    0.18    1.44    1.92    1.18    0.85    3.64    1.93    0.92    0.48    0.34    0.25    0.20     13.33
    1948    0.29    0.35    0.30    3.58    2.42    1.05    0.67    0.46    0.36    0.29    0.21    0.15     10.13
    1949    0.12    0.94    1.80    1.24    0.64    0.59    0.47    0.42    0.35    0.27    0.21    0.18      7.23
    1950    0.16    0.17    1.53    0.80    0.27    0.44    0.43    0.44    0.40    0.30    0.29    0.26      5.49
    1951    0.51    0.50    1.64    0.89    0.47    0.61    0.44    0.29    0.23    0.22    0.18    0.12      6.10
    1952    0.10    1.73    2.08    1.46    9.28    4.54    2.29    1.34    0.54    0.38    0.28    0.20     24.22
    1953    0.16    0.55    0.49    1.29    1.98    1.03    0.61    0.56    0.38    0.28    0.23    0.16      7.72
    1954    0.15    0.97    0.74   10.70    9.68    2.97    1.34    1.11    0.56    0.41    0.28    0.18     29.09
    1955    0.76    1.38    1.64    0.84    8.07    3.61    1.21    0.65    0.58    0.42    0.30    0.31     19.77
    1956    0.36    0.33    1.11    1.20    1.65    2.04    1.44    0.90    0.56    0.44    0.39    0.43     10.85
    1957    0.57    0.49    0.81   30.68   11.19    1.94    0.70    0.51    0.35    0.25    0.20    0.16     47.85
    1958    0.18    0.64    1.14    1.71    1.80    1.04    0.54    0.34    0.24    0.21    0.18    0.15      8.17
    1959    0.16    0.83    1.34    0.86   19.83    7.35    1.84    1.11    0.53    0.39    0.29    0.21     34.74
    1960    0.19    1.15    4.06    2.00    9.91    6.98    2.68    1.74    0.90    0.91    0.53    0.40     31.45
    1961    0.37    0.35    0.67    0.44    0.47    0.37    0.32    0.27    0.20    0.15    0.13    0.10      3.84
    1962    0.10    3.05    1.72    0.71    0.40    0.24    0.21    0.21    0.31    0.34    0.29    0.20      7.78
    1963    0.16    0.47    0.81    1.78    0.99    0.43    0.29    0.24    0.19    0.16    0.12    0.09      5.73
    1964    0.90    0.68    2.55    3.33    1.73    0.96    0.49    0.36    0.25    0.19    0.15    0.15     11.74
    1965    0.16    1.68    1.03    0.92    1.60    0.88    0.38    0.26    0.20    0.17    0.14    0.12      7.54
    1966    0.22    0.27    0.97    0.98    4.63    2.27    5.59    2.51    0.69    0.49    0.43    0.30     19.35
    1967    0.23    1.42    1.04    0.73    0.69    0.44    0.31    0.28    0.25    0.21    0.18    0.13      5.91
    1968    0.14    0.78    0.96    0.64    1.07    2.24    1.24    0.61    0.37    0.29    0.21    0.17      8.72
    1969    0.49    1.01    0.99    0.53    0.26    0.18    0.15    0.12    0.10    0.11    0.10    0.09      4.13
    1970    0.10    0.44    1.05    2.92    1.35    1.33    0.93    0.68    0.53    0.40    0.29    0.21     10.23
    1971    0.31    2.08    2.03   19.90   31.98   13.60    3.72    1.81    1.06    0.59    0.39    0.26     77.73
    1972    0.90    1.28    0.73    0.87    0.67    0.57    1.47    0.98    0.50    0.34    0.25    1.07      9.63
    1973    0.91    1.46    1.71    5.08    2.91    1.62    1.38    1.19    0.63    0.51    0.41    0.32     18.13
    1974    0.30    0.83    1.02    4.28    2.58    1.24    0.62    0.51    0.41    0.31    0.23    0.17     12.50
    1975    0.13    0.22    5.02   13.21   12.20   26.23    8.51    1.03    0.60    0.40    0.29    0.19     68.03
    1976    0.17    0.34    0.40    1.67    1.19    0.88    1.04    0.78    0.47    0.32    0.24    0.27      7.77
    1977    0.27    0.98    4.52   17.79   10.57    4.20    1.52    0.68    0.40    0.29    0.22    0.15     41.59
    1978    0.28    0.85    0.75    1.29    0.80    0.74    0.85    0.64    0.43    0.33    0.33    0.28      7.57
    1979    0.30    1.11    1.42    2.80    9.70    3.94    1.43    0.58    0.36    0.27    0.21    0.21     22.33
    1980    0.20    3.51    2.12   10.47    7.79    2.66    1.03    0.55    0.35    0.25    0.22    0.21     29.36
    1981    0.29    0.29    0.97    1.27    0.68    0.36    0.26    0.21    0.16    0.13    0.11    0.10      4.83
    1982    0.14    0.16    0.21    0.39    0.26    1.93    1.05    0.50    0.39    0.30    0.24    0.18      5.75
    1983    0.23    5.41    3.51    1.83    1.24    0.86    0.79    0.55    0.35    0.52    0.48    0.34     16.11
    1984    0.96    1.71    1.68    1.42   31.63   11.08    1.07    0.51    0.43    0.32    0.24    0.19     51.24
    1985    0.56    0.47    1.57    0.91    1.09    0.80    1.17    0.84    0.48    0.34    0.24    0.18      8.65
    1986    0.35    0.70    1.58    1.00    0.56    0.78    0.56    0.34    0.23    0.18    0.21    0.26      6.75
    1987    0.32    0.85    2.29    2.07   12.54    5.11    1.78    0.65    0.42    0.33    0.31    0.26     26.93
    1988    0.41    0.30    0.49    0.32    1.99    1.08    0.51    0.43    0.42    0.39    0.29    0.20      6.83
    1989    0.45    3.91    2.52    1.51    1.91    1.47    1.07    0.73    0.40    0.30    0.22    0.16     14.65
    1990    0.24    0.49    4.57   13.68    4.90    1.62    0.79    0.43    0.35    0.28    0.21    0.16     27.72
    1991    0.11    1.27    0.88    2.00    1.04    0.45    0.32    0.22    0.16    0.13    0.13    0.13      6.84
    1992    0.13    0.13    1.25    1.47    1.80    1.33    0.92    0.62    0.38    0.27    0.21    0.15      8.66
    1993    0.42    0.54    3.29    1.61    0.55    1.17    0.76    0.38    0.25    0.19    0.15    0.12      9.43
    1994    0.24    0.26    1.11    1.80    0.88    1.63    1.17    0.79    0.40    0.29    0.21    0.14      8.92
    1995    0.13    2.64    2.21    3.31   54.27   26.97    4.66    1.58    1.07    0.60    0.47    0.33     98.24
    1996    0.66    1.44   10.67    4.94    1.86    1.05    0.64    0.67    0.57    0.39    0.27    0.25     23.41
    1997    0.37    0.85    0.63    0.39    1.81    0.92    0.36    0.27    0.19    0.14    0.11    0.12      6.16
    1998    0.58    2.23    6.76    3.15    1.35    0.80    0.51    0.41    0.32    0.25    0.20    0.14     16.70
    1999    0.21    2.72    1.74    3.37   17.03    6.25    2.03    1.63    0.90    0.74    0.46    0.30     37.38
    2000    0.36    3.36    8.80    3.18    0.72    0.46    0.32    0.26    0.20    0.15    0.12    0.09     18.02
    2001    0.83    3.39    2.77    1.20    1.12    0.72    0.42    0.36    0.28    0.22    0.18    0.12     11.61
    2002    0.12    0.10    0.67    0.92    0.47    0.25    0.19    0.15    0.13    0.13    0.11    0.10      3.34
    2003    0.11    1.73    0.92    0.70    1.05    1.78    1.10    0.68    0.40    0.31    0.25    0.20      9.23
    2004    0.21    0.98    0.57    1.46    1.09    0.53    0.33    0.25    0.20    0.18    0.13    0.10      6.03
    2005    0.07    0.77    0.39    1.76    5.96    3.87    1.46    0.57    0.40    0.29    0.24    0.17     15.95
    2006    0.14    0.31    1.51    0.71    0.54    0.43    1.10    0.73    0.39    0.30    0.23    0.15      6.54
    2007    0.23    3.17    1.46    2.53    1.29    1.16    0.92    0.59    0.36    0.26    0.20    0.13     12.30
    2008    0.18    0.99    1.04   18.73   11.09    9.88    7.83    3.07    1.05    0.61    0.45    0.31     55.23
    2009    0.26    3.66    1.65    0.52    0.31    0.93    0.78    0.50    0.31    0.22    0.16    0.12      9.42
