    1920    0.12    0.11    0.10    0.09    0.13    0.10    0.08    0.07    0.07    0.06    0.06    0.05      1.05      0.09
    1921    0.05    0.04    0.04    0.04    0.03    0.03    0.03    0.03    0.02    0.02    0.02    0.02      0.38      0.03
    1922    0.02    0.01    0.01    0.25    0.25    0.06    0.01    0.01    0.01    0.01    0.01    0.01      0.67      0.06
    1923    0.01    0.01    0.15    0.05    0.01    0.73    0.25    0.02    0.01    0.01    0.01    0.01      1.29      0.11
    1924    0.01    0.02    0.01    0.27    0.09    2.26    0.75    0.03    0.03    0.03    0.03    0.03      3.56      0.30
    1925    0.03    0.02    0.02    0.02    0.02    0.02    0.02    0.02    0.02    0.02    0.02    0.02      0.27      0.02
    1926    0.02    0.02    0.02    0.02    0.02    0.02    0.01    0.01    0.01    0.01    0.01    0.01      0.17      0.01
    1927    0.01    0.01    0.01    0.30    0.11    0.01    0.01    0.01    0.01    0.01    0.00    0.00      0.47      0.04
    1928    0.00    0.00    0.00    0.00    0.00    0.00    0.00    0.00    0.00    0.00    0.00    0.00      0.04      0.00
    1929    0.00    0.00    0.00    0.00    0.00    0.01    0.00    0.00    0.00    0.00    0.00    0.00      0.04      0.00
    1930    0.00    0.00    0.32    0.11    0.01    0.01    0.01    0.01    0.01    0.01    0.01    0.01      0.49      0.04
    1931    0.01    0.01    0.01    0.00    0.00    0.00    0.00    0.00    0.00    0.00    0.00    0.00      0.06      0.00
    1932    0.00    0.00    0.07    0.11    0.03    0.00    0.00    0.00    0.00    0.00    0.00    0.00      0.24      0.02
    1933    0.00    0.03    0.02    0.01    0.00    0.00    0.00    0.00    0.00    0.00    0.00    0.00      0.08      0.01
    1934    0.00    0.02    0.01    0.00    0.00    0.00    0.00    0.00    0.00    0.00    0.00    0.00      0.06      0.01
    1935    0.00    0.00    0.00    0.01    0.00    0.00    0.00    0.00    0.00    0.00    0.00    0.00      0.03      0.00
    1936    0.00    0.00    0.01    0.01    1.39    0.46    0.01    0.01    0.01    0.01    0.01    0.01      1.95      0.16
    1937    0.01    0.01    0.01    0.01    0.01    0.01    0.07    0.02    0.01    0.01    0.01    0.01      0.18      0.02
    1938    0.01    0.01    1.29    0.46    2.50    0.83    0.04    0.04    0.03    0.03    0.03    0.03      5.30      0.44
    1939    0.03    0.07    0.03    0.03    0.03    0.03    0.03    0.03    0.03    0.03    0.03    0.03      0.39      0.03
    1940    0.03    0.03    0.03    0.03    0.03    0.03    0.02    0.02    0.02    0.02    0.02    0.02      0.29      0.02
    1941    0.01    0.01    0.14    0.05    0.01    0.01    0.01    0.01    0.01    0.01    0.01    0.01      0.28      0.02
    1942    0.01    0.01    0.01    0.00    0.00    0.00    0.01    0.00    0.00    0.00    0.00    0.00      0.06      0.01
    1943    0.00    0.00    0.00    0.01    0.29    0.10    0.01    0.01    0.01    0.01    0.01    0.01      0.45      0.04
    1944    0.01    0.00    0.00    0.00    0.00    0.00    0.00    0.00    0.00    0.00    0.00    0.00      0.05      0.00
    1945    0.00    0.00    0.00    0.35    0.12    0.01    0.01    0.01    0.01    0.00    0.00    0.00      0.51      0.04
    1946    0.00    0.00    0.00    0.00    0.00    0.00    0.00    0.00    0.00    0.00    0.00    0.00      0.03      0.00
    1947    0.00    0.02    0.01    0.01    0.00    0.18    0.06    0.00    0.00    0.00    0.00    0.00      0.31      0.03
    1948    0.00    0.00    0.00    0.21    0.07    0.01    0.01    0.01    0.01    0.01    0.01    0.01      0.33      0.03
    1949    0.01    0.01    0.01    0.00    0.01    0.00    0.00    0.00    0.00    0.00    0.00    0.00      0.06      0.01
    1950    0.00    0.00    0.03    0.01    0.00    0.00    0.00    0.00    0.00    0.00    0.00    0.00      0.07      0.01
    1951    0.00    0.00    0.00    0.00    0.00    0.00    0.00    0.00    0.00    0.00    0.00    0.00      0.02      0.00
    1952    0.00    0.01    0.01    0.01    1.23    0.41    0.01    0.01    0.01    0.01    0.01    0.01      1.74      0.15
    1953    0.01    0.02    0.01    0.01    0.01    0.01    0.01    0.01    0.01    0.01    0.01    0.01      0.13      0.01
    1954    0.01    0.01    0.01    0.21    0.14    0.04    0.01    0.01    0.01    0.01    0.01    0.01      0.49      0.04
    1955    0.01    0.01    0.08    0.03    0.98    0.33    0.02    0.02    0.02    0.02    0.02    0.02      1.55      0.13
    1956    0.02    0.02    0.02    0.02    0.02    0.02    0.02    0.02    0.01    0.01    0.01    0.01      0.18      0.02
    1957    0.01    0.01    0.01    2.72    0.89    0.03    0.02    0.02    0.02    0.02    0.02    0.02      3.80      0.32
    1958    0.01    0.01    0.01    0.01    0.01    0.01    0.01    0.01    0.01    0.01    0.01    0.01      0.12      0.01
    1959    0.01    0.01    0.01    0.01    0.22    0.08    0.01    0.01    0.01    0.01    0.01    0.01      0.36      0.03
    1960    0.00    0.00    0.27    0.09    0.04    0.01    0.01    0.01    0.01    0.01    0.01    0.01      0.46      0.04
    1961    0.01    0.01    0.01    0.01    0.01    0.01    0.01    0.01    0.01    0.01    0.01    0.01      0.08      0.01
    1962    0.01    0.08    0.03    0.01    0.01    0.01    0.00    0.00    0.00    0.00    0.00    0.00      0.15      0.01
    1963    0.00    0.00    0.00    0.02    0.01    0.00    0.00    0.00    0.00    0.00    0.00    0.00      0.05      0.00
    1964    0.00    0.00    0.01    0.00    0.00    0.00    0.00    0.00    0.00    0.00    0.00    0.00      0.03      0.00
    1965    0.00    0.00    0.00    0.00    0.00    0.00    0.00    0.00    0.00    0.00    0.00    0.00      0.01      0.00
    1966    0.00    0.00    0.00    0.00    0.20    0.07    0.00    0.00    0.00    0.00    0.00    0.00      0.29      0.02
    1967    0.00    0.00    0.00    0.00    0.00    0.00    0.00    0.00    0.00    0.00    0.00    0.00      0.04      0.00
    1968    0.00    0.00    0.04    0.02    0.00    0.05    0.02    0.00    0.00    0.00    0.00    0.00      0.15      0.01
    1969    0.00    0.00    0.00    0.00    0.00    0.00    0.00    0.00    0.00    0.00    0.00    0.00      0.04      0.00
    1970    0.00    0.00    0.01    0.08    0.03    0.00    0.01    0.00    0.00    0.00    0.00    0.00      0.15      0.01
    1971    0.00    0.00    0.03    0.39    0.20    0.04    0.01    0.01    0.01    0.01    0.01    0.01      0.74      0.06
    1972    0.01    0.01    0.01    0.01    0.01    0.01    0.01    0.01    0.01    0.01    0.01    0.01      0.16      0.01
    1973    0.01    0.01    0.14    0.18    0.05    0.08    0.03    0.02    0.02    0.02    0.02    0.02      0.59      0.05
    1974    0.01    0.01    0.01    0.09    0.03    0.01    0.01    0.01    0.01    0.01    0.01    0.01      0.26      0.02
    1975    0.01    0.01    0.17    0.45    0.38    0.17    0.03    0.03    0.03    0.02    0.02    0.02      1.35      0.11
    1976    0.02    0.02    0.02    0.04    0.02    0.02    0.02    0.02    0.02    0.02    0.02    0.02      0.29      0.02
    1977    0.02    0.02    0.08    0.14    0.07    0.05    0.02    0.02    0.02    0.02    0.02    0.02      0.50      0.04
    1978    0.02    0.02    0.01    0.01    0.01    0.01    0.01    0.01    0.01    0.01    0.01    0.01      0.15      0.01
    1979    0.01    0.01    0.01    0.01    0.03    0.01    0.01    0.01    0.01    0.01    0.01    0.01      0.12      0.01
    1980    0.00    0.18    0.08    1.06    0.39    0.02    0.02    0.02    0.02    0.02    0.02    0.02      1.86      0.15
    1981    0.02    0.02    0.02    0.02    0.02    0.02    0.02    0.02    0.02    0.02    0.02    0.02      0.22      0.02
    1982    0.02    0.02    0.02    0.01    0.01    0.01    0.01    0.01    0.01    0.01    0.01    0.01      0.14      0.01
    1983    0.01    0.09    0.03    0.00    0.00    0.00    0.00    0.00    0.00    0.00    0.00    0.00      0.16      0.01
    1984    0.00    0.00    0.00    0.14    0.25    0.07    0.01    0.01    0.01    0.01    0.01    0.01      0.51      0.04
    1985    0.01    0.01    0.01    0.01    0.01    0.01    0.01    0.01    0.01    0.01    0.01    0.01      0.07      0.01
    1986    0.01    0.01    0.02    0.01    0.01    0.01    0.00    0.00    0.00    0.00    0.00    0.00      0.08      0.01
    1987    0.00    0.00    0.11    0.04    0.02    0.01    0.00    0.00    0.00    0.00    0.00    0.00      0.20      0.02
    1988    0.00    0.00    0.00    0.00    0.00    0.00    0.00    0.00    0.00    0.00    0.00    0.00      0.04      0.00
    1989    0.00    0.05    0.02    0.00    0.00    0.00    0.00    0.00    0.00    0.00    0.00    0.00      0.10      0.01
    1990    0.00    0.00    0.11    0.04    0.00    0.00    0.00    0.00    0.00    0.00    0.00    0.00      0.19      0.02
    1991    0.00    0.00    0.00    0.00    0.00    0.00    0.00    0.00    0.00    0.00    0.00    0.00      0.03      0.00
    1992    0.00    0.00    0.17    0.06    0.00    0.02    0.01    0.00    0.00    0.00    0.00    0.00      0.27      0.02
    1993    0.00    0.00    0.01    0.01    0.00    0.00    0.00    0.00    0.00    0.00    0.00    0.00      0.03      0.00
    1994    0.00    0.00    0.00    0.01    0.00    0.00    0.00    0.00    0.00    0.00    0.00    0.00      0.03      0.00
    1995    0.00    0.00    0.00    0.01    0.23    0.08    0.00    0.00    0.00    0.00    0.00    0.00      0.36      0.03
    1996    0.00    0.00    0.00    0.04    0.02    0.08    0.03    0.01    0.01    0.01    0.01    0.01      0.22      0.02
    1997    0.01    0.01    0.01    0.01    0.01    0.01    0.01    0.01    0.01    0.01    0.01    0.01      0.10      0.01
    1998    0.01    0.01    0.03    0.02    0.01    0.01    0.01    0.01    0.00    0.00    0.00    0.00      0.10      0.01
    1999    0.00    0.00    0.00    0.01    1.84    0.63    0.02    0.02    0.02    0.02    0.02    0.02      2.60      0.22
    2000    0.02    0.02    0.02    0.02    0.03    0.02    0.02    0.02    0.02    0.02    0.02    0.02      0.23      0.02
    2001    0.02    0.12    0.04    0.02    0.02    0.02    0.02    0.02    0.01    0.01    0.01    0.01      0.33      0.03
    2002    0.01    0.01    0.01    0.01    0.01    0.01    0.00    0.00    0.00    0.00    0.00    0.00      0.07      0.01
    2003    0.00    0.00    0.00    0.00    0.03    0.02    0.00    0.00    0.00    0.00    0.00    0.00      0.07      0.01
    2004    0.00    0.00    0.01    0.00    0.00    0.00    0.00    0.00    0.00    0.00    0.00    0.00      0.03      0.00
    2005    0.00    0.00    0.01    1.12    0.40    0.08    0.02    0.01    0.01    0.01    0.01    0.01      1.71      0.14
    2006    0.01    0.01    0.01    0.01    0.01    0.01    0.01    0.01    0.01    0.01    0.01    0.01      0.13      0.01
    2007    0.01    0.13    0.04    0.01    0.01    0.01    0.01    0.01    0.01    0.01    0.01    0.01      0.26      0.02
    2008    0.01    0.00    0.00    0.03    0.01    0.00    0.00    0.00    0.00    0.00    0.00    0.00      0.08      0.01
    2009    0.00    0.02    0.01    0.00    0.00    0.00    0.01    0.00    0.00    0.00    0.00    0.00      0.06      0.01
  
 AVERAGE    0.01    0.02    0.05    0.11    0.15    0.08    0.02    0.01    0.01    0.01    0.01    0.01      0.48      0.04
