    1920    0.00    0.00    0.00    0.00    0.00    5.52    1.57    0.00    0.00    0.00    0.00    0.00      7.09      0.59
    1921    0.00    0.00    0.02    0.00    0.00    0.00    0.00    0.00    0.00    0.00    0.00    0.00      0.02      0.00
    1922    0.00    0.00    0.00   19.43    6.68    0.09    0.07    0.06    0.06    0.06    0.05    0.05     26.55      2.21
    1923    0.05    0.04    1.17    0.39    0.06    0.45    0.15    0.04    0.03    0.02    0.02    0.01      2.43      0.20
    1924    0.01    0.01    0.24    0.60    0.21    8.22    2.73    0.11    0.10    0.10    0.10    0.09     12.52      1.04
    1925    0.09    0.09    0.08    0.50    0.18    0.07    0.06    0.06    0.05    0.04    0.04    0.03      1.30      0.11
    1926    0.03    0.02    0.02    0.02    0.02    0.01    0.01    0.01    0.01    0.05    0.02    0.01      0.23      0.02
    1927    0.03    0.01    0.00    3.02    1.02    0.04    0.03    0.03    0.03    0.02    0.02    0.02      4.27      0.36
    1928    0.02    0.01    0.01    0.01    0.27    0.11    0.01    0.01    0.01    0.01    0.01    0.01      0.47      0.04
    1929    0.00    0.50    0.19    0.01    0.14    0.85    0.28    0.02    0.02    0.02    0.02    0.02      2.08      0.17
    1930    0.02    0.02    4.80    1.62    0.11    0.06    0.05    0.05    0.04    0.04    0.03    0.03      6.87      0.57
    1931    0.03    0.04    0.02    0.02    0.02    0.01    0.01    0.01    0.01    0.01    0.01    0.01      0.20      0.02
    1932    0.01    0.00    0.03    0.37    0.12    0.01    0.01    0.01    0.00    0.00    0.00    0.00      0.57      0.05
    1933    0.00    0.30    0.13    0.56    0.19    0.01    0.01    0.01    0.01    0.01    0.01    0.01      1.25      0.10
    1934    0.01    0.08    0.24    0.08    0.01    0.01    0.01    0.01    0.00    0.00    0.00    0.00      0.44      0.04
    1935    0.00    0.00    0.00    0.80    0.30    0.23    0.08    0.01    0.01    0.01    0.01    0.01      1.47      0.12
    1936    0.01    0.01    0.47    3.58   30.02    9.35    0.20    0.19    0.18    0.18    0.17    0.16     44.53      3.71
    1937    0.15    0.14    0.13    0.12    0.11    0.09    0.44    0.15    0.07    0.06    0.05    0.05      1.55      0.13
    1938    0.04    0.04   16.25    5.39   46.68   15.16    0.30    0.28    0.27    0.26    0.25    0.24     85.17      7.10
    1939    0.23    2.88    0.98    0.22    0.19    0.17    0.16    0.14    0.13    0.11    0.10    0.09      5.39      0.45
    1940    0.08    1.68    0.95    0.12    0.07    0.06    0.06    0.05    0.04    0.04    0.04    0.03      3.22      0.27
    1941    0.03    0.03    2.04    1.28    0.21    0.51    0.17    0.04    0.04    0.03    0.03    0.03      4.44      0.37
    1942    0.03    0.02    0.02    0.02    0.02    0.01    0.19    0.06    0.01    0.01    0.01    0.01      0.42      0.03
    1943    0.01    0.01    0.01    0.04    3.63    1.22    0.04    0.04    0.03    0.03    0.03    0.02      5.11      0.43
    1944    0.02    0.02    0.02    0.81    0.29    0.02    0.02    0.02    0.01    0.01    0.01    0.01      1.25      0.10
    1945    0.01    0.01    0.01   20.35    7.58    0.34    0.12    0.11    0.10    0.09    0.09    0.08     28.88      2.41
    1946    0.07    0.07    0.06    0.06    0.05    0.04    0.04    0.03    0.03    0.02    0.02    0.02      0.51      0.04
    1947    0.02    0.12    0.54    0.22    0.02    4.12    1.40    0.06    0.05    0.05    0.04    0.04      6.66      0.56
    1948    0.04    0.03    0.03    1.34    0.51    0.04    0.03    0.03    0.03    0.02    0.02    0.02      2.13      0.18
    1949    0.02    0.54    0.44    0.09    0.02    0.77    0.27    0.02    0.02    0.02    0.02    0.01      2.24      0.19
    1950    0.01    0.01    0.19    0.07    0.01    0.02    0.05    0.02    0.01    0.01    0.01    0.00      0.39      0.03
    1951    0.00    0.00    0.00    0.00    0.00    0.00    0.00    0.00    0.00    0.00    0.00    0.00      0.03      0.00
    1952    0.00    0.37    0.70    0.35    0.63    0.21    0.03    0.03    0.03    0.03    0.03    0.03      2.41      0.20
    1953    0.03    0.30    0.10    0.03    0.62    0.22    0.03    0.02    0.02    0.02    0.02    0.01      1.42      0.12
    1954    0.01    0.02    0.01    0.86    0.44    0.06    0.02    0.02    0.02    0.01    0.01    0.01      1.50      0.12
    1955    0.01    0.11    0.13    0.03   29.04    9.41    0.15    0.14    0.13    0.12    0.11    0.10     39.48      3.29
    1956    0.09    0.08    0.11    0.07    0.06    0.06    0.05    0.04    0.04    0.03    0.03    0.03      0.69      0.06
    1957    0.02    0.02    0.07   21.96    7.13    0.14    0.13    0.11    0.10    0.10    0.09    0.08     29.96      2.50
    1958    0.07    0.08    0.15    0.50    2.00    0.66    0.07    0.06    0.05    0.05    0.05    0.04      3.78      0.32
    1959    0.04    0.03    0.03    0.03   16.34    5.34    0.12    0.11    0.10    0.09    0.08    0.08     22.41      1.87
    1960    0.07    0.12    2.07    0.73    0.79    0.30    0.07    0.06    0.06    0.06    0.05    0.05      4.41      0.37
    1961    0.05    0.04    0.04    0.03    0.03    0.03    0.03    0.02    0.02    0.02    0.01    0.01      0.33      0.03
    1962    0.01    4.73    1.64    0.05    0.05    0.04    0.04    0.03    0.03    0.03    0.02    0.02      6.69      0.56
    1963    0.02    0.02    0.01    1.04    0.38    0.02    0.02    0.02    0.02    0.01    0.01    0.01      1.58      0.13
    1964    0.03    0.01    0.03    0.12    0.04    0.01    0.01    0.01    0.00    0.00    0.00    0.00      0.26      0.02
    1965    0.00    0.00    0.00    0.32    0.14    0.01    0.00    0.00    0.00    0.00    0.00    0.00      0.49      0.04
    1966    0.00    0.00    0.01    0.03    2.04    0.69    0.10    0.03    0.02    0.02    0.02    0.02      3.00      0.25
    1967    0.02    0.02    0.02    0.02    0.05    0.02    0.01    0.01    0.01    0.01    0.01    0.01      0.18      0.02
    1968    0.00    0.10    0.29    0.09    0.02    0.16    0.06    0.01    0.01    0.01    0.01    0.01      0.77      0.06
    1969    0.47    0.17    0.01    0.01    0.01    0.01    0.01    0.01    0.01    0.01    0.01    0.00      0.71      0.06
    1970    0.00    0.00    0.18    1.55    0.51    0.02    0.02    0.02    0.02    0.01    0.01    0.01      2.36      0.20
    1971    0.01    0.04    0.07    2.15    0.99    1.26    0.42    0.06    0.06    0.06    0.06    0.06      5.24      0.44
    1972    0.06    0.06    0.05    0.05    0.05    0.04    0.04    0.03    0.03    0.02    0.02    0.83      1.27      0.11
    1973    0.30    0.02    2.31    1.35    0.22    0.05    0.05    0.05    0.05    0.05    0.04    0.04      4.53      0.38
    1974    0.04    0.27    0.09    0.63    0.61    0.14    0.04    0.03    0.03    0.03    0.03    0.02      1.96      0.16
    1975    0.02    0.02    1.28    9.87    4.08    0.34    0.13    0.12    0.12    0.12    0.12    0.11     16.35      1.36
    1976    0.11    0.11    0.10    1.60    3.33    1.39    0.13    0.12    0.11    0.10    0.10    0.09      7.29      0.61
    1977    0.08    0.08    0.07    1.44    0.75    0.67    0.20    0.08    0.07    0.06    0.06    0.05      3.61      0.30
    1978    0.05    0.32    0.15    0.04    0.04    0.04    0.03    0.03    0.02    0.02    0.02    0.02      0.78      0.07
    1979    0.01    0.01    0.19    0.07    2.10    0.72    0.03    0.03    0.03    0.02    0.02    0.02      3.26      0.27
    1980    0.02    0.21    0.99    2.67    0.82    0.06    0.06    0.05    0.05    0.05    0.05    0.05      5.07      0.42
    1981    0.04    0.04    0.04    0.03    0.03    0.03    0.02    0.02    0.02    0.01    0.01    0.01      0.31      0.03
    1982    0.01    0.01    0.01    0.01    0.00    0.05    0.02    0.00    0.00    0.00    0.00    0.00      0.11      0.01
    1983    0.00    0.53    0.20    0.08    0.02    0.03    0.01    0.01    0.01    0.13    0.05    0.01      1.06      0.09
    1984    0.01    0.11    0.04    0.68    1.39    0.43    0.04    0.04    0.04    0.04    0.03    0.03      2.86      0.24
    1985    0.05    0.03    0.05    0.03    0.02    0.02    0.08    0.03    0.02    0.01    0.01    0.01      0.36      0.03
    1986    0.01    0.01    0.01    0.01    0.00    0.09    0.03    0.00    0.00    0.00    0.00    0.01      0.19      0.02
    1987    0.00    0.00    4.09    1.38    0.16    0.06    0.04    0.03    0.03    0.03    0.03    0.02      5.87      0.49
    1988    0.02    0.02    0.03    0.01    0.01    0.01    0.01    0.01    0.01    0.01    0.00    0.00      0.14      0.01
    1989    0.00    2.57    0.88    0.07    0.03    0.03    0.02    0.02    0.02    0.02    0.02    0.02      3.69      0.31
    1990    0.02    0.01    5.00    1.69    0.06    0.05    0.05    0.04    0.04    0.03    0.03    0.03      7.05      0.59
    1991    0.02    0.02    0.02    0.02    0.01    0.01    0.01    0.01    0.01    0.01    0.01    0.00      0.14      0.01
    1992    0.00    0.07    2.97    1.01    0.50    0.17    0.04    0.03    0.03    0.03    0.02    0.02      4.89      0.41
    1993    0.02    0.02    0.83    0.29    0.02    0.02    0.02    0.01    0.01    0.01    0.01    0.01      1.28      0.11
    1994    0.01    0.01    0.01    1.52    0.52    0.02    0.02    0.02    0.01    0.01    0.01    0.01      2.17      0.18
    1995    0.01    0.01    0.39    1.45   21.83    6.95    0.15    0.15    0.14    0.13    0.12    0.12     31.46      2.62
    1996    0.11    0.11    0.10    0.33    0.11    0.08    0.07    0.06    0.06    0.05    0.04    0.04      1.17      0.10
    1997    0.03    0.17    0.06    0.34    0.12    0.02    0.02    0.02    0.01    0.01    0.01    0.01      0.82      0.07
    1998    0.01    1.27    2.29    1.08    2.84    0.96    0.09    0.09    0.09    0.09    0.09    0.09      8.99      0.75
    1999    0.09    0.08    0.34    1.19   82.64   42.22    4.98    0.30    0.29    0.28    0.26    0.25    132.93     11.08
    2000    0.24    0.22    0.22    0.20    4.63    1.63    0.20    0.18    0.16    0.14    0.12    0.11      8.04      0.67
    2001    0.10    2.41    0.87    0.09    0.08    0.07    0.06    0.05    0.05    0.04    0.04    0.03      3.87      0.32
    2002    0.03    0.02    0.02    0.02    0.01    0.11    0.04    0.01    0.01    0.01    0.01    0.01      0.29      0.02
    2003    0.01    0.00    0.00    2.51    7.84    2.68    0.14    0.11    0.11    0.11    0.10    0.10     13.71      1.14
    2004    0.10    0.10    0.12    0.09    0.09    0.08    0.07    0.06    0.05    0.05    0.04    0.03      0.87      0.07
    2005    0.03    0.02    0.02    0.12    1.46    1.84    0.49    0.05    0.04    0.04    0.04    0.03      4.18      0.35
    2006    0.03    0.03    0.18    0.06    0.02    0.02    0.02    0.02    0.01    0.01    0.01    0.01      0.42      0.04
    2007    0.01    0.03    0.85    0.29    0.02    0.01    0.01    0.01    0.01    0.01    0.01    0.01      1.27      0.11
    2008    0.01    0.28    1.81    1.60    0.37    0.04    0.03    0.03    0.03    0.03    0.02    0.02      4.26      0.36
    2009    0.02    1.44    0.50    0.03    0.03    0.02    0.32    0.11    0.02    0.02    0.02    0.01      2.54      0.21
  
 AVERAGE    0.04    0.26    0.69    1.39    3.30    1.42    0.20    0.05    0.04    0.04    0.04    0.04      7.52      0.63
