    1920    5.94    6.07    5.00    5.54    9.51   40.88   27.58   10.07    7.39    4.74    3.27    2.56    128.55
    1921    3.28    8.07   10.47    7.88    5.49    6.37    6.24    5.04    3.77    2.72    2.68    2.51     64.52
    1922    2.81    4.20    4.80   61.70  108.87   52.27   12.05    7.66    4.96    3.24    2.72    2.16    267.44
    1923    1.65    1.55    4.65    5.90    5.37   30.81   22.64    9.01    6.55    4.20    3.55    3.47     99.35
    1924    3.96    6.12    8.03   26.03   28.22   95.09   60.64   15.43    7.89    5.10    3.60    3.50    263.61
    1925    3.19    3.03    3.48    4.73    8.41   10.13    8.48    6.07    4.11    4.08    4.03    3.10     62.84
    1926    2.21    2.36    3.09    5.81    6.71    5.78    5.29    4.76    3.76    3.07    2.97    2.53     48.34
    1927    4.02    4.88    4.47   10.45   10.69    7.34    6.37    6.02    4.67    3.30    2.99    2.58     67.78
    1928    2.18    3.07    3.99    6.96   14.26   25.60   16.98    8.10    5.61    4.05    3.45    2.94     97.19
    1929    2.88    3.88    8.20    9.14    8.20   15.63   14.28    9.48    6.25    4.07    3.13    2.62     87.76
    1930    1.97    2.36   14.34   14.47    9.67    8.90    9.76    8.40    5.78    4.84    4.41    3.23     88.13
    1931    2.44    3.80    4.53    5.13    5.95    6.40    6.54    6.08    4.92    3.43    2.49    2.02     53.73
    1932    2.03    1.86    3.52   16.90   14.58    7.58    5.71    4.66    3.42    2.47    2.20    1.87     66.80
    1933    1.69    7.50    9.10   21.05   17.49   11.02    9.69    7.68    5.45    3.76    2.92    2.43     99.78
    1934    2.38    5.33    9.21    9.67    8.02    6.26    4.68    4.33    3.70    2.95    2.47    2.16     61.16
    1935    2.08    1.59    1.73    3.50    8.57   12.74   11.23    8.81    6.71    4.78    3.65    3.16     68.55
    1936    3.30    5.69    7.87   15.61   76.65   45.50    8.75    6.08    4.01    2.93    2.68    2.66    181.73
    1937    2.50    1.98    5.10    9.47    8.93    6.14    9.87   10.88    6.99    4.54    3.19    3.36     72.95
    1938    5.67    5.78   43.80   31.28   47.88   34.88   12.11    8.08    6.09    5.43    4.90    4.54    210.44
    1939    4.00   10.62   14.67   10.58    7.11    9.69   11.35    9.79    6.96    5.17    3.82    3.79     97.55
    1940    3.53    4.06    7.67    7.97    6.07    4.53    5.33    5.46    4.02    2.76    2.52    2.17     56.09
    1941    2.19    2.35    3.10    4.94    4.83    9.87   10.55    8.28    6.50    4.75    4.06    4.55     65.97
    1942    5.01    5.25    6.88    6.32    4.97    7.42   26.25   21.72    7.39    5.06    5.32    5.01    106.60
    1943    3.82    3.85    3.95    5.04   27.93   21.05    8.39    5.87    4.44    3.67    2.83    2.32     93.16
    1944    3.38    4.01    3.24    4.28    8.43   10.38    9.53    7.23    4.70    3.05    2.43    1.93     62.59
    1945    2.71    3.14    3.31   35.18   38.89   17.25    8.58    6.55    4.60    3.13    2.49    1.97    127.80
    1946    1.81    2.21    2.30    2.71    7.29    9.01    8.40    7.10    5.18    3.60    2.69    2.24     54.54
    1947    2.40    3.69    6.91    7.94    7.76   81.95   51.00    8.70    5.58    3.52    2.71    2.22    184.38
    1948    3.43    4.49    3.86    7.91    9.51    7.83    5.97    5.28    4.61    3.79    3.01    2.48     62.17
    1949    2.13    2.83    4.70    6.02    8.93   10.86   13.39   12.48    7.59    4.87    3.47    2.74     80.01
    1950    1.99    2.39   10.46   10.97    6.30    5.14    6.86    8.51    7.45    4.99    3.59    3.44     72.09
    1951    4.44    3.99    3.23    3.38    4.39    4.55    4.47    4.12    3.43    3.15    2.96    2.31     44.42
    1952    1.91    3.18    6.25   27.35   62.23   34.15   11.67    9.86    6.09    3.89    3.23    2.59    172.40
    1953    2.21    3.66    6.23   13.27   16.19   11.84    8.75    7.42    5.38    3.49    3.09    2.72     84.25
    1954    2.82    4.42    6.79   36.64   80.59   45.24   13.84   10.08    6.98    4.83    3.50    2.65    218.38
    1955    3.25    5.26   10.74   11.18   84.95   55.45   11.49    7.73    5.83    4.26    3.28    3.69    207.11
    1956    3.72    3.21    3.90    4.59    6.36    9.95   10.90    9.08    6.70    5.16    4.82    4.10     72.49
    1957    5.03    5.04    4.50   84.31   52.79    8.09    6.34    5.27    3.86    2.83    2.37    3.28    183.71
    1958    3.95    3.90    8.62   11.60   13.49   10.83    6.55    4.51    3.26    2.84    2.60    2.27     74.42
    1959    2.47    5.49    8.62    7.49    7.73    8.01    7.53    6.70    5.29    3.84    2.89    2.52     68.58
    1960    2.22    5.34   26.07   18.45   10.73   11.99   15.68   14.00    7.19    5.20    4.37    3.65    124.89
    1961    2.92    2.65    3.31    4.85    5.27    4.48    4.83    4.97    3.90    2.76    2.23    1.87     44.04
    1962    1.54    3.56    7.59    7.95    5.82    4.02    4.07    4.52    4.62    4.37    3.57    2.58     54.21
    1963    2.20    2.65    3.38    4.67    5.28    4.34    3.30    3.17    2.65    2.10    1.85    1.67     37.26
    1964    2.62    3.63   15.90   20.84   13.03    7.55    5.39    4.38    3.39    2.52    2.24    2.42     83.91
    1965    2.30    2.72    2.91    6.41   12.30   10.30    6.05    4.21    3.14    2.44    2.24    2.30     57.32
    1966    3.02    3.36    5.01    7.07   10.35   11.51   19.99   17.40    6.84    4.24    3.17    2.35     94.31
    1967    2.28    3.87    4.32    3.38    3.30    4.64    5.86    6.08    5.38    4.26    3.31    2.49     49.17
    1968    2.16    3.75    6.49    8.74    8.20   14.74   13.31    8.64    5.87    3.85    2.89    2.51     81.15
    1969    4.92    5.66    6.02    5.37    4.96    4.46    3.50    3.20    2.90    2.79    2.54    2.12     48.44
    1970    2.28    3.11    4.67   10.23   10.51    7.16    6.96    7.50    5.98    3.95    2.75    2.21     67.31
    1971    3.40    5.73    6.56   66.96   76.23   54.70   24.36    8.92    6.51    4.20    3.17    2.53    263.27
    1972    3.30    4.47    3.86    3.49    3.95    4.54    6.08    6.11    4.67    3.41    2.94    4.52     51.34
    1973    6.50    7.03   10.56   42.20   66.51   32.50   10.85    8.70    6.02    4.20    3.69    4.08    202.84
    1974    3.82    4.88    7.23   10.24   36.88   24.81    8.94    7.27    5.47    3.75    2.98    2.47    118.74
    1975    2.14    2.28   11.80   43.67   37.04   42.55   25.45   10.31    8.27    5.38    3.48    2.65    195.02
    1976    2.63    4.67    5.33   23.17   27.56   35.46   22.04    9.25    6.24    3.83    3.14    4.02    147.34
    1977    4.01    3.93    6.47   66.52   50.30   17.31   11.06    7.58    4.96    3.47    2.96    2.60    181.17
    1978    2.65    4.66    5.44    5.99    6.71    6.53    6.02    5.19    4.02    3.08    3.75    3.68     57.72
    1979    4.12    5.11    6.55    8.94   37.77   25.11    7.72    5.73    4.03    2.95    2.98    3.66    114.67
    1980    4.23    8.75   10.19   51.90   64.70   28.40   10.76    8.28    5.61    3.58    3.40    3.38    203.18
    1981    3.79    5.35    5.74    5.60    4.72    3.68    4.06    5.04    4.22    3.20    2.74    2.42     50.56
    1982    2.59    3.19    3.38    3.68    3.46    4.05    4.42    3.69    3.01    2.52    2.62    2.41     39.02
    1983    2.75    4.06    4.60    3.94    3.64    5.70    7.22    6.32    4.51    4.82    5.32    4.38     57.26
    1984    4.53    7.34    6.81    6.44   16.31   14.12    8.04    6.33    5.69    4.63    3.44    3.35     87.03
    1985    4.13    3.76    3.87    4.27    5.20    5.35   13.13   14.07    7.30    4.44    3.14    2.54     71.20
    1986    3.09    4.93    6.57    6.24    8.48    8.90    6.82    5.26    4.19    3.19    2.85    4.06     64.58
    1987    4.48    4.30    7.71    8.71   38.46   51.14   23.40    7.88    5.85    4.71    3.84    3.69    164.17
    1988    5.54    5.27    4.29    4.13    7.01    7.39    5.84    4.61    3.85    3.34    2.88    2.34     56.49
    1989    2.84    5.15    7.80   10.20   10.44    9.47    8.83    7.49    5.30    3.46    2.75    2.17     75.90
    1990    2.43    3.42    6.15   15.04   14.27   20.47   14.96    7.03    5.07    3.90    2.88    2.38     98.00
    1991    1.98    2.28    2.45    2.31    2.23    2.79    3.02    2.58    2.18    1.99    1.91    1.73     27.45
    1992    1.54    1.57    4.38    5.01    4.43    5.79    6.13    5.02    3.66    2.80    2.53    2.19     45.05
    1993    1.99    3.87    6.31    6.83    6.44    5.70    4.76    3.92    2.94    2.22    2.09    1.87     48.94
    1994    2.51    2.79    3.43    4.79    6.86    7.91    8.20    7.35    5.46    3.50    2.57    2.09     57.46
    1995    1.89    5.22    8.71   29.88  114.57   62.36    9.31    9.24    8.11    6.39    5.64    4.34    265.66
    1996    3.71    4.79    5.72   25.18   20.75   37.67   24.95    8.21    5.54    3.66    2.93    3.44    146.55
    1997    4.42    5.54    4.84    9.69    9.37    5.69    4.31    3.64    2.73    2.98    3.09    2.79     59.09
    1998    3.58    5.20   19.19   34.21   21.13   19.63   15.38    9.16    6.76    5.08    4.21    2.99    146.52
    1999    2.53    4.33    8.55   34.48  186.88  174.66   56.79   15.26    8.08    6.24    4.32    3.43    505.55
    2000    3.83    4.60    5.75    4.63   17.75   15.66    8.42    6.60    4.90    3.65    3.03    2.55     81.37
    2001    3.23   10.54   12.03    9.14    6.89    4.85    3.99    3.57    3.24    2.91    2.57    2.40     65.36
    2002    2.69    2.25    2.13    2.82    3.85    4.11    3.50    2.75    2.65    2.61    2.20    2.06     33.62
    2003    2.34    2.77    3.10    4.07   10.77   43.52   28.90    9.77    6.06    3.95    3.15    2.64    121.04
    2004    2.43    2.67    4.53    5.60    4.81    4.41    5.32    5.05    3.94    2.79    2.26    1.83     45.64
    2005    1.50    2.30    4.23   34.15   59.15   36.13   13.38    7.61    5.18    3.45    2.64    2.09    171.81
    2006    1.69    4.74    9.32    8.79    5.60    3.93    4.52    4.44    3.38    2.87    2.80    3.07     55.15
    2007    4.68    7.67    9.40   10.58   10.67    8.60    6.10    4.75    3.55    2.62    2.44    2.15     73.21
    2008    2.49    5.83    8.21    9.48   24.15   17.39    7.42    5.61    4.68    3.94    3.16    2.41     94.77
    2009    2.52    6.12    7.65    8.72    8.58    7.54   13.92   14.22    7.07    4.58    3.41    2.50     86.83
