    1920    0.49    0.46    0.56    0.50    2.84   17.91    6.36    0.92    0.71    0.57    0.47    0.38     32.18      2.68
    1921    0.41    2.20    1.24    0.47    0.42    0.48    0.42    0.35    0.31    0.28    0.29    0.26      7.14      0.60
    1922    0.26    0.29    0.31   13.11   43.87   13.72    1.08    0.75    0.57    0.50    0.44    0.37     75.26      6.27
    1923    0.30    0.26    1.29    0.72    0.36    2.97    1.54    0.58    0.47    0.39    0.36    0.31      9.53      0.79
    1924    0.27    1.55    1.93    7.73    3.78   52.85   17.96    1.28    0.98    0.79    0.65    0.61     90.36      7.53
    1925    0.61    0.55    0.51    2.28    1.96    1.09    0.77    0.54    0.45    0.46    0.44    0.36     10.01      0.83
    1926    0.28    0.25    0.23    0.28    0.35    0.32    0.26    0.23    0.22    0.25    0.27    0.24      3.18      0.26
    1927    1.30    0.86    0.51    4.71    2.17    0.61    0.44    0.36    0.28    0.26    0.27    0.24     12.01      1.00
    1928    0.19    0.22    0.29    0.75    1.28    1.28    0.93    0.60    0.42    0.35    0.30    0.25      6.86      0.57
    1929    0.32    0.43    0.98    0.75    0.65    1.06    1.15    0.91    0.66    0.58    0.51    0.40      8.40      0.70
    1930    0.27    0.25   17.93    6.63    1.07    0.98    1.02    0.87    0.60    0.62    0.58    0.46     31.27      2.61
    1931    0.40    0.48    0.48    0.51    0.48    0.46    0.50    0.47    0.40    0.34    0.29    0.24      5.05      0.42
    1932    0.23    0.28    0.45    7.50    3.19    0.73    0.51    0.40    0.32    0.29    0.27    0.23     14.40      1.20
    1933    0.18    2.52    1.39    7.88    3.47    1.06    0.97    0.76    0.55    0.46    0.38    0.33     19.95      1.66
    1934    0.32    0.46    0.51    0.42    0.38    0.34    0.30    0.28    0.26    0.25    0.22    0.20      3.95      0.33
    1935    0.19    0.16    0.19    0.75    2.46    2.10    1.18    0.75    0.58    0.46    0.38    0.34      9.54      0.79
    1936    0.30    0.30    0.52    1.88   46.64   15.75    0.89    0.63    0.49    0.44    0.39    0.35     68.58      5.71
    1937    0.29    0.24    0.78    0.69    0.55    0.43    4.07    2.05    0.68    0.54    0.42    0.46     11.21      0.93
    1938    0.54    0.46    9.60    3.88   51.77   17.64    1.05    0.88    0.79    0.78    0.71    0.60     88.68      7.39
    1939    0.49    2.75    1.49    0.70    0.55    1.43    1.06    0.84    0.84    0.77    0.57    0.57     12.07      1.01
    1940    0.51    1.48    1.98    0.97    0.46    0.41    0.49    0.48    0.37    0.33    0.29    0.25      8.01      0.67
    1941    0.23    0.30   13.02    5.07    0.81   19.84    7.24    0.91    0.81    0.68    0.56    0.52     49.99      4.17
    1942    0.50    0.61    0.61    0.44    0.42    1.07    1.82    1.24    0.74    0.69    0.68    0.51      9.31      0.78
    1943    0.35    0.34    0.30    0.30    2.49    1.41    0.57    0.40    0.34    0.33    0.28    0.23      7.33      0.61
    1944    0.30    0.31    0.23    1.29    0.83    0.45    0.46    0.45    0.35    0.29    0.26    0.21      5.44      0.45
    1945    0.22    0.28    0.27   11.85    4.89    1.08    0.79    0.55    0.39    0.34    0.30    0.24     21.20      1.77
    1946    0.21    0.23    0.35    0.56    0.55    0.54    0.47    0.36    0.32    0.31    0.28    0.22      4.41      0.37
    1947    0.19    0.20    1.60    1.54    0.90   34.82   11.99    0.73    0.53    0.45    0.39    0.32     53.66      4.47
    1948    0.39    0.47    0.39    4.15    2.02    0.62    0.50    0.43    0.39    0.38    0.34    0.27     10.34      0.86
    1949    0.22    0.26    0.83    0.65    0.66    0.69    0.65    0.57    0.45    0.36    0.29    0.23      5.86      0.49
    1950    0.17    0.16    1.52    0.84    0.29    0.41    0.47    0.46    0.40    0.33    0.30    0.29      5.63      0.47
    1951    0.33    0.30    0.23    0.92    0.68    0.48    0.46    0.39    0.34    0.33    0.31    0.25      5.01      0.42
    1952    0.26    0.31    2.56    3.70   23.87    8.26    1.02    0.79    0.56    0.48    0.42    0.35     42.59      3.55
    1953    0.28    0.36    0.37    0.37    0.77    0.65    0.63    0.61    0.46    0.37    0.32    0.26      5.45      0.45
    1954    0.23    0.84    1.90    1.38    2.29    1.52    0.89    0.65    0.47    0.40    0.34    0.27     11.19      0.93
    1955    0.27    0.64    0.84    0.54   18.57    6.89    0.89    0.70    0.58    0.47    0.40    0.41     31.19      2.60
    1956    0.37    0.29    0.41    0.91    2.70    1.62    0.88    0.70    0.55    0.49    0.44    0.39      9.76      0.81
    1957    0.43    0.38    0.37   93.00   31.35    1.03    0.70    0.54    0.46    0.43    0.38    0.39    129.46     10.79
    1958    0.38    0.38    1.36    2.96    2.13    1.10    0.65    0.45    0.38    0.38    0.35    0.29     10.83      0.90
    1959    0.26    0.27    0.34    0.33    7.56    3.21    0.86    0.78    0.59    0.48    0.39    0.31     15.37      1.28
    1960    0.25    0.30    3.85    1.84    5.53    2.81    1.05    0.74    0.63    0.58    0.49    0.44     18.51      1.54
    1961    0.37    0.31    1.03    0.87    0.60    0.56    0.61    0.52    0.39    0.33    0.29    0.24      6.11      0.51
    1962    0.21    1.53    1.78    0.89    0.41    0.31    0.33    0.33    0.38    0.41    0.36    0.27      7.21      0.60
    1963    0.22    0.20    0.22    0.27    0.30    0.25    0.22    0.22    0.22    0.21    0.20    0.18      2.72      0.23
    1964    0.24    0.40    5.20    2.47    0.88    0.65    0.45    0.32    0.25    0.23    0.22    0.23     11.55      0.96
    1965    0.22    0.20    0.20    1.36    1.40    0.83    0.47    0.32    0.26    0.24    0.23    0.22      5.95      0.50
    1966    0.24    0.22    0.27    1.65   11.61    4.50    1.06    0.83    0.57    0.46    0.39    0.30     22.10      1.84
    1967    0.29    0.34    0.36    0.29    0.33    0.36    0.39    0.43    0.42    0.37    0.31    0.24      4.12      0.34
    1968    0.20    0.41    6.11    2.95    0.91   25.67    9.09    0.81    0.59    0.50    0.43    0.37     48.04      4.00
    1969    0.48    0.56    0.55    0.42    0.36    0.33    0.27    0.26    0.26    0.28    0.26    0.21      4.25      0.35
    1970    0.21    0.19    0.47    2.24    1.23    0.52    0.45    0.43    0.38    0.33    0.28    0.23      6.97      0.58
    1971    0.27    0.39    0.48    6.80    9.01   15.44    5.12    0.81    0.65    0.53    0.46    0.38     40.33      3.36
    1972    0.39    0.40    0.35    0.39    0.42    0.46    0.51    0.44    0.34    0.31    0.29    1.25      5.56      0.46
    1973    0.93    0.59    2.76    1.68   20.70    7.57    1.04    0.80    0.62    0.60    0.56    0.53     38.36      3.20
    1974    0.45    1.18    0.84    2.76    8.96    3.55    0.85    0.77    0.64    0.54    0.45    0.37     21.35      1.78
    1975    0.29    0.30    2.69   19.28    9.28    5.33    2.25    1.08    0.90    0.70    0.56    0.45     43.13      3.59
    1976    0.40    0.44    0.40    1.10   18.70   13.28    3.29    0.91    0.68    0.57    0.50    0.55     40.81      3.40
    1977    0.51    0.46    1.22    3.60    2.22    6.89    3.13    0.93    0.67    0.61    0.54    0.44     21.23      1.77
    1978    0.47    0.61    0.90    0.77    0.69    0.64    0.60    0.52    0.43    0.37    0.44    0.42      6.86      0.57
    1979    0.37    0.38    0.82    1.53   39.41   13.52    1.04    0.75    0.56    0.48    0.44    0.53     59.83      4.99
    1980    0.61    1.87    1.91   42.03   14.67    1.57    1.16    0.84    0.67    0.57    0.53    0.49     66.92      5.58
    1981    0.51    0.60    0.55    0.53    0.51    0.39    0.37    0.43    0.41    0.36    0.31    0.25      5.21      0.43
    1982    0.22    0.22    0.21    0.20    0.18    0.28    0.32    0.27    0.24    0.23    0.23    0.20      2.81      0.23
    1983    0.20    0.47    0.42    0.34    0.33    0.55    0.54    0.41    0.31    0.38    0.44    0.40      4.78      0.40
    1984    1.02    0.97    0.68    7.47    5.67    2.00    0.87    0.62    0.55    0.50    0.43    0.38     21.17      1.76
    1985    0.56    0.56    0.51    0.40    0.36    0.32    0.63    0.57    0.40    0.32    0.28    0.23      5.14      0.43
    1986    0.21    0.26    0.53    0.48    0.44    0.84    0.71    0.49    0.38    0.32    0.32    0.39      5.37      0.45
    1987    0.44    0.36    4.77    2.16   11.92    5.07    1.10    0.64    0.51    0.45    0.40    0.36     28.20      2.35
    1988    0.55    0.49    0.35    0.27    0.53    0.49    0.39    0.31    0.29    0.28    0.25    0.20      4.41      0.37
    1989    0.32    3.66    2.45    1.31    0.85    0.73    0.67    0.53    0.38    0.34    0.32    0.26     11.81      0.98
    1990    0.29    0.35    0.66    2.10    1.47    1.06    0.80    0.53    0.42    0.38    0.31    0.25      8.62      0.72
    1991    0.19    0.22    0.20    0.18    0.16    0.20    0.22    0.20    0.20    0.23    0.22    0.19      2.42      0.20
    1992    0.15    0.15    5.39    2.30    0.54    0.43    0.37    0.29    0.24    0.23    0.23    0.20     10.52      0.88
    1993    0.18    0.53    0.83    0.84    0.58    0.41    0.35    0.29    0.24    0.22    0.21    0.19      4.88      0.41
    1994    0.22    0.22    0.20    1.11    1.05    0.79    0.71    0.62    0.48    0.37    0.30    0.24      6.33      0.53
    1995    0.21    0.25    0.27    6.75   60.20   19.74    1.04    0.81    0.69    0.67    0.63    0.48     91.74      7.65
    1996    0.47    0.52    0.43    3.07    2.15    1.08    0.78    0.58    0.47    0.40    0.35    0.36     10.67      0.89
    1997    0.33    0.50    0.45    0.41    0.33    0.22    0.20    0.19    0.17    0.17    0.18    0.17      3.32      0.28
    1998    0.23    0.33    2.07    5.62    2.76    1.16    0.86    0.64    0.47    0.41    0.35    0.27     15.18      1.26
    1999    0.29    0.46    0.84    5.26  163.33  188.96   45.19    1.18    0.97    0.86    0.70    0.56    408.61     34.05
    2000    0.50    0.58    0.59    0.44    6.26    2.94    0.98    0.71    0.56    0.49    0.42    0.35     14.84      1.24
    2001    0.38    5.94   16.19    5.73    0.89    0.56    0.54    0.54    0.47    0.42    0.38    0.38     32.41      2.70
    2002    0.37    0.28    0.27    0.37    0.52    0.55    0.42    0.29    0.29    0.29    0.25    0.21      4.10      0.34
    2003    0.24    0.25    0.26    0.32    4.25   18.08    6.32    0.90    0.63    0.53    0.45    0.37     32.58      2.71
    2004    0.30    0.28    0.32    0.40    0.42    0.34    0.29    0.26    0.23    0.22    0.21    0.17      3.43      0.29
    2005    0.13    0.22    0.44   21.23   17.95    8.71    2.52    0.77    0.60    0.50    0.43    0.35     53.85      4.49
    2006    0.28    0.32    0.41    0.43    0.41    0.53    0.54    0.40    0.32    0.34    0.34    0.31      4.63      0.39
    2007    0.34    1.10    5.12    2.34    0.71    0.49    0.42    0.36    0.29    0.27    0.25    0.21     11.89      0.99
    2008    0.16    0.18    0.29    0.48    0.68    0.59    0.41    0.31    0.28    0.27    0.26    0.21      4.13      0.34
    2009    0.16    0.87    0.61    0.58    0.54    0.48    3.28    1.76    0.68    0.48    0.37    0.27     10.09      0.84
  
 AVERAGE    0.34    0.62    1.66    4.02    7.84    6.47    2.00    0.62    0.47    0.42    0.37    0.34     25.19      2.10
