    1920    0.02    0.38    0.13    0.02    0.76   26.29    8.57    0.26    0.26    0.26    0.26    0.26     37.46      3.12
    1921    0.25    2.98    1.24    0.25    0.25    0.23    0.22    0.21    0.20    0.19    0.18    0.17      6.37      0.53
    1922    0.16    0.14    0.13   33.57   13.61    1.65    0.33    0.33    0.31    0.29    0.27    0.25     51.04      4.25
    1923    0.23    0.21    0.90    0.30    0.18    6.65    2.36    0.21    0.20    0.18    0.17    0.16     11.74      0.98
    1924    0.15    1.32    0.76    7.93    2.82    9.40    3.31    0.29    0.28    0.26    0.24    0.23     26.98      2.25
    1925    0.21    0.20    0.19    1.28    3.02    1.01    0.20    0.19    0.18    0.18    0.17    0.16      6.99      0.58
    1926    0.16    0.15    0.14    0.13    0.13    0.13    0.13    0.12    0.11    0.10    0.10    0.09      1.49      0.12
    1927    0.61    0.20    0.27    0.46    0.12    0.06    0.05    0.05    0.04    0.04    0.03    0.03      1.96      0.16
    1928    0.03    0.02    0.02    0.87    3.71    2.74    0.57    0.08    0.07    0.06    0.06    0.05      8.29      0.69
    1929    0.04    0.56    1.73    0.62    0.64    0.36    0.17    0.05    0.06    0.05    0.05    0.05      4.38      0.36
    1930    0.05    0.04    9.41    3.42    0.37    0.13    0.88    0.29    0.12    0.12    0.11    0.10     15.05      1.25
    1931    0.10    0.09    0.08    0.32    0.11    0.07    0.07    0.07    0.06    0.06    0.06    0.05      1.14      0.09
    1932    0.05    0.04    0.12    5.01    1.72    0.09    0.08    0.08    0.07    0.06    0.06    0.05      7.43      0.62
    1933    0.05    1.18    0.43    2.67    0.95    0.22    0.19    0.06    0.06    0.05    0.05    0.04      5.94      0.49
    1934    0.04    0.23    0.34    0.09    0.03    0.03    0.03    0.02    0.02    0.02    0.02    0.02      0.88      0.07
    1935    0.02    0.01    0.01    1.00    1.24    1.22    0.33    0.04    0.04    0.03    0.03    0.03      4.00      0.33
    1936    0.03    0.02    0.20    0.48    9.83    3.26    0.12    0.11    0.10    0.09    0.08    0.07     14.40      1.20
    1937    0.07    0.06    0.20    0.32    0.09    0.05    2.24    0.79    0.07    0.06    0.05    0.08      4.09      0.34
    1938    0.04    0.04    7.22    2.47   15.32    5.16    0.24    0.22    0.20    0.19    0.17    0.16     31.43      2.62
    1939    0.14    2.82    1.05    0.15    0.14    0.24    0.11    0.11    0.10    0.10    0.10    0.09      5.15      0.43
    1940    0.09    4.06    1.49    0.12    0.12    0.11    0.10    0.10    0.09    0.08    0.08    0.07      6.50      0.54
    1941    0.06    0.06   42.25   13.79    0.27    3.52    1.17    0.26    0.24    0.22    0.21    0.19     62.22      5.19
    1942    0.21    0.80    0.37    0.15    0.14    0.13    0.12    0.11    0.11    0.10    0.10    0.10      2.44      0.20
    1943    0.09    0.47    0.16    0.08    0.18    0.07    0.08    0.07    0.07    0.06    0.06    0.05      1.44      0.12
    1944    0.04    0.04    0.04    1.69    0.60    0.05    0.04    0.04    0.03    0.03    0.03    0.02      2.66      0.22
    1945    0.02    0.03    0.02   11.72    4.37    0.25    0.12    0.11    0.10    0.09    0.08    0.07     16.98      1.42
    1946    0.07    0.06    0.18    0.13    0.06    0.19    0.06    0.04    0.03    0.03    0.03    0.03      0.89      0.07
    1947    0.02    0.02    0.78    1.21    0.36   18.91    6.26    0.19    0.18    0.16    0.15    0.13     28.39      2.37
    1948    0.11    0.11    0.10    2.90    1.04    0.11    0.10    0.10    0.09    0.08    0.07    0.07      4.89      0.41
    1949    0.06    0.16    0.47    0.21    0.29    0.09    0.05    0.05    0.05    0.04    0.04    0.03      1.54      0.13
    1950    0.03    0.03    1.38    0.49    0.04    0.38    0.13    0.03    0.03    0.03    0.02    0.02      2.60      0.22
    1951    0.02    0.02    0.01    0.62    0.28    0.05    0.02    0.02    0.01    0.01    0.01    0.01      1.08      0.09
    1952    0.01    0.01    1.85    5.77    3.24    0.54    0.10    0.09    0.08    0.07    0.07    0.06     11.90      0.99
    1953    0.06    0.31    0.10    0.28    0.71    0.21    0.11    0.05    0.05    0.05    0.04    0.04      2.02      0.17
    1954    0.04    0.44    1.12    0.53    1.74    0.62    0.07    0.07    0.06    0.06    0.05    0.05      4.85      0.40
    1955    0.04    0.30    0.32    0.07    7.28    2.48    0.11    0.10    0.09    0.08    0.08    0.07     11.03      0.92
    1956    0.06    0.06    0.14    0.64    1.53    0.49    0.06    0.06    0.05    0.05    0.05    0.04      3.23      0.27
    1957    0.04    0.03    0.20   69.19   22.59    0.30    0.29    0.26    0.24    0.22    0.20    0.19     93.76      7.81
    1958    0.17    0.16    1.72    3.33    1.42    0.16    0.16    0.15    0.14    0.13    0.12    0.11      7.75      0.65
    1959    0.10    0.10    0.17    0.08    5.46    1.90    0.13    0.12    0.11    0.10    0.09    0.08      8.45      0.70
    1960    0.08    0.11    2.09    0.73    6.96    2.59    0.14    0.13    0.12    0.11    0.10    0.09     13.26      1.11
    1961    0.09    0.08    0.85    0.44    0.07    0.08    0.06    0.06    0.05    0.05    0.05    0.04      1.92      0.16
    1962    0.04    1.53    1.53    0.36    0.06    0.06    0.05    0.05    0.04    0.04    0.04    0.03      3.83      0.32
    1963    0.03    0.03    0.04    0.03    0.02    0.02    0.02    0.01    0.01    0.01    0.01    0.01      0.23      0.02
    1964    0.04    0.08    2.83    1.19    0.11    0.04    0.04    0.03    0.03    0.03    0.02    0.02      4.45      0.37
    1965    0.02    0.02    0.01    0.97    1.09    0.28    0.03    0.03    0.02    0.02    0.02    0.02      2.52      0.21
    1966    0.02    0.01    0.14    1.99    3.25    0.93    0.06    0.06    0.05    0.05    0.04    0.04      6.64      0.55
    1967    0.04    0.04    0.10    0.03    0.04    0.02    0.03    0.02    0.02    0.02    0.02    0.02      0.39      0.03
    1968    0.02    0.40    4.61    1.57    0.07    9.17    3.12    0.15    0.14    0.13    0.12    0.11     19.58      1.63
    1969    0.09    0.09    0.08    0.07    0.07    0.06    0.06    0.05    0.05    0.04    0.04    0.04      0.73      0.06
    1970    0.03    0.03    0.23    2.18    0.74    0.05    0.05    0.04    0.04    0.04    0.03    0.03      3.50      0.29
    1971    0.03    0.04    0.19    4.95    3.29    2.25    0.60    0.10    0.09    0.09    0.08    0.07     11.79      0.98
    1972    0.07    0.06    0.06    0.05    0.05    0.05    0.05    0.05    0.04    0.04    0.04    1.23      1.80      0.15
    1973    0.47    0.05    3.54    1.34    5.24    1.85    0.15    0.14    0.13    0.12    0.11    0.10     13.24      1.10
    1974    0.10    0.99    0.39    0.73    4.55    1.53    0.13    0.12    0.12    0.11    0.11    0.10      8.97      0.75
    1975    0.10    0.09    1.44    5.90    2.88    1.52    0.39    0.17    0.17    0.16    0.15    0.14     13.10      1.09
    1976    0.14    0.12    0.12    1.32   14.51    8.21    1.24    0.29    0.28    0.27    0.26    0.25     26.99      2.25
    1977    0.24    0.23    1.09    2.60    2.60    1.52    0.30    0.28    0.27    0.27    0.26    0.25      9.91      0.83
    1978    0.24    0.38    0.28    0.21    0.21    0.21    0.20    0.19    0.18    0.17    0.16    0.15      2.58      0.22
    1979    0.14    0.13    0.20    1.01    7.77    2.70    0.18    0.17    0.16    0.15    0.14    0.12     12.86      1.07
    1980    0.11    1.14    1.03   16.85    7.70    1.26    0.25    0.26    0.25    0.25    0.24    0.24     29.57      2.46
    1981    0.23    0.27    0.22    0.22    0.22    0.22    0.22    0.21    0.21    0.20    0.19    0.19      2.60      0.22
    1982    0.18    0.17    0.17    0.16    0.15    0.15    0.14    0.13    0.12    0.11    0.10    0.09      1.67      0.14
    1983    0.08    0.09    0.06    0.06    0.05    0.31    0.10    0.04    0.04    0.03    0.03    0.03      0.91      0.08
    1984    0.22    0.52    0.21    3.92    2.15    0.30    0.07    0.06    0.06    0.05    0.05    0.05      7.67      0.64
    1985    0.07    0.04    0.27    0.09    0.03    0.03    0.31    0.10    0.03    0.03    0.03    0.03      1.05      0.09
    1986    0.02    0.02    0.16    0.05    0.09    0.27    0.08    0.02    0.02    0.02    0.02    0.01      0.78      0.07
    1987    0.04    0.01    4.38    1.63    2.69    0.95    0.08    0.08    0.07    0.06    0.06    0.05     10.10      0.84
    1988    0.47    0.16    0.04    0.04    0.42    0.14    0.04    0.03    0.03    0.03    0.03    0.02      1.44      0.12
    1989    0.02    1.01    0.54    0.90    0.30    0.21    0.07    0.03    0.03    0.03    0.03    0.02      3.19      0.27
    1990    0.03    0.02    0.50    0.84    0.25    0.05    0.02    0.02    0.02    0.02    0.02    0.02      1.81      0.15
    1991    0.01    0.03    0.01    0.02    0.01    0.01    0.01    0.01    0.05    0.02    0.01    0.01      0.19      0.02
    1992    0.01    0.02    3.39    1.43    0.28    0.06    0.04    0.04    0.03    0.03    0.03    0.02      5.37      0.45
    1993    0.02    1.92    0.74    0.09    0.03    0.03    0.03    0.03    0.02    0.02    0.02    0.02      2.97      0.25
    1994    0.02    0.01    0.19    0.40    0.82    0.38    0.16    0.04    0.02    0.02    0.02    0.02      2.09      0.17
    1995    0.02    0.01    0.01   11.29    9.46    2.04    0.17    0.16    0.14    0.13    0.13    0.12     23.68      1.97
    1996    0.11    0.10    0.11    1.88    0.71    0.11    0.11    0.10    0.10    0.09    0.09    0.08      3.60      0.30
    1997    0.08    0.29    0.10    0.07    0.07    0.07    0.06    0.06    0.06    0.05    0.05    0.04      0.99      0.08
    1998    0.06    0.03    3.58    2.18   10.50    3.48    0.17    0.16    0.14    0.13    0.12    0.11     20.68      1.72
    1999    0.10    3.79    1.99   12.54  207.61  116.72   15.97    0.64    0.62    0.62    0.61    0.60    361.80     30.15
    2000    0.59    0.94    0.55    0.57    0.84    0.54    0.56    0.55    0.54    0.52    0.51    0.49      7.20      0.60
    2001    0.47    8.79    6.04    1.02    0.52    0.51    0.49    0.47    0.44    0.40    0.37    0.34     19.85      1.65
    2002    0.31    0.28    0.25    0.22    0.19    0.18    0.17    0.15    0.14    0.13    0.11    0.10      2.23      0.19
    2003    0.09    0.08    0.08    0.19    2.57    3.30    0.88    0.10    0.09    0.08    0.08    0.07      7.62      0.64
    2004    0.06    0.06    0.05    0.54    0.18    0.04    0.04    0.04    0.03    0.03    0.03    0.02      1.12      0.09
    2005    0.02    0.02    1.88   18.71    6.66    0.92    0.23    0.18    0.16    0.15    0.14    0.13     29.19      2.43
    2006    0.12    0.11    0.10    0.09    0.09    0.98    0.33    0.08    0.08    0.07    0.07    0.07      2.19      0.18
    2007    0.06    1.38    3.28    1.06    0.10    0.10    0.09    0.09    0.08    0.07    0.07    0.06      6.45      0.54
    2008    0.05    0.05    0.34    0.13    0.05    0.03    0.03    0.03    0.03    0.02    0.02    0.02      0.81      0.07
    2009    0.02    1.54    0.54    0.41    0.26    0.04    2.63    0.92    0.06    0.05    0.05    0.04      6.56      0.55
  
 AVERAGE    0.10    0.50    1.42    3.11    4.62    2.85    0.67    0.14    0.11    0.11    0.10    0.11     13.83      1.15
