    1920    0.01    0.00    0.00    0.00    0.01    0.30    0.10    0.00    0.00    0.00    0.00    0.00      0.45      0.04
    1921    0.00    0.00    1.32    0.45    0.02    0.02    0.01    0.01    0.01    0.01    0.01    0.01      1.87      0.16
    1922    0.01    0.04    0.01   18.81   15.03    2.99    0.17    0.16    0.15    0.14    0.13    0.13     37.77      3.15
    1923    0.12    0.11    0.24    0.09    0.10   10.21    3.44    0.18    0.17    0.16    0.16    0.15     15.13      1.26
    1924    0.14    0.16    0.13    2.66    1.01   24.93    8.15    0.26    0.24    0.23    0.22    0.20     38.32      3.19
    1925    0.19    0.18    0.17    0.75    1.45    0.40    0.15    0.14    0.13    0.12    0.12    0.11      3.92      0.33
    1926    0.10    0.10    0.09    0.08    0.08    0.07    0.07    0.06    0.05    0.05    0.04    0.04      0.83      0.07
    1927    0.04    0.03    0.43    2.67    0.88    0.06    0.05    0.04    0.04    0.04    0.03    0.03      4.34      0.36
    1928    0.03    0.02    0.04    0.02    0.67    0.24    0.02    0.02    0.02    0.02    0.02    0.01      1.13      0.09
    1929    0.01    0.05    0.17    0.05    0.19    1.35    0.45    0.03    0.02    0.02    0.02    0.02      2.38      0.20
    1930    0.02    0.02   14.81    4.85    0.12    0.11    0.10    0.09    0.08    0.07    0.07    0.06     20.39      1.70
    1931    0.05    0.05    0.04    0.04    0.04    0.07    0.03    0.03    0.02    0.02    0.02    0.02      0.44      0.04
    1932    0.02    0.01    2.71    4.31    1.17    0.07    0.07    0.06    0.05    0.05    0.04    0.04      8.61      0.72
    1933    0.04    0.17    0.06    0.07    0.02    0.02    0.02    0.02    0.02    0.02    0.01    0.01      0.48      0.04
    1934    0.01    0.35    0.26    0.05    0.01    0.01    0.01    0.01    0.01    0.01    0.01    0.01      0.75      0.06
    1935    0.01    0.01    0.00    1.01    0.35    0.08    0.03    0.01    0.01    0.01    0.01    0.01      1.55      0.13
    1936    0.01    0.01    0.01    0.02    2.19    0.75    0.03    0.03    0.02    0.02    0.02    0.02      3.12      0.26
    1937    0.02    0.01    0.07    0.21    0.07    0.01    0.67    0.24    0.02    0.02    0.01    0.01      1.35      0.11
    1938    0.10    0.03    1.49    0.58   22.46    7.30    0.15    0.14    0.13    0.12    0.11    0.10     32.73      2.73
    1939    0.09    1.27    0.77    0.11    0.09    0.15    0.08    0.07    0.07    0.06    0.06    0.05      2.87      0.24
    1940    0.05    0.04    0.90    0.31    0.05    0.04    0.06    0.03    0.03    0.03    0.03    0.02      1.61      0.13
    1941    0.02    0.02    0.88    0.65    0.13    2.40    0.83    0.05    0.05    0.04    0.04    0.03      5.13      0.43
    1942    0.03    0.03    0.02    0.02    0.02    0.13    0.39    0.12    0.02    0.02    0.02    0.01      0.83      0.07
    1943    0.01    0.01    0.01    0.01    7.07    2.36    0.07    0.07    0.06    0.06    0.05    0.04      9.82      0.82
    1944    0.04    0.04    0.03    0.20    0.07    0.03    0.02    0.02    0.02    0.02    0.02    0.01      0.51      0.04
    1945    0.01    0.01    0.01    8.74    3.23    0.12    0.08    0.07    0.07    0.06    0.05    0.05     12.50      1.04
    1946    0.04    0.04    0.04    0.03    0.03    0.03    0.02    0.02    0.02    0.02    0.02    0.02      0.33      0.03
    1947    0.01    0.01    0.54    1.01    0.30    6.87    2.30    0.09    0.08    0.07    0.07    0.06     11.42      0.95
    1948    0.06    0.05    0.05    3.53    1.22    0.07    0.07    0.06    0.06    0.05    0.05    0.04      5.30      0.44
    1949    0.04    0.13    0.08    0.03    0.07    0.57    0.19    0.03    0.03    0.02    0.02    0.02      1.24      0.10
    1950    0.02    0.02    0.58    0.21    0.02    0.02    0.01    0.01    0.01    0.01    0.01    0.01      0.92      0.08
    1951    0.01    0.01    0.01    0.05    0.02    0.01    0.00    0.00    0.00    0.00    0.00    0.00      0.12      0.01
    1952    0.00    0.01    0.20    0.27    1.56    0.52    0.02    0.02    0.02    0.02    0.02    0.02      2.68      0.22
    1953    0.01    0.22    0.08    0.06    1.01    0.35    0.02    0.02    0.02    0.02    0.02    0.02      1.84      0.15
    1954    0.01    0.05    0.16    0.37    0.70    0.22    0.02    0.02    0.02    0.02    0.01    0.01      1.62      0.14
    1955    0.01    0.14    0.15    0.04   28.49    9.23    0.15    0.14    0.13    0.12    0.11    0.10     38.79      3.23
    1956    0.09    0.08    0.15    0.50    0.60    0.16    0.06    0.06    0.05    0.05    0.05    0.04      1.91      0.16
    1957    0.04    0.04    0.03   56.29   18.27    0.19    0.18    0.16    0.15    0.14    0.12    0.11     75.72      6.31
    1958    0.10    0.25    0.76    0.37    0.31    0.09    0.07    0.07    0.06    0.06    0.05    0.05      2.24      0.19
    1959    0.04    0.04    0.04    0.03    6.29    2.12    0.09    0.08    0.07    0.06    0.06    0.05      8.96      0.75
    1960    0.05    0.04    0.80    0.28    0.31    0.10    0.04    0.03    0.03    0.03    0.02    0.02      1.75      0.15
    1961    0.02    0.02    0.34    0.18    0.02    0.02    0.01    0.01    0.01    0.01    0.01    0.01      0.66      0.06
    1962    0.01    1.52    1.04    0.19    0.03    0.03    0.02    0.02    0.02    0.02    0.01    0.01      2.92      0.24
    1963    0.01    0.01    0.01    0.01    0.01    0.01    0.01    0.01    0.00    0.00    0.00    0.00      0.08      0.01
    1964    0.00    0.00    0.91    0.33    0.01    0.01    0.01    0.01    0.01    0.01    0.01    0.01      1.32      0.11
    1965    0.01    0.01    0.00    0.18    0.13    0.02    0.01    0.01    0.00    0.00    0.00    0.00      0.38      0.03
    1966    0.00    0.00    0.00    0.82    0.71    0.16    0.02    0.01    0.01    0.01    0.01    0.01      1.78      0.15
    1967    0.01    0.01    0.01    0.01    0.03    0.01    0.00    0.00    0.00    0.00    0.00    0.00      0.09      0.01
    1968    0.00    0.01    2.48    0.84    0.03    1.50    0.53    0.04    0.04    0.03    0.03    0.03      5.56      0.46
    1969    0.40    0.14    0.02    0.02    0.02    0.02    0.02    0.01    0.01    0.01    0.01    0.01      0.70      0.06
    1970    0.01    0.01    0.07    1.22    0.41    0.02    0.02    0.02    0.01    0.01    0.01    0.01      1.82      0.15
    1971    0.01    0.01    0.02    2.02    1.09    0.89    0.27    0.04    0.04    0.04    0.03    0.03      4.49      0.37
    1972    0.03    0.03    0.03    0.15    0.05    0.02    0.02    0.02    0.02    0.02    0.02    0.50      0.90      0.08
    1973    0.18    0.02    1.23    0.53    2.17    0.75    0.06    0.05    0.05    0.04    0.04    0.04      5.15      0.43
    1974    0.03    0.24    0.08    1.01    1.42    0.39    0.05    0.04    0.04    0.04    0.04    0.03      3.41      0.28
    1975    0.03    0.03    0.57    1.72    1.23    0.36    0.05    0.05    0.05    0.05    0.04    0.04      4.23      0.35
    1976    0.04    0.04    0.04    0.37    5.37    1.92    0.09    0.09    0.08    0.08    0.08    0.07      8.26      0.69
    1977    0.07    0.07    0.21    0.30    0.20    1.14    0.38    0.07    0.06    0.06    0.06    0.05      2.66      0.22
    1978    0.05    0.04    0.08    0.04    0.04    0.04    0.03    0.03    0.03    0.03    0.02    0.02      0.46      0.04
    1979    0.02    0.02    0.38    0.17    5.55    1.86    0.07    0.07    0.06    0.06    0.05    0.04      8.35      0.70
    1980    0.04    0.08    0.67    6.44    2.16    0.25    0.09    0.10    0.09    0.09    0.09    0.08     10.19      0.85
    1981    0.08    0.07    0.08    0.08    0.07    0.07    0.06    0.06    0.06    0.05    0.05    0.05      0.79      0.07
    1982    0.05    0.05    0.04    0.04    0.04    0.03    0.03    0.03    0.02    0.02    0.02    0.02      0.38      0.03
    1983    0.02    0.07    0.02    0.01    0.01    0.02    0.01    0.01    0.01    0.01    0.01    0.01      0.19      0.02
    1984    0.07    0.03    0.06    3.28    1.19    0.04    0.04    0.03    0.03    0.03    0.03    0.02      4.84      0.40
    1985    0.11    0.04    0.02    0.02    0.02    0.01    0.03    0.01    0.01    0.01    0.01    0.01      0.29      0.02
    1986    0.01    0.01    0.05    0.06    0.01    0.01    0.01    0.01    0.00    0.00    0.00    0.00      0.18      0.01
    1987    0.00    0.00    3.05    1.03    0.16    0.08    0.03    0.03    0.03    0.02    0.02    0.02      4.47      0.37
    1988    0.02    0.01    0.13    0.04    0.32    0.11    0.01    0.01    0.01    0.01    0.01    0.01      0.69      0.06
    1989    0.01    0.29    0.17    0.37    0.13    0.01    0.01    0.01    0.01    0.01    0.01    0.01      1.03      0.09
    1990    0.01    0.01    0.09    0.91    0.45    0.05    0.02    0.01    0.01    0.01    0.01    0.01      1.59      0.13
    1991    0.01    0.01    0.01    0.01    0.01    0.01    0.00    0.00    0.00    0.00    0.00    0.00      0.06      0.01
    1992    0.00    0.00    3.87    1.31    0.07    0.04    0.04    0.03    0.03    0.03    0.02    0.02      5.46      0.45
    1993    0.02    0.16    0.06    0.02    0.01    0.01    0.01    0.01    0.01    0.01    0.01    0.01      0.34      0.03
    1994    0.01    0.01    0.01    0.07    0.02    0.00    0.00    0.00    0.00    0.00    0.00    0.00      0.14      0.01
    1995    0.00    0.00    0.00    2.86    4.02    1.06    0.06    0.06    0.05    0.05    0.05    0.04      8.25      0.69
    1996    0.04    0.03    0.03    0.03    0.03    0.02    0.02    0.02    0.02    0.02    0.02    0.02      0.30      0.02
    1997    0.02    0.08    0.03    0.01    0.01    0.01    0.01    0.01    0.01    0.01    0.01    0.01      0.20      0.02
    1998    0.01    0.01    2.51    1.06   30.20    9.76    0.18    0.16    0.15    0.14    0.13    0.12     44.43      3.70
    1999    0.11    0.34    0.13    1.70  127.00   44.19    0.90    0.30    0.29    0.29    0.29    0.29    175.83     14.65
    2000    0.28    0.28    0.27    0.27    3.15    1.29    0.27    0.26    0.25    0.24    0.24    0.23      7.04      0.59
    2001    0.22    2.38    0.80    0.22    0.21    0.19    0.17    0.16    0.14    0.13    0.12    0.11      4.85      0.40
    2002    0.10    0.09    0.08    0.07    0.11    0.05    0.05    0.05    0.04    0.04    0.04    0.03      0.76      0.06
    2003    0.03    0.03    0.09    0.05    5.77   11.62    3.23    0.15    0.13    0.13    0.12    0.11     21.43      1.79
    2004    0.10    0.09    0.17    0.08    0.08    0.07    0.07    0.06    0.06    0.06    0.05    0.05      0.94      0.08
    2005    0.05    0.05    0.05    2.29    0.95    3.11    1.08    0.09    0.08    0.08    0.07    0.06      7.96      0.66
    2006    0.06    0.05    0.05    0.05    0.04    0.04    0.04    0.03    0.03    0.03    0.03    0.03      0.48      0.04
    2007    0.02    0.08    0.34    0.12    0.02    0.02    0.02    0.02    0.02    0.01    0.01    0.01      0.71      0.06
    2008    0.01    0.01    0.01    0.01    0.01    0.01    0.01    0.00    0.00    0.00    0.00    0.00      0.07      0.01
    2009    0.00    2.61    0.96    0.04    0.03    0.12    0.08    0.02    0.02    0.02    0.02    0.02      3.94      0.33
  
 AVERAGE    0.05    0.15    0.55    1.58    3.45    1.74    0.30    0.06    0.05    0.05    0.04    0.05      8.05      0.67
