    1920    0.00    0.03    0.01    0.01    0.10   11.16    3.66    0.11    0.11    0.10    0.10    0.10     15.49      1.29
    1921    0.09    0.76    0.26    0.09    0.09    0.08    0.08    0.07    0.07    0.06    0.06    0.06      1.77      0.15
    1922    0.05    0.06    0.04   39.95   14.19    0.90    0.17    0.17    0.16    0.16    0.15    0.14     56.14      4.68
    1923    0.13    0.12    0.11    0.11    0.10    5.09    1.77    0.13    0.12    0.12    0.11    0.10      8.01      0.67
    1924    0.09    0.13    1.53    1.21    0.84   38.17   12.33    0.25    0.25    0.24    0.24    0.23     55.51      4.63
    1925    0.21    0.20    0.19    0.24    0.65    0.19    0.17    0.17    0.16    0.16    0.15    0.15      2.64      0.22
    1926    0.14    0.14    0.13    0.13    0.12    0.12    0.12    0.11    0.11    0.11    0.10    0.09      1.42      0.12
    1927    0.08    0.08    0.07    0.06    0.06    0.05    0.05    0.04    0.04    0.03    0.03    0.03      0.60      0.05
    1928    0.02    0.02    0.06    0.02    0.92    0.33    0.02    0.02    0.02    0.02    0.02    0.01      1.48      0.12
    1929    0.01    0.05    0.02    0.06    0.12    0.75    0.25    0.02    0.02    0.02    0.01    0.01      1.34      0.11
    1930    0.01    0.01    6.45    2.16    0.07    0.07    0.06    0.06    0.05    0.05    0.04    0.04      9.07      0.76
    1931    0.04    0.03    0.03    0.03    0.03    0.02    0.02    0.02    0.02    0.02    0.02    0.02      0.30      0.02
    1932    0.01    0.01    4.44    4.99    1.22    0.09    0.08    0.07    0.06    0.06    0.05    0.05     11.14      0.93
    1933    0.04    1.06    0.38    0.04    0.04    0.04    0.03    0.03    0.03    0.03    0.02    0.02      1.77      0.15
    1934    0.02    0.78    0.28    0.03    0.02    0.02    0.02    0.02    0.02    0.01    0.01    0.01      1.25      0.10
    1935    0.01    0.01    0.01    1.46    0.62    0.05    0.02    0.02    0.02    0.02    0.02    0.01      2.27      0.19
    1936    0.01    0.01    0.01    0.01    1.95    0.67    0.03    0.03    0.03    0.02    0.02    0.02      2.81      0.23
    1937    0.02    0.01    0.06    0.06    0.02    0.01    0.49    0.17    0.01    0.01    0.01    0.01      0.89      0.07
    1938    0.01    0.01    0.97    0.34    1.60    0.55    0.03    0.03    0.03    0.03    0.02    0.02      3.64      0.30
    1939    0.02    0.77    0.27    0.02    0.02    0.02    0.02    0.02    0.01    0.01    0.01    0.01      1.21      0.10
    1940    0.01    0.01    0.43    0.15    0.01    0.01    0.01    0.01    0.01    0.01    0.01    0.01      0.68      0.06
    1941    0.01    0.01    9.93    3.32    0.08    0.08    0.07    0.06    0.06    0.05    0.05    0.04     13.75      1.15
    1942    0.04    0.03    0.03    0.03    0.06    0.02    0.02    0.02    0.02    0.01    0.01    0.01      0.30      0.03
    1943    0.01    0.01    0.01    1.35    0.50    0.02    0.02    0.02    0.02    0.02    0.01    0.01      2.00      0.17
    1944    0.01    0.01    0.01    0.02    0.22    0.19    0.04    0.01    0.01    0.01    0.01    0.01      0.54      0.05
    1945    0.01    0.83    0.29    0.61    0.22    0.02    0.02    0.02    0.02    0.01    0.01    0.01      2.05      0.17
    1946    0.01    0.01    0.01    0.01    0.01    0.01    0.01    0.01    0.00    0.00    0.00    0.00      0.08      0.01
    1947    0.00    0.00    0.00    0.00    0.00    2.91    0.98    0.03    0.03    0.03    0.03    0.02      4.05      0.34
    1948    0.02    0.02    0.02    0.30    0.16    0.02    0.01    0.01    0.01    0.01    0.01    0.01      0.60      0.05
    1949    0.01    0.01    0.28    0.10    0.01    0.01    0.09    0.03    0.01    0.01    0.01    0.01      0.56      0.05
    1950    0.00    0.00    1.68    0.57    0.02    0.02    0.02    0.02    0.02    0.01    0.01    0.01      2.40      0.20
    1951    0.01    0.01    0.01    0.06    0.02    0.01    0.01    0.01    0.00    0.00    0.00    0.00      0.14      0.01
    1952    0.00    0.00    1.71    9.54    4.40    0.51    0.10    0.09    0.09    0.08    0.08    0.07     16.68      1.39
    1953    0.07    0.06    0.06    0.46    0.60    0.15    0.06    0.05    0.05    0.05    0.05    0.05      1.71      0.14
    1954    0.04    0.04    0.04    0.04    1.32    0.47    0.06    0.05    0.05    0.05    0.04    0.04      2.25      0.19
    1955    0.04    0.03    0.08    0.03    0.40    0.18    0.03    0.03    0.02    0.02    0.02    0.02      0.89      0.07
    1956    0.02    0.01    0.01    0.03    0.04    0.01    0.01    0.01    0.01    0.01    0.01    0.01      0.18      0.01
    1957    0.01    0.01    0.01   33.20   10.74    0.14    0.13    0.12    0.11    0.10    0.09    0.08     44.73      3.73
    1958    0.07    0.07    0.18    0.62    0.21    0.05    0.05    0.04    0.04    0.04    0.03    0.03      1.44      0.12
    1959    0.03    0.03    0.16    0.05    0.31    0.11    0.02    0.02    0.02    0.02    0.02    0.01      0.79      0.07
    1960    0.01    0.01    0.02    0.01    0.65    0.23    0.02    0.01    0.01    0.01    0.01    0.01      1.02      0.09
    1961    0.01    0.01    0.09    0.03    0.01    0.01    0.01    0.01    0.01    0.00    0.00    0.00      0.18      0.02
    1962    0.00    0.31    0.11    0.01    0.01    0.01    0.01    0.01    0.00    0.00    0.00    0.00      0.47      0.04
    1963    0.00    0.00    0.00    0.00    0.00    0.00    0.00    0.00    0.00    0.00    0.00    0.00      0.02      0.00
    1964    0.00    0.00    0.17    0.06    0.00    0.00    0.00    0.00    0.00    0.00    0.00    0.00      0.25      0.02
    1965    0.00    0.00    0.00    0.03    0.12    0.04    0.00    0.00    0.00    0.00    0.00    0.00      0.21      0.02
    1966    0.00    0.00    0.02    0.05    0.11    0.03    0.00    0.00    0.00    0.00    0.00    0.00      0.23      0.02
    1967    0.00    0.00    0.00    0.00    0.01    0.00    0.00    0.00    0.00    0.00    0.00    0.00      0.03      0.00
    1968    0.00    0.04    2.48    0.84    0.03    1.82    0.63    0.04    0.04    0.04    0.03    0.03      6.03      0.50
    1969    0.03    0.02    0.02    0.02    0.02    0.02    0.02    0.01    0.01    0.01    0.01    0.01      0.21      0.02
    1970    0.01    0.01    0.01    0.43    0.15    0.01    0.01    0.01    0.01    0.01    0.01    0.01      0.67      0.06
    1971    0.01    0.01    0.03   15.02    5.88    0.39    0.10    0.10    0.09    0.08    0.08    0.07     21.85      1.82
    1972    0.07    0.06    0.06    0.05    0.05    0.05    0.04    0.04    0.04    0.04    0.04    0.10      0.63      0.05
    1973    0.03    0.03    0.94    0.34    1.35    0.49    0.06    0.06    0.05    0.05    0.05    0.04      3.49      0.29
    1974    0.04    0.35    0.17    0.03    2.59    0.90    0.06    0.05    0.05    0.05    0.04    0.04      4.37      0.36
    1975    0.04    0.04    0.23    1.04    0.68    0.39    0.09    0.05    0.05    0.05    0.05    0.05      2.74      0.23
    1976    0.04    0.04    0.04    0.05   17.82    8.00    0.77    0.16    0.15    0.15    0.14    0.13     27.50      2.29
    1977    0.13    0.12    0.24    1.57    3.12    0.98    0.15    0.15    0.15    0.15    0.15    0.15      7.08      0.59
    1978    0.14    0.13    0.14    0.13    0.13    0.12    0.12    0.12    0.12    0.11    0.11    0.10      1.46      0.12
    1979    0.09    0.09    0.08    0.08    0.67    0.22    0.07    0.07    0.06    0.06    0.05    0.05      1.60      0.13
    1980    0.04    0.10    0.14    6.44    3.59    0.52    0.10    0.09    0.09    0.08    0.08    0.07     11.35      0.95
    1981    0.07    0.11    0.06    0.06    0.06    0.05    0.05    0.05    0.05    0.05    0.04    0.04      0.69      0.06
    1982    0.04    0.04    0.04    0.04    0.04    0.04    0.03    0.03    0.03    0.03    0.03    0.02      0.41      0.03
    1983    0.02    0.02    0.02    0.02    0.01    0.01    0.01    0.01    0.01    0.01    0.01    0.01      0.15      0.01
    1984    0.01    0.38    0.13    1.59    1.38    0.31    0.03    0.03    0.03    0.03    0.02    0.02      3.97      0.33
    1985    0.02    0.02    0.02    0.01    0.01    0.01    0.20    0.07    0.01    0.01    0.01    0.01      0.42      0.03
    1986    0.01    0.01    0.01    0.01    0.03    0.01    0.01    0.01    0.01    0.01    0.01    0.01      0.12      0.01
    1987    0.00    0.00    0.64    0.26    0.07    0.02    0.01    0.01    0.01    0.01    0.01    0.01      1.05      0.09
    1988    0.25    0.09    0.01    0.01    0.14    0.05    0.01    0.01    0.01    0.01    0.01    0.00      0.58      0.05
    1989    0.00    0.03    0.11    0.15    0.04    0.01    0.01    0.00    0.00    0.00    0.00    0.00      0.36      0.03
    1990    0.00    0.00    0.03    0.52    0.18    0.01    0.01    0.01    0.01    0.01    0.01    0.00      0.78      0.07
    1991    0.00    0.00    0.00    0.00    0.00    0.00    0.00    0.00    0.00    0.00    0.00    0.00      0.03      0.00
    1992    0.00    0.00    1.83    0.63    0.02    0.02    0.02    0.02    0.02    0.01    0.01    0.01      2.59      0.22
    1993    0.01    0.84    0.29    0.02    0.02    0.01    0.01    0.01    0.01    0.01    0.01    0.01      1.25      0.10
    1994    0.01    0.01    0.01    0.00    0.22    0.08    0.01    0.01    0.01    0.01    0.00    0.00      0.35      0.03
    1995    0.00    0.00    0.00    8.79    4.07    0.42    0.08    0.07    0.07    0.06    0.06    0.05     13.69      1.14
    1996    0.05    0.04    0.07    0.29    0.09    0.03    0.03    0.03    0.03    0.03    0.02    0.02      0.74      0.06
    1997    0.02    0.02    0.02    0.02    0.02    0.01    0.01    0.01    0.01    0.01    0.01    0.01      0.17      0.01
    1998    0.01    0.01    0.77    0.95   10.53    3.40    0.10    0.10    0.09    0.08    0.08    0.07     16.19      1.35
    1999    0.07    1.28    0.45    5.73   66.57   21.77    0.25    0.26    0.26    0.26    0.26    0.26     97.43      8.12
    2000    0.25    0.25    0.25    0.25    0.24    0.24    0.25    0.25    0.25    0.24    0.24    0.23      2.94      0.24
    2001    0.22    2.88    1.48    0.21    0.22    0.21    0.20    0.20    0.19    0.18    0.17    0.15      6.32      0.53
    2002    0.14    0.13    0.12    0.10    0.09    0.09    0.08    0.07    0.06    0.06    0.05    0.05      1.04      0.09
    2003    0.04    0.04    0.03    0.17    1.06    1.39    0.38    0.05    0.04    0.04    0.03    0.03      3.30      0.28
    2004    0.03    0.03    0.02    0.02    0.02    0.02    0.02    0.02    0.01    0.01    0.01    0.01      0.22      0.02
    2005    0.01    0.01    0.75    4.71    1.51    0.06    0.06    0.05    0.05    0.05    0.04    0.04      7.34      0.61
    2006    0.03    0.03    0.03    0.03    0.02    0.48    0.17    0.02    0.02    0.02    0.02    0.02      0.89      0.07
    2007    0.02    0.12    2.69    0.91    0.04    0.04    0.04    0.03    0.03    0.03    0.03    0.02      3.99      0.33
    2008    0.02    0.02    0.08    0.03    0.01    0.01    0.01    0.01    0.01    0.01    0.01    0.01      0.24      0.02
    2009    0.01    0.41    0.15    0.01    0.01    0.01    0.07    0.02    0.01    0.01    0.01    0.01      0.71      0.06
  
 AVERAGE    0.04    0.15    0.50    1.70    1.84    1.18    0.28    0.05    0.05    0.04    0.04    0.04      5.93      0.49
