    1920    0.00    0.12    0.04    0.01    0.35   28.08    9.11    0.21    0.21    0.21    0.20    0.20     38.74      3.23
    1921    0.19    2.18    0.78    0.19    0.18    0.17    0.16    0.16    0.15    0.14    0.13    0.12      4.56      0.38
    1922    0.11    0.22    0.08   86.16   31.52    2.62    0.48    0.31    0.30    0.29    0.28    0.27    122.64     10.22
    1923    0.27    0.26    0.25    0.25    0.24   13.32    4.60    0.34    0.33    0.30    0.28    0.26     20.70      1.72
    1924    0.23    0.44    4.25    3.42    2.48  102.63   33.24    0.48    0.47    0.47    0.47    0.46    149.05     12.42
    1925    0.46    0.45    0.45    0.77    1.95    0.56    0.46    0.45    0.44    0.42    0.39    0.36      7.16      0.60
    1926    0.33    0.31    0.28    0.25    0.23    0.21    0.19    0.18    0.16    0.15    0.13    0.12      2.54      0.21
    1927    0.10    0.10    0.12    0.15    0.07    0.07    0.06    0.05    0.05    0.04    0.04    0.04      0.88      0.07
    1928    0.03    0.03    0.22    0.09    2.61    0.95    0.05    0.05    0.04    0.04    0.04    0.03      4.17      0.35
    1929    0.03    0.20    0.11    0.23    0.41    2.20    0.74    0.06    0.05    0.05    0.05    0.05      4.18      0.35
    1930    0.04    0.04   16.80    5.58    0.17    0.16    0.15    0.14    0.13    0.13    0.12    0.11     23.56      1.96
    1931    0.10    0.08    0.08    0.14    0.07    0.07    0.06    0.06    0.05    0.05    0.04    0.04      0.83      0.07
    1932    0.03    0.03   11.71   13.27    3.19    0.19    0.18    0.16    0.15    0.14    0.12    0.11     29.29      2.44
    1933    0.10    3.00    1.07    0.13    0.10    0.10    0.09    0.08    0.08    0.07    0.06    0.06      4.94      0.41
    1934    0.05    2.26    0.82    0.14    0.06    0.06    0.05    0.05    0.04    0.04    0.04    0.03      3.63      0.30
    1935    0.03    0.03    0.02    4.06    1.79    0.20    0.06    0.06    0.05    0.05    0.04    0.04      6.43      0.54
    1936    0.04    0.03    0.03    0.03    5.33    1.81    0.08    0.07    0.07    0.06    0.05    0.05      7.66      0.64
    1937    0.04    0.04    0.23    0.26    0.06    0.03    1.47    0.52    0.04    0.04    0.03    0.03      2.79      0.23
    1938    0.03    0.02    2.76    0.96    4.42    1.53    0.09    0.09    0.08    0.07    0.07    0.06     10.18      0.85
    1939    0.06    2.22    0.79    0.07    0.07    0.07    0.05    0.05    0.05    0.04    0.04    0.04      3.55      0.30
    1940    0.03    0.03    1.32    0.46    0.04    0.03    0.03    0.03    0.03    0.02    0.02    0.02      2.07      0.17
    1941    0.02    0.02   25.22    8.40    0.17    0.16    0.15    0.13    0.12    0.11    0.10    0.09     34.67      2.89
    1942    0.08    0.07    0.07    0.06    0.23    0.08    0.05    0.04    0.04    0.03    0.03    0.03      0.80      0.07
    1943    0.02    0.02    0.02    3.76    1.45    0.07    0.06    0.05    0.05    0.04    0.04    0.03      5.61      0.47
    1944    0.03    0.03    0.03    0.09    0.72    0.65    0.15    0.03    0.03    0.03    0.03    0.02      1.83      0.15
    1945    0.02    2.38    0.82    1.79    0.64    0.06    0.06    0.05    0.05    0.04    0.04    0.03      5.99      0.50
    1946    0.03    0.03    0.03    0.02    0.02    0.02    0.02    0.02    0.01    0.01    0.01    0.01      0.23      0.02
    1947    0.01    0.01    0.01    0.01    0.01    7.82    2.62    0.08    0.08    0.07    0.06    0.06     10.82      0.90
    1948    0.08    0.04    0.04    0.93    0.54    0.07    0.04    0.04    0.03    0.03    0.03    0.03      1.90      0.16
    1949    0.02    0.02    0.89    0.32    0.03    0.02    0.33    0.11    0.02    0.02    0.02    0.02      1.83      0.15
    1950    0.02    0.01    4.64    1.58    0.06    0.06    0.05    0.05    0.04    0.04    0.03    0.03      6.61      0.55
    1951    0.03    0.03    0.02    0.22    0.08    0.02    0.02    0.02    0.01    0.01    0.01    0.01      0.48      0.04
    1952    0.01    0.01    4.71   24.55   11.53    1.42    0.23    0.22    0.22    0.21    0.21    0.20     43.53      3.63
    1953    0.20    0.25    0.19    1.39    1.84    0.46    0.22    0.22    0.21    0.19    0.18    0.16      5.49      0.46
    1954    0.15    0.13    0.12    0.10    3.70    1.31    0.13    0.12    0.11    0.10    0.09    0.08      6.14      0.51
    1955    0.08    0.09    0.32    0.10    1.20    0.60    0.06    0.06    0.06    0.05    0.05    0.04      2.71      0.23
    1956    0.04    0.04    0.05    0.12    0.19    0.05    0.03    0.03    0.02    0.02    0.02    0.02      0.63      0.05
    1957    0.02    0.01    0.07   73.47   23.81    0.24    0.22    0.21    0.19    0.17    0.16    0.15     98.72      8.23
    1958    0.13    0.12    0.60    1.82    0.66    0.11    0.11    0.10    0.09    0.09    0.08    0.07      3.99      0.33
    1959    0.06    0.06    0.53    0.18    0.95    0.33    0.05    0.05    0.04    0.04    0.04    0.03      2.36      0.20
    1960    0.03    0.03    0.11    0.04    1.91    0.70    0.04    0.04    0.04    0.03    0.03    0.03      3.01      0.25
    1961    0.03    0.02    0.32    0.11    0.02    0.02    0.02    0.02    0.02    0.02    0.01    0.01      0.62      0.05
    1962    0.01    0.96    0.38    0.02    0.02    0.02    0.02    0.01    0.01    0.01    0.01    0.01      1.49      0.12
    1963    0.01    0.01    0.01    0.01    0.01    0.01    0.00    0.00    0.00    0.00    0.00    0.00      0.06      0.01
    1964    0.00    0.01    0.57    0.20    0.01    0.01    0.01    0.01    0.01    0.01    0.00    0.00      0.83      0.07
    1965    0.00    0.00    0.00    0.13    0.44    0.14    0.01    0.01    0.01    0.01    0.01    0.01      0.76      0.06
    1966    0.00    0.00    0.10    0.20    0.39    0.12    0.01    0.01    0.01    0.01    0.01    0.01      0.87      0.07
    1967    0.01    0.01    0.01    0.01    0.07    0.03    0.01    0.01    0.01    0.01    0.00    0.00      0.16      0.01
    1968    0.00    0.18    6.74    2.24    0.08    4.98    1.73    0.11    0.11    0.10    0.09    0.08     16.44      1.37
    1969    0.08    0.07    0.06    0.06    0.06    0.05    0.05    0.05    0.04    0.04    0.04    0.03      0.64      0.05
    1970    0.03    0.03    0.02    1.29    0.45    0.03    0.03    0.03    0.02    0.02    0.02    0.02      2.00      0.17
    1971    0.02    0.01    0.12   36.66   14.70    1.16    0.21    0.21    0.20    0.20    0.19    0.19     53.86      4.49
    1972    0.18    0.18    0.17    0.17    0.17    0.16    0.16    0.16    0.15    0.14    0.12    0.35      2.10      0.18
    1973    0.12    0.10    2.68    0.99    3.76    1.37    0.13    0.12    0.11    0.11    0.10    0.09      9.68      0.81
    1974    0.09    1.06    0.58    0.12    6.99    2.41    0.16    0.16    0.15    0.14    0.13    0.12     12.11      1.01
    1975    0.12    0.10    0.76    3.01    2.01    1.23    0.29    0.15    0.15    0.15    0.15    0.14      8.26      0.69
    1976    0.14    0.13    0.13    0.19   42.66   19.86    2.08    0.37    0.37    0.36    0.35    0.34     66.98      5.58
    1977    0.33    0.31    0.79    4.38    8.44    2.71    0.40    0.42    0.42    0.42    0.40    0.39     19.40      1.62
    1978    0.37    0.35    0.49    0.32    0.32    0.30    0.29    0.28    0.26    0.24    0.23    0.21      3.66      0.31
    1979    0.19    0.17    0.15    0.14    1.92    0.66    0.13    0.11    0.10    0.09    0.09    0.08      3.83      0.32
    1980    0.07    0.37    0.49   16.79    9.55    1.44    0.22    0.22    0.22    0.21    0.21    0.21     30.01      2.50
    1981    0.21    0.39    0.19    0.20    0.20    0.19    0.19    0.18    0.17    0.16    0.15    0.13      2.36      0.20
    1982    0.12    0.11    0.10    0.09    0.08    0.07    0.06    0.06    0.05    0.05    0.04    0.04      0.85      0.07
    1983    0.03    0.03    0.03    0.02    0.02    0.02    0.02    0.02    0.01    0.01    0.01    0.01      0.23      0.02
    1984    0.01    1.17    0.40    4.40    3.92    0.88    0.09    0.08    0.08    0.07    0.07    0.06     11.23      0.94
    1985    0.06    0.06    0.05    0.05    0.05    0.05    0.67    0.23    0.05    0.04    0.04    0.03      1.37      0.11
    1986    0.03    0.03    0.06    0.02    0.13    0.04    0.02    0.02    0.02    0.01    0.01    0.01      0.41      0.03
    1987    0.01    0.01    1.87    0.81    0.28    0.07    0.03    0.03    0.02    0.02    0.02    0.02      3.20      0.27
    1988    0.79    0.28    0.03    0.02    0.49    0.17    0.02    0.02    0.02    0.02    0.02    0.02      1.90      0.16
    1989    0.01    0.12    0.39    0.51    0.14    0.02    0.02    0.02    0.01    0.01    0.01    0.01      1.28      0.11
    1990    0.01    0.01    0.13    1.58    0.53    0.03    0.02    0.02    0.02    0.02    0.02    0.02      2.40      0.20
    1991    0.01    0.01    0.01    0.01    0.01    0.01    0.01    0.01    0.01    0.01    0.01    0.00      0.10      0.01
    1992    0.00    0.00    5.03    1.72    0.10    0.05    0.05    0.04    0.04    0.04    0.03    0.03      7.15      0.60
    1993    0.03    2.41    0.84    0.05    0.04    0.04    0.04    0.03    0.03    0.03    0.02    0.02      3.58      0.30
    1994    0.02    0.02    0.01    0.01    0.70    0.29    0.02    0.02    0.02    0.02    0.01    0.01      1.15      0.10
    1995    0.01    0.01    0.01   22.52   10.69    1.17    0.18    0.17    0.15    0.14    0.13    0.12     35.32      2.94
    1996    0.12    0.11    0.28    0.94    0.28    0.09    0.09    0.08    0.08    0.07    0.06    0.06      2.26      0.19
    1997    0.05    0.05    0.04    0.04    0.03    0.03    0.03    0.02    0.02    0.02    0.02    0.02      0.37      0.03
    1998    0.01    0.01    2.24    2.78   26.76    8.52    0.23    0.22    0.21    0.20    0.19    0.18     41.54      3.46
    1999    0.18    3.60    1.28   14.99  151.66   59.14    3.75    0.61    0.61    0.61    0.60    0.58    237.61     19.80
    2000    0.55    0.51    0.48    0.44    0.39    0.36    0.35    0.33    0.31    0.28    0.26    0.24      4.51      0.38
    2001    0.21    7.35    3.99    0.53    0.23    0.21    0.19    0.17    0.16    0.14    0.13    0.12     13.43      1.12
    2002    0.11    0.10    0.09    0.08    0.07    0.06    0.06    0.05    0.05    0.04    0.04    0.03      0.77      0.06
    2003    0.03    0.03    0.02    0.53    3.00    3.90    1.05    0.09    0.08    0.08    0.07    0.07      8.95      0.75
    2004    0.06    0.06    0.06    0.05    0.05    0.05    0.04    0.04    0.04    0.04    0.03    0.03      0.55      0.05
    2005    0.03    0.02    2.18   12.50    3.93    0.13    0.13    0.12    0.11    0.10    0.10    0.09     19.45      1.62
    2006    0.08    0.07    0.07    0.06    0.06    1.43    0.51    0.07    0.06    0.06    0.05    0.05      2.57      0.21
    2007    0.04    0.43    7.27    2.42    0.11    0.10    0.09    0.08    0.07    0.07    0.06    0.05     10.79      0.90
    2008    0.05    0.04    0.31    0.13    0.04    0.03    0.03    0.03    0.02    0.02    0.02    0.02      0.74      0.06
    2009    0.02    1.26    0.44    0.03    0.06    0.02    0.26    0.09    0.02    0.02    0.02    0.01      2.24      0.19
  
 AVERAGE    0.09    0.42    1.37    4.11    4.46    3.15    0.78    0.12    0.10    0.10    0.09    0.09     14.88      1.24
