    1920   14.50    7.96    1.41    0.88    0.79    5.33    5.53    0.71    0.54    0.49    0.42    0.38     38.95      3.25
    1921    1.02   10.58   10.99    1.58    1.03    0.93    0.64    0.68    0.80    0.66    0.69    0.65     30.24      2.52
    1922   10.25   12.56    3.76   10.33    9.82    0.72    0.59    0.58    0.58    0.61    0.57    0.46     50.84      4.24
    1923    0.45    0.58    0.92    1.42    1.40    3.80    3.81    0.96    0.63    0.53    0.45    0.54     15.51      1.29
    1924    0.79    3.81    4.39    1.37    0.84    3.44    4.28    1.89    1.44    1.08    0.63    0.84     24.80      2.07
    1925    0.81    0.84    0.69    0.51    0.78    1.06    0.76    0.72    0.77    0.58    0.38    0.78      8.69      0.72
    1926    0.71    0.51    0.70    1.11    2.33    2.64    1.37    0.64    0.44    0.73    0.65    0.38     12.21      1.02
    1927    1.70    2.11    0.89    0.77    0.62    1.05    0.95    0.54    0.36    0.34    0.32    0.38     10.04      0.84
    1928    0.32    0.56    0.93    1.04    0.93    3.32    3.48    0.70    0.55    0.55    0.39    0.73     13.50      1.13
    1929    1.70   10.13   10.24    2.16    1.84    1.01    0.61    0.54    0.49    0.54    0.60    0.50     30.37      2.53
    1930    0.36    0.39    0.67    1.10    1.14    0.94    1.06    0.78    0.41    0.79    0.68    0.37      8.68      0.72
    1931    0.28    0.49    0.59    0.51    0.97    1.36    1.01    0.58    0.54    0.40    0.30    0.31      7.34      0.61
    1932    0.38    0.93    1.11    0.72    0.45    0.51    0.55    0.41    0.29    0.41    0.36    0.24      6.34      0.53
    1933    0.24    1.93    3.37   16.01   14.94    0.79    0.81    0.78    0.74    1.01    1.14    0.64     42.41      3.53
    1934    0.48    1.92    7.33    6.34    1.33    1.76    1.18    0.54    0.51    0.50    0.45    0.37     22.72      1.89
    1935    0.41    0.37    0.49    4.75    5.24    1.39    1.01    1.79    1.74    0.94    0.50    0.40     19.04      1.59
    1936    0.62    9.26    9.53   12.98   13.54    1.47    0.69    0.56    0.51    0.49    0.46    0.44     50.55      4.21
    1937    0.77    0.73    7.61    7.92    0.91    0.67    1.32    1.16    0.71    0.69    0.65    0.47     23.60      1.97
    1938    0.99    1.16    1.47    1.88   20.29   20.25    1.28    0.86    0.74    1.02    0.97    0.72     51.64      4.30
    1939    0.85    7.80    8.38    1.46    1.37    1.01    0.89    1.23    1.94    1.45    0.75    0.77     27.89      2.32
    1940    0.67    1.37    2.25    2.01    1.74    2.08    2.10    1.40    0.63    0.58    0.50    0.48     15.81      1.32
    1941    0.61    0.63    1.04    1.88    1.52    1.50    1.29    0.62    0.68    0.60    0.49    0.48     11.35      0.95
    1942    0.92    1.60    1.49    1.14    0.92    1.03    5.13    5.46    1.09    1.46    1.75    1.10     23.10      1.92
    1943    0.99    1.39    1.57    2.99   12.42   10.80    0.63    0.53    0.69    0.74    0.54    0.61     33.90      2.83
    1944    0.90    1.62    1.20    0.66    0.69    1.21    1.03    0.54    0.44    0.40    0.34    0.25      9.28      0.77
    1945    0.34    0.61    0.42    6.43    7.18    2.29    1.84    0.55    0.43    0.41    0.36    0.28     21.13      1.76
    1946    0.36    1.19    1.65    1.89    1.63    0.97    0.76    0.51    0.45    0.48    0.38    0.28     10.55      0.88
    1947    0.48    1.30    4.98    5.28    1.45    1.06    0.92    0.59    0.46    0.42    0.36    0.40     17.71      1.48
    1948    0.58    2.55    2.76    6.81    6.96    0.91    1.16    0.90    0.58    0.50    0.40    0.42     24.53      2.04
    1949    0.80    1.67    4.64    4.61    1.28    1.02    0.96    0.90    0.68    0.53    0.52    0.44     18.07      1.51
    1950    0.44    0.61    0.80    0.61    0.60    0.69    0.94    1.07    0.81    0.49    0.79    0.62      8.46      0.71
    1951    1.76    1.93    1.18    1.25    0.75    0.70    0.85    0.64    0.43    0.74    0.62    0.34     11.18      0.93
    1952    0.23    8.00    9.05    1.45    7.59    8.28    1.46    0.76    0.61    0.54    0.51    0.43     38.91      3.24
    1953    0.48    4.82    5.16    1.16    1.72    1.25    0.86    0.77    0.54    0.47    0.40    0.47     18.09      1.51
    1954    0.66    1.45    1.25    3.83   11.69   10.52    3.00    1.02    0.70    0.63    0.56    0.44     35.74      2.98
    1955    0.83    1.52    7.59    7.24    0.92    2.10    1.51    1.05    0.97    0.71    0.54    0.56     25.55      2.13
    1956    1.35    1.62    1.79    1.48    0.93    1.14    1.22    0.85    0.74    1.24    1.19    1.92     15.47      1.29
    1957    2.33    1.66    0.73    2.59    2.79    0.69    1.73    1.58    0.79    0.52    0.43    0.79     16.63      1.39
    1958    0.91    1.37    3.05    2.81    0.86    0.79    0.64    0.61    0.51    0.48    0.40    0.39     12.81      1.07
    1959    0.56    1.31    1.61    1.09    0.76    1.03    1.62    1.32    0.60    0.44    0.46    0.40     11.20      0.93
    1960    0.75    1.78    6.96    6.39    1.18    2.37    2.85    1.61    0.84    0.66    0.52    0.66     26.55      2.21
    1961    1.01    1.11    1.48    1.58    1.24    0.78    0.78    0.61    0.46    0.42    0.41    0.46     10.34      0.86
    1962    0.54    2.97    3.43    1.26    0.78    0.47    0.64    0.58    0.89    1.71    1.30    0.56     15.15      1.26
    1963    0.71    1.75    1.33    5.96    6.19    0.72    0.64    0.53    0.42    0.41    0.44    0.34     19.46      1.62
    1964   17.07   18.16    2.14    2.03    1.53    0.69    0.60    0.56    0.51    0.54    0.53    0.43     44.79      3.73
    1965    0.41    0.60    1.16    1.31    1.02    0.46    0.27    0.30    0.35    0.37    0.33    0.35      6.93      0.58
    1966    1.03    1.24    1.41    4.77    7.76    4.57    1.09    0.82    0.60    0.64    0.58    0.53     25.05      2.09
    1967    1.06    2.03    6.52    5.99    0.72    1.17    1.06    0.61    0.50    0.47    0.49    0.38     21.01      1.75
    1968    0.35    1.06    1.68    1.59    1.35    4.42    4.73    1.53    0.94    0.65    0.53    0.82     19.64      1.64
    1969    1.99    2.48    2.00    2.14    1.82    1.03    0.58    0.54    0.52    0.56    0.54    0.47     14.66      1.22
    1970    1.05    1.16    0.85    1.48    1.23    0.49    0.96    1.13    0.74    0.45    0.36    0.41     10.31      0.86
    1971    1.08    4.94    5.35    4.21    3.79    0.87    0.79    0.78    0.61    0.51    0.50    0.41     23.84      1.99
    1972    0.37    0.93    1.00    1.23    1.91    1.79    1.34    0.86    0.48    0.46    0.64    0.84     11.84      0.99
    1973    0.75    1.53    1.92    2.43    2.00    0.79    1.40    1.30    0.82    0.70    0.51    0.36     14.52      1.21
    1974    0.48    3.65   10.39    9.41    6.53    4.58    1.07    0.81    0.62    0.58    0.50    0.54     39.15      3.26
    1975    0.71    5.22   11.89    7.88    1.37    1.19    1.18    1.40    0.98    0.66    0.52    0.41     33.40      2.78
    1976    0.65    1.23    3.03    6.22    4.49    1.29    0.95    0.55    0.47    0.44    0.41    0.42     20.15      1.68
    1977    0.54    1.02    1.33    6.72    7.13    1.57    1.23    0.92    0.59    0.52    0.51    0.60     22.68      1.89
    1978    2.99    3.47    1.02    0.81    0.64    0.64    0.63    0.44    0.38    0.46    0.74    0.76     12.98      1.08
    1979    1.29    2.23    1.96    4.05    4.55    1.26    0.55    0.51    0.43    0.40    0.39    0.40     18.01      1.50
    1980    0.52    1.33    1.48    1.46    1.96    2.00    1.37    0.57    0.57    0.57    0.48    0.46     12.78      1.06
    1981    0.63    0.75    0.96    1.62    1.25    0.40    0.30    0.27    0.25    0.27    0.26    0.21      7.18      0.60
    1982    0.63    0.66    0.47    0.48    0.35    0.25    0.39    0.58    0.53    0.48    0.58    0.42      5.82      0.49
    1983    0.51   17.33   18.24    5.74    5.04    1.16    0.91    0.56    0.60    0.82    0.89    0.61     52.41      4.37
    1984    1.85    2.26    0.96    0.54    1.00    1.12    0.65    0.40    0.39    0.37    0.32    0.50     10.37      0.86
    1985    1.15    1.11    1.02    1.15    1.24    0.97    0.59    0.42    0.38    0.39    0.31    0.26      9.00      0.75
    1986    0.74    1.06    1.91    2.49    1.80    1.29    0.91    0.45    0.41    0.41    0.71    4.74     16.91      1.41
    1987    8.42   15.78   12.29    1.13    0.85    0.79    0.74    0.58    0.60    0.71    0.58    0.58     43.05      3.59
    1988    1.61    1.74    1.29    1.14    1.12    0.78    0.41    0.44    0.92    0.89    0.56    0.37     11.29      0.94
    1989    0.48    4.23    4.95    1.30    1.05    1.29    1.55    1.15    0.54    0.46    0.40    0.31     17.72      1.48
    1990    0.45    0.84    1.06   12.66   12.90    7.96    7.71    0.67    0.76    0.74    0.55    0.44     46.75      3.90
    1991    0.48    0.60    1.09    0.95    0.72    0.54    0.41    0.34    0.30    0.28    0.30    0.24      6.25      0.52
    1992    0.38    0.41    5.09    5.43    1.26    1.38    1.02    0.59    0.44    0.39    0.34    0.36     17.09      1.42
    1993    3.05    4.42    2.59    3.37    2.98    1.37    0.88    0.55    0.48    0.45    0.41    0.37     20.93      1.74
    1994    0.54    0.94    0.95    1.22    0.93    0.89    1.51    1.10    0.49    0.41    0.41    0.30      9.70      0.81
    1995    0.86    3.26   19.15   22.92   28.16   24.93    4.02    1.11    0.80    0.84    0.75    0.55    107.36      8.95
    1996    4.66    5.36    2.07    1.84    0.84    1.21    1.19    1.15    0.98    0.76    0.64    0.86     21.56      1.80
    1997    1.75    3.89    3.91    1.95    1.65    0.93    0.67    0.58    0.48    0.46    0.43    0.64     17.35      1.45
    1998    1.06    3.66    9.09    6.98    1.16    0.55    0.52    0.56    0.56    0.51    0.44    0.41     25.50      2.12
    1999    0.74    0.72   15.27   19.59    5.79    1.95    1.99    1.67    1.00    0.73    0.56    0.50     50.52      4.21
    2000    1.17    2.45    2.90    1.39    0.68    0.72    0.77    0.77    0.57    0.49    0.41    0.36     12.69      1.06
    2001    0.94    1.09    0.90    0.99    1.14    0.95    0.55    0.36    0.37    0.46    0.61    0.47      8.82      0.74
    2002    0.50    0.35    3.79    4.66    1.87    1.15    0.49    0.42    0.53    0.55    0.39    0.26     14.97      1.25
    2003    0.31    1.97    2.28    0.93    1.25    1.62    1.32    0.62    0.43    0.75    0.69    0.39     12.56      1.05
    2004    0.43    0.83    1.01    4.14    4.34    1.54    1.30    0.73    0.47    0.44    0.45    0.39     16.07      1.34
    2005    0.50    1.50    1.26    9.09   12.77    9.61    6.51    1.02    0.66    0.64    0.85    0.64     45.06      3.76
    2006    0.50    0.90    6.94    7.20    0.86    0.52    0.49    0.43    0.46    0.49    0.41    0.32     19.52      1.63
    2007    7.00   10.02    3.61    1.39    1.24    1.59    1.32    0.73    0.60    0.52    0.43    0.33     28.77      2.40
    2008    0.36    0.70    1.08    1.74    1.65    1.08    0.54    0.40    0.75    0.75    0.44    0.26      9.76      0.81
    2009    1.07    2.49    5.26   12.87    9.86    0.71    0.44    0.41    0.39    0.37    0.34    0.31     34.53      2.88
  
 AVERAGE    1.47    2.93    3.66    3.87    3.44    2.29    1.40    0.83    0.63    0.60    0.54    0.54     22.19      1.85
