    1920   39.34   21.37    3.17    2.02    2.18   24.23   24.67    1.76    1.47    1.29    1.12    1.03    123.63     10.30
    1921    2.08   23.04   24.00    3.25    2.62    2.67    1.58    1.22    1.20    1.11    1.47    1.32     65.55      5.46
    1922   16.43   26.78   12.62   49.56   49.42    1.70    1.50    1.48    1.43    1.53    1.39    1.10    164.93     13.74
    1923    1.04    1.17    1.61    2.87    2.41    3.93    3.67    1.70    1.10    0.94    0.81    1.03     22.27      1.86
    1924    1.18    2.50    3.73    2.87    1.29   16.27   18.32    3.84    1.88    1.35    1.05    1.43     55.71      4.64
    1925    1.61    1.81    1.43    1.20    1.71    1.51    0.94    1.03    1.30    1.09    0.68    1.44     15.74      1.31
    1926    1.44    0.93    0.98    1.55    9.39   10.70    3.04    1.13    0.80    1.25    1.12    0.63     32.94      2.75
    1927    1.96    2.13    1.66    1.99    2.06    2.80    2.40    1.45    1.01    0.78    0.69    0.90     19.84      1.65
    1928    0.92    0.99    1.05    1.41    7.96   10.26    4.39    1.56    1.41    1.43    1.02    2.14     34.55      2.88
    1929    4.37   22.06   22.29    4.18    3.77    2.50    1.86    1.45    1.19    1.23    1.33    1.00     67.25      5.60
    1930    0.76    1.06    1.64    5.93    6.33    1.58    2.43    1.98    0.98    1.53    1.30    0.62     26.14      2.18
    1931    0.58    1.10    1.37    1.54    2.88    3.63    2.62    1.08    0.87    0.73    0.59    0.69     17.68      1.47
    1932    1.01    1.58    1.68    1.12    0.97    1.61    1.53    1.04    0.59    0.65    0.51    0.41     12.69      1.06
    1933    0.53   13.20   15.31   21.26   20.07    1.35    1.19    1.55    1.76    2.01    1.96    1.01     81.19      6.77
    1934    1.33    4.04    4.26    2.36    1.11    2.44    2.09    0.93    0.78    0.77    0.67    0.52     21.29      1.77
    1935    0.62    0.53    0.81   15.07   17.55    5.48    3.55    3.74    3.28    1.73    1.12    0.95     54.45      4.54
    1936    1.17   19.48   20.95   12.91   13.73    3.42    1.30    1.14    1.07    1.01    0.94    0.85     77.97      6.50
    1937    1.37    1.45   18.53   19.47    2.04    1.26    3.42    3.43    1.73    1.33    1.17    0.95     56.13      4.68
    1938    2.43    2.48    2.85    4.27   58.74   58.79    3.21    2.09    1.75    2.09    2.19    1.52    142.40     11.87
    1939    1.69   12.61   13.11    2.07    2.85    1.84    1.46    1.98    2.82    2.08    1.14    1.27     44.93      3.74
    1940    1.50    3.27    8.39    8.59    3.97    4.70    6.02    4.18    1.56    1.31    1.13    1.19     45.79      3.82
    1941    1.42    1.03    1.67    4.11    3.52    2.26    1.83    1.19    1.11    1.00    0.87    0.96     20.96      1.75
    1942    1.92    2.79    2.23    1.21    1.03    1.02    2.88    3.82    2.80    2.52    3.76    2.63     28.63      2.39
    1943    2.93    3.83    7.54   14.58   31.64   23.91    1.54    1.29    1.81    1.93    1.30    1.40     93.70      7.81
    1944    2.25    3.08    1.86    0.99    1.86    4.21    3.44    1.53    1.01    0.87    0.74    0.56     22.39      1.87
    1945    0.58    0.75    0.57    3.95    5.49    4.30    3.65    1.54    0.86    0.79    0.67    0.50     23.64      1.97
    1946    0.89    3.48    3.66    3.80    4.94    3.98    2.57    1.57    1.06    1.02    0.84    0.66     28.48      2.37
    1947    0.79    1.69    3.68    4.16    2.44    1.51    1.84    1.19    0.80    0.71    0.59    0.72     20.13      1.68
    1948    0.87    2.79    2.84    8.63    9.02    1.60    1.39    1.09    0.76    0.70    0.58    0.60     30.88      2.57
    1949    1.85    4.67   15.62   14.12    1.59    1.81    1.73    1.71    1.33    1.00    0.94    0.70     47.08      3.92
    1950    0.72    0.94    1.67    1.54    1.42    1.46    1.45    1.66    1.25    0.80    1.11    0.84     14.85      1.24
    1951   13.46   14.15    2.82    2.91    2.18    1.65    1.91    1.54    0.91    1.57    1.29    0.66     45.05      3.75
    1952    0.48    2.52    4.45    3.10   25.78   27.29    3.52    1.95    1.37    1.17    1.01    0.81     73.45      6.12
    1953    0.82    2.82    3.20    2.46    1.95    1.37    1.50    1.26    0.90    0.76    0.63    0.72     18.38      1.53
    1954    1.23    2.60    2.32    2.17   35.23   35.96    3.35    1.96    1.36    1.18    1.03    0.82     89.21      7.43
    1955    1.47    3.05   11.86   11.43    1.66    2.85    2.00    1.87    1.72    1.18    0.91    0.84     40.84      3.40
    1956    2.16    3.38    4.53    4.08    2.28    1.97    1.41    1.01    1.01    2.09    2.45   11.56     37.92      3.16
    1957   19.55   10.83    1.97    8.14    8.65    2.24    4.40    3.38    1.54    1.25    1.07    1.56     64.57      5.38
    1958    1.56    2.29    9.22    9.84    3.01    1.80    1.66    1.83    1.36    1.11    0.90    0.79     35.37      2.95
    1959    1.20    2.65    4.10    3.08    2.94    3.82    3.99    3.05    1.27    1.02    1.13    0.88     29.13      2.43
    1960    1.24    2.60   12.48   12.79    2.53    2.36    4.65    4.08    2.19    1.32    1.01    1.25     48.50      4.04
    1961    1.95    3.01    3.02    2.42    2.49    2.14    1.87    1.26    0.87    0.79    0.68    0.75     21.25      1.77
    1962    0.90    3.79    4.97    3.69    2.80    1.13    1.56    1.40    1.74    3.13    2.41    1.04     28.56      2.38
    1963    0.89    2.46    2.02   24.78   25.43    2.10    2.37    1.44    0.97    0.90    0.93    0.77     65.04      5.42
    1964   32.69   35.43    4.89    3.97    2.95    1.35    1.34    1.26    1.08    1.07    1.02    0.83     87.90      7.32
    1965    0.84    1.39    1.60    1.15    1.58    1.10    0.46    0.49    0.53    0.53    0.48    0.57     10.69      0.89
    1966    1.24    1.58    2.17   23.90   63.08   41.04    3.26    2.61    1.67    1.52    1.43    1.23    144.73     12.06
    1967    2.25    3.26    4.27    4.10    2.43    2.14    1.83    1.29    1.05    0.93    0.91    0.70     25.15      2.10
    1968    0.73    1.46    1.83    2.42    2.12    6.22    7.11    2.78    1.77    1.08    0.86    1.02     29.41      2.45
    1969    3.07    3.68    4.19    4.35    3.20    1.69    1.04    0.98    0.91    1.08    1.13    1.17     26.50      2.21
    1970    2.05    1.96    1.30    2.16    2.27    1.27    3.41    3.78    1.98    0.86    0.71    0.73     22.48      1.87
    1971    1.53    5.04    6.62    4.88    3.36    1.81    1.52    1.14    0.96    0.87    0.91    0.76     29.39      2.45
    1972    0.73    1.82    1.64    1.15    2.11    1.92    1.47    1.06    0.63    0.58    0.91    1.63     15.65      1.30
    1973    1.38    2.18    2.68   11.95   12.23    1.99    2.55    2.29    1.39    1.21    0.94    0.81     41.60      3.47
    1974    1.07    3.10   25.20   27.47   34.29   31.96    3.02    2.18    1.66    1.50    1.35    1.37    134.16     11.18
    1975    1.55   11.09   15.27    7.14    3.21    1.71    1.60    2.33    1.99    1.34    1.06    0.87     49.15      4.10
    1976    1.66    2.95    4.41   12.63   11.45    1.85    1.54    1.12    0.95    0.90    0.83    0.80     41.09      3.42
    1977    1.03    1.73    1.71    3.68    4.51    2.91    1.33    0.91    0.75    0.70    0.66    0.79     20.71      1.73
    1978    2.56    2.75    1.59    0.76    0.79    1.18    0.93    0.59    0.50    0.70    2.34    2.63     17.33      1.44
    1979    2.54    2.28    1.56    3.64   14.75   12.80    1.10    0.93    0.85    0.79    0.76    0.78     42.78      3.56
    1980    0.90    2.48    2.72    2.43    3.63    4.25    3.35    1.56    1.06    0.99    0.91    0.91     25.18      2.10
    1981    1.17    1.58    1.61    2.09    1.55    0.58    0.53    0.49    0.46    0.52    0.48    0.34     11.41      0.95
    1982    0.87    0.99    0.81    0.81    0.59    0.32    0.86    1.05    1.08    1.08    0.92    0.57      9.94      0.83
    1983    1.55   30.96   31.22    2.78    1.84    1.51    1.26    0.80    0.83    1.08    1.43    0.99     76.26      6.35
    1984    2.01    2.19    1.57    1.00    2.02    2.26    1.27    0.61    0.60    0.58    0.51    0.51     15.13      1.26
    1985    1.82    2.39    2.48    2.34    1.86    1.71    1.40    0.85    0.75    0.74    0.58    0.46     17.36      1.45
    1986    0.91    2.19    3.21    3.87    3.24    3.39    3.10    1.51    0.83    0.79    0.92    3.44     27.39      2.28
    1987   11.33   34.26   27.28    3.35    1.88    1.99    1.77    1.33    1.47    1.61    1.25    1.12     88.62      7.39
    1988    3.64    4.16    2.95    2.32    4.30    3.98    1.91    1.44    2.52    2.14    1.25    0.84     31.46      2.62
    1989    1.00    3.62    4.34    2.86    2.33    3.49    5.35    4.06    1.64    1.09    0.95    0.80     31.53      2.63
    1990    1.05    0.94    1.43   19.82   20.52    3.76    3.19    1.52    1.39    1.35    0.97    0.77     56.70      4.72
    1991    1.06    0.98    1.50    1.51    2.29    1.92    0.78    0.57    0.50    0.47    0.50    0.40     12.50      1.04
    1992    0.49    1.01    2.42    3.10    3.23    2.66    1.70    1.15    0.72    0.65    0.55    0.60     18.29      1.52
    1993    4.10    6.23    4.56    3.29    2.26    1.90    1.57    1.05    0.79    0.74    0.65    0.52     27.64      2.30
    1994    0.67    0.97    1.90    2.22    1.51    2.38    3.20    2.25    0.90    0.70    0.66    0.52     17.87      1.49
    1995    1.77    4.87   42.76   42.27   39.94   38.61    2.56    2.32    1.90    1.75    1.59    1.31    181.67     15.14
    1996    3.14    3.03    5.75    6.98    3.32    6.31    7.06    3.91    3.27    2.00    1.50    1.92     48.20      4.02
    1997    2.76    2.89    3.56    3.34    2.20    1.25    1.03    0.86    0.76    0.71    0.65    0.83     20.86      1.74
    1998    1.28    8.07    9.09    2.52    1.26    1.41    1.35    1.10    0.91    0.74    0.59    0.44     28.78      2.40
    1999    1.25    2.53   26.38   26.93   14.86   26.28   15.18    2.94    2.33    1.66    1.32    1.27    122.92     10.24
    2000    2.86    7.97   10.53    4.87    1.61    1.45    1.25    1.18    1.08    1.00    0.91    1.05     35.74      2.98
    2001    2.80    2.85    2.22    2.12    2.64    3.13    2.24    1.00    1.10    1.04    1.39    1.35     23.87      1.99
    2002    1.04    0.54   18.14   20.56    3.63    1.85    1.44    1.07    1.02    0.92    0.83    0.61     51.65      4.30
    2003    0.61    2.21    2.39    2.20    2.64    2.78    2.28    1.02    0.67    1.28    1.18    0.63     19.88      1.66
    2004    0.84    1.14    1.63    4.74    5.82    5.08    4.62    2.17    1.03    0.96    0.97    0.89     29.87      2.49
    2005    1.13   25.57   26.30   60.23   77.06   19.77    2.94    1.76    1.48    1.45    1.83    1.44    220.97     18.41
    2006    1.16    1.90   16.17   16.69    1.82    1.44    1.28    1.05    1.05    1.06    0.87    0.72     45.19      3.77
    2007   28.39   31.07    5.06   10.53    9.25    3.97    3.36    1.57    1.52    1.40    1.11    0.88     98.11      8.18
    2008    0.86    1.19    1.77   14.52   15.52    2.43    0.96    0.82    0.88    1.26    1.18    0.71     42.09      3.51
    2009    1.00    1.68    4.36   49.14   46.70    3.89    3.54    1.62    1.31    1.14    0.98    0.79    116.14      9.68
  
 AVERAGE    3.17    5.77    6.85    8.34    9.32    6.27    2.93    1.70    1.27    1.16    1.07    1.09     48.92      4.08
