    1920   20.36    5.09    0.29    0.24    0.27   16.56    5.51    0.28    0.26    0.24    0.22    0.20     49.52      4.13
    1921    0.65   15.27    5.13    0.33    0.31    0.32    0.23    0.22    0.21    0.19    0.22    0.17     23.27      1.94
    1922   14.98   11.86    2.50   28.53    9.39    0.33    0.33    0.31    0.29    0.29    0.25    0.22     69.29      5.77
    1923    0.21    0.20    0.22    1.24    0.45    5.14    1.84    0.20    0.18    0.17    0.15    0.17     10.18      0.85
    1924    0.15    2.07    1.46    0.29    0.15   13.99    4.80    0.28    0.23    0.22    0.19    0.23     24.06      2.00
    1925    0.20    0.21    0.16    0.15    0.19    0.15    0.11    0.13    0.14    0.11    0.08    0.17      1.81      0.15
    1926    0.10    0.08    0.10    0.14    9.14    3.17    0.17    0.14    0.14    0.19    0.14    0.10     13.61      1.13
    1927    3.02    1.10    0.18    0.18    0.19    0.24    0.15    0.15    0.12    0.11    0.10    0.12      5.65      0.47
    1928    0.10    0.10    0.09    0.12    8.61    5.19    0.86    0.16    0.21    0.18    0.15    0.70     16.50      1.38
    1929    1.83   12.85    4.63    0.35    0.39    0.29    0.27    0.24    0.22    0.21    0.21    0.17     21.66      1.81
    1930    0.15    0.17    0.18    7.71    2.64    0.19    0.30    0.18    0.15    0.22    0.16    0.12     12.17      1.01
    1931    0.11    0.15    0.13    0.14    1.44    0.66    0.12    0.12    0.11    0.10    0.09    0.10      3.29      0.27
    1932    0.11    0.14    0.12    0.06    0.10    0.13    0.11    0.06    0.06    0.07    0.05    0.05      1.06      0.09
    1933    0.06   13.49    4.66   12.69    4.22    0.22    0.21    0.24    0.23    0.25    0.22    0.15     36.64      3.05
    1934    0.19    5.13    1.90    0.18    0.18    1.32    0.46    0.15    0.14    0.14    0.12    0.10     10.01      0.83
    1935    0.11    0.08    0.11   13.45    6.60    0.98    0.22    2.75    0.99    0.22    0.20    0.18     25.89      2.16
    1936    0.20   16.06    5.40    9.54    4.06    0.30    0.27    0.26    0.24    0.22    0.20    0.19     36.93      3.08
    1937    0.24    0.18   15.58    5.20    0.24    0.21    5.73    2.04    0.23    0.23    0.21    0.18     30.27      2.52
    1938    3.02    1.09    2.92    2.47   31.03   10.11    0.33    0.34    0.30    0.35    0.32    0.25     52.53      4.38
    1939    0.27   11.48    3.92    0.31    0.35    0.25    0.24    0.28    0.34    0.23    0.18    0.20     18.06      1.50
    1940    0.20    3.79    6.67    2.08    0.36    1.81    2.61    0.71    0.26    0.25    0.23    0.23     19.18      1.60
    1941    0.23    0.18    0.24    4.12    1.47    0.26    0.20    0.17    0.17    0.15    0.14    0.14      7.48      0.62
    1942    0.22    0.23    0.13    0.12    0.12    0.11    3.32    1.29    0.15    0.42    0.34    0.18      6.64      0.55
    1943    2.62    1.07    6.35    8.89   15.36    4.53    0.33    0.31    0.38    0.32    0.26    0.27     40.70      3.39
    1944    0.33    0.34    0.20    0.19    0.26    3.21    1.13    0.19    0.18    0.16    0.14    0.13      6.46      0.54
    1945    0.12    0.12    0.09    9.18    3.17    2.97    1.05    0.18    0.17    0.15    0.14    0.12     17.47      1.46
    1946    0.16    5.01    1.79    4.96    2.06    0.27    0.26    0.20    0.18    0.17    0.15    0.13     15.36      1.28
    1947    0.14    0.20    3.49    1.37    0.14    0.20    0.19    0.14    0.12    0.11    0.10    0.11      6.30      0.53
    1948    0.10    4.68    1.62   10.20    3.45    0.19    0.21    0.17    0.15    0.14    0.12    0.12     21.14      1.76
    1949    1.19    4.53    9.77    2.90    0.23    0.26    0.23    0.23    0.18    0.16    0.16    0.13     19.97      1.66
    1950    0.13    0.13    0.18    0.12    0.14    0.12    0.13    0.14    0.10    0.08    0.12    0.08      1.47      0.12
    1951   13.81    4.54    3.82    1.40    0.25    0.18    0.25    0.17    0.14    0.23    0.15    0.11     25.03      2.09
    1952    0.10    7.95    2.85    0.17   18.70    6.28    0.32    0.26    0.23    0.22    0.20    0.17     37.46      3.12
    1953    0.17    5.66    2.03    0.27    0.20    0.19    0.19    0.16    0.14    0.12    0.11    0.12      9.36      0.78
    1954    0.15    1.08    0.40    1.26   21.05    6.86    0.30    0.24    0.21    0.20    0.18    0.16     32.09      2.67
    1955    0.23    0.30    9.04    3.07    0.24    0.33    0.20    0.28    0.21    0.18    0.15    0.15     14.38      1.20
    1956    1.58    0.71    4.24    1.54    0.23    0.23    0.18    0.16    0.16    0.29    0.23   10.18     19.74      1.65
    1957    9.15    2.08    0.27    9.81    3.44    0.35    3.02    1.03    0.27    0.26    0.24    0.28     30.20      2.52
    1958    0.23    0.41    7.97    2.85    0.30    0.24    0.25    0.25    0.20    0.19    0.16    0.15     13.21      1.10
    1959    0.18    1.00    2.62    0.83    4.96    1.85    1.01    0.36    0.19    0.18    0.19    0.15     13.52      1.13
    1960    0.19    0.33    9.46    3.26    0.24    0.27    3.74    1.35    0.23    0.21    0.19    0.21     19.67      1.64
    1961    0.24    0.55    0.31    0.20    0.24    0.19    0.19    0.14    0.13    0.12    0.10    0.11      2.52      0.21
    1962    0.11    7.79    2.70    2.56    0.90    0.18    0.20    0.17    0.21    0.34    0.16    0.12     15.43      1.29
    1963    0.14    1.66    0.58   19.61    6.44    0.27    0.27    0.19    0.17    0.16    0.16    0.14     29.81      2.48
    1964   24.40    8.93    0.51    1.04    0.38    0.22    0.23    0.20    0.18    0.18    0.16    0.14     36.57      3.05
    1965    0.13    0.17    0.15    0.11    0.16    0.08    0.07    0.07    0.07    0.07    0.06    0.07      1.22      0.10
    1966    0.12    0.12    0.21   15.59   26.76    7.06    0.36    0.30    0.25    0.24    0.22    0.20     51.44      4.29
    1967    0.53    0.33    3.20    1.23    0.21    0.26    0.21    0.18    0.16    0.15    0.14    0.11      6.68      0.56
    1968    0.11    0.17    0.15    0.22    0.11    8.27    2.84    0.24    0.18    0.16    0.14    0.15     12.76      1.06
    1969    3.64    1.41    3.32    1.30    0.26    0.18    0.18    0.17    0.16    0.17    0.15    0.15     11.09      0.92
    1970    0.22    0.16    0.11    2.08    0.76    0.13    5.23    1.86    0.15    0.14    0.13    0.13     11.10      0.92
    1971    0.20    6.62    3.06    1.94    0.59    0.24    0.20    0.18    0.16    0.15    0.15    0.12     13.62      1.14
    1972    0.12    0.75    0.27    0.13    0.19    0.13    0.14    0.09    0.08    0.08    0.11    0.15      2.24      0.19
    1973    0.09    1.42    0.60   10.17    3.44    0.18    0.81    0.31    0.17    0.16    0.14    0.13     17.63      1.47
    1974    0.15    3.96   15.41    8.63   18.40    5.78    0.39    0.34    0.31    0.29    0.26    0.26     54.18      4.52
    1975    0.25   11.45    7.98    2.02    0.29    0.29    0.28    0.35    0.26    0.22    0.20    0.18     23.75      1.98
    1976    0.26    0.29    4.10    8.52    2.55    0.27    0.24    0.21    0.19    0.18    0.17    0.15     17.15      1.43
    1977    0.17    0.20    0.16    6.04    2.21    0.20    0.17    0.15    0.14    0.13    0.12    0.12      9.82      0.82
    1978    3.03    1.12    0.14    0.11    0.12    0.14    0.10    0.08    0.08    0.10    1.32    0.54      6.88      0.57
    1979    0.20    0.15    0.12    7.08   10.33    2.74    0.21    0.20    0.18    0.17    0.15    0.15     21.66      1.80
    1980    0.15    2.77    1.04    0.23    1.43    0.72    0.20    0.16    0.16    0.15    0.14    0.13      7.29      0.61
    1981    0.15    0.16    0.14    0.18    0.08    0.08    0.08    0.07    0.06    0.07    0.06    0.05      1.18      0.10
    1982    0.11    0.07    0.06    0.06    0.03    0.04    0.09    0.07    0.08    0.07    0.06    0.03      0.77      0.06
    1983    1.63   19.30    6.15    0.26    0.16    0.21    0.16    0.14    0.14    0.15    0.17    0.11     28.58      2.38
    1984    1.21    0.47    0.13    0.11    1.12    0.44    0.09    0.09    0.09    0.08    0.07    0.07      3.97      0.33
    1985    1.46    0.60    0.20    0.14    0.14    0.14    0.11    0.09    0.09    0.08    0.07    0.06      3.18      0.27
    1986    0.10    0.22    1.21    0.96    0.27    1.91    0.70    0.14    0.12    0.12    0.13    6.00     11.88      0.99
    1987    7.90   16.15    4.91    0.35    0.30    0.32    0.28    0.24    0.26    0.24    0.20    0.19     31.35      2.61
    1988    7.65    2.71    0.29    0.26    4.99    1.79    0.23    0.24    0.34    0.24    0.19    0.16     19.08      1.59
    1989    0.18    7.18    2.57    0.26    0.26    1.27    2.61    0.79    0.21    0.20    0.18    0.17     15.87      1.32
    1990    0.18    0.14    0.19   14.75    4.91    2.36    0.83    0.21    0.23    0.21    0.17    0.15     24.34      2.03
    1991    0.18    0.14    0.19    0.14    0.54    0.20    0.10    0.09    0.08    0.08    0.08    0.06      1.87      0.16
    1992    0.07    0.10    1.64    0.72    0.24    0.13    0.14    0.10    0.09    0.08    0.07    0.08      3.47      0.29
    1993    8.81    3.11    0.87    0.35    0.23    0.20    0.18    0.14    0.13    0.12    0.11    0.09     14.34      1.19
    1994    0.10    0.11    0.32    0.19    0.08    2.43    0.97    0.12    0.10    0.10    0.09    0.08      4.70      0.39
    1995    2.37    5.46   23.21   10.02   21.03    6.73    0.38    0.38    0.34    0.32    0.29    0.26     70.79      5.90
    1996    5.46    1.95    7.42    3.36    0.30    8.07    2.88    0.47    0.38    0.31    0.29    0.33     31.21      2.60
    1997    0.36    0.33    1.31    0.55    0.24    0.21    0.19    0.17    0.16    0.14    0.13    0.14      3.95      0.33
    1998    0.16    9.28    3.19    0.22    0.16    0.21    0.16    0.16    0.13    0.12    0.10    0.09     13.98      1.16
    1999    0.19    0.22   16.95    5.65   10.34   11.65    2.90    0.39    0.33    0.30    0.27    0.26     49.45      4.12
    2000    2.77    6.91    5.95    1.38    0.31    0.28    0.26    0.24    0.22    0.20    0.19    0.19     18.89      1.57
    2001    2.60    0.97    0.23    0.22    0.26    0.28    0.16    0.15    0.16    0.14    0.18    0.14      5.48      0.46
    2002    0.12    0.08   17.43    6.87    0.45    0.22    0.18    0.16    0.16    0.14    0.13    0.11     26.05      2.17
    2003    0.10    3.41    1.23    1.39    0.57    0.25    0.15    0.12    0.11    0.19    0.13    0.08      7.73      0.64
    2004    0.12    0.11    0.16    6.14    2.22    4.15    1.51    0.20    0.18    0.17    0.17    0.15     15.27      1.27
    2005    0.17   18.87    6.20   35.54   21.88    3.62    0.36    0.32    0.30    0.28    0.31    0.24     88.09      7.34
    2006    0.22    0.29   12.56    4.27    0.26    0.24    0.23    0.20    0.19    0.18    0.16    0.14     18.94      1.58
    2007   22.78    8.00    1.03    7.23    2.46    4.94    1.72    0.29    0.29    0.26    0.23    0.20     49.43      4.12
    2008    0.19    0.21    0.22   12.10    4.14    0.23    0.20    0.18    0.18    0.21    0.17    0.13     18.18      1.52
    2009    0.16    0.19    6.57   27.09    8.11    5.40    1.90    0.28    0.26    0.24    0.22    0.19     50.62      4.22
  
 AVERAGE    1.99    3.31    3.22    4.24    3.54    1.96    0.82    0.32    0.20    0.18    0.18    0.34     20.27      1.69
