    1920   17.76    4.60    0.23    0.30    0.29    9.00    3.24    0.27    0.24    0.21    0.19    0.17     36.49      3.04
    1921    0.19    1.87    0.86    0.21    0.32    0.27    0.14    0.13    0.14    0.13    0.18    0.15      4.58      0.38
    1922    0.83    7.68    2.65    0.34    0.29    0.19    0.20    0.17    0.16    0.17    0.14    0.10     12.92      1.08
    1923    0.08    0.09    0.10    0.24    0.24    0.46    0.31    0.11    0.09    0.09    0.08    0.13      2.03      0.17
    1924    0.13    0.25    0.34    0.30    0.15   19.50    6.76    0.57    0.41    0.28    0.21    0.20     29.09      2.42
    1925    0.18    0.17    0.12    0.20    0.26    0.17    0.12    0.12    0.22    0.21    0.12    0.11      2.01      0.17
    1926    0.10    0.08    0.10    0.17    2.42    6.45    2.12    0.19    0.16    0.22    0.20    0.12     12.32      1.03
    1927    0.18    0.12    0.12    0.22    0.18    0.21    0.16    0.11    0.10    0.09    0.07    0.08      1.64      0.14
    1928    0.12    0.17    0.10    0.24    6.30    2.48    0.33    0.24    0.33    0.43    0.34    0.54     11.63      0.97
    1929    0.57    0.44    0.33    0.25    0.22    0.18    0.16    0.13    0.12    0.16    0.18    0.09      2.83      0.24
    1930    0.06    0.06    0.09    0.41    0.33    0.14    0.25    0.21    0.09    0.12    0.10    0.05      1.92      0.16
    1931    0.05    0.10    0.09    0.07    0.25    0.31    0.18    0.11    0.10    0.08    0.06    0.08      1.49      0.12
    1932    0.09    0.09    0.10    0.05    0.08    0.25    0.28    0.16    0.08    0.08    0.06    0.05      1.37      0.11
    1933    0.05   16.91    5.76   18.68    6.34    0.39    0.41    0.60    0.54    0.43    0.39    0.23     50.75      4.23
    1934    0.28   13.90    4.86    0.29    0.27    2.00    0.88    0.28    0.23    0.21    0.19    0.15     23.52      1.96
    1935    0.15    0.12    0.11    0.38    0.40    0.50    0.39   18.30    6.29    0.32    0.25    0.23     27.43      2.29
    1936    0.24   17.55    5.98    1.84    1.08    0.41    0.27    0.24    0.22    0.20    0.18    0.16     28.39      2.37
    1937    0.20    0.16    0.25    0.29    0.16    0.10    0.26    0.25    0.17    0.15    0.12    0.11      2.22      0.18
    1938    0.26    0.17    0.32    0.35    0.51    0.32    0.10    0.13    0.14    0.24    0.26    0.12      2.90      0.24
    1939    0.10    0.36    0.23    0.22    0.21    0.15    0.12    0.16    0.19    0.14    0.09    0.15      2.12      0.18
    1940    0.11    0.17    0.22    0.20    0.15    0.11    0.21    0.17    0.08    0.07    0.06    0.06      1.61      0.13
    1941    0.11    0.05    0.05    0.26    0.22    0.16    0.18    0.15    0.11    0.10    0.10    0.10      1.60      0.13
    1942    0.16    0.23    0.39    0.25    0.15    0.15    2.08    1.22    0.47    0.60    0.52    0.20      6.42      0.53
    1943    0.36    0.37    0.29    0.25   26.15    8.73    0.29    0.26    0.34    0.34    0.23    0.27     37.87      3.16
    1944    0.47    0.33    0.15    0.12    0.28   10.67    3.76    0.29    0.24    0.21    0.18    0.14     16.85      1.40
    1945    0.12    0.11    0.09    0.18    0.24    0.35    0.24    0.13    0.11    0.10    0.08    0.06      1.82      0.15
    1946    0.09    0.16    0.14    0.22    0.38    0.48    0.42    0.22    0.11    0.11    0.09    0.07      2.48      0.21
    1947    0.07    0.09    0.17    0.44    0.28    0.23    0.20    0.14    0.10    0.08    0.07    0.09      1.95      0.16
    1948    0.10    0.15    0.07    0.33    0.28    0.15    0.08    0.06    0.06    0.07    0.05    0.05      1.47      0.12
    1949    0.17    2.26    4.82    1.50    0.14    0.19    0.22    0.31    0.24    0.16    0.14    0.09     10.23      0.85
    1950    0.12    0.10    0.16    0.14    0.25    0.25    0.21    0.30    0.24    0.15    0.14    0.08      2.13      0.18
    1951    2.45    0.95    0.10    0.13    0.15    0.09    0.13    0.12    0.09    0.23    0.22    0.08      4.73      0.39
    1952    0.07    0.21    0.19    0.09    7.85    2.93    0.34    0.26    0.18    0.15    0.12    0.09     12.49      1.04
    1953    0.09    0.16    0.12    0.20    0.19    0.18    0.17    0.12    0.10    0.09    0.07    0.07      1.55      0.13
    1954    0.11    4.76    1.79    0.29    2.33    1.04    0.34    0.30    0.19    0.15    0.13    0.10     11.54      0.96
    1955    0.17    0.42    0.46    0.21    0.20    0.25    0.12    0.22    0.22    0.13    0.09    0.08      2.59      0.22
    1956    0.20    0.27    0.34    0.27    0.17    0.42    0.33    0.13    0.12    0.31    0.33   12.47     15.37      1.28
    1957    4.58    0.37    0.33    1.92    0.76    0.28    0.42    0.30    0.20    0.17    0.15    0.21      9.69      0.81
    1958    0.19    0.20    0.37    0.54    0.34    0.12    0.18    0.40    0.28    0.17    0.12    0.09      3.00      0.25
    1959    0.14    0.26    0.28    0.13    0.26    0.26    0.25    0.17    0.09    0.09    0.11    0.08      2.12      0.18
    1960    0.11    0.22   14.03    4.93    0.30    0.19    3.83    1.67    0.34    0.25    0.19    0.16     26.23      2.19
    1961    0.17    0.23    0.19    0.12    0.19    0.22    0.20    0.13    0.10    0.09    0.09    0.12      1.85      0.15
    1962    0.14    0.37    0.24    7.82    2.78    0.23    0.31    0.29    0.36    0.47    0.26    0.12     13.38      1.11
    1963    0.11    0.22    0.13    0.37    0.31    0.32    0.59    0.41    0.17    0.14    0.13    0.11      3.03      0.25
    1964   14.59    5.00   12.50    4.54    0.47    0.29    0.32    0.29    0.24    0.26    0.21    0.15     38.86      3.24
    1965    0.14    0.17    0.13    0.12    0.20    0.11    0.07    0.07    0.08    0.08    0.08    0.08      1.33      0.11
    1966    0.11    0.13    0.19   12.48   44.96   14.43    0.87    0.53    0.37    0.33    0.30    0.26     74.94      6.25
    1967    0.28    0.29    0.44    0.30    0.19    0.29    0.31    0.24    0.18    0.14    0.14    0.11      2.90      0.24
    1968    0.10    0.11    0.11    0.08    0.10    0.18    0.16    0.26    0.23    0.12    0.08    0.07      1.59      0.13
    1969    0.26    0.28    0.32    0.32    0.18    0.16    0.17    0.14    0.14    0.18    0.13    0.08      2.35      0.20
    1970    0.16    0.35    0.21    0.14    0.23    0.25    6.97    2.57    0.22    0.18    0.14    0.13     11.56      0.96
    1971    0.17    0.43    0.54    0.55    0.25    0.25    0.19    0.12    0.12    0.12    0.12    0.08      2.94      0.24
    1972    0.09    0.16    0.09    0.07    0.32    0.26    0.16    0.11    0.07    0.07    0.14    0.25      1.80      0.15
    1973    0.18    0.27    2.44   15.87    5.21    0.26    0.29    0.29    0.24    0.20    0.17    0.14     25.56      2.13
    1974    0.14    0.37    0.51   19.27   18.31    4.23    0.57    0.49    0.34    0.30    0.26    0.26     45.03      3.75
    1975    0.23    0.40    0.44    0.39    0.33    0.34    0.29    0.37    0.29    0.18    0.14    0.13      3.53      0.29
    1976    0.30    0.28    0.24    2.25    0.98    0.24    0.18    0.13    0.11    0.10    0.09    0.13      5.03      0.42
    1977    0.15    0.12    5.39    4.90    1.29    0.22    0.23    0.18    0.14    0.13    0.14    0.15     13.06      1.09
    1978    0.44    0.31    0.12    0.14    0.17    0.18    0.13    0.10    0.10    0.13    0.34    0.41      2.56      0.21
    1979    0.40    0.35    0.17    0.33    9.56    3.31    0.19    0.17    0.16    0.15    0.15    0.15     15.10      1.26
    1980    0.13    0.25    0.26    0.25    0.43    0.34    0.18    0.12    0.11    0.11    0.18    0.23      2.58      0.22
    1981    0.12    0.12    0.14    0.25    0.15    0.08    0.09    0.07    0.06    0.08    0.07    0.05      1.28      0.11
    1982    0.26    0.20    0.07    0.12    0.08    0.05    0.06    0.06    0.10    0.11    0.10    0.06      1.28      0.11
    1983    0.36    7.06    2.60    0.27    0.13    0.20    0.17    0.11    0.11    0.13    0.22    0.15     11.52      0.96
    1984    0.16    0.16    0.09    0.13    0.13    0.10    0.07    0.06    0.07    0.06    0.06    0.04      1.15      0.10
    1985    0.11    0.11    0.08    0.11    0.17    0.19    0.18    0.11    0.09    0.09    0.10    0.07      1.42      0.12
    1986    0.16    0.27    0.38    0.27    0.24    0.19    0.15    0.10    0.07    0.07    0.08    3.89      5.85      0.49
    1987    5.36    1.82    0.52    0.36    0.21    0.27    0.29    0.19    0.17    0.17    0.13    0.13      9.62      0.80
    1988    3.61    1.58    0.18    0.23    7.81    2.83    0.23    0.23    0.27    0.23    0.18    0.13     17.53      1.46
    1989    0.13    0.24    0.21    0.13    0.16    0.41    0.60    0.37    0.14    0.12    0.10    0.08      2.70      0.22
    1990    0.08    0.06    0.06    0.34    0.41    0.27    0.27    0.19    0.11    0.10    0.08    0.05      2.02      0.17
    1991    0.09    0.07    0.11    0.11    0.09    0.07    0.05    0.05    0.04    0.04    0.10    0.07      0.89      0.07
    1992    0.05    0.30    0.22    0.16    0.13    0.12    0.11    0.09    0.07    0.06    0.05    0.06      1.42      0.12
    1993   10.85    3.82    0.38    0.32    0.28    0.21    0.21    0.16    0.12    0.11    0.10    0.08     16.65      1.39
    1994    0.12    0.11    0.07    0.08    0.11    0.26    0.24    0.13    0.08    0.08    0.09    0.06      1.44      0.12
    1995    0.17    0.31   41.47   13.84   37.47   12.45    0.68    0.62    0.46    0.42    0.38    0.31    108.57      9.05
    1996    1.80    0.77    0.35    0.29    0.31    8.67    3.35    7.55    2.95    0.43    0.35    0.43     27.23      2.27
    1997    0.46    0.48    0.40    0.45    0.40    0.31    0.31    0.22    0.17    0.16    0.14    0.15      3.65      0.30
    1998    0.16    4.85    1.93    0.18    0.13    0.17    0.18    0.14    0.12    0.11    0.10    0.07      8.13      0.68
    1999    0.06    0.05    0.18    0.28   10.65    4.01    0.44    0.39    0.33    0.23    0.17    0.17     16.97      1.41
    2000    0.34    0.27    0.21    0.11    0.12    0.13    0.11    0.11    0.11    0.10    0.09    0.16      1.85      0.15
    2001    0.68    0.40    0.26    0.29    0.17    0.09    0.10    0.18    0.20    0.13    0.15    0.12      2.77      0.23
    2002    0.08    0.04    0.20    0.14    0.10    0.11    0.08    0.06    0.06    0.06    0.06    0.04      1.04      0.09
    2003    0.04    0.20    0.12    0.15    0.27    0.31    0.19    0.08    0.06    0.07    0.07    0.04      1.59      0.13
    2004    0.06    0.11    0.21   14.36    4.90    0.24    0.25    0.21    0.16    0.14    0.14    0.11     20.89      1.74
    2005    0.12    0.33    0.20   46.91   15.69    0.61    0.40    0.32    0.27    0.25    0.28    0.21     65.58      5.47
    2006    0.17    0.19    0.22    0.14    0.11    0.10    0.13    0.12    0.12    0.12    0.09    0.12      1.61      0.13
    2007    4.44    1.67    0.14    0.17    0.17    0.29    0.19    0.12    0.15    0.13    0.09    0.06      7.63      0.64
    2008    0.08    0.18    0.26   18.28    6.29    0.35    0.21    0.19    0.23    0.23    0.17    0.13     26.63      2.22
    2009    0.35    0.37    3.01   11.67    3.88    0.60    0.52    0.33    0.25    0.22    0.19    0.15     21.54      1.79
  
 AVERAGE    0.89    1.26    1.40    2.42    2.65    1.45    0.59    0.54    0.28    0.17    0.15    0.31     12.12      1.01
