    1920   10.96    2.86    0.08    0.12    0.11    5.88    2.05    0.07    0.04    0.03    0.02    0.02     22.24      1.85
    1921    0.04    1.65    0.67    0.10    0.16    0.14    0.05    0.03    0.03    0.03    0.07    0.06      3.04      0.25
    1922    0.98    5.23    1.72    0.18    0.14    0.07    0.06    0.05    0.04    0.05    0.04    0.02      8.58      0.71
    1923    0.01    0.02    0.04    0.14    0.14    0.27    0.17    0.06    0.03    0.03    0.03    0.06      1.00      0.08
    1924    0.07    0.14    0.19    0.17    0.08   11.88    4.17    0.25    0.17    0.09    0.04    0.03     17.29      1.44
    1925    0.03    0.04    0.02    0.10    0.12    0.08    0.04    0.04    0.10    0.10    0.06    0.04      0.76      0.06
    1926    0.04    0.03    0.05    0.10    2.04    4.47    1.37    0.07    0.03    0.07    0.07    0.03      8.37      0.70
    1927    0.07    0.05    0.05    0.12    0.10    0.11    0.08    0.05    0.03    0.03    0.02    0.03      0.74      0.06
    1928    0.06    0.09    0.06    0.14    4.38    1.67    0.18    0.11    0.14    0.20    0.17    0.45      7.64      0.64
    1929    0.36    0.24    0.18    0.12    0.09    0.06    0.04    0.03    0.03    0.06    0.07    0.04      1.32      0.11
    1930    0.01    0.01    0.04    0.52    0.27    0.08    0.14    0.12    0.05    0.05    0.05    0.02      1.36      0.11
    1931    0.01    0.06    0.05    0.04    0.14    0.18    0.10    0.06    0.05    0.04    0.03    0.03      0.80      0.07
    1932    0.05    0.05    0.06    0.03    0.04    0.15    0.16    0.09    0.05    0.04    0.03    0.02      0.75      0.06
    1933    0.02   10.46    3.61   11.49    3.91    0.10    0.11    0.23    0.22    0.16    0.13    0.06     30.49      2.54
    1934    0.09    8.76    3.02    0.06    0.04    1.65    0.66    0.08    0.04    0.03    0.03    0.02     14.47      1.21
    1935    0.02    0.02    0.02    0.62    0.35    0.27    0.22   11.08    3.83    0.10    0.04    0.03     16.61      1.38
    1936    0.04   10.81    3.68    1.61    0.85    0.19    0.05    0.02    0.02    0.02    0.02    0.01     17.33      1.44
    1937    0.05    0.04    0.14    0.15    0.07    0.03    0.15    0.14    0.08    0.06    0.04    0.04      1.00      0.08
    1938    0.15    0.10    0.18    0.20    0.42    0.21    0.05    0.05    0.06    0.12    0.14    0.07      1.73      0.14
    1939    0.04    0.21    0.13    0.12    0.12    0.09    0.06    0.07    0.09    0.07    0.04    0.08      1.13      0.09
    1940    0.06    0.09    0.13    0.11    0.09    0.06    0.12    0.09    0.04    0.03    0.02    0.02      0.87      0.07
    1941    0.06    0.03    0.03    0.16    0.13    0.09    0.10    0.08    0.06    0.05    0.05    0.05      0.88      0.07
    1942    0.09    0.13    0.23    0.14    0.08    0.08    1.76    0.88    0.25    0.55    0.35    0.10      4.65      0.39
    1943    0.20    0.20    0.16    0.13   15.64    5.31    0.06    0.02    0.08    0.09    0.05    0.07     22.01      1.83
    1944    0.21    0.16    0.05    0.02    0.16    6.89    2.39    0.09    0.05    0.04    0.03    0.01     10.09      0.84
    1945    0.01    0.01    0.00    0.10    0.12    0.20    0.14    0.06    0.04    0.03    0.02    0.01      0.75      0.06
    1946    0.04    0.09    0.08    0.12    0.22    0.28    0.24    0.12    0.05    0.04    0.03    0.02      1.32      0.11
    1947    0.02    0.04    0.10    0.39    0.19    0.12    0.11    0.08    0.05    0.03    0.02    0.03      1.19      0.10
    1948    0.05    0.09    0.04    0.19    0.16    0.08    0.05    0.03    0.02    0.03    0.02    0.02      0.78      0.07
    1949    0.09    1.95    3.61    1.04    0.05    0.07    0.09    0.15    0.12    0.07    0.05    0.03      7.32      0.61
    1950    0.05    0.04    0.09    0.08    0.14    0.14    0.12    0.16    0.13    0.08    0.06    0.04      1.13      0.09
    1951    1.98    0.72    0.05    0.06    0.07    0.04    0.06    0.05    0.03    0.12    0.12    0.04      3.33      0.28
    1952    0.02    0.12    0.11    0.05    5.26    1.92    0.17    0.11    0.06    0.04    0.03    0.01      7.91      0.66
    1953    0.01    0.08    0.06    0.11    0.11    0.10    0.08    0.06    0.04    0.03    0.02    0.02      0.73      0.06
    1954    0.05    3.45    1.25    0.16    1.96    0.77    0.17    0.14    0.08    0.04    0.03    0.02      8.12      0.68
    1955    0.08    0.24    0.26    0.12    0.11    0.13    0.07    0.11    0.11    0.06    0.03    0.02      1.36      0.11
    1956    0.11    0.15    0.19    0.15    0.10    0.24    0.19    0.07    0.05    0.16    0.18    7.82      9.41      0.78
    1957    2.86    0.20    0.14    1.70    0.62    0.10    0.16    0.13    0.06    0.03    0.02    0.07      6.09      0.51
    1958    0.07    0.09    0.21    0.31    0.20    0.06    0.08    0.20    0.15    0.08    0.04    0.02      1.53      0.13
    1959    0.06    0.14    0.16    0.08    0.15    0.15    0.14    0.09    0.04    0.03    0.05    0.03      1.12      0.09
    1960    0.06    0.13    8.91    3.14    0.14    0.05    2.75    1.09    0.14    0.08    0.04    0.03     16.54      1.38
    1961    0.03    0.09    0.08    0.04    0.08    0.10    0.09    0.06    0.03    0.03    0.03    0.05      0.71      0.06
    1962    0.07    0.21    0.13    5.29    1.85    0.09    0.13    0.12    0.16    0.23    0.14    0.04      8.47      0.71
    1963    0.02    0.11    0.07    0.21    0.18    0.18    0.68    0.33    0.09    0.05    0.04    0.04      2.01      0.17
    1964    9.06    3.11    7.95    2.83    0.17    0.07    0.07    0.07    0.04    0.05    0.04    0.02     23.48      1.96
    1965    0.01    0.04    0.04    0.03    0.09    0.06    0.02    0.01    0.02    0.02    0.02    0.03      0.39      0.03
    1966    0.05    0.07    0.11    8.01   26.07    8.95    0.62    0.19    0.08    0.04    0.03    0.02     44.25      3.69
    1967    0.05    0.07    0.21    0.14    0.05    0.12    0.13    0.09    0.06    0.04    0.03    0.02      1.02      0.09
    1968    0.02    0.03    0.04    0.03    0.04    0.09    0.08    0.14    0.13    0.07    0.03    0.03      0.73      0.06
    1969    0.15    0.16    0.18    0.18    0.10    0.09    0.09    0.07    0.06    0.09    0.07    0.04      1.27      0.11
    1970    0.09    0.20    0.12    0.08    0.13    0.14    4.67    1.68    0.10    0.05    0.03    0.03      7.33      0.61
    1971    0.06    0.53    0.39    0.31    0.14    0.14    0.10    0.04    0.03    0.03    0.04    0.02      1.83      0.15
    1972    0.03    0.08    0.05    0.03    0.18    0.15    0.09    0.06    0.03    0.03    0.07    0.13      0.94      0.08
    1973    0.10    0.16    2.10   10.02    3.24    0.09    0.08    0.08    0.06    0.04    0.03    0.02     16.02      1.34
    1974    0.03    0.21    0.29   12.10   11.41    2.56    0.20    0.16    0.07    0.04    0.03    0.04     27.14      2.26
    1975    0.04    0.19    0.22    0.20    0.16    0.16    0.12    0.17    0.13    0.07    0.03    0.03      1.51      0.13
    1976    0.16    0.16    0.14    1.96    0.75    0.12    0.07    0.04    0.02    0.02    0.02    0.05      3.50      0.29
    1977    0.07    0.06    3.85    3.64    0.88    0.08    0.07    0.05    0.03    0.03    0.03    0.05      8.86      0.74
    1978    0.74    0.33    0.06    0.06    0.08    0.09    0.06    0.04    0.03    0.06    0.18    0.23      1.97      0.16
    1979    0.23    0.20    0.10    0.19    6.29    2.15    0.05    0.03    0.02    0.02    0.03    0.04      9.34      0.78
    1980    0.03    0.14    0.15    0.14    0.25    0.19    0.10    0.05    0.03    0.03    0.08    0.11      1.31      0.11
    1981    0.07    0.06    0.07    0.14    0.09    0.04    0.04    0.03    0.02    0.03    0.03    0.02      0.65      0.05
    1982    0.15    0.11    0.04    0.07    0.04    0.03    0.03    0.03    0.05    0.06    0.05    0.03      0.70      0.06
    1983    0.22    4.86    1.75    0.15    0.06    0.09    0.07    0.03    0.02    0.04    0.10    0.07      7.47      0.62
    1984    0.08    0.08    0.05    0.07    0.07    0.05    0.03    0.02    0.02    0.02    0.02    0.02      0.55      0.05
    1985    0.06    0.06    0.05    0.07    0.10    0.11    0.10    0.06    0.05    0.04    0.05    0.04      0.79      0.07
    1986    0.09    0.16    0.23    0.15    0.13    0.11    0.08    0.05    0.03    0.02    0.03    2.81      3.90      0.32
    1987    3.78    1.19    0.29    0.20    0.09    0.11    0.12    0.07    0.05    0.05    0.03    0.04      6.01      0.50
    1988    2.67    1.08    0.10    0.13    5.25    1.84    0.07    0.05    0.08    0.07    0.04    0.02     11.42      0.95
    1989    0.03    0.11    0.11    0.06    0.07    0.23    0.34    0.21    0.08    0.04    0.03    0.02      1.31      0.11
    1990    0.02    0.01    0.02    0.20    0.24    0.15    0.15    0.10    0.05    0.04    0.03    0.02      1.02      0.09
    1991    0.04    0.03    0.06    0.06    0.05    0.04    0.02    0.02    0.02    0.02    0.05    0.04      0.44      0.04
    1992    0.03    0.18    0.13    0.09    0.07    0.07    0.06    0.05    0.04    0.03    0.02    0.03      0.79      0.07
    1993    6.93    2.44    0.22    0.17    0.14    0.09    0.08    0.06    0.03    0.03    0.02    0.01     10.21      0.85
    1994    0.05    0.05    0.03    0.03    0.05    0.15    0.14    0.07    0.04    0.03    0.04    0.03      0.71      0.06
    1995    0.09    0.18   24.18    8.30   21.88    7.41    0.20    0.17    0.09    0.06    0.05    0.03     62.63      5.22
    1996    1.50    0.59    0.11    0.08    0.09    5.68    2.09    4.84    1.76    0.13    0.06    0.11     17.04      1.42
    1997    0.14    0.19    0.16    0.20    0.17    0.12    0.10    0.07    0.03    0.03    0.02    0.03      1.27      0.11
    1998    0.04    3.47    1.31    0.09    0.02    0.06    0.06    0.04    0.03    0.03    0.02    0.01      5.19      0.43
    1999    0.01    0.01    0.10    0.16    6.91    2.70    0.27    0.17    0.13    0.08    0.04    0.04     10.61      0.88
    2000    0.16    0.14    0.10    0.04    0.04    0.04    0.03    0.04    0.04    0.03    0.03    0.08      0.76      0.06
    2001    0.91    0.39    0.15    0.16    0.10    0.04    0.04    0.08    0.10    0.07    0.07    0.06      2.17      0.18
    2002    0.04    0.02    0.11    0.08    0.06    0.06    0.04    0.03    0.02    0.02    0.03    0.02      0.53      0.04
    2003    0.02    0.11    0.07    0.09    0.16    0.18    0.11    0.04    0.03    0.03    0.03    0.02      0.88      0.07
    2004    0.03    0.06    0.12    9.10    3.13    0.09    0.08    0.07    0.04    0.03    0.03    0.02     12.79      1.07
    2005    0.04    0.18    0.11   27.12    9.62    0.35    0.13    0.07    0.04    0.03    0.06    0.04     37.80      3.15
    2006    0.03    0.04    0.08    0.04    0.02    0.01    0.03    0.04    0.04    0.04    0.03    0.05      0.44      0.04
    2007    3.19    1.15    0.06    0.07    0.07    0.16    0.11    0.05    0.06    0.05    0.03    0.02      5.01      0.42
    2008    0.03    0.10    0.15   11.32    3.94    0.15    0.06    0.03    0.06    0.06    0.04    0.02     15.97      1.33
    2009    0.19    0.21    2.41    7.61    2.43    0.27    0.23    0.12    0.05    0.03    0.02    0.01     13.59      1.13
  
 AVERAGE    0.57    0.80    0.87    1.51    1.63    0.89    0.35    0.30    0.12    0.06    0.05    0.16      7.32      0.61
