    1920    1.40    0.87    0.40    0.30    0.36   13.82    4.85    0.33    0.28    0.23    0.19    0.17     23.20      1.93
    1921    0.24    0.43    0.42    0.35    0.31    0.45    0.30    0.18    0.19    0.17    0.22    0.19      3.43      0.29
    1922    0.21    0.68    0.53    3.21    1.37    0.32    0.27    0.18    0.16    0.21    0.17    0.11      7.43      0.62
    1923    0.08    0.12    0.13    0.18    0.27    0.76    0.60    0.28    0.18    0.14    0.12    0.16      3.01      0.25
    1924    0.16    0.27    0.54    0.50    0.37    2.48    1.72    0.96    0.50    0.28    0.20    0.21      8.20      0.68
    1925    0.18    0.19    0.15    0.33    0.37    0.26    0.19    0.21    0.21    0.18    0.13    0.10      2.50      0.21
    1926    0.11    0.14    0.19    0.25    0.44    0.43    0.23    0.10    0.09    0.20    0.21    0.09      2.48      0.21
    1927    0.30    0.20    0.12    0.35    0.48    0.42    0.26    0.15    0.12    0.11    0.11    0.09      2.71      0.23
    1928    0.11    0.26    0.16    0.34    1.98    1.27    0.52    0.24    0.32    0.31    0.20    0.45      6.17      0.51
    1929    0.96    1.07    0.82    0.62    0.78    0.64    0.33    0.23    0.19    0.22    0.22    0.13      6.22      0.52
    1930    0.10    0.10    0.23    0.63    0.59    0.29    0.35    0.29    0.15    0.25    0.22    0.09      3.30      0.27
    1931    0.09    0.19    0.18    0.15    0.39    0.63    0.42    0.21    0.16    0.13    0.10    0.14      2.81      0.23
    1932    0.15    0.16    0.20    0.13    0.11    0.24    0.30    0.20    0.12    0.12    0.09    0.07      1.89      0.16
    1933    0.05   20.98    8.55    5.27    1.95    0.40    0.41    0.53    0.48    0.41    0.36    0.24     39.63      3.30
    1934    0.25    0.68    0.51    0.17    0.18    0.43    0.34    0.18    0.15    0.14    0.12    0.09      3.23      0.27
    1935    0.08    0.06    0.13    0.27    0.52    2.13    1.11   10.49    3.96    0.38    0.27    0.23     19.63      1.64
    1936    0.22    6.39    2.41    0.46    0.95    0.62    0.30    0.23    0.20    0.19    0.16    0.14     12.28      1.02
    1937    0.14    0.11    0.26    0.43    0.29    0.15    0.28    0.27    0.17    0.16    0.15    0.14      2.56      0.21
    1938    0.21    0.13    0.43    0.52    4.07    1.87    0.37    0.27    0.24    0.41    0.48    0.24      9.23      0.77
    1939    0.20   14.87    5.30    0.45    0.40    0.39    0.33    0.30    0.37    0.33    0.20    0.22     23.36      1.95
    1940    0.18    0.41    0.94    0.74    0.53    0.48    0.60    0.40    0.20    0.17    0.14    0.12      4.91      0.41
    1941    0.13    0.08    0.11    0.53    0.61    0.49    0.30    0.18    0.19    0.17    0.20    0.19      3.18      0.27
    1942    0.37    0.46    8.01    2.86    0.25    0.32    0.77    0.96    0.56    0.60    0.63    0.37     16.16      1.35
    1943    0.42    0.36    0.51    0.68   36.42   12.09    0.33    0.30    0.46    0.48    0.29    0.32     52.67      4.39
    1944    0.71    0.71    0.27    0.19    0.38    1.39    0.78    0.29    0.23    0.20    0.16    0.12      5.41      0.45
    1945    0.10    0.11    0.11    1.06    0.89    0.66    0.38    0.23    0.19    0.15    0.12    0.08      4.09      0.34
    1946    0.10    0.21    0.31    0.40    0.70    0.96    0.70    0.29    0.17    0.17    0.14    0.10      4.26      0.36
    1947    0.10    0.15    0.34    0.42    0.25    0.38    0.54    0.41    0.21    0.15    0.12    0.09      3.14      0.26
    1948    0.16    0.24    0.11    0.48    0.54    0.31    0.17    0.12    0.11    0.12    0.09    0.07      2.53      0.21
    1949    0.30    9.55   15.60    4.41    0.32    0.68    0.67    0.62    0.51    0.33    0.24    0.17     33.41      2.78
    1950    0.17    0.17    0.41    0.31    0.21    0.23    0.30    0.49    0.38    0.21    0.19    0.13      3.20      0.27
    1951    0.43    0.32    0.24    0.33    0.28    0.17    0.17    0.14    0.13    0.27    0.24    0.10      2.81      0.23
    1952    0.07    0.37    0.57    0.31    2.64    1.47    0.57    0.32    0.22    0.17    0.14    0.10      6.94      0.58
    1953    0.10    0.45    0.36    0.48    0.44    0.39    0.35    0.26    0.18    0.14    0.11    0.10      3.35      0.28
    1954    0.10    0.55    0.45    6.77   14.09    4.34    0.70    0.60    0.37    0.29    0.23    0.18     28.67      2.39
    1955    0.25    0.64    1.39    0.64    0.44    0.75    0.43    0.47    0.45    0.27    0.19    0.16      6.09      0.51
    1956    0.34    0.48    0.45    0.33    0.37    0.54    0.43    0.25    0.24    0.48    0.46    0.79      5.17      0.43
    1957    1.01    0.58    0.22    0.39    0.30    0.29    0.80    0.69    0.28    0.19    0.15    0.27      5.16      0.43
    1958    0.24    0.36    0.43    0.44    0.35    0.19    0.22    0.30    0.21    0.17    0.13    0.08      3.11      0.26
    1959    0.16    0.37    0.60    0.37    0.30    0.39    0.54    0.38    0.17    0.14    0.13    0.09      3.64      0.30
    1960    0.14    0.24    0.57    0.59    0.50    0.39    0.71    0.72    0.41    0.23    0.15    0.12      4.75      0.40
    1961    0.15    0.23    0.20    0.16    0.26    0.26    0.27    0.20    0.12    0.11    0.10    0.12      2.17      0.18
    1962    0.14    0.60    0.47    0.57    0.39    0.22    0.30    0.29    0.47    0.58    0.35    0.12      4.50      0.37
    1963    0.15    0.58    0.40    3.35    1.40    0.22    0.30    0.24    0.18    0.17    0.15    0.13      7.27      0.61
    1964    3.41    1.42    0.28    0.63    0.51    0.19    0.24    0.24    0.16    0.21    0.18    0.09      7.57      0.63
    1965    0.08    0.08    0.12    0.15    0.41    0.28    0.10    0.10    0.10    0.10    0.09    0.08      1.69      0.14
    1966    0.20    0.33    0.46    9.89   12.68    6.39    1.98    0.72    0.42    0.33    0.30    0.25     33.97      2.83
    1967    0.32    0.34    0.43    0.35    0.26    0.54    0.81    0.53    0.27    0.21    0.19    0.13      4.38      0.37
    1968    0.13    0.19    0.21    0.19    0.14    0.58    0.60    0.57    0.43    0.22    0.15    0.13      3.54      0.29
    1969    0.44    0.71    0.73    0.56    0.50    0.34    0.23    0.23    0.22    0.23    0.19    0.12      4.51      0.38
    1970    0.21    0.47    0.42    0.61    0.57    0.45    4.67    2.05    0.40    0.29    0.20    0.19     10.52      0.88
    1971    0.29    0.54    0.64   12.57    4.39    0.50    0.41    0.28    0.24    0.22    0.19    0.15     20.43      1.70
    1972    0.21    0.26    0.20    0.18    0.22    0.30    0.40    0.28    0.15    0.13    0.15    0.28      2.75      0.23
    1973    0.38    0.45    0.62    0.65    0.48    0.34    0.62    0.52    0.25    0.18    0.14    0.10      4.73      0.39
    1974    0.10    0.47    0.49   27.82   13.70    2.11    0.85    0.59    0.36    0.31    0.25    0.21     47.27      3.94
    1975    0.20    0.56    0.83    0.75    0.66    0.68    0.58    0.85    0.66    0.31    0.22    0.17      6.47      0.54
    1976    0.36    0.45    0.40    0.60    0.43    0.41    0.30    0.17    0.14    0.13    0.12    0.20      3.70      0.31
    1977    0.40    0.41    0.63   27.99    9.76    0.82    0.58    0.37    0.28    0.25    0.23    0.22     41.93      3.49
    1978    0.39    0.30    0.17    0.17    0.17    0.24    0.26    0.21    0.17    0.19    0.38    0.36      3.01      0.25
    1979    0.37    6.16    2.42   11.08    4.37    0.53    0.32    0.27    0.23    0.22    0.21    0.27     26.45      2.20
    1980    0.22    0.51    0.80    0.90    0.98    0.82    0.48    0.26    0.22    0.21    0.19    0.23      5.80      0.48
    1981    0.29    0.27    0.26    0.39    0.26    0.15    0.16    0.13    0.11    0.13    0.11    0.08      2.34      0.19
    1982    0.16    0.14    0.11    0.18    0.13    0.10    0.11    0.11    0.18    0.20    0.16    0.10      1.68      0.14
    1983    0.19    0.47    2.80    1.22    0.19    0.20    0.19    0.12    0.12    0.14    0.15    0.10      5.91      0.49
    1984    0.21    0.42    0.25    0.27    0.29    0.30    0.22    0.14    0.12    0.11    0.11    0.09      2.53      0.21
    1985    0.40    0.35    0.34    0.47    0.50    0.44    0.35    0.21    0.19    0.19    0.16    0.09      3.68      0.31
    1986    0.33    0.55    3.21    1.50    0.70    4.21    1.77    0.26    0.21    0.19    0.21    4.29     17.43      1.45
    1987    2.19    1.84    1.08    0.49    0.39    0.55    0.48    0.27    0.23    0.23    0.18    0.21      8.16      0.68
    1988    0.54    0.50    0.20    0.26    7.13    2.66    0.28    0.25    0.32    0.30    0.22    0.14     12.80      1.07
    1989    0.14    1.80    0.99    0.25    0.26    0.59    2.02    1.10    0.30    0.21    0.17    0.12      7.95      0.66
    1990    0.11    0.10    0.15    0.42    0.55    5.68    2.71    0.67    0.29    0.25    0.19    0.15     11.28      0.94
    1991    0.18    0.18    0.22    0.22    0.22    0.23    0.15    0.11    0.10    0.10    0.14    0.10      1.96      0.16
    1992    0.07    0.22    0.35    0.29    0.32    0.37    0.33    0.21    0.12    0.11    0.09    0.12      2.61      0.22
    1993    8.18    3.24    0.68    0.63    0.67    0.66    0.44    0.26    0.19    0.17    0.15    0.11     15.39      1.28
    1994    0.16    0.20    0.26    0.21    0.19    0.50    0.53    0.32    0.17    0.14    0.13    0.09      2.91      0.24
    1995    0.53    0.83    9.71   14.71   25.51    7.55    0.89    0.76    0.48    0.38    0.34    0.27     61.97      5.16
    1996    0.43    0.55    0.60    0.53    0.36   27.98    9.58    3.60    1.76    0.58    0.41    0.41     46.79      3.90
    1997    0.38    0.68    0.66    0.69    0.45    0.32    0.32    0.25    0.20    0.18    0.16    0.19      4.46      0.37
    1998    0.27    9.75    3.77    0.41    0.30    0.24    0.22    0.24    0.22    0.19    0.15    0.12     15.89      1.32
    1999    0.12    0.10    0.68    0.93   20.60   23.27    5.93    0.67    0.52    0.40    0.31    0.31     53.85      4.49
    2000    0.70    0.82    0.71    0.31    0.34    0.32    0.21    0.22    0.23    0.20    0.17    0.27      4.50      0.38
    2001    0.56    0.46    0.44    0.53    0.44    0.23    0.14    0.17    0.21    0.19    0.18    0.12      3.70      0.31
    2002    0.12    0.06    0.18    0.22    0.34    0.32    0.15    0.08    0.09    0.10    0.09    0.06      1.81      0.15
    2003    0.09    0.22    0.17    0.25    2.75    1.82    0.71    0.26    0.18    0.19    0.16    0.10      6.90      0.57
    2004    0.12    0.19    0.34    0.58    0.40    0.26    0.42    0.34    0.17    0.13    0.13    0.10      3.16      0.26
    2005    0.08    0.29    0.19   27.22    9.49    0.63    0.35    0.24    0.20    0.19    0.43    0.32     39.63      3.30
    2006    0.17    0.22    0.22    0.12    0.08    0.09    0.16    0.15    0.16    0.17    0.11    0.11      1.74      0.15
    2007    0.58    0.47    0.19    0.45    0.44    0.56    0.36    0.17    0.21    0.18    0.12    0.07      3.78      0.32
    2008    0.08    0.14    0.17    2.77    1.35    0.30    0.12    0.13    0.15    0.19    0.16    0.08      5.66      0.47
    2009    0.33    0.84    9.17   11.72    3.77    6.93    2.92    0.62    0.42    0.35    0.29    0.24     37.59      3.13
  
 AVERAGE    0.41    1.17    1.14    2.28    2.31    1.76    0.78    0.50    0.30    0.23    0.20    0.21     11.30      0.94
