    1920    3.42    1.64    0.61    0.46    0.56   22.07    7.68    0.48    0.40    0.33    0.28    0.25     38.17      3.18
    1921    0.34    0.64    0.65    0.55    0.45    0.67    0.46    0.25    0.26    0.23    0.30    0.26      5.05      0.42
    1922    0.31    1.03    0.80    6.24    2.51    0.47    0.40    0.26    0.23    0.30    0.25    0.15     12.94      1.08
    1923    0.12    0.16    0.18    0.27    0.41    1.78    1.06    0.39    0.25    0.20    0.17    0.22      5.22      0.43
    1924    0.24    0.41    0.83    0.76    0.57    4.98    2.98    1.43    0.75    0.39    0.28    0.30     13.93      1.16
    1925    0.26    0.27    0.21    0.51    0.57    0.40    0.26    0.30    0.29    0.25    0.18    0.13      3.63      0.30
    1926    0.14    0.20    0.29    0.39    0.67    0.65    0.34    0.14    0.12    0.29    0.31    0.14      3.69      0.31
    1927    0.45    0.31    0.18    0.53    0.73    0.64    0.39    0.22    0.17    0.15    0.15    0.13      4.05      0.34
    1928    0.15    0.40    0.25    0.53    4.32    2.33    0.78    0.35    0.46    0.45    0.28    0.69     10.99      0.92
    1929    1.88    1.72    1.23    0.95    1.20    0.98    0.49    0.33    0.28    0.31    0.32    0.19      9.89      0.82
    1930    0.13    0.14    0.36    0.97    0.90    0.45    0.52    0.43    0.21    0.35    0.31    0.13      4.90      0.41
    1931    0.13    0.29    0.28    0.23    0.59    0.95    0.63    0.32    0.23    0.18    0.14    0.20      4.17      0.35
    1932    0.21    0.25    0.31    0.20    0.16    0.36    0.45    0.30    0.18    0.17    0.12    0.10      2.80      0.23
    1933    0.06   32.73   14.40    9.42    3.27    0.56    0.58    0.77    0.70    0.58    0.52    0.33     63.93      5.33
    1934    0.35    1.08    0.76    0.24    0.24    0.62    0.51    0.24    0.19    0.18    0.16    0.12      4.70      0.39
    1935    0.11    0.08    0.20    0.42    0.79    4.47    2.06   16.60    6.16    0.53    0.37    0.32     32.10      2.68
    1936    0.31   10.92    4.01    0.69    1.89    1.08    0.42    0.31    0.27    0.25    0.22    0.18     20.56      1.71
    1937    0.18    0.14    0.40    0.67    0.45    0.20    0.41    0.41    0.24    0.22    0.21    0.19      3.72      0.31
    1938    0.30    0.20    0.65    0.78    7.49    3.23    0.54    0.38    0.35    0.60    0.70    0.36     15.57      1.30
    1939    0.29   23.69    8.36    0.66    0.59    0.56    0.47    0.42    0.53    0.46    0.28    0.30     36.62      3.05
    1940    0.24    0.64    2.76    1.58    0.81    0.71    0.89    0.60    0.28    0.25    0.20    0.17      9.11      0.76
    1941    0.18    0.11    0.15    0.80    0.94    0.75    0.46    0.25    0.26    0.24    0.29    0.27      4.69      0.39
    1942    0.55    0.69   13.55    4.76    0.37    0.47    1.15    1.44    0.85    0.87    0.91    0.53     26.14      2.18
    1943    0.61    0.53    0.79    1.05   55.71   18.47    0.46    0.40    0.65    0.68    0.40    0.45     80.19      6.68
    1944    1.03    1.06    0.41    0.24    0.54    3.31    1.61    0.40    0.32    0.27    0.22    0.16      9.56      0.80
    1945    0.13    0.14    0.15    2.94    1.77    0.99    0.58    0.32    0.26    0.21    0.17    0.12      7.80      0.65
    1946    0.15    0.31    0.48    0.61    1.07    1.46    1.05    0.44    0.23    0.24    0.20    0.14      6.37      0.53
    1947    0.13    0.22    0.52    0.64    0.38    0.58    0.80    0.62    0.32    0.21    0.16    0.12      4.69      0.39
    1948    0.22    0.36    0.17    0.73    0.83    0.48    0.25    0.17    0.16    0.16    0.13    0.10      3.76      0.31
    1949    0.45   15.78   25.10    6.96    0.45    1.00    0.98    0.91    0.73    0.46    0.33    0.23     53.38      4.45
    1950    0.22    0.24    0.63    0.48    0.29    0.32    0.43    0.71    0.56    0.31    0.26    0.17      4.63      0.39
    1951    0.66    0.48    0.37    0.51    0.43    0.26    0.23    0.19    0.18    0.39    0.36    0.15      4.21      0.35
    1952    0.09    0.56    0.88    0.47    5.27    2.62    0.85    0.49    0.31    0.25    0.20    0.14     12.12      1.01
    1953    0.15    0.69    0.55    0.74    0.68    0.61    0.53    0.38    0.25    0.20    0.16    0.13      5.06      0.42
    1954    0.14    0.83    0.68   11.65   22.65    6.79    1.02    0.87    0.53    0.41    0.33    0.24     46.13      3.84
    1955    0.34    0.95    3.46    1.47    0.67    1.11    0.65    0.69    0.66    0.38    0.27    0.22     10.87      0.91
    1956    0.50    0.72    0.70    0.51    0.57    0.82    0.65    0.37    0.33    0.70    0.68    1.19      7.75      0.65
    1957    1.52    0.89    0.34    0.60    0.47    0.42    1.38    1.05    0.40    0.26    0.20    0.38      7.90      0.66
    1958    0.34    0.55    0.67    0.68    0.54    0.29    0.32    0.44    0.31    0.24    0.18    0.11      4.64      0.39
    1959    0.24    0.56    0.92    0.57    0.46    0.59    0.81    0.58    0.25    0.19    0.19    0.13      5.48      0.46
    1960    0.20    0.35    0.87    0.91    0.75    0.60    1.07    1.07    0.61    0.32    0.21    0.17      7.14      0.59
    1961    0.21    0.33    0.31    0.24    0.41    0.40    0.41    0.30    0.16    0.15    0.13    0.18      3.23      0.27
    1962    0.20    0.92    0.72    0.87    0.60    0.33    0.43    0.43    0.69    0.86    0.52    0.18      6.74      0.56
    1963    0.21    0.88    0.62    6.46    2.54    0.33    0.45    0.36    0.27    0.24    0.21    0.18     12.74      1.06
    1964    6.28    2.49    0.42    0.98    0.79    0.30    0.35    0.35    0.24    0.30    0.25    0.13     12.87      1.07
    1965    0.10    0.11    0.18    0.23    0.62    0.44    0.16    0.13    0.14    0.14    0.12    0.10      2.47      0.21
    1966    0.30    0.50    0.71   16.42   20.59   10.83    3.28    1.03    0.58    0.46    0.43    0.35     55.47      4.62
    1967    0.45    0.49    0.62    0.51    0.35    0.79    1.19    0.80    0.37    0.28    0.25    0.17      6.29      0.52
    1968    0.17    0.26    0.30    0.27    0.19    0.87    0.89    0.86    0.65    0.33    0.20    0.18      5.15      0.43
    1969    0.66    1.08    1.11    0.87    0.78    0.53    0.33    0.33    0.31    0.33    0.27    0.17      6.77      0.56
    1970    0.30    0.71    0.64    0.93    0.86    0.70    8.20    3.43    0.59    0.42    0.28    0.27     17.32      1.44
    1971    0.42    0.82    0.99   20.46    7.06    0.73    0.58    0.40    0.34    0.31    0.27    0.21     32.58      2.72
    1972    0.28    0.37    0.28    0.25    0.32    0.43    0.58    0.42    0.20    0.17    0.20    0.40      3.90      0.32
    1973    0.56    0.68    0.94    0.98    0.74    0.53    0.94    0.80    0.38    0.26    0.19    0.14      7.13      0.59
    1974    0.14    0.71    0.75   43.10   22.06    3.47    1.23    0.84    0.51    0.43    0.35    0.28     73.87      6.16
    1975    0.28    0.86    1.28    1.17    1.01    1.01    0.83    1.25    0.99    0.45    0.30    0.24      9.66      0.81
    1976    0.52    0.66    0.61    0.94    0.66    0.62    0.44    0.24    0.19    0.18    0.16    0.28      5.50      0.46
    1977    0.59    0.63    0.96   43.41   15.08    1.19    0.83    0.51    0.38    0.34    0.31    0.29     64.53      5.38
    1978    0.55    0.42    0.23    0.23    0.22    0.33    0.36    0.28    0.23    0.26    0.55    0.54      4.20      0.35
    1979    0.57   10.64    4.06   18.08    7.00    0.80    0.45    0.37    0.33    0.30    0.28    0.38     43.26      3.61
    1980    0.30    0.78    1.23    1.39    1.51    1.27    0.73    0.36    0.30    0.29    0.27    0.32      8.75      0.73
    1981    0.42    0.39    0.38    0.60    0.40    0.21    0.22    0.17    0.15    0.17    0.15    0.11      3.38      0.28
    1982    0.22    0.21    0.18    0.28    0.20    0.14    0.16    0.16    0.25    0.29    0.24    0.15      2.47      0.21
    1983    0.29    0.72    5.66    2.30    0.28    0.30    0.29    0.18    0.17    0.21    0.21    0.14     10.75      0.90
    1984    0.32    0.64    0.39    0.42    0.45    0.45    0.33    0.21    0.16    0.16    0.15    0.13      3.81      0.32
    1985    0.60    0.53    0.51    0.72    0.76    0.67    0.53    0.31    0.27    0.27    0.23    0.13      5.54      0.46
    1986    0.49    0.84    6.29    2.71    1.06    7.63    3.05    0.38    0.31    0.29    0.31    7.51     30.86      2.57
    1987    3.62    3.98    2.07    0.73    0.58    0.82    0.71    0.40    0.34    0.34    0.26    0.30     14.17      1.18
    1988    0.80    0.76    0.31    0.39   12.11    4.42    0.40    0.36    0.45    0.44    0.31    0.19     20.96      1.75
    1989    0.19    3.97    1.89    0.38    0.39    0.89    4.21    2.01    0.43    0.30    0.24    0.18     15.09      1.26
    1990    0.16    0.15    0.22    0.66    0.85    9.87    4.47    0.99    0.40    0.34    0.27    0.21     18.58      1.55
    1991    0.25    0.26    0.32    0.32    0.32    0.32    0.21    0.14    0.13    0.13    0.20    0.13      2.74      0.23
    1992    0.09    0.35    0.53    0.44    0.48    0.55    0.50    0.32    0.18    0.15    0.13    0.17      3.88      0.32
    1993   13.47    5.24    1.04    0.98    1.03    1.00    0.67    0.38    0.27    0.25    0.21    0.16     24.69      2.06
    1994    0.23    0.29    0.41    0.32    0.28    0.76    0.80    0.48    0.25    0.19    0.18    0.13      4.31      0.36
    1995    0.79    1.26   16.17   23.80   39.51   11.54    1.28    1.10    0.68    0.54    0.47    0.37     97.51      8.13
    1996    0.61    0.80    0.87    0.77    0.50   43.04   14.67    6.24    2.94    0.81    0.56    0.57     72.39      6.03
    1997    0.52    0.99    0.97    1.03    0.64    0.44    0.44    0.33    0.26    0.24    0.21    0.24      6.31      0.53
    1998    0.37   16.03    6.08    0.63    0.42    0.33    0.30    0.33    0.29    0.25    0.20    0.16     25.39      2.12
    1999    0.16    0.13    2.34    1.84   32.18   36.18    9.10    0.95    0.73    0.56    0.43    0.42     85.03      7.09
    2000    1.02    1.21    1.09    0.48    0.48    0.44    0.29    0.30    0.31    0.27    0.22    0.38      6.49      0.54
    2001    0.82    0.71    0.68    0.83    0.69    0.36    0.20    0.23    0.30    0.26    0.25    0.17      5.49      0.46
    2002    0.16    0.08    0.28    0.34    0.52    0.48    0.23    0.10    0.12    0.13    0.13    0.09      2.66      0.22
    2003    0.13    0.33    0.26    0.37    5.47    4.06    1.35    0.37    0.26    0.28    0.24    0.15     13.28      1.11
    2004    0.17    0.28    0.52    0.89    0.62    0.39    0.63    0.51    0.25    0.19    0.18    0.14      4.77      0.40
    2005    0.11    0.45    0.29   42.12   14.64    0.96    0.49    0.33    0.28    0.26    0.62    0.48     61.02      5.08
    2006    0.23    0.30    0.31    0.15    0.10    0.11    0.21    0.20    0.21    0.22    0.15    0.14      2.33      0.19
    2007    0.87    0.70    0.29    0.67    0.67    0.84    0.55    0.26    0.29    0.25    0.16    0.10      5.65      0.47
    2008    0.11    0.20    0.27    5.58    2.49    0.45    0.18    0.19    0.22    0.28    0.22    0.12     10.31      0.86
    2009    0.51    2.48   14.70   18.95    6.86   10.91    4.44    0.89    0.60    0.50    0.42    0.33     61.60      5.13
  
 AVERAGE    0.65    1.91    1.90    3.69    3.69    2.83    1.23    0.77    0.44    0.32    0.27    0.32     18.02      1.50
