    1920    1.60    1.47    0.97    0.87    0.91    8.19    3.48    0.95    0.86    0.81    0.77    0.76     21.64      1.80
    1921    0.90    1.19    1.61    1.49    1.16    1.41    1.20    0.98    0.90    0.83    0.88    0.86     13.41      1.12
    1922    0.94    1.61    1.56   14.06    6.22    1.77    1.18    0.90    0.86    0.96    0.88    0.77     31.73      2.64
    1923    0.72    0.82    0.82    0.98    1.31    4.72    2.30    1.04    0.91    0.81    0.76    0.86     16.02      1.34
    1924    0.86    1.05    8.15    3.80    1.77   16.84    7.64    2.27    1.39    1.04    0.91    1.03     46.74      3.90
    1925    1.08    1.19    1.05    1.56    1.67    1.53    1.07    1.07    1.07    1.02    0.93    0.88     14.13      1.18
    1926    0.86    1.00    1.12    1.28    1.13    1.38    1.51    1.08    0.90    1.17    1.13    0.84     13.42      1.12
    1927    1.27    1.10    0.89    1.48    2.35    2.10    1.34    0.94    0.82    0.79    0.78    0.75     14.60      1.22
    1928    0.77    1.13    1.05    1.42    2.14    2.41    1.59    1.05    1.27    1.18    0.81    1.15     15.98      1.33
    1929    2.25    1.94    1.43    1.54    1.88    1.74    1.09    0.91    0.87    0.95    1.00    0.83     16.45      1.37
    1930    0.74    0.84    1.46    2.41    1.61    1.01    1.13    1.05    0.89    1.12    1.07    0.84     14.17      1.18
    1931    0.81    1.05    1.09    1.00    1.81    2.49    1.50    1.05    0.92    0.86    0.80    0.78     14.16      1.18
    1932    0.82    0.82    0.79    0.72    0.72    0.94    1.35    1.01    0.79    0.74    0.66    0.60      9.95      0.83
    1933    0.53   19.80    8.52   14.11    5.43    1.08    0.89    0.94    0.91    0.87    0.89    0.77     54.73      4.56
    1934    0.77    2.23    1.91    0.98    1.01    1.49    1.07    0.74    0.67    0.66    0.65    0.61     12.78      1.06
    1935    0.58    0.54    0.71    0.95    1.37    2.70    1.56    8.11    3.78    1.00    0.78    0.70     22.78      1.90
    1936    0.67    1.44    1.08    4.52    4.26    1.74    1.15    0.95    0.80    0.78    0.74    0.72     18.84      1.57
    1937    0.69    0.65    1.42    1.62    1.20    0.97    1.53    1.40    0.96    0.89    0.83    0.80     12.97      1.08
    1938    0.88    0.73    4.82    2.41    2.08    2.55    1.26    1.05    0.99    1.25    1.41    1.00     20.41      1.70
    1939    0.92   13.49    5.71    1.05    1.08    1.44    1.29    1.17    1.25    1.10    0.89    1.19     30.57      2.55
    1940    0.98    1.14    2.19    1.97    1.61    1.96    2.16    1.33    0.95    0.91    0.86    0.84     16.90      1.41
    1941    0.97    0.82    1.02    7.32    4.31    2.99    1.72    1.13    1.04    0.99    1.07    1.07     24.44      2.04
    1942    1.52    1.80   12.74    4.64    1.07    1.32    2.32    2.50    1.53    1.73    1.94    1.59     34.69      2.89
    1943    2.23    1.76    1.70    2.11   67.90   23.37    1.10    1.05    1.52    1.66    1.20    1.54    107.14      8.93
    1944    2.36    1.86    1.13    1.14    1.57   16.82    6.29    1.29    1.20    1.15    1.10    1.04     36.95      3.08
    1945    1.02    1.05    1.11   12.31    5.24    2.08    1.51    1.36    1.27    1.15    1.08    1.02     30.20      2.52
    1946    1.04    1.17    1.48    1.97    2.27    2.68    2.01    1.27    1.08    1.06    1.02    0.98     18.02      1.50
    1947    0.95    1.01    1.63    1.63    1.34    1.76    1.99    1.57    1.17    1.03    0.94    0.87     15.89      1.32
    1948    0.98    1.34    0.91    5.22    2.54    1.13    0.97    0.87    0.86    0.87    0.82    0.79     17.32      1.44
    1949    0.96    5.84   31.91   11.08    1.11   12.63    5.37    1.92    1.59    1.15    0.93    0.82     75.32      6.28
    1950    0.89    1.12    5.86    2.69    1.33    1.35    1.42    1.78    1.41    1.04    1.02    0.91     20.82      1.74
    1951    1.27    0.93    0.88    1.33    1.65    1.30    1.16    1.03    0.96    1.28    1.17    0.85     13.82      1.15
    1952    0.81    1.56    2.57    1.49    1.69    2.38    1.86    1.23    0.96    0.89    0.83    0.77     17.05      1.42
    1953    0.91    1.49    1.39    3.10    2.10    1.43    1.31    1.18    0.97    0.88    0.81    0.80     16.38      1.37
    1954    0.79    1.64    1.28   17.35   39.32   12.84    2.14    2.02    1.42    1.11    0.99    0.90     81.79      6.82
    1955    1.04    1.88    2.51    1.25    1.37    2.02    1.37    1.46    1.41    1.14    1.01    1.03     17.47      1.46
    1956    1.63    1.79    1.54    1.54    2.12    2.79    1.90    1.23    1.26    1.86    1.78    2.25     21.69      1.81
    1957    2.59    1.58    1.07    1.54    2.44    2.08    2.08    1.53    1.14    1.08    1.03    1.30     19.48      1.62
    1958    1.20    1.58    2.23    1.66    1.43    1.32    1.38    1.36    1.20    1.17    1.09    1.02     16.64      1.39
    1959    1.10    1.48    1.59    1.38    1.32    1.50    1.85    1.41    1.10    1.04    1.04    0.97     15.80      1.32
    1960    1.06    1.61    5.41    2.63    1.29    1.28    1.81    1.97    1.44    1.13    0.95    0.89     21.47      1.79
    1961    0.94    1.06    1.23    1.04    1.29    1.42    1.48    1.11    0.87    0.83    0.80    0.79     12.86      1.07
    1962    0.75    1.51    1.23    1.07    0.81    0.75    0.96    1.00    1.17    1.20    0.85    0.67     11.96      1.00
    1963    0.71    1.16    1.28    1.93    1.26    0.95    0.92    0.75    0.72    0.70    0.64    0.60     11.60      0.97
    1964    1.49    1.10    0.79    0.91    0.95    0.66    0.82    0.79    0.61    0.67    0.62    0.50      9.90      0.83
    1965    0.45    0.46    0.62    0.83    2.87    1.50    0.58    0.60    0.62    0.59    0.52    0.48     10.11      0.84
    1966    0.83    0.87    0.87    7.72   11.02   27.83   10.27    1.61    0.96    0.82    0.79    0.71     64.30      5.36
    1967    0.88    1.29    1.26    1.00    0.99    1.70    2.40    1.55    0.98    0.87    0.83    0.76     14.53      1.21
    1968    0.76    1.08    1.01    0.89    0.99    1.76    1.57    1.54    1.32    1.01    0.91    0.88     13.73      1.14
    1969    1.66    2.13    1.85    1.46    1.20    1.02    1.00    1.05    0.98    0.97    0.88    0.82     15.02      1.25
    1970    0.93    1.26    1.36    2.00    2.24    1.88   13.88    5.91    1.32    1.02    0.88    0.93     33.60      2.80
    1971    1.01    1.70    1.73    4.48    2.00    1.56    1.63    1.24    1.03    0.96    0.90    0.85     19.09      1.59
    1972    0.95    1.41    1.31    1.13    1.00    1.11    1.62    1.29    0.98    0.93    0.91    1.11     13.75      1.15
    1973    1.10    1.20    1.31    1.38    1.60    1.57    1.85    1.42    0.99    0.89    0.82    0.77     14.90      1.24
    1974    0.91    1.93    1.94   22.16   14.70    3.77    2.24    1.60    1.07    0.95    0.88    0.82     52.98      4.42
    1975    0.82    1.39    2.31    2.45    2.49    6.56    3.31    2.45    1.78    1.21    1.04    1.02     26.82      2.24
    1976    1.70    1.62    1.46   11.20    4.40    2.25    2.04    1.30    1.13    1.10    1.07    1.41     30.68      2.56
    1977    2.06    1.90    1.81   52.09   19.52    2.59    1.82    1.41    1.23    1.17    1.15    1.22     87.98      7.33
    1978    1.69    2.12    1.91    2.56    1.98    1.52    1.42    1.35    1.25    1.29    1.64    1.59     20.30      1.69
    1979    1.72   22.55    8.64   11.88    5.53    1.86    1.35    1.19    1.14    1.13    1.11    1.25     59.36      4.95
    1980    1.20    1.62    1.70    2.26   19.78    8.00    1.89    1.31    1.19    1.18    1.20    1.32     42.65      3.55
    1981    1.43    1.39    1.45    2.13    1.56    1.48    1.42    1.19    1.12    1.18    1.15    1.10     16.60      1.38
    1982    1.23    1.10    1.35    1.54    1.33    1.19    1.19    1.16    1.29    1.38    1.22    1.09     15.07      1.26
    1983    1.32    1.82    4.67    2.03    1.04    1.10    1.11    1.01    1.00    1.07    1.01    0.94     18.12      1.51
    1984    1.15    1.64    1.16    1.51    1.66    1.39    0.97    0.86    0.84    0.82    0.80    0.78     13.58      1.13
    1985    1.36    1.23    1.20    1.41    1.11    1.04    0.96    0.77    0.80    0.80    0.80    0.66     12.15      1.01
    1986    1.07    1.56    2.04    1.98    1.61    3.60    1.88    0.78    0.69    0.68    0.71    1.69     18.29      1.52
    1987    1.63    1.78    1.80    1.48    1.16    2.73    1.86    1.04    0.92    0.91    0.83    0.98     17.13      1.43
    1988    1.48    1.14    1.09    1.40   13.45    5.19    1.31    1.16    1.31    1.31    1.04    0.91     30.77      2.56
    1989    0.88    1.73    1.96    1.38    1.37    1.73    2.70    1.89    1.15    1.03    0.95    0.88     17.65      1.47
    1990    0.92    0.94    1.02    3.44    2.21   16.21    6.85    1.44    1.07    1.01    0.94    0.90     36.95      3.08
    1991    1.00    0.91    0.92    0.99    1.01    1.03    0.99    0.90    0.89    0.89    0.95    0.95     11.44      0.95
    1992    0.87    1.68    2.52    1.46    1.36    1.72    1.31    0.92    0.81    0.78    0.76    0.76     14.94      1.24
    1993    9.82    4.21    1.97    1.93    4.77    2.74    1.29    0.88    0.77    0.76    0.73    0.69     30.56      2.55
    1994    0.78    0.93    1.10    1.10    0.87    1.54    1.74    1.21    0.94    0.84    0.80    0.75     12.59      1.05
    1995    0.98    1.71   18.20   14.18   37.03   12.85    1.88    1.57    1.16    1.06    1.06    0.97     92.65      7.72
    1996    1.40    1.88    1.88    1.61    1.34   53.59   19.27    2.28    2.13    1.54    1.21    1.17     89.29      7.44
    1997    1.14    1.47    1.68    2.00    2.19    1.67    1.30    1.12    1.07    1.07    1.05    1.09     16.84      1.40
    1998    1.28    2.17    2.27    1.68    1.21    1.22    1.22    1.23    1.19    1.12    1.06    1.01     16.65      1.39
    1999    0.98    0.99    1.68    2.43   30.33   25.74    6.18    1.51    1.33    1.17    1.07    1.03     74.42      6.20
    2000    1.50    1.73    1.48    1.33    2.16    2.11    1.78    1.49    1.32    1.19    1.06    1.08     18.23      1.52
    2001    1.74    2.18    1.77    2.25   19.44    7.42    1.44    1.22    1.37    1.35    1.15    1.02     42.35      3.53
    2002    1.05    1.00    1.11    1.47    1.30    1.23    1.25    1.09    1.03    1.02    1.01    0.95     13.50      1.12
    2003    0.98    1.04    1.01    1.43    2.12    3.37    1.85    1.10    0.99    0.98    0.92    0.85     16.63      1.39
    2004    0.92    1.02    1.53    1.97    1.38    1.45    1.97    1.39    0.93    0.84    0.79    0.75     14.94      1.24
    2005    0.67    1.18    0.91   15.09    6.99    1.60    1.22    0.96    0.81    0.79    0.84    0.77     31.81      2.65
    2006    0.67    0.66    0.67    0.74    0.72    0.69    0.81    0.77    0.77    0.77    0.67    0.58      8.50      0.71
    2007    0.59    0.57    0.68    4.17    2.98    2.67    1.39    0.77    0.82    0.74    0.61    0.52     16.50      1.38
    2008    0.67    1.16    1.34   46.68   16.13    1.48    0.92    0.97    1.16    0.93    0.74    0.64     72.81      6.07
    2009    0.85    1.25    0.94   75.36   26.05    1.30    1.74    1.81    1.17    0.97    0.88    0.81    113.14      9.43
  
 AVERAGE    1.20    2.00    2.50    5.22    5.21    4.30    2.24    1.38    1.10    1.02    0.95    0.93     28.06      2.34
