    1920    1.32    1.26    0.83    0.74    0.77    6.18    2.68    0.82    0.74    0.70    0.66    0.65     17.34      1.45
    1921    0.77    1.02    1.36    1.26    0.99    1.20    1.03    0.84    0.78    0.72    0.76    0.74     11.44      0.95
    1922    0.80    1.36    1.31   10.91    4.89    1.49    0.99    0.75    0.72    0.81    0.74    0.65     25.44      2.12
    1923    0.60    0.69    0.69    0.82    1.11    3.25    1.70    0.89    0.77    0.69    0.65    0.74     12.61      1.05
    1924    0.74    0.90    6.00    2.90    1.50   13.29    6.11    1.93    1.18    0.88    0.77    0.88     37.08      3.09
    1925    0.92    1.02    0.91    1.35    1.45    1.34    0.96    0.95    0.96    0.92    0.85    0.80     12.43      1.04
    1926    0.78    0.90    1.01    1.14    1.01    1.22    1.33    0.95    0.78    1.00    0.96    0.70     11.78      0.98
    1927    1.05    0.90    0.73    1.21    1.94    1.74    1.11    0.77    0.67    0.64    0.64    0.61     12.02      1.00
    1928    0.63    0.93    0.86    1.18    1.79    2.04    1.35    0.90    1.09    1.03    0.71    1.01     13.54      1.13
    1929    1.94    1.68    1.25    1.35    1.64    1.52    0.97    0.81    0.78    0.85    0.89    0.75     14.45      1.20
    1930    0.68    0.76    1.29    2.15    1.50    0.92    1.02    0.94    0.80    0.99    0.94    0.74     12.72      1.06
    1931    0.71    0.91    0.93    0.85    1.52    2.09    1.26    0.87    0.76    0.70    0.65    0.64     11.89      0.99
    1932    0.67    0.67    0.65    0.59    0.58    0.77    1.11    0.83    0.64    0.60    0.53    0.48      8.13      0.68
    1933    0.42   15.72    6.81   10.96    4.25    0.91    0.75    0.79    0.76    0.72    0.74    0.64     43.46      3.62
    1934    0.63    1.45    1.56    0.83    0.86    1.28    0.94    0.66    0.61    0.61    0.60    0.57     10.61      0.88
    1935    0.55    0.52    0.65    0.86    1.20    2.09    1.22    6.50    3.06    0.86    0.67    0.60     18.78      1.56
    1936    0.58    1.23    0.92    3.04    2.82    1.30    1.00    0.83    0.70    0.68    0.65    0.64     14.38      1.20
    1937    0.62    0.60    1.26    1.44    1.08    0.89    1.37    1.26    0.87    0.80    0.75    0.71     11.65      0.97
    1938    0.77    0.64    3.29    1.77    1.78    2.26    1.08    0.90    0.84    1.06    1.20    0.85     16.43      1.37
    1939    0.79   10.54    4.50    0.92    0.94    1.26    1.14    1.03    1.10    0.98    0.80    1.05     25.04      2.09
    1940    0.88    1.02    1.90    1.72    1.42    1.71    1.89    1.18    0.86    0.81    0.77    0.74     14.90      1.24
    1941    0.86    0.72    0.89    5.33    3.32    2.56    1.48    0.99    0.91    0.86    0.94    0.94     19.79      1.65
    1942    1.32    1.56    9.78    3.59    0.94    1.15    1.99    2.15    1.32    1.49    1.67    1.38     28.37      2.36
    1943    1.92    1.53    1.47    1.82   55.68   19.41    0.98    0.93    1.33    1.45    1.06    1.35     88.95      7.41
    1944    2.04    1.61    1.00    1.00    1.37   13.25    5.00    1.14    1.06    1.02    0.97    0.92     30.38      2.53
    1945    0.90    0.92    0.97    9.46    4.10    1.79    1.31    1.18    1.10    1.00    0.94    0.88     24.54      2.04
    1946    0.90    1.00    1.26    1.67    1.92    2.27    1.70    1.08    0.92    0.90    0.86    0.83     15.29      1.27
    1947    0.80    0.85    1.37    1.37    1.12    1.48    1.68    1.33    0.99    0.86    0.79    0.73     13.37      1.11
    1948    0.82    1.12    0.76    3.62    1.87    0.95    0.81    0.72    0.71    0.72    0.67    0.64     13.43      1.12
    1949    0.78    4.16   25.64    9.00    0.93    9.85    4.25    1.63    1.35    0.98    0.79    0.70     60.09      5.01
    1950    0.76    0.96    4.13    1.99    1.16    1.17    1.24    1.55    1.24    0.94    0.92    0.83     16.88      1.41
    1951    1.15    0.86    0.81    1.19    1.46    1.16    1.03    0.91    0.84    1.11    1.02    0.74     12.29      1.02
    1952    0.69    1.33    2.17    1.27    1.43    2.02    1.59    1.05    0.82    0.76    0.70    0.65     14.48      1.21
    1953    0.78    1.26    1.17    1.86    1.70    1.23    1.13    1.03    0.85    0.77    0.72    0.71     13.21      1.10
    1954    0.71    1.42    1.12   13.72   31.86   10.50    1.85    1.74    1.23    0.96    0.86    0.79     66.75      5.56
    1955    0.90    1.61    2.15    1.09    1.19    1.75    1.20    1.27    1.23    1.00    0.90    0.91     15.21      1.27
    1956    1.43    1.56    1.35    1.35    1.84    2.41    1.65    1.08    1.10    1.61    1.54    1.93     18.84      1.57
    1957    2.21    1.36    0.93    1.32    2.08    1.79    1.79    1.33    1.00    0.95    0.91    1.13     16.79      1.40
    1958    1.05    1.37    1.92    1.43    1.24    1.16    1.20    1.19    1.05    1.03    0.96    0.89     14.49      1.21
    1959    0.95    1.27    1.36    1.18    1.12    1.28    1.56    1.19    0.93    0.88    0.87    0.81     13.39      1.12
    1960    0.88    1.34    3.75    1.94    1.06    1.06    1.50    1.64    1.20    0.94    0.78    0.73     16.81      1.40
    1961    0.77    0.88    1.02    0.87    1.08    1.19    1.24    0.94    0.73    0.70    0.67    0.67     10.76      0.90
    1962    0.63    1.27    1.03    0.90    0.68    0.63    0.80    0.83    0.97    0.99    0.69    0.53      9.95      0.83
    1963    0.56    0.94    1.04    1.59    1.09    0.79    0.75    0.62    0.59    0.57    0.52    0.49      9.55      0.80
    1964    1.25    0.90    0.66    0.77    0.80    0.56    0.71    0.68    0.53    0.58    0.54    0.43      8.40      0.70
    1965    0.39    0.40    0.54    0.71    1.71    1.03    0.48    0.50    0.52    0.49    0.42    0.39      7.57      0.63
    1966    0.69    0.72    0.71    5.69    8.40   22.44    8.39    1.39    0.84    0.72    0.70    0.64     51.33      4.28
    1967    0.80    1.15    1.14    0.92    0.92    1.53    2.13    1.42    0.93    0.83    0.81    0.75     13.32      1.11
    1968    0.75    1.03    0.97    0.87    0.95    1.60    1.42    1.39    1.18    0.90    0.80    0.77     12.62      1.05
    1969    1.43    1.81    1.57    1.24    1.04    0.89    0.86    0.91    0.85    0.83    0.76    0.70     12.87      1.07
    1970    0.79    1.07    1.15    1.69    1.90    1.61   10.95    4.70    1.16    0.90    0.78    0.82     27.51      2.29
    1971    0.89    1.47    1.49    2.99    1.42    1.36    1.42    1.09    0.92    0.85    0.81    0.77     15.48      1.29
    1972    0.86    1.25    1.17    1.02    0.91    1.00    1.43    1.15    0.87    0.82    0.80    0.96     12.22      1.02
    1973    0.94    1.02    1.11    1.16    1.34    1.32    1.56    1.19    0.82    0.73    0.67    0.63     12.48      1.04
    1974    0.75    1.61    1.69   17.71   11.49    2.96    1.92    1.39    0.94    0.84    0.79    0.74     42.82      3.57
    1975    0.74    1.23    2.01    2.14    2.18    4.76    2.53    2.17    1.59    1.10    0.95    0.94     22.34      1.86
    1976    1.52    1.45    1.31    8.52    3.40    1.98    1.80    1.16    1.01    0.99    0.96    1.25     25.33      2.11
    1977    1.80    1.65    1.57   42.51   15.95    2.24    1.59    1.24    1.09    1.03    1.02    1.07     72.76      6.06
    1978    1.47    1.82    1.65    2.22    1.78    1.34    1.24    1.18    1.09    1.13    1.43    1.38     17.73      1.48
    1979    1.49   17.95    6.91    9.12    4.34    1.61    1.18    1.04    1.00    0.99    0.97    1.09     47.71      3.98
    1980    1.05    1.40    1.46    1.93   15.62    6.38    1.64    1.15    1.04    1.03    1.06    1.15     34.91      2.91
    1981    1.24    1.21    1.26    1.82    1.35    1.28    1.23    1.03    0.98    1.02    1.00    0.95     14.38      1.20
    1982    1.06    0.95    1.16    1.32    1.14    1.02    1.02    1.00    1.10    1.17    1.04    0.92     12.90      1.07
    1983    1.11    1.53    3.14    1.45    0.86    0.91    0.92    0.82    0.81    0.87    0.82    0.76     14.00      1.17
    1984    0.93    1.34    0.94    1.23    1.35    1.14    0.79    0.69    0.68    0.67    0.64    0.63     11.02      0.92
    1985    1.12    1.01    0.98    1.15    0.90    0.84    0.78    0.62    0.65    0.65    0.65    0.54      9.89      0.82
    1986    0.89    1.30    1.70    1.66    1.35    2.34    1.35    0.67    0.59    0.59    0.61    1.46     14.51      1.21
    1987    1.42    1.54    1.56    1.30    1.03    1.81    1.61    0.95    0.84    0.84    0.78    0.91     14.57      1.21
    1988    1.33    1.05    1.00    1.26   10.52    4.06    1.16    1.02    1.15    1.14    0.92    0.80     25.42      2.12
    1989    0.78    1.49    1.68    1.19    1.17    1.47    2.29    1.61    0.98    0.87    0.81    0.74     15.08      1.26
    1990    0.78    0.80    0.86    2.15    1.73   12.85    5.48    1.24    0.91    0.86    0.80    0.77     29.24      2.44
    1991    0.86    0.78    0.79    0.85    0.87    0.89    0.85    0.77    0.75    0.75    0.80    0.79      9.74      0.81
    1992    0.72    1.40    2.10    1.22    1.14    1.43    1.09    0.75    0.65    0.62    0.60    0.59     12.32      1.03
    1993    7.47    3.29    1.62    1.58    3.26    2.05    1.10    0.76    0.68    0.68    0.66    0.63     23.77      1.98
    1994    0.72    0.85    0.99    0.98    0.79    1.35    1.52    1.07    0.84    0.75    0.72    0.67     11.24      0.94
    1995    0.87    1.49   14.34   11.04   30.04   10.51    1.61    1.35    0.99    0.91    0.91    0.83     74.88      6.24
    1996    1.20    1.60    1.61    1.39    1.17   43.85   15.89    2.00    1.86    1.37    1.08    1.05     74.07      6.17
    1997    1.02    1.31    1.48    1.75    1.91    1.47    1.15    1.00    0.95    0.94    0.92    0.96     14.85      1.24
    1998    1.12    1.87    1.95    1.45    1.06    1.07    1.07    1.07    1.03    0.97    0.92    0.87     14.44      1.20
    1999    0.84    0.84    1.42    2.05   24.39   20.62    4.98    1.30    1.14    1.00    0.91    0.88     60.38      5.03
    2000    1.29    1.47    1.26    1.14    1.83    1.80    1.52    1.28    1.14    1.04    0.93    0.95     15.65      1.30
    2001    1.51    1.89    1.53    1.94   15.45    5.90    1.27    1.07    1.20    1.17    1.00    0.89     34.82      2.90
    2002    0.91    0.87    0.96    1.26    1.12    1.07    1.08    0.95    0.89    0.88    0.87    0.82     11.66      0.97
    2003    0.84    0.89    0.86    1.21    1.78    2.44    1.54    0.91    0.81    0.80    0.74    0.67     13.50      1.12
    2004    0.73    0.81    1.24    1.60    1.11    1.18    1.62    1.14    0.76    0.69    0.65    0.62     12.16      1.01
    2005    0.55    0.99    0.77   11.81    5.54    1.37    1.05    0.82    0.69    0.67    0.71    0.65     25.62      2.13
    2006    0.57    0.56    0.57    0.63    0.61    0.59    0.68    0.64    0.64    0.64    0.55    0.47      7.15      0.60
    2007    0.48    0.46    0.55    2.74    2.23    2.13    1.16    0.62    0.65    0.58    0.47    0.39     12.48      1.04
    2008    0.53    0.94    1.10   37.94   13.14    1.27    0.81    0.86    1.04    0.85    0.70    0.61     59.77      4.98
    2009    0.80    1.15    0.89   61.88   21.45    1.19    1.56    1.62    1.07    0.89    0.81    0.74     94.05      7.84
  
 AVERAGE    1.02    1.66    2.04    4.19    4.22    3.49    1.87    1.18    0.95    0.88    0.82    0.80     23.12      1.93
