    1920    0.53    0.21    0.05    0.05    1.02   46.79   15.38    0.56    0.49    0.41    0.37    0.33     66.19      5.52
    1921    0.32    1.10    2.43    1.49    0.36    0.35    0.32    0.30    0.32    0.31    0.33    0.26      7.89      0.66
    1922    0.23    0.68    0.74    4.33   10.79    3.54    0.44    0.40    0.37    0.38    0.33    0.27     22.49      1.87
    1923    0.24    0.22    0.21    0.20    0.22    3.42    1.37    0.30    0.27    0.25    0.24    0.28      7.22      0.60
    1924    0.26    4.69    2.07    1.35    1.14   20.50    8.02    0.95    0.65    0.48    0.40    0.36     40.86      3.40
    1925    0.33    0.39    0.28    0.28    0.42    0.48    0.36    0.32    0.30    0.29    0.27    0.25      3.97      0.33
    1926    0.25    0.22    1.17    1.24    0.51   12.30    4.44    0.37    0.35    0.42    0.40    0.30     21.97      1.83
    1927    0.30    0.26    0.24    4.12    2.62    1.23    0.41    0.32    0.30    0.28    0.27    0.25     10.59      0.88
    1928    0.25    1.37    0.48    1.98    1.55    3.81    1.55    0.44    0.40    0.35    0.27    0.37     12.83      1.07
    1929    0.30    4.06    3.89    9.66    4.21    1.79    0.66    0.42    0.38    0.36    0.34    0.30     26.39      2.20
    1930    0.27    0.26    0.29    6.53    2.59    0.44    1.22    0.58    0.36    0.34    0.31    0.27     13.45      1.12
    1931    0.27    1.62    0.58    0.24    3.56    1.65    0.40    0.32    0.30    0.29    0.26    0.24      9.72      0.81
    1932    0.21    0.21    3.20    1.20    0.24    0.25    0.27    0.24    0.21    0.20    0.18    0.16      6.57      0.55
    1933    0.13    2.56    3.03   59.65   19.53    0.56    0.55    0.62    0.52    0.42    0.39    0.33     88.29      7.36
    1934    0.35   12.44    6.04    0.69    0.36    8.84    3.41    0.48    0.41    0.38    0.36    0.32     34.07      2.84
    1935    0.30    0.27    2.44    1.05    1.91   17.24    5.92    0.64    0.59    0.46    0.40    0.35     31.56      2.63
    1936    0.33   14.00    4.98    2.88    4.59    1.37    0.48    0.44    0.41    0.40    0.37    0.34     30.60      2.55
    1937    0.32    0.29    3.97    1.84    1.24    0.47    0.83    0.45    0.38    0.36    0.33    0.26     10.73      0.89
    1938    1.96    0.70    0.63    3.38    5.00    3.57    0.94    0.42    0.40    0.53    0.51    0.30     18.32      1.53
    1939    0.26    0.90    0.35    0.25    0.26    0.81    0.37    0.28    0.27    0.25    0.22    0.26      4.48      0.37
    1940    0.21    0.17    6.34    3.41    2.10    0.66    0.30    0.28    0.26    0.25    0.23    0.23     14.44      1.20
    1941    0.24    0.18    0.16    1.64    0.69    2.84    1.18    0.29    0.24    0.23    0.23    0.20      8.12      0.68
    1942    0.20    0.29   13.94    5.15    0.33    1.47    2.74    1.27    0.51    0.48    0.52    0.39     27.30      2.27
    1943    1.12    4.00    9.27    4.67   42.60   14.10    0.63    0.58    0.88    0.86    0.58    0.62     79.93      6.66
    1944    0.97    3.13    1.00    0.67    0.49    7.65    2.90    0.60    0.56    0.53    0.50    0.46     19.46      1.62
    1945    0.44    0.42    0.42    0.41    1.02    5.55    2.07    0.59    0.52    0.48    0.44    0.40     12.77      1.06
    1946    0.41    0.39    0.36    2.28    1.68    1.49    1.70    0.69    0.42    0.38    0.34    0.31     10.43      0.87
    1947    0.29    0.27    3.52    2.91    0.67    6.04    2.54    0.50    0.38    0.34    0.31    0.28     18.05      1.50
    1948    0.29    3.62    1.28    2.02    0.79    0.49    0.33    0.29    0.29    0.30    0.27    0.24     10.20      0.85
    1949    0.23    0.21    8.69    3.84    0.42    6.30   26.25   32.52    8.73    0.82    0.64    0.55     89.21      7.43
    1950    0.52    0.48   10.58    4.45    0.92    0.67    0.70    0.81    0.69    0.58    0.52    0.45     21.35      1.78
    1951    0.96    0.39    0.38    0.98    3.20    1.12    0.43    0.40    0.40    0.46    0.43    0.35      9.51      0.79
    1952    0.35    2.27    3.37    0.92    6.68    3.60    0.68    0.52    0.45    0.42    0.38    0.34     19.99      1.67
    1953    0.35    0.34    0.30    0.88    0.49    0.90    0.60    0.42    0.37    0.33    0.26    0.24      5.47      0.46
    1954    0.21    0.19    1.03   12.44   13.41    3.72    0.63    0.66    0.53    0.42    0.36    0.31     33.90      2.83
    1955    0.31    0.29    0.87    0.32    5.44    5.43    1.49    0.49    0.45    0.38    0.33    0.31     16.11      1.34
    1956    0.32    0.29    3.05    9.70    3.90    1.32    0.49    0.40    0.57    0.80    0.55    0.53     21.91      1.83
    1957    0.50    0.36    0.32    5.62    2.07    0.44    0.53    0.48    0.40    0.37    0.34    0.34     11.76      0.98
    1958    0.30    0.64    4.12    1.77    0.35    0.34    0.40    0.48    0.41    0.37    0.31    0.26      9.74      0.81
    1959    0.94    0.39    4.82    2.97    2.27    1.21    1.44    0.65    0.37    0.34    0.35    0.29     16.05      1.34
    1960    0.28    0.26    6.97    2.54    0.32    0.59    4.07    1.81    0.56    0.43    0.34    0.28     18.44      1.54
    1961    0.25    3.29    1.24    0.28    5.63    3.02    1.19    0.52    0.39    0.36    0.34    0.31     16.82      1.40
    1962    0.30    1.64    0.68    1.17    0.43    0.34    1.33    0.73    0.60    0.48    0.34    0.27      8.29      0.69
    1963    0.27    4.60    1.66    0.29    0.29    0.32    0.34    0.31    0.30    0.30    0.27    0.23      9.18      0.76
    1964    1.73    0.63    0.74    2.66    0.89    0.23    0.45    0.33    0.27    0.27    0.23    0.19      8.63      0.72
    1965    0.16    0.46    0.17    2.32   21.72    7.17    0.38    0.34    0.33    0.32    0.28    0.26     33.91      2.83
    1966    0.27    0.23    2.60   10.99   10.64    3.92    6.81    2.65    0.58    0.46    0.40    0.36     39.91      3.33
    1967    0.36    0.40    0.30    0.29    0.28    5.07    2.25    0.64    0.48    0.39    0.37    0.32     11.14      0.93
    1968    0.28    0.33    0.70    0.27    0.29    1.58    0.78    2.00    1.06    0.44    0.35    0.32      8.38      0.70
    1969    0.33    0.31    1.42    3.68    1.24    0.40    0.37    0.35    0.34    0.37    0.34    0.30      9.45      0.79
    1970    0.26    0.65    1.37    1.34    0.48    0.37    1.63    0.76    0.34    0.29    0.26    0.24      7.98      0.67
    1971    0.25    0.24    6.22    7.27    3.90    2.42    0.76    0.39    0.37    0.36    0.31    0.28     22.77      1.90
    1972    0.26    0.24    0.22    2.03    8.36    3.06    0.55    0.43    0.34    0.31    0.33    0.43     16.56      1.38
    1973    0.39    0.27    5.49    9.80    5.62    1.76    2.73    1.13    0.47    0.43    0.39    0.36     28.86      2.40
    1974    0.34    3.03    3.16   15.89    6.39    4.76    2.05    0.74    0.58    0.52    0.49    0.45     38.38      3.20
    1975    0.43    0.97    7.48   22.37   17.55   21.54    6.59    0.94    0.84    0.77    0.72    0.71     80.93      6.74
    1976    1.65    0.90    0.64   11.58    4.37    1.08    0.77    0.68    0.65    0.63    0.60    0.67     24.24      2.02
    1977    0.65    0.56    0.53    7.99    3.25    1.33    1.57    0.75    0.59    0.54    0.51    0.47     18.73      1.56
    1978    0.47    0.44    0.41    1.86    0.97    0.43    0.40    0.42    0.41    0.39    0.79    0.51      7.51      0.63
    1979    0.67    0.71    0.45    0.65    0.34    0.35    0.31    0.27    0.25    0.24    0.24    0.30      4.78      0.40
    1980    0.22    5.05    1.97   21.13    8.05    2.62    0.95    0.42    0.39    0.37    0.38    0.33     41.88      3.49
    1981    0.29    1.95    2.75    2.09    0.52    0.32    1.11    0.54    0.32    0.33    0.29    0.25     10.76      0.90
    1982    1.61    0.66    0.22    0.21    0.25    0.22    0.20    0.24    0.35    0.39    0.28    0.19      4.84      0.40
    1983    0.24    0.40    0.39    0.16    0.15    0.57    0.26    0.19    0.19    0.19    0.21    0.16      3.11      0.26
    1984    0.23    0.14    0.11    0.56    0.45    0.59    0.26    0.14    0.14    0.13    0.12    0.10      2.97      0.25
    1985    1.52    0.59    0.56    0.91    0.35    0.18    0.18    0.14    0.15    0.16    0.16    0.14      5.05      0.42
    1986    0.71    1.61    1.57    1.51    0.51    0.16    0.16    0.14    0.13    0.13    0.13    1.82      8.57      0.71
    1987    0.82    0.14    0.18    0.11    6.73   21.42    7.31    0.60    0.42    0.37    0.32    0.33     38.74      3.23
    1988    9.13    3.40    0.36    5.07   53.23   17.14    0.75    0.73    0.65    0.57    0.52    0.47     92.01      7.67
    1989    0.44    5.23    3.90    0.77    0.46    0.52    1.55    0.71    0.48    0.45    0.41    0.37     15.28      1.27
    1990    0.35    0.33    0.32    9.54    3.60    0.77    0.59    0.47    0.44    0.42    0.37    0.36     17.57      1.46
    1991    0.38    0.29    0.35    0.26    0.25    0.25    0.27    0.26    0.24    0.23    0.23    0.21      3.23      0.27
    1992    0.19    2.88    1.99    0.45    0.65    0.34    0.27    0.22    0.19    0.18    0.17    0.16      7.69      0.64
    1993   50.18   16.52   14.99    6.97    5.49    1.86    0.52    0.46    0.42    0.40    0.37    0.33     98.51      8.21
    1994    0.31    0.41    0.27    4.31    1.59    1.82    0.76    0.37    0.33    0.29    0.27    0.25     10.99      0.92
    1995    4.20    1.84    3.58    3.67    6.27    3.74   28.25    9.77    0.78    0.62    0.57    0.49     63.79      5.32
    1996    0.48    0.46    0.43    0.42    0.42    9.53    4.19   13.76    5.15    0.70    0.60    0.63     36.77      3.06
    1997    0.58    0.50    1.48    6.55    2.72    0.89    0.63    0.55    0.52    0.51    0.49    0.48     15.91      1.33
    1998    0.50    1.72   10.38    3.53    0.55    0.54    0.55    0.58    0.54    0.49    0.45    0.41     20.23      1.69
    1999    0.39    0.35   10.08    9.79    2.72    6.86    2.68    0.68    0.57    0.51    0.45    0.41     35.50      2.96
    2000    1.73    1.49    1.89    0.58    0.68    1.17    1.45    0.71    0.51    0.41    0.40    0.34     11.37      0.95
    2001    1.70    7.45    8.05    3.45    2.55    0.82    0.45    0.48    0.51    0.45    0.44    0.38     26.74      2.23
    2002    0.34    0.31    7.84    3.05    0.44    0.48    0.44    0.38    0.36    0.35    0.33    0.30     14.65      1.22
    2003    0.29    1.98    0.75    0.41    6.76    5.52    1.57    0.51    0.43    0.40    0.36    0.31     19.30      1.61
    2004    0.29    0.27    2.59   15.09    5.69    0.61    0.66    0.52    0.40    0.37    0.34    0.30     27.12      2.26
    2005    0.27    0.26    0.25    9.23   64.39   41.73    7.63    0.68    0.62    0.59    0.57    0.52    126.73     10.56
    2006    0.48    0.46    1.91    0.74    0.42    0.41    0.43    0.41    0.45    0.45    0.37    0.41      6.93      0.58
    2007    2.00    1.15    2.12    2.17    0.58    5.47    2.21    0.57    0.50    0.41    0.34    0.30     17.81      1.48
    2008    0.28    1.45    2.40    1.64    2.56    1.04    0.36    0.34    0.41    0.43    0.34    0.28     11.53      0.96
    2009    0.25    0.40    1.86   17.38    6.45    0.89    0.51    0.46    0.41    0.37    0.33    0.30     29.62      2.47
  
 AVERAGE    1.18    1.61    2.65    4.52    4.78    4.26    2.20    1.16    0.58    0.40    0.37    0.35     24.04      2.00
