    1920    0.00    0.00    0.00    0.00    0.22    3.52    1.18    0.04    0.04    0.03    0.03    0.02      5.08      0.42
    1921    0.02    0.11    0.41    0.19    0.02    0.01    0.01    0.01    0.01    0.00    0.00    0.00      0.78      0.07
    1922    0.00    0.01    0.00    0.57    1.75    0.54    0.02    0.02    0.02    0.01    0.01    0.01      2.95      0.25
    1923    0.01    0.00    0.00    0.00    0.00    0.39    0.13    0.01    0.00    0.00    0.00    0.00      0.56      0.05
    1924    0.00    0.86    0.50    0.10    0.02   17.15    5.75    0.16    0.14    0.12    0.10    0.08     24.98      2.08
    1925    0.06    0.05    0.03    0.02    0.02    0.08    0.03    0.01    0.01    0.01    0.01    0.00      0.34      0.03
    1926    0.01    0.00    0.14    0.11    0.02    0.81    0.28    0.01    0.01    0.01    0.01    0.01      1.42      0.12
    1927    0.00    0.00    0.00    1.15    0.52    0.21    0.05    0.01    0.01    0.01    0.01    0.01      1.99      0.17
    1928    0.01    0.01    0.00    0.15    0.05    0.02    0.01    0.00    0.00    0.00    0.00    0.01      0.26      0.02
    1929    0.00    0.04    0.03    0.57    0.19    0.10    0.03    0.01    0.01    0.01    0.00    0.00      1.00      0.08
    1930    0.00    0.01    0.00    0.69    0.28    0.04    0.10    0.03    0.01    0.01    0.01    0.00      1.18      0.10
    1931    0.00    0.32    0.11    0.00    0.47    0.25    0.03    0.01    0.01    0.01    0.00    0.00      1.21      0.10
    1932    0.00    0.00    0.19    0.07    0.00    0.00    0.00    0.00    0.00    0.00    0.00    0.00      0.27      0.02
    1933    0.00    0.65    0.25    3.98    1.59    0.09    0.04    0.04    0.03    0.03    0.03    0.02      6.76      0.56
    1934    0.02    2.00    0.69    0.03    0.02    0.35    0.12    0.02    0.02    0.01    0.01    0.01      3.29      0.27
    1935    0.01    0.00    0.06    0.08    0.14    1.05    0.35    0.02    0.01    0.01    0.01    0.01      1.75      0.15
    1936    0.01    1.54    0.53    0.35    0.22    0.03    0.01    0.01    0.01    0.01    0.01    0.00      2.73      0.23
    1937    0.00    0.00    0.24    0.13    0.03    0.00    0.02    0.01    0.00    0.00    0.00    0.00      0.44      0.04
    1938    0.06    0.02    0.00    0.13    0.36    0.13    0.01    0.00    0.00    0.02    0.01    0.00      0.75      0.06
    1939    0.00    0.07    0.03    0.00    0.00    0.01    0.00    0.00    0.00    0.00    0.00    0.00      0.12      0.01
    1940    0.00    0.01    0.03    0.20    1.07    0.34    0.01    0.01    0.01    0.01    0.01    0.00      1.70      0.14
    1941    0.00    0.00    0.00    0.17    0.07    0.04    0.01    0.00    0.00    0.00    0.00    0.00      0.31      0.03
    1942    0.08    0.03    0.28    0.10    0.00    0.42    0.80    0.24    0.02    0.02    0.02    0.02      2.03      0.17
    1943    0.02    1.23    1.59    0.49   13.79    4.63    0.15    0.13    0.12    0.10    0.09    0.07     22.39      1.87
    1944    0.06    0.11    0.04    0.03    0.02    2.33    0.80    0.04    0.03    0.03    0.02    0.02      3.52      0.29
    1945    0.01    0.01    0.01    0.21    0.08    0.67    0.23    0.01    0.01    0.01    0.01    0.00      1.26      0.11
    1946    0.00    0.00    0.00    0.04    0.02    0.02    0.09    0.03    0.00    0.00    0.00    0.00      0.21      0.02
    1947    0.00    0.00    0.28    0.44    0.12    1.57    0.55    0.02    0.02    0.02    0.02    0.01      3.06      0.26
    1948    0.01    0.03    0.01    0.04    0.01    0.00    0.00    0.00    0.00    0.00    0.00    0.00      0.12      0.01
    1949    0.00    0.00    0.30    0.10    0.01    0.57    0.33    0.14    0.03    0.01    0.01    0.01      1.52      0.13
    1950    0.01    0.01    1.05    0.46    0.04    0.02    0.02    0.02    0.01    0.01    0.01    0.01      1.67      0.14
    1951    0.01    0.00    0.00    0.00    0.06    0.02    0.00    0.00    0.00    0.00    0.00    0.00      0.11      0.01
    1952    0.00    0.01    0.11    0.04    0.53    0.18    0.01    0.01    0.01    0.00    0.00    0.00      0.90      0.08
    1953    0.00    0.00    0.00    0.05    0.25    0.15    0.03    0.00    0.00    0.00    0.00    0.00      0.50      0.04
    1954    0.00    0.00    0.01    0.44    1.57    0.49    0.02    0.02    0.02    0.01    0.01    0.01      2.61      0.22
    1955    0.01    0.01    0.19    0.08    2.03    1.17    0.17    0.03    0.03    0.02    0.02    0.02      3.77      0.31
    1956    0.01    0.01    0.14    0.48    0.17    0.05    0.01    0.01    0.01    0.01    0.01    0.27      1.18      0.10
    1957    0.13    0.04    0.19    2.01    0.72    0.03    0.02    0.02    0.02    0.02    0.01    0.01      3.22      0.27
    1958    0.01    0.01    0.12    0.05    0.01    0.00    0.00    0.00    0.00    0.00    0.00    0.00      0.21      0.02
    1959    0.00    0.00    0.15    0.06    0.09    0.04    0.05    0.01    0.00    0.00    0.00    0.00      0.40      0.03
    1960    0.00    0.00    0.42    0.14    0.00    0.00    0.38    0.13    0.01    0.01    0.01    0.00      1.11      0.09
    1961    0.00    0.45    0.16    0.01    0.09    0.25    0.10    0.01    0.01    0.01    0.00    0.00      1.09      0.09
    1962    0.00    0.01    0.00    0.49    0.17    0.02    0.05    0.01    0.00    0.00    0.00    0.00      0.78      0.06
    1963    0.00    0.18    0.06    0.00    0.00    0.04    0.01    0.00    0.00    0.00    0.00    0.00      0.31      0.03
    1964    0.07    0.02    0.02    0.20    0.07    0.00    0.00    0.00    0.00    0.00    0.00    0.00      0.38      0.03
    1965    0.00    0.05    0.02    0.21    0.23    0.06    0.00    0.00    0.00    0.00    0.00    0.00      0.58      0.05
    1966    0.00    0.00    0.01    4.54    1.94    0.23    0.11    0.04    0.04    0.04    0.03    0.03      7.02      0.59
    1967    0.03    0.03    0.02    0.01    0.01    1.33    0.50    0.02    0.02    0.02    0.02    0.01      2.02      0.17
    1968    0.01    0.01    0.03    0.01    0.00    0.02    0.01    0.12    0.04    0.00    0.00    0.00      0.26      0.02
    1969    0.03    0.01    0.00    0.06    0.03    0.00    0.00    0.00    0.00    0.00    0.00    0.00      0.13      0.01
    1970    0.00    0.00    0.02    0.14    0.04    0.00    0.01    0.00    0.00    0.00    0.00    0.00      0.23      0.02
    1971    0.00    0.00    0.38    0.43    0.61    0.57    0.14    0.02    0.02    0.01    0.01    0.01      2.21      0.18
    1972    0.01    0.01    0.01    0.00    0.83    0.29    0.03    0.01    0.01    0.01    0.01    0.03      1.23      0.10
    1973    0.01    0.04    0.03    1.44    0.52    0.42    0.27    0.04    0.02    0.02    0.02    0.01      2.85      0.24
    1974    0.01    0.52    0.22    1.56    0.56    0.06    0.02    0.02    0.02    0.02    0.01    0.01      3.04      0.25
    1975    0.01    0.05    0.43    5.73    2.14    0.16    0.06    0.05    0.05    0.04    0.04    0.03      8.80      0.73
    1976    0.44    0.21    0.08    0.43    0.16    0.79    0.28    0.02    0.02    0.02    0.01    0.01      2.47      0.21
    1977    0.01    0.01    0.01    0.08    0.13    0.22    0.64    0.20    0.01    0.01    0.01    0.01      1.34      0.11
    1978    0.01    0.01    0.01    0.02    0.01    0.00    0.00    0.00    0.00    0.00    0.11    0.04      0.20      0.02
    1979    0.00    0.17    0.06    0.01    0.16    0.05    0.00    0.00    0.00    0.00    0.00    0.02      0.49      0.04
    1980    0.01    1.53    0.52    1.27    0.52    0.06    0.02    0.02    0.01    0.01    0.01    0.01      3.99      0.33
    1981    0.01    0.04    0.09    0.03    0.00    0.00    0.05    0.02    0.00    0.00    0.00    0.00      0.25      0.02
    1982    0.27    0.09    0.00    0.00    0.00    0.00    0.00    0.00    0.00    0.00    0.00    0.00      0.38      0.03
    1983    0.01    0.01    0.00    0.00    0.00    0.01    0.00    0.00    0.00    0.00    0.00    0.00      0.03      0.00
    1984    0.05    0.02    0.00    0.01    0.04    0.03    0.01    0.00    0.00    0.00    0.00    0.00      0.17      0.01
    1985    0.10    0.03    0.01    0.03    0.01    0.04    0.01    0.00    0.00    0.00    0.00    0.00      0.23      0.02
    1986    0.10    1.17    0.39    0.01    0.01    0.01    0.01    0.00    0.00    0.00    0.00    0.18      1.89      0.16
    1987    0.06    0.00    0.00    0.00    2.58   15.33    4.88    0.16    0.14    0.12    0.10    0.08     23.45      1.95
    1988    1.92    0.69    0.40    0.77    3.39    1.13    0.09    0.08    0.07    0.06    0.05    0.04      8.68      0.72
    1989    0.03    0.03    0.02    0.07    0.04    0.01    0.01    0.01    0.01    0.01    0.00    0.00      0.25      0.02
    1990    0.00    0.00    0.00    1.43    0.50    0.19    0.06    0.01    0.01    0.01    0.01    0.01      2.25      0.19
    1991    0.01    0.00    0.00    0.00    0.00    0.00    0.00    0.00    0.00    0.00    0.00    0.00      0.02      0.00
    1992    0.00    0.19    0.06    0.00    0.04    0.01    0.00    0.00    0.00    0.00    0.00    0.00      0.31      0.03
    1993    0.84    0.29    1.01    0.44    0.26    0.08    0.01    0.01    0.01    0.01    0.01    0.01      2.96      0.25
    1994    0.00    0.00    0.00    0.27    0.09    0.61    0.21    0.01    0.01    0.01    0.01    0.00      1.23      0.10
    1995    0.01    0.01    1.93    0.94    0.22    0.08    0.16    0.05    0.02    0.02    0.02    0.02      3.49      0.29
    1996    0.01    0.64    0.23    0.02    0.01    0.37    0.23    0.37    0.12    0.02    0.02    0.02      2.07      0.17
    1997    0.02    0.01    0.04    0.47    0.17    0.22    0.07    0.02    0.01    0.01    0.01    0.01      1.05      0.09
    1998    0.01    1.91    0.80    0.06    0.02    0.01    0.01    0.01    0.01    0.01    0.01    0.00      2.84      0.24
    1999    0.00    0.00    1.26    0.68    0.09    0.39    0.14    0.02    0.01    0.01    0.01    0.01      2.63      0.22
    2000    0.01    0.01    0.14    0.05    0.01    0.01    0.15    0.05    0.00    0.00    0.00    0.00      0.43      0.04
    2001    0.34    0.61    1.20    0.47    0.04    0.02    0.01    0.01    0.01    0.01    0.01    0.01      2.75      0.23
    2002    0.01    0.00    0.71    0.25    0.01    0.01    0.01    0.00    0.00    0.00    0.00    0.00      1.00      0.08
    2003    0.00    0.06    0.02    0.02    0.07    0.35    0.11    0.01    0.00    0.00    0.00    0.00      0.65      0.05
    2004    0.00    0.00    0.29    0.63    0.19    0.34    0.12    0.01    0.01    0.01    0.01    0.01      1.62      0.14
    2005    0.00    0.03    0.01    0.08    1.80    1.89    0.46    0.04    0.03    0.03    0.03    0.02      4.40      0.37
    2006    0.02    0.04    0.13    0.04    0.01    0.01    0.01    0.00    0.00    0.00    0.00    0.00      0.26      0.02
    2007    0.43    0.16    0.23    0.13    0.02    0.11    0.04    0.01    0.00    0.00    0.00    0.00      1.15      0.10
    2008    0.00    0.03    0.01    1.75    0.60    0.02    0.01    0.01    0.01    0.01    0.01    0.01      2.47      0.21
    2009    0.12    0.04    0.06    6.86    2.32    0.07    0.06    0.05    0.04    0.03    0.03    0.02      9.70      0.81
  
 AVERAGE    0.06    0.19    0.21    0.51    0.53    0.71    0.23    0.03    0.02    0.01    0.01    0.02      2.53      0.21
