    1920    0.01    0.01    0.01    0.05    0.53    5.97    5.54    0.18    0.20    0.21    0.19    0.16     13.07      1.09
    1921    0.14    0.11    0.28    0.38    0.13    0.07    0.06    0.05    0.04    0.04    0.03    0.03      1.35      0.11
    1922    0.02    0.02    0.21    1.52    5.24    3.96    0.17    0.19    0.20    0.18    0.16    0.13     12.01      1.00
    1923    0.11    0.09    0.07    0.06    0.05    0.73    0.73    0.05    0.05    0.04    0.04    0.03      2.05      0.17
    1924    0.03    0.38    0.82    0.54    0.23    4.79    4.97    0.27    0.38    0.44    0.40    0.35     13.60      1.13
    1925    0.30    0.25    0.20    0.17    0.14    0.12    0.10    0.09    0.08    0.07    0.06    0.05      1.63      0.14
    1926    0.04    0.03    0.19    0.25    0.07    0.82    0.83    0.04    0.04    0.03    0.03    0.02      2.39      0.20
    1927    0.02    0.02    0.01    2.49    2.67    0.25    0.08    0.07    0.06    0.06    0.05    0.04      5.83      0.49
    1928    0.03    0.67    0.67    0.43    0.43    0.06    0.06    0.03    0.03    0.02    0.02    0.02      2.48      0.21
    1929    0.02    0.56    0.61    0.46    0.48    0.25    0.18    0.04    0.04    0.03    0.03    0.02      2.71      0.23
    1930    0.02    0.02    0.02    0.26    0.28    0.04    0.05    0.04    0.01    0.01    0.01    0.01      0.78      0.06
    1931    0.01    0.21    0.22    0.01    0.08    0.11    0.02    0.01    0.01    0.01    0.01    0.00      0.69      0.06
    1932    0.00    0.00    0.12    0.12    0.01    0.00    0.00    0.00    0.00    0.00    0.00    0.00      0.27      0.02
    1933    0.00    0.06    0.69   10.57   10.04    0.17    0.18    0.17    0.16    0.14    0.12    0.11     22.42      1.87
    1934    0.09    1.14    1.25    0.14    0.06    0.50    0.48    0.06    0.05    0.05    0.04    0.03      3.89      0.32
    1935    0.03    0.02    0.03    0.38    0.54    0.83    0.65    0.05    0.06    0.06    0.05    0.04      2.74      0.23
    1936    0.04    0.33    0.33    0.48    0.58    0.11    0.03    0.03    0.02    0.02    0.02    0.02      2.00      0.17
    1937    0.01    0.01    0.48    0.57    0.11    0.01    0.05    0.05    0.01    0.01    0.01    0.01      1.34      0.11
    1938    0.02    0.02    0.11    0.65    1.57    1.16    0.12    0.07    0.08    0.07    0.07    0.06      4.00      0.33
    1939    0.05    0.22    0.23    0.17    0.18    1.40    1.39    0.06    0.06    0.06    0.05    0.05      3.92      0.33
    1940    0.04    0.03    0.45    0.62    0.51    0.34    0.04    0.03    0.03    0.03    0.02    0.02      2.15      0.18
    1941    0.02    0.01    0.01    0.16    0.19    0.20    0.16    0.02    0.02    0.02    0.01    0.01      0.83      0.07
    1942    0.01    0.01    1.84    2.00    0.16    0.15    3.61    3.52    0.15    0.16    0.16    0.14     11.91      0.99
    1943    0.31    0.56    0.66    0.64   16.93   16.74    0.29    0.27    0.24    0.22    0.20    0.17     37.22      3.10
    1944    0.14    0.12    0.10    0.08    0.07    2.32    2.34    0.10    0.09    0.08    0.07    0.06      5.57      0.46
    1945    0.05    0.04    0.03    0.08    0.30    0.86    0.67    0.05    0.05    0.04    0.04    0.03      2.24      0.19
    1946    0.03    0.02    0.02    0.43    0.47    0.25    0.21    0.03    0.03    0.03    0.02    0.02      1.55      0.13
    1947    0.02    0.01    0.30    0.44    0.20    0.39    0.42    0.06    0.04    0.05    0.04    0.04      2.02      0.17
    1948    0.03    0.23    0.23    0.12    0.12    0.11    0.11    0.02    0.01    0.01    0.01    0.01      1.01      0.08
    1949    0.01    0.01    0.91    0.96    0.04    0.93    1.04    0.25    0.16    0.15    0.13    0.11      4.69      0.39
    1950    0.09    0.07    0.81    0.81    0.05    0.07    0.24    0.22    0.05    0.05    0.05    0.05      2.57      0.21
    1951    0.15    0.15    0.03    0.02    0.21    0.20    0.02    0.02    0.01    0.01    0.01    0.01      0.84      0.07
    1952    0.02    0.16    0.36    0.23    0.73    0.84    0.12    0.04    0.04    0.04    0.03    0.03      2.62      0.22
    1953    0.02    0.02    0.02    0.20    0.25    0.14    0.07    0.02    0.02    0.02    0.02    0.01      0.80      0.07
    1954    0.01    0.01    0.16    0.47    0.95    0.65    0.03    0.04    0.03    0.03    0.03    0.02      2.44      0.20
    1955    0.02    0.01    0.24    0.24    2.46    2.87    0.42    0.11    0.11    0.11    0.09    0.08      6.75      0.56
    1956    0.07    0.05    0.40    0.72    0.42    0.17    0.13    0.04    0.04    0.04    0.03    0.03      2.14      0.18
    1957    0.17    0.15    0.13    1.18    1.10    0.04    0.04    0.04    0.04    0.04    0.03    0.03      2.99      0.25
    1958    0.02    0.27    0.40    0.23    0.09    0.02    0.02    0.02    0.01    0.01    0.01    0.01      1.11      0.09
    1959    0.01    0.01    0.06    0.07    0.14    0.12    0.01    0.01    0.01    0.01    0.01    0.01      0.46      0.04
    1960    0.01    0.10    0.25    0.16    0.05    0.49    0.74    0.31    0.07    0.09    0.10    0.09      2.44      0.20
    1961    0.07    0.37    0.37    0.04    0.46    0.45    0.09    0.09    0.04    0.03    0.03    0.03      2.07      0.17
    1962    0.02    0.41    0.50    0.63    0.54    0.03    0.02    0.02    0.02    0.02    0.02    0.02      2.27      0.19
    1963    0.01    0.16    0.16    0.01    0.01    0.01    0.01    0.01    0.01    0.00    0.00    0.00      0.40      0.03
    1964    0.03    0.03    0.06    0.36    0.30    0.01    0.01    0.01    0.01    0.01    0.00    0.00      0.82      0.07
    1965    0.00    0.04    0.04    0.35    1.85    1.51    0.04    0.04    0.04    0.04    0.03    0.03      4.04      0.34
    1966    0.02    0.02    0.14   10.51   11.32    1.22    6.76    6.54    0.36    0.32    0.28    0.24     37.72      3.14
    1967    0.21    0.16    0.13    0.12    0.10    0.69    0.71    0.09    0.09    0.08    0.08    0.06      2.51      0.21
    1968    0.05    0.04    0.20    0.15    0.07    0.19    0.13    0.03    0.03    0.03    0.03    0.03      0.98      0.08
    1969    0.02    0.02    0.02    0.24    0.23    0.01    0.01    0.01    0.01    0.01    0.01    0.01      0.59      0.05
    1970    0.00    0.00    0.12    0.69    0.61    0.04    0.08    0.08    0.02    0.02    0.02    0.02      1.71      0.14
    1971    0.01    0.12    0.29    4.09    4.02    0.28    0.20    0.12    0.11    0.10    0.09    0.07      9.51      0.79
    1972    0.06    0.05    0.04    0.04    0.17    0.15    0.15    0.13    0.03    0.03    0.02    0.09      0.95      0.08
    1973    0.09    0.16    0.31    1.68    1.58    0.49    0.52    0.08    0.09    0.09    0.08    0.07      5.25      0.44
    1974    0.06    0.05    0.29    3.18    3.33    1.39    1.26    0.24    0.18    0.16    0.14    0.12     10.41      0.87
    1975    0.10    0.08    0.96    7.87    7.32    0.91    0.63    0.22    0.20    0.18    0.16    0.13     18.76      1.56
    1976    0.11    0.09    0.21    0.55    0.40    0.30    0.29    0.06    0.06    0.05    0.04    0.04      2.20      0.18
    1977    0.03    0.08    0.24    1.35    1.33    0.26    0.22    0.07    0.07    0.07    0.06    0.05      3.84      0.32
    1978    0.04    0.04    0.03    0.28    0.28    0.02    0.02    0.02    0.01    0.01    0.04    0.04      0.83      0.07
    1979    0.02    0.11    0.13    0.45    0.49    0.08    0.02    0.02    0.02    0.01    0.01    0.01      1.37      0.11
    1980    0.01    0.58    0.61    5.41    5.47    0.24    0.19    0.13    0.12    0.11    0.10    0.08     13.05      1.09
    1981    0.07    0.05    0.30    0.47    0.18    0.05    0.37    0.32    0.04    0.04    0.04    0.03      1.95      0.16
    1982    0.20    0.20    0.04    0.06    0.02    0.01    0.01    0.01    0.01    0.01    0.01    0.01      0.60      0.05
    1983    0.01    0.00    0.01    0.01    0.00    0.02    0.02    0.00    0.00    0.00    0.00    0.00      0.08      0.01
    1984    0.00    0.00    0.00    0.01    0.10    0.11    0.01    0.00    0.00    0.00    0.00    0.00      0.25      0.02
    1985    0.02    0.02    0.01    0.08    0.07    0.01    0.01    0.00    0.00    0.00    0.00    0.00      0.23      0.02
    1986    0.00    0.21    0.34    0.13    0.13    0.14    0.02    0.01    0.01    0.01    0.01    0.02      1.02      0.09
    1987    0.02    0.00    0.07    0.07    1.39    2.36    1.02    0.11    0.12    0.13    0.11    0.10      5.50      0.46
    1988    0.14    0.14    0.19    0.33    2.48    2.37    0.10    0.11    0.12    0.10    0.09    0.08      6.25      0.52
    1989    0.06    0.25    0.31    0.06    0.04    0.23    0.34    0.14    0.04    0.04    0.04    0.03      1.58      0.13
    1990    0.03    0.02    0.02    2.85    2.89    0.08    0.08    0.06    0.06    0.06    0.05    0.04      6.25      0.52
    1991    0.04    0.03    0.04    0.04    0.02    0.01    0.01    0.01    0.01    0.01    0.01    0.01      0.24      0.02
    1992    0.00    0.73    0.91    0.23    0.07    0.05    0.02    0.02    0.02    0.01    0.01    0.01      2.09      0.17
    1993    1.54    1.55    0.21    0.71    1.00    0.51    0.06    0.05    0.05    0.04    0.04    0.03      5.79      0.48
    1994    0.03    0.02    0.02    0.29    0.29    0.02    0.02    0.01    0.01    0.01    0.01    0.01      0.73      0.06
    1995    0.06    0.09    0.28    0.84    0.68    0.08    0.16    0.16    0.05    0.05    0.05    0.04      2.53      0.21
    1996    0.03    0.09    0.15    0.32    0.27    1.17    1.25    0.35    0.28    0.17    0.14    0.13      4.34      0.36
    1997    0.11    0.09    0.07    1.37    1.44    0.15    0.07    0.07    0.06    0.05    0.05    0.04      3.56      0.30
    1998    0.03    0.02    0.62    0.61    0.03    0.02    0.02    0.02    0.02    0.01    0.01    0.01      1.43      0.12
    1999    0.01    0.01    0.71    1.41    0.94    0.27    0.04    0.05    0.05    0.04    0.03    0.03      3.59      0.30
    2000    0.02    0.15    0.27    0.14    0.27    0.27    0.09    0.09    0.02    0.02    0.02    0.02      1.38      0.12
    2001    0.04    0.46    0.77    0.44    0.08    0.02    0.02    0.02    0.02    0.02    0.01    0.01      1.92      0.16
    2002    0.01    0.01    0.44    0.62    0.26    0.08    0.02    0.02    0.01    0.01    0.01    0.01      1.51      0.13
    2003    0.01    0.11    0.14    0.14    0.55    0.70    0.26    0.04    0.04    0.04    0.04    0.03      2.10      0.18
    2004    0.03    0.02    0.29    1.92    1.68    0.14    0.21    0.09    0.07    0.07    0.06    0.05      4.65      0.39
    2005    0.04    0.03    0.03    1.08    2.78    2.18    0.50    0.19    0.17    0.15    0.13    0.11      7.38      0.61
    2006    0.09    0.07    0.07    0.07    0.04    0.04    0.03    0.03    0.02    0.02    0.02    0.08      0.58      0.05
    2007    0.37    0.30    0.02    0.07    0.04    0.20    0.20    0.01    0.01    0.01    0.01    0.01      1.25      0.10
    2008    0.01    0.01    0.00    2.04    2.07    0.04    0.04    0.04    0.03    0.03    0.03    0.02      4.36      0.36
    2009    0.04    0.04    0.01    0.38    0.44    0.12    0.07    0.02    0.02    0.02    0.02    0.02      1.21      0.10
  
 AVERAGE    0.07    0.15    0.28    0.94    1.21    0.77    0.48    0.19    0.06    0.06    0.05    0.05      4.30      0.36
