    1920    0.00    0.00    0.00    0.00    2.07    3.77    1.74    0.12    0.13    0.14    0.14    0.12      8.24      0.69
    1921    0.09    0.07    0.45    0.45    0.04    0.03    0.03    0.02    0.02    0.02    0.01    0.01      1.24      0.10
    1922    0.01    0.01    0.09    2.87    4.25    1.50    0.11    0.11    0.11    0.11    0.09    0.07      9.32      0.78
    1923    0.06    0.09    0.09    0.03    0.02    1.86    1.88    0.05    0.05    0.04    0.04    0.03      4.23      0.35
    1924    0.03    0.70    1.56    0.94    0.37   28.80   29.04    0.67    0.80    0.87    0.89    0.83     65.48      5.46
    1925    0.68    0.52    0.39    0.30    0.24    0.19    0.16    0.15    0.13    0.11    0.09    0.08      3.04      0.25
    1926    0.06    0.04    0.43    0.43    0.03    2.36    2.38    0.07    0.07    0.06    0.06    0.05      6.03      0.50
    1927    0.04    0.03    0.05    1.98    2.11    1.12    0.98    0.09    0.09    0.09    0.08    0.07      6.72      0.56
    1928    0.05    0.42    0.41    0.75    0.75    0.89    0.90    0.05    0.05    0.05    0.04    0.04      4.39      0.37
    1929    0.03    0.23    0.29    0.67    0.61    0.69    0.70    0.04    0.04    0.04    0.04    0.03      3.42      0.28
    1930    0.02    0.02    0.01    1.87    2.01    0.15    0.09    0.08    0.05    0.05    0.04    0.03      4.43      0.37
    1931    0.03    0.80    0.80    0.02    0.30    0.51    0.23    0.03    0.02    0.02    0.02    0.02      2.80      0.23
    1932    0.01    0.02    0.51    0.50    0.04    0.04    0.01    0.01    0.01    0.01    0.01    0.00      1.16      0.10
    1933    0.00    0.18    0.33    8.86    8.93    0.20    0.18    0.19    0.20    0.19    0.17    0.14     19.57      1.63
    1934    0.11    2.51    2.68    0.18    0.08    1.36    1.36    0.09    0.09    0.08    0.07    0.06      8.68      0.72
    1935    0.05    0.03    1.19    1.83    1.46    4.25    3.53    0.22    0.24    0.24    0.23    0.19     13.45      1.12
    1936    0.15    3.54    3.54    2.79    3.28    0.53    0.14    0.12    0.11    0.10    0.08    0.07     14.45      1.20
    1937    0.05    0.04    2.28    2.35    0.11    0.05    0.04    0.04    0.03    0.03    0.02    0.02      5.06      0.42
    1938    0.02    0.02    0.16    1.32    1.88    0.86    0.14    0.06    0.06    0.06    0.06    0.05      4.68      0.39
    1939    0.04    0.14    0.14    0.02    0.02    0.34    0.34    0.02    0.02    0.02    0.01    0.01      1.12      0.09
    1940    0.01    0.01    1.51    2.98    3.82    2.40    0.12    0.12    0.12    0.11    0.09    0.07     11.37      0.95
    1941    0.06    0.04    0.03    0.02    0.12    0.19    0.10    0.02    0.02    0.02    0.02    0.01      0.65      0.05
    1942    0.42    0.42    0.98    1.00    0.02    0.08    4.05    4.05    0.19    0.22    0.25    0.26     11.94      1.00
    1943    0.23    1.24    6.21    5.80    6.59    5.97    0.39    0.38    0.38    0.35    0.30    0.25     28.09      2.34
    1944    0.20    0.15    0.11    0.08    0.07    7.27    7.33    0.20    0.19    0.18    0.16    0.13     16.08      1.34
    1945    0.10    0.08    0.06    0.61    0.78    1.55    1.39    0.08    0.07    0.07    0.06    0.05      4.90      0.41
    1946    0.04    0.03    0.02    0.03    0.18    0.20    0.22    0.17    0.02    0.02    0.02    0.02      0.98      0.08
    1947    0.01    0.02    1.73    2.22    0.62    0.87    0.80    0.08    0.08    0.07    0.07    0.06      6.63      0.55
    1948    0.04    0.06    0.06    0.63    0.64    0.02    0.02    0.02    0.02    0.01    0.01    0.01      1.54      0.13
    1949    0.01    0.01    1.12    1.21    0.11    1.05    1.18    8.57    8.61    0.43    0.47    0.39     23.16      1.93
    1950    0.31    0.23    5.78    6.70    1.10    0.20    0.18    0.18    0.18    0.17    0.15    0.12     15.29      1.27
    1951    0.46    0.46    0.06    0.05    0.65    0.64    0.04    0.03    0.03    0.03    0.02    0.02      2.50      0.21
    1952    0.01    0.12    0.19    0.07    1.80    1.83    0.04    0.04    0.04    0.04    0.03    0.02      4.25      0.35
    1953    0.03    0.05    0.58    0.77    0.56    0.51    0.17    0.04    0.04    0.03    0.03    0.03      2.83      0.24
    1954    0.02    0.01    0.14    3.50    5.70    2.37    0.13    0.12    0.12    0.12    0.10    0.08     12.41      1.03
    1955    0.06    0.05    1.91    2.02    5.43   44.17   38.68    0.71    0.66    0.58    0.49    0.40     95.14      7.93
    1956    0.32    0.24    0.78    1.41    0.85    0.40    0.21    0.11    0.10    0.09    0.08    0.07      4.64      0.39
    1957    0.11    0.08    0.32    0.94    0.74    0.05    0.04    0.03    0.03    0.03    0.03    0.02      2.42      0.20
    1958    0.02    0.01    1.29    1.35    0.17    0.11    0.03    0.02    0.02    0.02    0.02    0.01      3.08      0.26
    1959    0.01    0.01    0.18    0.20    0.25    0.30    0.35    0.29    0.03    0.03    0.03    0.03      1.70      0.14
    1960    0.02    0.02    0.99    1.00    0.05    0.21    1.82    1.71    0.10    0.12    0.13    0.12      6.28      0.52
    1961    0.10    2.70    2.70    0.09    0.26    0.38    0.20    0.06    0.06    0.05    0.05    0.04      6.69      0.56
    1962    0.03    0.62    0.63    3.75    3.77    0.22    0.32    0.09    0.08    0.08    0.07    0.06      9.72      0.81
    1963    0.05    0.46    0.45    0.03    0.02    0.02    0.02    0.01    0.01    0.01    0.01    0.01      1.10      0.09
    1964    0.15    0.15    0.07    1.01    0.95    0.02    0.02    0.02    0.01    0.01    0.01    0.01      2.43      0.20
    1965    0.01    0.07    0.07    0.24    1.10    0.87    0.02    0.02    0.02    0.02    0.02    0.01      2.47      0.21
    1966    0.01    0.01    0.12   32.35   32.42    0.40    2.75    2.74    0.56    0.56    0.48    0.39     72.80      6.07
    1967    0.31    0.23    0.21    0.14    0.11    2.16    2.40    0.27    0.15    0.15    0.15    0.13      6.40      0.53
    1968    0.11    0.08    1.80    1.79    0.26    0.38    0.12    0.05    0.05    0.05    0.05    0.04      4.78      0.40
    1969    0.03    0.02    0.02    0.03    0.03    0.01    0.01    0.01    0.01    0.00    0.00    0.00      0.17      0.01
    1970    0.00    0.00    0.04    0.82    0.80    0.02    0.05    0.03    0.02    0.02    0.01    0.01      1.82      0.15
    1971    0.02    0.02    0.41    7.60    8.42    3.58    2.47    0.36    0.33    0.28    0.24    0.19     23.93      1.99
    1972    0.15    0.11    0.08    0.06    1.23    1.24    0.06    0.05    0.04    0.04    0.03    0.09      3.18      0.26
    1973    0.09    0.03    0.52    7.32    6.97    2.86    3.38    0.56    0.32    0.28    0.23    0.19     22.74      1.90
    1974    0.15    0.77    0.94   11.98   11.99    1.12    1.30    0.32    0.32    0.28    0.23    0.19     29.58      2.46
    1975    0.15    0.11    3.78   33.25   29.65    0.49    0.47    0.45    0.39    0.34    0.28    0.23     69.57      5.80
    1976    0.39    0.40    0.11    0.92    1.03    4.49    4.39    0.19    0.19    0.18    0.16    0.14     12.60      1.05
    1977    0.11    0.58    0.58    0.38    0.76    0.72    1.32    1.04    0.12    0.12    0.11    0.10      5.93      0.49
    1978    0.08    0.06    0.04    0.40    0.42    0.03    0.03    0.02    0.02    0.02    0.15    0.15      1.42      0.12
    1979    0.01    0.16    0.16    0.05    0.09    0.04    0.01    0.01    0.01    0.00    0.00    0.00      0.55      0.05
    1980    0.00    3.68    3.71    2.82    3.11    1.33    1.04    0.14    0.13    0.12    0.11    0.09     16.27      1.36
    1981    0.07    0.15    0.63    0.60    0.12    0.05    0.09    0.04    0.03    0.02    0.02    0.02      1.84      0.15
    1982    0.08    0.08    0.01    0.01    0.01    0.00    0.00    0.00    0.00    0.00    0.00    0.00      0.21      0.02
    1983    0.00    0.00    0.06    0.06    0.00    0.17    0.18    0.00    0.00    0.00    0.00    0.00      0.49      0.04
    1984    0.14    0.14    0.00    0.01    0.14    0.41    0.28    0.01    0.01    0.01    0.01    0.01      1.16      0.10
    1985    0.18    0.18    0.05    0.64    0.60    0.05    0.05    0.01    0.01    0.01    0.01    0.01      1.80      0.15
    1986    0.16    2.10    1.96    0.04    0.09    0.09    0.03    0.02    0.02    0.02    0.01    0.33      4.88      0.41
    1987    0.33    0.01    0.28    0.28   27.74   56.50   27.94    0.81    0.78    0.68    0.58    0.48    116.43      9.70
    1988    0.66    0.66    0.97    2.97    4.97    3.19    0.28    0.29    0.29    0.25    0.21    0.16     14.90      1.24
    1989    0.13    0.10    0.07    0.05    0.08    0.11    0.19    0.14    0.03    0.03    0.03    0.02      0.97      0.08
    1990    0.02    0.01    0.01   14.76   14.85    0.22    0.24    0.20    0.20    0.18    0.15    0.13     30.96      2.58
    1991    0.10    0.08    0.06    0.04    0.03    0.03    0.02    0.02    0.02    0.01    0.01    0.01      0.43      0.04
    1992    0.01    0.89    0.91    0.04    0.16    0.13    0.01    0.01    0.01    0.01    0.01    0.01      2.19      0.18
    1993    1.72    1.74    0.03    1.92    2.12    0.22    0.05    0.05    0.04    0.04    0.03    0.03      7.99      0.67
    1994    0.02    0.02    0.02    1.26    1.27    1.40    1.41    0.06    0.05    0.05    0.04    0.03      5.62      0.47
    1995    0.03    0.03    3.33    5.57    2.64    0.45    0.67    0.61    0.22    0.22    0.21    0.18     14.17      1.18
    1996    0.15    0.20    0.61    0.89    0.48    1.89    1.98    0.13    0.14    0.15    0.15    0.14      6.91      0.58
    1997    0.12    0.09    0.07    1.33    1.41    0.60    0.50    0.06    0.06    0.05    0.04    0.04      4.36      0.36
    1998    0.03    0.43    0.70    0.32    0.02    0.02    0.02    0.01    0.01    0.01    0.01    0.01      1.59      0.13
    1999    0.01    0.00    4.27    7.23    3.02    0.58    0.55    0.15    0.14    0.13    0.11    0.09     16.28      1.36
    2000    0.07    0.18    0.62    0.46    0.69    0.74    1.45    1.44    0.12    0.13    0.13    0.13      6.17      0.51
    2001    0.11    0.17    3.11    3.83    0.91    0.11    0.09    0.09    0.08    0.07    0.06    0.05      8.66      0.72
    2002    0.04    0.03    0.53    0.93    0.66    0.29    0.03    0.03    0.03    0.03    0.02    0.02      2.63      0.22
    2003    0.11    0.32    0.23    0.30    3.33    3.12    0.09    0.09    0.09    0.08    0.07    0.06      7.89      0.66
    2004    0.05    0.03    1.07    2.84    1.92    0.53    0.54    0.13    0.10    0.10    0.09    0.08      7.48      0.62
    2005    0.06    0.04    0.11    2.01   44.74   43.85    1.23    0.69    0.63    0.55    0.48    0.39     94.79      7.90
    2006    0.31    0.24    0.22    0.20    0.12    0.09    0.08    0.07    0.06    0.05    0.04    0.03      1.51      0.13
    2007    0.51    0.63    0.16    0.14    0.15    1.04    1.04    0.04    0.04    0.04    0.03    0.03      3.85      0.32
    2008    0.02    0.02    0.12    1.98    1.92    0.19    0.16    0.04    0.04    0.04    0.03    0.03      4.59      0.38
    2009    0.13    0.13    0.17   38.24   39.34    1.25    0.49    0.47    0.45    0.39    0.33    0.26     81.66      6.80
  
 AVERAGE    0.13    0.35    0.85    2.83    3.51    2.86    1.79    0.35    0.22    0.12    0.11    0.10     13.22      1.10
