    1920    0.00    0.00    0.00    0.00    1.49    2.70    1.23    0.05    0.05    0.05    0.04    0.03      5.65      0.47
    1921    0.01    0.01    0.28    0.27    0.01    0.00    0.00    0.00    0.00    0.00    0.00    0.00      0.58      0.05
    1922    0.00    0.00    0.05    2.07    3.05    1.04    0.04    0.03    0.03    0.03    0.02    0.01      6.39      0.53
    1923    0.01    0.05    0.05    0.00    0.00    1.32    1.33    0.02    0.02    0.01    0.01    0.01      2.83      0.24
    1924    0.00    0.47    1.08    0.64    0.23   15.32   15.50    0.36    0.40    0.40    0.34    0.27     35.04      2.92
    1925    0.14    0.05    0.01    0.00    0.00    0.10    0.10    0.00    0.00    0.00    0.00    0.00      0.41      0.03
    1926    0.00    0.00    0.27    0.27    0.01    1.68    1.70    0.03    0.02    0.02    0.01    0.01      4.02      0.33
    1927    0.00    0.00    0.03    1.41    1.49    0.77    0.66    0.03    0.03    0.03    0.02    0.01      4.48      0.37
    1928    0.01    0.26    0.26    0.50    0.50    0.61    0.61    0.02    0.01    0.01    0.01    0.01      2.82      0.23
    1929    0.01    0.14    0.18    0.45    0.41    0.47    0.47    0.01    0.01    0.01    0.01    0.00      2.18      0.18
    1930    0.00    0.00    0.00    1.33    1.43    0.10    0.06    0.05    0.01    0.01    0.01    0.01      3.02      0.25
    1931    0.00    0.55    0.55    0.00    0.19    0.33    0.14    0.01    0.01    0.00    0.00    0.00      1.79      0.15
    1932    0.00    0.01    0.35    0.34    0.02    0.02    0.00    0.00    0.00    0.00    0.00    0.00      0.74      0.06
    1933    0.00    0.12    0.21    6.52    6.56    0.13    0.07    0.07    0.07    0.07    0.05    0.03     13.90      1.16
    1934    0.01    1.76    1.87    0.12    0.01    0.92    0.92    0.02    0.02    0.02    0.01    0.01      5.70      0.48
    1935    0.00    0.00    0.83    1.27    1.00    3.04    2.51    0.09    0.09    0.09    0.07    0.04      9.04      0.75
    1936    0.02    2.50    2.50    1.95    2.29    0.37    0.03    0.02    0.02    0.02    0.01    0.01      9.73      0.81
    1937    0.00    0.00    1.63    1.66    0.06    0.03    0.01    0.00    0.00    0.00    0.00    0.00      3.41      0.28
    1938    0.01    0.01    0.10    0.93    1.32    0.58    0.09    0.02    0.02    0.02    0.02    0.01      3.12      0.26
    1939    0.01    0.08    0.08    0.01    0.01    0.22    0.22    0.00    0.00    0.00    0.00    0.00      0.65      0.05
    1940    0.00    0.00    1.07    2.12    2.74    1.70    0.04    0.04    0.03    0.03    0.02    0.01      7.81      0.65
    1941    0.01    0.00    0.00    0.01    0.07    0.11    0.06    0.01    0.00    0.00    0.00    0.00      0.27      0.02
    1942    0.28    0.28    0.68    0.69    0.01    0.05    2.94    2.93    0.09    0.10    0.10    0.08      8.23      0.69
    1943    0.06    0.83    4.43    4.12    4.71    4.24    0.12    0.11    0.13    0.11    0.08    0.05     18.98      1.58
    1944    0.03    0.02    0.01    0.03    0.03    5.31    5.35    0.08    0.06    0.06    0.04    0.03     11.05      0.92
    1945    0.01    0.00    0.00    0.39    0.51    1.07    0.96    0.02    0.02    0.02    0.01    0.01      3.04      0.25
    1946    0.00    0.00    0.00    0.02    0.11    0.12    0.13    0.10    0.01    0.01    0.01    0.00      0.51      0.04
    1947    0.00    0.01    1.23    1.57    0.41    0.59    0.54    0.03    0.03    0.03    0.02    0.01      4.46      0.37
    1948    0.01    0.03    0.03    0.43    0.43    0.00    0.00    0.00    0.00    0.00    0.00    0.00      0.94      0.08
    1949    0.00    0.00    0.79    0.85    0.07    0.73    0.81    1.41    1.40    0.19    0.20    0.15      6.60      0.55
    1950    0.10    0.04    4.14    4.79    0.75    0.07    0.07    0.10    0.04    0.04    0.03    0.02     10.17      0.85
    1951    0.30    0.29    0.00    0.01    0.42    0.42    0.01    0.00    0.00    0.00    0.00    0.00      1.46      0.12
    1952    0.00    0.07    0.11    0.04    1.29    1.30    0.02    0.01    0.01    0.01    0.01    0.00      2.89      0.24
    1953    0.02    0.02    0.39    0.52    0.37    0.33    0.11    0.01    0.01    0.01    0.01    0.00      1.81      0.15
    1954    0.00    0.00    0.08    2.53    4.12    1.68    0.05    0.04    0.04    0.03    0.02    0.01      8.60      0.72
    1955    0.01    0.00    1.34    1.41    3.94   26.53   22.55    0.35    0.29    0.24    0.15    0.08     56.91      4.74
    1956    0.04    0.02    0.49    0.89    0.54    0.25    0.13    0.01    0.04    0.04    0.01    0.05      2.50      0.21
    1957    0.07    0.04    0.19    0.63    0.49    0.03    0.01    0.01    0.01    0.01    0.00    0.00      1.49      0.12
    1958    0.00    0.00    0.91    0.95    0.11    0.07    0.01    0.00    0.00    0.00    0.00    0.00      2.06      0.17
    1959    0.00    0.00    0.12    0.12    0.16    0.20    0.23    0.19    0.01    0.01    0.01    0.01      1.04      0.09
    1960    0.00    0.00    0.69    0.69    0.03    0.12    1.28    1.20    0.05    0.05    0.04    0.03      4.20      0.35
    1961    0.02    1.90    1.90    0.01    0.16    0.23    0.12    0.04    0.01    0.01    0.01    0.00      4.41      0.37
    1962    0.00    0.41    0.42    2.72    2.73    0.15    0.21    0.06    0.03    0.02    0.02    0.01      6.77      0.56
    1963    0.01    0.29    0.29    0.00    0.00    0.01    0.01    0.00    0.00    0.00    0.00    0.00      0.61      0.05
    1964    0.09    0.09    0.04    0.71    0.67    0.01    0.01    0.01    0.00    0.00    0.00    0.00      1.63      0.14
    1965    0.00    0.04    0.04    0.16    0.76    0.60    0.01    0.01    0.01    0.01    0.00    0.00      1.64      0.14
    1966    0.00    0.00    0.07   18.60   18.64    0.17    1.98    1.98    0.23    0.23    0.17    0.10     42.18      3.52
    1967    0.04    0.14    0.13    0.00    0.00    1.48    1.65    0.18    0.04    0.04    0.03    0.02      3.76      0.31
    1968    0.01    0.01    1.25    1.25    0.17    0.24    0.07    0.02    0.02    0.01    0.01    0.00      3.06      0.26
    1969    0.00    0.00    0.00    0.01    0.02    0.00    0.00    0.00    0.00    0.00    0.00    0.00      0.04      0.00
    1970    0.00    0.00    0.02    0.57    0.56    0.01    0.03    0.02    0.01    0.00    0.00    0.00      1.22      0.10
    1971    0.01    0.01    0.27    5.57    6.15    2.53    1.75    0.14    0.14    0.12    0.08    0.04     16.82      1.40
    1972    0.02    0.00    0.00    0.00    0.84    0.85    0.01    0.01    0.01    0.00    0.00    0.05      1.79      0.15
    1973    0.05    0.02    0.35    5.35    5.10    2.03    2.37    0.39    0.14    0.11    0.07    0.04     16.02      1.34
    1974    0.02    0.49    0.59    8.82    8.81    0.78    0.91    0.18    0.12    0.10    0.06    0.03     20.91      1.74
    1975    0.01    0.00    2.69   18.38   15.78    0.25    0.14    0.13    0.11    0.08    0.05    0.03     37.66      3.14
    1976    0.26    0.25    0.02    0.58    0.66    3.22    3.15    0.07    0.06    0.05    0.04    0.03      8.38      0.70
    1977    0.02    0.37    0.36    0.24    0.48    0.46    0.89    0.69    0.04    0.04    0.03    0.02      3.64      0.30
    1978    0.01    0.00    0.00    0.25    0.27    0.01    0.00    0.00    0.00    0.00    0.09    0.09      0.74      0.06
    1979    0.00    0.10    0.10    0.03    0.05    0.02    0.00    0.00    0.00    0.00    0.00    0.00      0.31      0.03
    1980    0.00    2.68    2.69    2.02    2.21    0.90    0.70    0.04    0.04    0.03    0.03    0.02     11.35      0.95
    1981    0.01    0.09    0.40    0.38    0.07    0.03    0.05    0.03    0.00    0.00    0.00    0.00      1.08      0.09
    1982    0.05    0.05    0.00    0.00    0.00    0.00    0.00    0.00    0.00    0.00    0.00    0.00      0.10      0.01
    1983    0.00    0.00    0.03    0.03    0.00    0.11    0.11    0.00    0.00    0.00    0.00    0.00      0.30      0.03
    1984    0.09    0.09    0.00    0.00    0.09    0.27    0.19    0.00    0.00    0.00    0.00    0.00      0.74      0.06
    1985    0.11    0.11    0.03    0.43    0.41    0.03    0.03    0.00    0.00    0.00    0.00    0.00      1.18      0.10
    1986    0.10    1.50    1.40    0.01    0.05    0.05    0.00    0.00    0.00    0.00    0.00    0.22      3.35      0.28
    1987    0.22    0.00    0.18    0.18   15.08   31.91   16.50    0.41    0.36    0.28    0.18    0.10     65.41      5.45
    1988    0.46    0.44    0.63    1.97    3.46    2.17    0.08    0.07    0.07    0.06    0.04    0.02      9.48      0.79
    1989    0.01    0.01    0.02    0.02    0.04    0.06    0.11    0.08    0.00    0.00    0.00    0.00      0.37      0.03
    1990    0.00    0.00    0.00   10.96   11.01    0.11    0.15    0.06    0.06    0.05    0.04    0.02     22.47      1.87
    1991    0.01    0.00    0.01    0.01    0.00    0.00    0.00    0.00    0.00    0.00    0.00    0.00      0.04      0.00
    1992    0.00    0.62    0.63    0.02    0.09    0.08    0.00    0.00    0.00    0.00    0.00    0.00      1.45      0.12
    1993    1.23    1.24    0.01    1.36    1.49    0.14    0.01    0.01    0.01    0.01    0.00    0.00      5.53      0.46
    1994    0.00    0.01    0.01    0.89    0.90    0.99    0.99    0.02    0.02    0.01    0.01    0.01      3.85      0.32
    1995    0.02    0.02    2.41    4.02    1.86    0.30    0.46    0.42    0.08    0.08    0.07    0.04      9.78      0.82
    1996    0.02    0.13    0.38    0.56    0.30    1.32    1.37    0.08    0.05    0.05    0.04    0.03      4.34      0.36
    1997    0.02    0.01    0.00    0.91    0.97    0.38    0.33    0.01    0.01    0.01    0.01    0.00      2.66      0.22
    1998    0.02    0.28    0.46    0.20    0.00    0.00    0.00    0.00    0.00    0.00    0.00    0.00      0.97      0.08
    1999    0.00    0.00    3.12    5.25    2.16    0.39    0.38    0.05    0.04    0.04    0.03    0.02     11.47      0.96
    2000    0.01    0.11    0.39    0.29    0.46    0.49    1.01    0.99    0.05    0.05    0.04    0.03      3.93      0.33
    2001    0.02    0.11    2.21    2.71    0.60    0.02    0.02    0.01    0.01    0.01    0.01    0.00      5.74      0.48
    2002    0.00    0.00    0.35    0.63    0.44    0.18    0.02    0.01    0.01    0.01    0.00    0.00      1.64      0.14
    2003    0.06    0.21    0.15    0.20    2.40    2.24    0.04    0.03    0.03    0.03    0.02    0.01      5.40      0.45
    2004    0.00    0.00    0.74    2.01    1.35    0.35    0.36    0.08    0.03    0.03    0.02    0.01      4.99      0.42
    2005    0.01    0.00    0.06    1.42   28.18   27.55    0.86    0.33    0.32    0.25    0.17    0.09     59.24      4.94
    2006    0.04    0.01    0.13    0.12    0.00    0.00    0.00    0.00    0.00    0.00    0.00    0.00      0.32      0.03
    2007    0.33    0.41    0.09    0.08    0.09    0.72    0.72    0.02    0.01    0.01    0.01    0.01      2.50      0.21
    2008    0.00    0.00    0.07    1.40    1.36    0.12    0.10    0.01    0.01    0.01    0.01    0.00      3.12      0.26
    2009    0.08    0.08    0.10   23.27   24.06    0.88    0.20    0.17    0.14    0.13    0.08    0.04     49.23      4.10
  
 AVERAGE    0.05    0.22    0.58    1.86    2.25    1.77    1.10    0.16    0.06    0.04    0.03    0.02      8.16      0.68
