    1920    0.00    0.00    0.00    0.00    0.89    1.99    1.10    0.00    0.00    0.00    0.00    0.00      3.98      0.33
    1921    0.00    0.00    0.30    0.36    0.06    0.00    0.00    0.00    0.00    0.00    0.00    0.00      0.72      0.06
    1922    0.00    0.00    0.08    2.21    5.28    3.16    0.04    0.03    0.00    0.00    0.00    0.00     10.79      0.90
    1923    0.00    0.12    0.12    0.02    0.02    0.60    0.60    0.00    0.00    0.00    0.00    0.00      1.50      0.12
    1924    0.00    0.23    0.71    0.48    0.00    4.22    4.58    0.41    0.05    0.00    0.00    0.00     10.68      0.89
    1925    0.00    0.00    0.00    0.01    0.01    0.32    0.33    0.00    0.00    0.00    0.00    0.00      0.67      0.06
    1926    0.00    0.01    0.13    0.12    0.01    0.99    0.99    0.00    0.00    0.00    0.00    0.00      2.26      0.19
    1927    0.00    0.00    0.13    0.49    0.51    1.49    1.34    0.00    0.00    0.00    0.00    0.00      3.97      0.33
    1928    0.00    0.05    0.07    0.16    0.15    0.53    0.53    0.00    0.00    0.00    0.00    0.00      1.49      0.12
    1929    0.00    0.06    0.32    0.42    0.16    0.01    0.01    0.00    0.00    0.00    0.00    0.00      0.98      0.08
    1930    0.00    0.01    0.02    4.52    4.63    0.29    0.43    0.26    0.00    0.00    0.00    0.00     10.18      0.85
    1931    0.02    0.18    0.16    0.00    0.67    0.98    0.30    0.00    0.00    0.00    0.00    0.00      2.31      0.19
    1932    0.00    0.04    0.24    0.23    0.05    0.01    0.00    0.00    0.00    0.00    0.00    0.00      0.57      0.05
    1933    0.00    0.01    0.86    2.17    2.06    0.76    0.05    0.07    0.03    0.00    0.00    0.00      6.02      0.50
    1934    0.00    1.77    1.80    0.03    0.16    0.32    0.18    0.03    0.00    0.00    0.00    0.00      4.29      0.36
    1935    0.00    0.00    0.06    1.24    2.22    6.34    5.29    0.00    0.00    0.00    0.00    0.00     15.15      1.26
    1936    0.00    0.84    0.84    2.29    3.93    1.66    0.02    0.00    0.00    0.00    0.00    0.00      9.58      0.80
    1937    0.00    0.00    0.53    0.66    0.40    0.27    0.00    0.00    0.00    0.00    0.00    0.00      1.85      0.15
    1938    0.00    0.00    0.42    2.39    2.77    1.13    0.32    0.00    0.00    0.00    0.00    0.00      7.05      0.59
    1939    0.06    0.10    0.04    0.05    0.06    1.24    1.25    0.03    0.00    0.00    0.00    0.00      2.82      0.23
    1940    0.00    0.00    0.13    4.38    5.39    1.14    0.00    0.00    0.00    0.00    0.00    0.00     11.04      0.92
    1941    0.00    0.00    0.00    0.01    0.61    0.98    0.46    0.08    0.00    0.00    0.00    0.00      2.14      0.18
    1942    0.08    0.08    2.25    2.29    0.03    0.01    3.41    3.41    0.00    0.00    0.02    0.02     11.59      0.97
    1943    0.00    0.34    1.76    1.60    3.11    2.93    0.00    0.00    0.13    0.13    0.00    0.00     10.00      0.83
    1944    0.05    0.06    0.01    0.15    0.15    5.27    5.26    0.00    0.00    0.00    0.00    0.00     10.95      0.91
    1945    0.00    0.02    0.02    1.14    1.19    1.14    1.08    0.00    0.00    0.00    0.00    0.00      4.59      0.38
    1946    0.00    0.00    0.00    0.00    0.02    0.11    0.18    0.09    0.00    0.00    0.00    0.00      0.41      0.03
    1947    0.00    0.02    0.33    0.50    0.26    2.75    2.68    0.01    0.00    0.00    0.00    0.00      6.55      0.55
    1948    0.02    0.20    0.17    0.09    0.09    0.05    0.04    0.00    0.00    0.00    0.00    0.00      0.66      0.06
    1949    0.00    0.00    0.72    0.72    0.53    0.72    0.89    1.61    0.92    0.00    0.05    0.05      6.21      0.52
    1950    0.00    0.00    7.65    7.79    0.16    0.05    0.05    0.03    0.01    0.00    0.00    0.00     15.74      1.31
    1951    0.38    0.38    0.00    0.01    0.23    0.22    0.00    0.00    0.00    0.00    0.00    0.00      1.22      0.10
    1952    0.00    0.01    0.09    0.08    1.24    1.24    0.06    0.06    0.00    0.00    0.00    0.00      2.78      0.23
    1953    0.00    0.02    0.02    0.08    0.39    0.34    0.03    0.00    0.00    0.00    0.00    0.00      0.88      0.07
    1954    0.00    0.00    0.48    1.31    1.00    0.17    0.00    0.00    0.00    0.00    0.00    0.00      2.95      0.25
    1955    0.00    0.01    0.91    0.91    4.34   18.39   14.06    0.00    0.00    0.00    0.00    0.00     38.62      3.22
    1956    0.00    0.04    0.13    0.33    0.30    0.07    0.01    0.00    0.04    0.04    0.00    0.46      1.41      0.12
    1957    0.52    0.06    0.42    2.83    2.57    0.19    0.06    0.03    0.00    0.00    0.00    0.00      6.67      0.56
    1958    0.00    0.01    0.93    1.34    0.54    0.11    0.00    0.01    0.00    0.00    0.00    0.00      2.94      0.24
    1959    0.00    0.01    0.03    0.07    0.35    0.33    0.06    0.04    0.00    0.00    0.00    0.00      0.89      0.07
    1960    0.00    0.04    0.38    0.34    0.15    0.87    1.92    1.19    0.00    0.01    0.01    0.00      4.91      0.41
    1961    0.00    2.09    2.09    0.00    0.01    0.09    0.08    0.00    0.00    0.00    0.00    0.00      4.37      0.36
    1962    0.00    1.71    1.78    3.97    3.91    0.10    0.16    0.07    0.00    0.00    0.00    0.00     11.70      0.98
    1963    0.00    1.82    1.84    0.02    0.00    0.13    0.13    0.00    0.00    0.00    0.00    0.00      3.95      0.33
    1964    0.05    0.05    0.04    0.33    0.30    0.01    0.00    0.00    0.00    0.00    0.00    0.00      0.76      0.06
    1965    0.00    0.04    0.04    0.39    0.85    0.47    0.00    0.00    0.00    0.00    0.00    0.00      1.79      0.15
    1966    0.00    0.00    0.01    7.24    7.50    0.30    0.75    0.73    0.01    0.00    0.00    0.00     16.55      1.38
    1967    0.00    0.05    0.05    0.00    0.00    1.44    1.50    0.19    0.13    0.00    0.00    0.00      3.37      0.28
    1968    0.00    0.00    0.17    0.17    0.36    0.42    0.08    0.05    0.03    0.00    0.00    0.00      1.28      0.11
    1969    0.00    0.00    0.00    0.12    0.14    0.01    0.00    0.00    0.00    0.00    0.00    0.00      0.28      0.02
    1970    0.00    0.00    0.51    3.48    3.04    0.07    0.03    0.03    0.00    0.00    0.00    0.00      7.16      0.60
    1971    0.02    0.02    0.18    8.93    9.00    6.28    6.03    0.00    0.00    0.00    0.00    0.00     30.45      2.54
    1972    0.00    0.00    0.00    0.00    0.58    0.59    0.11    0.10    0.00    0.00    0.00    0.21      1.59      0.13
    1973    0.21    0.11    0.85    3.07    3.46    4.62    3.58    0.09    0.00    0.00    0.00    0.00     16.01      1.33
    1974    0.00    0.26    0.29    5.75    7.30    3.32    1.86    0.12    0.00    0.00    0.00    0.00     18.89      1.57
    1975    0.00    0.01    2.68   24.73   23.17    1.79    0.70    0.03    0.00    0.00    0.00    0.00     53.12      4.43
    1976    0.57    0.57    0.10    1.38    1.87    2.26    1.66    0.00    0.00    0.00    0.00    0.01      8.43      0.70
    1977    0.01    0.65    0.66    0.71    0.76    0.81    1.25    0.50    0.00    0.00    0.00    0.00      5.36      0.45
    1978    0.00    0.00    0.00    0.40    0.43    0.04    0.00    0.00    0.00    0.00    0.12    0.12      1.11      0.09
    1979    0.00    0.17    0.17    0.08    0.23    0.15    0.00    0.00    0.00    0.00    0.00    0.00      0.80      0.07
    1980    0.00    2.81    2.83    1.59    1.92    0.39    0.05    0.00    0.00    0.00    0.00    0.00      9.58      0.80
    1981    0.00    0.05    0.83    0.82    0.03    0.03    0.18    0.15    0.00    0.00    0.00    0.00      2.08      0.17
    1982    0.10    0.10    0.00    0.20    0.20    0.00    0.00    0.00    0.00    0.00    0.00    0.00      0.60      0.05
    1983    0.00    0.00    0.27    0.27    0.00    0.11    0.11    0.00    0.00    0.00    0.00    0.00      0.76      0.06
    1984    0.12    0.12    0.00    0.03    0.14    0.11    0.00    0.00    0.00    0.00    0.00    0.00      0.53      0.04
    1985    0.02    0.02    0.11    0.40    0.29    0.00    0.00    0.00    0.00    0.00    0.00    0.00      0.84      0.07
    1986    0.29    1.60    1.31    0.00    0.11    0.12    0.01    0.00    0.00    0.00    0.00    0.24      3.67      0.31
    1987    0.24    0.00    0.12    0.12   46.22   47.46    1.37    0.12    0.00    0.00    0.00    0.00     95.66      7.97
    1988    0.31    0.31    0.32    1.78    3.14    1.69    0.06    0.04    0.00    0.00    0.00    0.00      7.66      0.64
    1989    0.00    0.00    0.00    0.02    0.20    0.35    0.56    0.39    0.00    0.00    0.00    0.00      1.52      0.13
    1990    0.00    0.00    0.02    5.73    5.74    0.65    0.71    0.08    0.00    0.00    0.00    0.00     12.94      1.08
    1991    0.08    0.08    0.00    0.01    0.01    0.00    0.00    0.00    0.00    0.00    0.00    0.00      0.18      0.01
    1992    0.00    0.02    0.02    0.02    0.97    0.95    0.00    0.00    0.00    0.00    0.00    0.00      1.98      0.16
    1993    0.35    0.35    0.04    0.63    0.72    0.13    0.01    0.00    0.00    0.00    0.00    0.00      2.23      0.19
    1994    0.00    0.00    0.00    0.38    0.38    1.18    1.18    0.00    0.00    0.00    0.00    0.00      3.12      0.26
    1995    0.00    0.01    2.39    2.72    1.01    0.69    0.11    0.10    0.01    0.00    0.00    0.00      7.04      0.59
    1996    0.00    0.31    0.74    0.88    0.45    1.02    1.31    0.30    0.00    0.00    0.00    0.00      5.02      0.42
    1997    0.05    0.07    0.08    0.98    1.35    0.88    0.45    0.00    0.00    0.00    0.00    0.00      3.85      0.32
    1998    0.00    0.27    1.21    1.05    0.11    0.00    0.00    0.59    0.59    0.00    0.00    0.00      3.82      0.32
    1999    0.00    0.00    1.81    4.29    2.49    0.67    0.66    0.00    0.00    0.00    0.00    0.00      9.92      0.83
    2000    0.00    0.19    0.27    0.09    0.02    0.16    1.42    1.28    0.00    0.00    0.00    0.01      3.44      0.29
    2001    0.10    0.19    0.34    1.52    1.32    0.03    0.00    0.00    0.00    0.00    0.00    0.00      3.51      0.29
    2002    0.03    0.03    0.29    0.65    0.55    0.20    0.01    0.00    0.00    0.00    0.00    0.00      1.76      0.15
    2003    0.00    0.01    0.03    0.48    0.49    0.09    0.06    0.00    0.00    0.00    0.00    0.00      1.15      0.10
    2004    0.00    0.00    0.30    1.72    1.43    0.27    0.29    0.02    0.00    0.00    0.00    0.00      4.04      0.34
    2005    0.00    0.05    0.08    0.38   50.66   53.03    2.80    0.06    0.00    0.00    0.00    0.00    107.05      8.92
    2006    0.00    0.02    0.03    0.02    0.00    0.00    0.00    0.00    0.00    0.00    0.00    0.07      0.15      0.01
    2007    0.24    0.18    0.05    2.79    2.76    0.26    0.25    0.10    0.10    0.00    0.00    0.00      6.74      0.56
    2008    0.00    0.28    0.28    1.40    1.51    0.15    0.04    0.00    0.00    0.00    0.00    0.00      3.66      0.31
    2009    0.08    0.08    0.00    4.03    4.09    0.07    0.05    0.04    0.00    0.00    0.00    0.00      8.44      0.70
  
 AVERAGE    0.04    0.22    0.54    1.55    2.64    2.19    0.86    0.14    0.02    0.00    0.00    0.01      8.22      0.69
