    1920    2.92    0.99    0.08    0.08    0.62   26.69    9.72    0.86    0.46    0.41    0.31    0.23     43.39      3.62
    1921    0.19    2.36   16.66    9.93    1.98    0.34    0.26    0.24    0.31    0.30    0.21    0.15     32.92      2.74
    1922    0.15    3.07    1.30    1.63    8.80    3.35    0.71    0.65    0.59    0.52    0.31    0.16     21.25      1.77
    1923    0.14    0.30    0.14    2.45    1.16   39.15   13.24    0.41    0.34    0.29    0.25    0.42     58.28      4.86
    1924    0.86    4.96    6.96    3.21    0.90   93.97   47.17    7.18    1.39    0.88    0.72    0.64    168.85     14.07
    1925    0.58    0.46    0.38    0.34    0.79    4.53    2.02    0.33    0.25    0.21    0.18    0.17     10.24      0.85
    1926    0.29    0.55    0.80    0.47    0.68    4.98    2.10    0.19    0.13    0.13    0.15    0.09     10.56      0.88
    1927    0.11    0.09    3.61   10.98    3.71    1.54    0.89    0.28    0.17    0.15    0.13    0.11     21.76      1.81
    1928    0.30    0.76    0.66    1.74    0.66    3.83    1.76    0.33    0.65    1.02    0.63    2.66     15.00      1.25
    1929    1.38    0.87    5.30    2.26    0.30    1.92    1.61    0.79    0.30    0.18    0.16    0.13     15.19      1.27
    1930    0.11    0.10    0.64    1.82    1.37    1.96   28.85   10.01    0.43    0.49    0.42    0.28     46.47      3.87
    1931    0.29    5.10    1.93    0.23    2.31    1.92    0.55    0.19    0.16    0.13    0.11    0.10     13.01      1.08
    1932    0.09    0.09    1.07    0.39    0.06    0.35    0.30    0.13    0.05    0.04    0.03    0.02      2.62      0.22
    1933    0.02   26.70   10.53   83.84   28.26    1.46    1.14    2.49    1.82    0.99    0.75    0.47    158.47     13.21
    1934    0.47    5.45    2.23    0.48    0.72    1.63    1.61    0.93    0.48    0.28    0.21    0.17     14.67      1.22
    1935    0.15    3.31    2.76    1.44    0.93    5.12    2.28    0.58    0.40    0.20    0.15    0.13     17.45      1.45
    1936    0.14   25.28    9.45   13.42    7.93    2.18    0.57    0.40    0.34    0.30    0.26    0.22     60.48      5.04
    1937    0.19    0.16    0.50    5.11    9.71    3.07    0.72    0.48    0.29    0.25    0.21    0.15     20.84      1.74
    1938    1.95    0.84    0.26    6.62   10.45    3.20    0.26    0.27    0.24    0.22    0.47    0.28     25.05      2.09
    1939    2.51    3.48    1.06    0.14    0.92    1.97    1.52    0.80    0.39    0.22    0.13    0.18     13.33      1.11
    1940    0.13    2.29    1.12    2.88    7.06    2.50    1.08    0.60    0.19    0.17    0.14    0.13     18.29      1.52
    1941    0.84    0.37    0.07    3.31    4.59    6.63    3.16    0.91    0.38    0.27    0.38    0.31     21.23      1.77
    1942    0.64    4.63    3.44    2.62    0.75    1.00   34.09   28.33    7.01    2.12    3.64    1.59     89.87      7.49
    1943    5.63   63.42   28.08    2.94    6.24    3.71    0.80    0.64    0.96    0.93    0.48    0.43    114.27      9.52
    1944    0.52    1.32    0.44    0.58    2.44    4.22    1.63    0.26    0.20    0.17    0.14    0.12     12.04      1.00
    1945    0.10    0.10    0.08   20.36    7.61    7.92    3.31    0.87    0.61    0.33    0.25    0.21     41.74      3.48
    1946    1.27    0.82    0.24    0.95    1.74    1.32    6.69    3.07    0.47    0.26    0.20    0.19     17.20      1.43
    1947    0.81    0.52    7.04    3.03    0.35   59.27   21.73    1.65    0.60    0.47    0.40    0.34     96.19      8.02
    1948    0.31    0.29    0.19    1.86    0.73    0.71    0.36    0.16    0.15    0.12    0.09    0.07      5.03      0.42
    1949    0.13    0.44    2.61    1.03    0.66    3.97   42.05   23.74    4.70    0.96    1.07    0.57     81.92      6.83
    1950    0.39    0.34    3.39    2.74    0.87    0.80    0.99    0.58    0.25    0.17    0.15    0.12     10.78      0.90
    1951    0.82    0.34    0.07    0.53    1.25    0.55    0.12    0.06    0.05    0.09    0.09    0.05      4.04      0.34
    1952    0.07    1.12    2.23    0.71   26.32    9.65   15.74    6.10    0.55    0.41    0.36    0.30     63.57      5.30
    1953    0.44    1.56    1.22    1.26    4.22   22.19    7.47    0.52    0.44    0.34    0.28    0.23     40.17      3.35
    1954    0.19    0.17    0.20   28.76   13.39    1.88    1.15    0.91    0.58    0.46    0.29    0.22     48.20      4.02
    1955    0.20    0.60    0.90    0.31    6.67   26.89    8.74    0.71    0.51    0.35    0.29    0.25     46.41      3.87
    1956    1.13    0.67    8.42    8.07    2.39    0.80    0.70    0.38    0.35    0.43    0.42   24.33     48.10      4.01
    1957   45.42   12.99    1.33    6.52    2.27    0.62    0.85    1.25    0.78    0.37    0.28    0.26     72.96      6.08
    1958    0.25    0.32    3.35    2.79    0.81    0.35    1.29    2.05    1.38    0.92    0.53    0.20     14.24      1.19
    1959    0.29    0.58    7.09    3.00    1.27    5.10    3.44    1.20    0.40    0.33    0.33    0.24     23.27      1.94
    1960    0.33    0.43    1.44    1.14    0.32    1.07    3.07    2.59    2.67    2.01    0.74    0.27     16.08      1.34
    1961    0.21    2.68    1.13    0.19   20.81    8.87    1.45    0.57    0.32    0.26    0.22    0.19     36.88      3.07
    1962    0.17    4.00    1.60    5.91    2.36    1.15    2.23    1.67    0.82    0.52    0.27    0.17     20.88      1.74
    1963    0.18   11.70    4.29    0.21    0.20   12.93    5.41    0.69    0.58    0.48    0.26    0.19     37.13      3.09
    1964   11.59    4.78    2.02    2.25    0.61    0.18    0.65    0.41    0.18    0.23    0.18    0.10     23.19      1.93
    1965    0.09    0.25    0.09   12.20    6.60    1.21    0.23    0.16    0.15    0.13    0.11    0.09     21.29      1.77
    1966    0.08    0.34    2.78   67.54   50.78   10.81   17.66    7.98    1.58    0.81    0.62    0.52    161.51     13.46
    1967    0.80    0.95    0.37    0.31    0.24    0.62    1.25    2.40    1.67    0.52    0.36    0.22      9.71      0.81
    1968    0.20    0.15    1.71    0.64    0.23    4.13    3.64   14.91    5.92    0.59    0.41    0.31     32.85      2.74
    1969    2.26    0.89    0.25    1.12    0.45    0.14    0.13    0.13    0.14    0.22    0.17    0.13      6.02      0.50
    1970    0.45    0.24    7.23    5.16    1.58    0.40    0.36    0.57    0.35    0.14    0.09    0.07     16.67      1.39
    1971    0.07    0.07    0.57    2.89   24.65   15.84    3.63    0.63    0.50    0.39    0.30    0.24     49.79      4.15
    1972    0.28    0.27    0.14    0.12    4.73    1.93    0.41    0.22    0.12    0.10    0.16    0.38      8.85      0.74
    1973    0.20    0.24    0.36   35.90   13.18    1.60    0.89    0.47    0.28    0.23    0.20    0.17     53.73      4.48
    1974    0.14   13.62    4.90   11.87   16.22    6.19    1.13    0.76    0.63    0.47    0.35    0.37     56.66      4.72
    1975    0.30    3.34    8.54   14.60   19.97   10.42    3.19    1.32    0.87    0.60    0.44    0.42     64.03      5.34
    1976    3.78    1.75    0.79    1.00    0.62    3.64    1.65    0.25    0.19    0.16    0.14    0.48     14.45      1.20
    1977    0.42    0.16    0.13    6.02    3.86   11.26   32.76   10.41    0.62    0.51    0.44    0.42     66.99      5.58
    1978    0.39    0.26    1.35    2.21    0.79    0.23    0.19    0.21    0.17    0.27    1.07    0.72      7.85      0.65
    1979    0.59    1.51    0.93    0.36    1.98    1.08    0.24    0.10    0.07    0.06    0.05    2.09      9.07      0.76
    1980    0.93    3.96    1.48    7.96   10.35    3.93    0.73    0.39    0.37    0.27    0.86    0.53     31.76      2.65
    1981    0.17    0.18    5.57    2.13    0.20    0.21   13.18    5.10    0.37    0.38    0.25    0.20     27.93      2.33
    1982    1.50    1.64    0.45    0.12    0.10    0.10    0.11    0.11    0.11    0.26    0.22    0.05      4.78      0.40
    1983    0.12    5.67    2.41    0.59    0.17    0.46    0.32    0.31    0.21    0.08    0.09    0.06     10.50      0.87
    1984    0.49    0.36    0.11    0.27    3.16    1.71    0.37    0.08    0.08    0.07    0.05    0.04      6.79      0.57
    1985    1.05    0.48    2.30    1.11    0.17    0.26    0.99    0.62    0.25    0.15    0.14    0.13      7.64      0.64
    1986    2.34    2.34    0.75    0.08    1.42    1.08    0.72    0.34    0.09    0.08    0.17   44.90     54.32      4.53
    1987   15.11    4.37    1.73    0.30   40.76   36.38   25.14    7.08    1.28    0.99    0.76    0.73    134.62     11.22
    1988   16.86    7.00    1.51    4.40   33.07   11.61    1.02    0.94    0.82    0.59    0.46    0.38     78.69      6.56
    1989    0.34    1.71    0.68    1.10    2.17    4.68   10.44    4.02    0.68    0.50    0.36    0.27     26.95      2.25
    1990    0.23    0.18    0.32   36.00   15.71   35.39   11.91    0.63    0.55    0.49    0.42    0.45    102.28      8.52
    1991    7.46    3.06    0.91    0.27    0.23    0.19    0.17    0.14    0.12    0.11    0.13    0.11     12.91      1.08
    1992    0.11    2.57    1.01    0.13    3.64    1.61    0.28    0.14    0.09    0.07    0.06    0.05      9.77      0.81
    1993    7.95    3.07    0.82    1.13    3.02    1.89    0.58    0.16    0.12    0.10    0.09    0.07     18.98      1.58
    1994    0.06    0.06    0.05    0.97    0.61    2.95    1.46    0.36    0.15    0.09    0.07    0.06      6.89      0.57
    1995    0.36    0.83   10.39    6.43   31.29   10.86    2.58    2.12    0.98    0.93    0.73    0.43     67.93      5.66
    1996    3.98    7.58    2.77    2.33    0.85    4.20    7.40    4.25    1.73    1.07    0.70    0.42     37.27      3.11
    1997    0.40    1.14    0.46    6.79    3.74   49.77   16.61    0.53    0.45    0.40    0.35    0.31     80.95      6.75
    1998    0.34    5.01    4.12    2.25    0.64    0.37    0.22    0.26    0.23    0.14    0.11    0.09     13.77      1.15
    1999    0.09    0.08    7.89    4.40    1.60    2.33    1.09    0.49    0.34    0.17    0.12    0.15     18.76      1.56
    2000    0.27    0.44    3.97    1.50    0.42    3.21    7.91    3.37    0.79    0.48    0.41    0.27     23.04      1.92
    2001    4.12    7.29   22.38    7.55    0.48    0.44    0.46    0.74    0.68    0.34    0.50    0.41     45.39      3.78
    2002    0.21    0.14    3.54    2.04    1.89    3.86    1.61    0.22    0.16    0.14    0.12    0.11     14.05      1.17
    2003    0.09    0.27    0.13    2.36    1.52    2.72    1.30    0.22    0.13    0.12    0.09    0.09      9.04      0.75
    2004    0.08    0.06    0.31   12.49    5.23    0.77    1.13    0.87    0.34    0.18    0.14    0.12     21.72      1.81
    2005    0.34    0.76    0.24   16.76   29.89    9.12    0.78    0.60    0.42    0.32    0.45    0.35     60.05      5.00
    2006    0.34    4.81    3.69    0.82    0.18    0.16    0.22    0.17    0.19    0.18    0.09    0.38     11.24      0.94
    2007    6.60    2.89    0.52    0.69    1.60    2.38    0.99    0.47    0.66    0.35    0.14    0.10     17.39      1.45
    2008    0.08    0.63    0.40    4.02   15.54    5.27    0.32    0.31    0.51    0.50    0.25    0.15     27.98      2.33
    2009    3.07    2.38    1.30   48.91   18.24    1.34    0.95    0.67    0.39    0.32    0.27    0.23     78.08      6.51
  
 AVERAGE    1.89    3.29    2.90    6.54    6.36    7.29    5.15    2.04    0.68    0.39    0.34    1.07     37.94      3.16
