    1920    2.72    0.93    0.08    0.08    0.58   24.89    9.07    0.84    0.45    0.40    0.31    0.23     40.59      3.38
    1921    0.20    2.22   15.54    9.28    1.85    0.35    0.27    0.25    0.31    0.30    0.22    0.16     30.93      2.58
    1922    0.16    2.88    1.23    1.54    8.22    3.15    0.67    0.62    0.57    0.50    0.30    0.16     19.99      1.67
    1923    0.14    0.28    0.13    2.30    1.09   36.50   12.36    0.41    0.33    0.29    0.25    0.39     54.47      4.54
    1924    0.80    4.65    6.52    3.03    0.84   87.60   43.99    6.69    1.37    0.87    0.71    0.64    157.69     13.14
    1925    0.58    0.48    0.41    0.37    0.74    4.27    1.88    0.35    0.27    0.23    0.20    0.19      9.98      0.83
    1926    0.30    0.51    0.75    0.44    0.64    4.66    1.98    0.18    0.14    0.13    0.15    0.10      9.97      0.83
    1927    0.11    0.10    3.37   10.24    3.47    1.43    0.83    0.27    0.17    0.14    0.13    0.11     20.39      1.70
    1928    0.28    0.71    0.61    1.63    0.62    3.58    1.65    0.31    0.61    0.96    0.58    2.49     14.04      1.17
    1929    1.29    0.81    4.94    2.11    0.28    1.80    1.51    0.74    0.29    0.18    0.16    0.12     14.22      1.18
    1930    0.11    0.10    0.59    1.71    1.28    1.84   26.90    9.36    0.43    0.47    0.40    0.27     43.47      3.62
    1931    0.29    4.77    1.80    0.24    2.17    1.81    0.51    0.19    0.16    0.13    0.11    0.10     12.29      1.02
    1932    0.09    0.10    1.01    0.37    0.06    0.32    0.28    0.12    0.05    0.04    0.03    0.02      2.51      0.21
    1933    0.02   24.89    9.83   78.17   26.36    1.37    1.08    2.32    1.69    0.95    0.71    0.45    147.82     12.32
    1934    0.45    5.09    2.08    0.45    0.67    1.52    1.50    0.87    0.47    0.28    0.21    0.17     13.78      1.15
    1935    0.16    3.10    2.59    1.35    0.86    4.78    2.15    0.56    0.39    0.20    0.15    0.13     16.41      1.37
    1936    0.14   23.57    8.82   12.52    7.41    2.03    0.55    0.39    0.33    0.29    0.26    0.22     56.53      4.71
    1937    0.20    0.16    0.47    4.78    9.07    2.89    0.67    0.46    0.28    0.24    0.21    0.15     19.58      1.63
    1938    1.83    0.78    0.24    6.18    9.75    3.01    0.26    0.26    0.23    0.22    0.45    0.26     23.48      1.96
    1939    2.35    3.25    0.99    0.14    0.86    1.85    1.43    0.75    0.38    0.22    0.13    0.18     12.54      1.04
    1940    0.13    2.14    1.05    2.69    6.59    2.35    1.01    0.56    0.19    0.16    0.14    0.13     17.14      1.43
    1941    0.79    0.34    0.08    3.10    4.29    6.20    2.99    0.84    0.37    0.26    0.36    0.30     19.91      1.66
    1942    0.60    4.33    3.23    2.46    0.70    0.93   31.78   26.43    6.57    1.93    3.33    1.48     83.78      6.98
    1943    5.25   59.13   26.17    2.74    5.82    3.46    0.75    0.61    0.91    0.88    0.47    0.42    106.60      8.88
    1944    0.50    1.23    0.41    0.54    2.30    3.96    1.52    0.27    0.21    0.18    0.15    0.13     11.41      0.95
    1945    0.11    0.11    0.09   18.99    7.11    7.41    3.10    0.84    0.58    0.32    0.25    0.21     39.11      3.26
    1946    1.18    0.76    0.23    0.88    1.64    1.25    6.25    2.89    0.43    0.26    0.20    0.19     16.16      1.35
    1947    0.75    0.49    6.57    2.84    0.33   55.25   20.27    1.54    0.58    0.45    0.38    0.33     89.79      7.48
    1948    0.30    0.29    0.20    1.76    0.68    0.66    0.34    0.17    0.15    0.13    0.10    0.08      4.85      0.40
    1949    0.12    0.41    2.44    0.97    0.62    3.71   39.21   22.15    4.38    0.90    1.00    0.54     76.43      6.37
    1950    0.37    0.34    3.18    2.57    0.81    0.75    0.92    0.54    0.25    0.18    0.15    0.13     10.18      0.85
    1951    0.76    0.32    0.08    0.50    1.18    0.52    0.12    0.07    0.05    0.09    0.09    0.06      3.84      0.32
    1952    0.07    1.05    2.08    0.67   24.54    9.00   14.69    5.72    0.54    0.40    0.35    0.30     59.42      4.95
    1953    0.41    1.46    1.14    1.17    3.96   20.70    7.00    0.51    0.43    0.33    0.28    0.24     37.63      3.14
    1954    0.20    0.18    0.19   26.82   12.50    1.75    1.08    0.86    0.56    0.44    0.28    0.22     45.08      3.76
    1955    0.20    0.56    0.84    0.29    6.23   25.07    8.18    0.69    0.50    0.35    0.29    0.25     43.44      3.62
    1956    1.05    0.63    7.87    7.54    2.23    0.75    0.67    0.37    0.34    0.41    0.40   22.69     44.95      3.75
    1957   42.35   12.15    1.24    6.08    2.12    0.59    0.81    1.18    0.74    0.37    0.28    0.26     68.18      5.68
    1958    0.25    0.30    3.14    2.62    0.76    0.33    1.20    1.94    1.29    0.86    0.50    0.20     13.37      1.11
    1959    0.27    0.54    6.63    2.82    1.19    4.77    3.23    1.11    0.39    0.32    0.32    0.24     21.83      1.82
    1960    0.31    0.40    1.35    1.07    0.30    1.01    2.88    2.45    2.51    1.87    0.69    0.25     15.09      1.26
    1961    0.20    2.50    1.05    0.19   19.40    8.28    1.35    0.55    0.32    0.26    0.22    0.19     34.51      2.88
    1962    0.17    3.75    1.51    5.52    2.22    1.07    2.10    1.56    0.76    0.50    0.27    0.17     19.60      1.63
    1963    0.18   10.92    4.02    0.22    0.20   12.06    5.06    0.64    0.57    0.46    0.25    0.19     34.79      2.90
    1964   10.82    4.47    1.88    2.10    0.57    0.19    0.61    0.38    0.18    0.23    0.18    0.10     21.72      1.81
    1965    0.09    0.23    0.09   11.38    6.16    1.13    0.23    0.16    0.15    0.13    0.11    0.09     19.95      1.66
    1966    0.08    0.31    2.60   62.97   47.35   10.13   16.49    7.44    1.47    0.75    0.58    0.50    150.67     12.56
    1967    0.74    0.88    0.37    0.32    0.25    0.57    1.17    2.28    1.55    0.49    0.36    0.22      9.20      0.77
    1968    0.21    0.16    1.61    0.59    0.22    3.86    3.42   13.93    5.53    0.56    0.39    0.30     30.77      2.56
    1969    2.10    0.83    0.23    1.04    0.42    0.15    0.13    0.13    0.14    0.22    0.17    0.13      5.71      0.48
    1970    0.42    0.23    6.75    4.82    1.49    0.37    0.35    0.54    0.33    0.14    0.10    0.08     15.61      1.30
    1971    0.08    0.07    0.54    2.70   22.98   14.79    3.39    0.62    0.49    0.38    0.29    0.24     46.56      3.88
    1972    0.26    0.27    0.15    0.13    4.42    1.82    0.38    0.22    0.12    0.11    0.16    0.36      8.41      0.70
    1973    0.19    0.22    0.33   33.47   12.30    1.49    0.83    0.45    0.27    0.22    0.20    0.17     50.16      4.18
    1974    0.15   12.71    4.59   11.08   15.14    5.81    1.05    0.73    0.60    0.45    0.34    0.36     52.99      4.42
    1975    0.30    3.13    7.98   13.63   18.64    9.74    2.97    1.23    0.82    0.56    0.42    0.40     59.83      4.99
    1976    3.52    1.64    0.74    0.93    0.57    3.42    1.53    0.26    0.20    0.17    0.15    0.45     13.57      1.13
    1977    0.39    0.16    0.12    5.63    3.61   10.51   30.55    9.73    0.58    0.49    0.42    0.40     62.59      5.22
    1978    0.38    0.27    1.26    2.08    0.74    0.24    0.20    0.21    0.17    0.26    1.01    0.67      7.49      0.62
    1979    0.55    1.42    0.87    0.34    1.86    1.02    0.23    0.10    0.08    0.06    0.06    1.95      8.53      0.71
    1980    0.88    3.70    1.39    7.43    9.66    3.69    0.68    0.38    0.35    0.26    0.80    0.49     29.71      2.48
    1981    0.17    0.18    5.20    2.00    0.20    0.21   12.30    4.77    0.37    0.37    0.24    0.20     26.21      2.18
    1982    1.40    1.55    0.42    0.13    0.11    0.10    0.11    0.12    0.11    0.26    0.20    0.05      4.56      0.38
    1983    0.11    5.30    2.26    0.55    0.15    0.43    0.30    0.30    0.20    0.08    0.09    0.06      9.82      0.82
    1984    0.46    0.34    0.11    0.25    2.95    1.60    0.35    0.08    0.08    0.07    0.05    0.04      6.38      0.53
    1985    0.99    0.45    2.15    1.04    0.16    0.24    0.93    0.58    0.24    0.14    0.13    0.12      7.17      0.60
    1986    2.18    2.18    0.70    0.08    1.33    1.02    0.67    0.32    0.09    0.08    0.16   41.86     50.69      4.22
    1987   14.10    4.11    1.61    0.30   38.01   33.92   23.48    6.60    1.21    0.93    0.71    0.69    125.66     10.47
    1988   15.73    6.53    1.41    4.10   30.84   10.86    0.99    0.90    0.79    0.58    0.46    0.39     73.58      6.13
    1989    0.35    1.59    0.63    1.03    2.04    4.39    9.77    3.77    0.64    0.47    0.35    0.27     25.31      2.11
    1990    0.22    0.18    0.30   33.57   14.66   33.00   11.12    0.61    0.53    0.48    0.41    0.44     95.54      7.96
    1991    6.98    2.86    0.85    0.27    0.24    0.21    0.19    0.16    0.14    0.12    0.14    0.12     12.28      1.02
    1992    0.12    2.41    0.96    0.12    3.41    1.52    0.26    0.14    0.09    0.07    0.07    0.06      9.22      0.77
    1993    7.42    2.87    0.76    1.06    2.83    1.77    0.54    0.17    0.12    0.10    0.09    0.07     17.79      1.48
    1994    0.06    0.06    0.06    0.91    0.58    2.76    1.37    0.34    0.15    0.09    0.07    0.06      6.50      0.54
    1995    0.33    0.78    9.69    6.01   29.18   10.15    2.40    1.98    0.93    0.88    0.69    0.41     63.42      5.29
    1996    3.72    7.08    2.59    2.17    0.79    3.94    6.92    3.96    1.61    1.00    0.65    0.40     34.83      2.90
    1997    0.38    1.06    0.43    6.34    3.51   46.41   15.51    0.52    0.45    0.40    0.35    0.31     75.67      6.31
    1998    0.34    4.70    3.87    2.09    0.60    0.37    0.23    0.26    0.24    0.15    0.12    0.10     13.07      1.09
    1999    0.10    0.09    7.37    4.12    1.51    2.19    1.02    0.47    0.32    0.17    0.12    0.15     17.63      1.47
    2000    0.26    0.41    3.71    1.41    0.40    3.00    7.39    3.18    0.77    0.47    0.39    0.26     21.65      1.80
    2001    3.86    6.81   20.87    7.07    0.47    0.43    0.45    0.71    0.65    0.33    0.48    0.40     42.53      3.54
    2002    0.21    0.15    3.31    1.92    1.78    3.62    1.50    0.22    0.17    0.14    0.12    0.12     13.27      1.11
    2003    0.10    0.25    0.12    2.20    1.42    2.55    1.23    0.21    0.13    0.12    0.09    0.09      8.51      0.71
    2004    0.09    0.06    0.29   11.65    4.89    0.72    1.05    0.81    0.32    0.18    0.14    0.12     20.30      1.69
    2005    0.32    0.71    0.23   15.63   27.87    8.53    0.76    0.57    0.40    0.32    0.44    0.35     56.13      4.68
    2006    0.32    4.50    3.46    0.77    0.19    0.17    0.22    0.18    0.19    0.18    0.10    0.35     10.64      0.89
    2007    6.17    2.71    0.48    0.65    1.50    2.24    0.93    0.45    0.63    0.33    0.14    0.10     16.31      1.36
    2008    0.09    0.59    0.37    3.75   14.49    4.93    0.32    0.30    0.49    0.48    0.24    0.15     26.20      2.18
    2009    2.87    2.23    1.22   45.60   17.02    1.25    0.91    0.64    0.38    0.31    0.27    0.23     72.92      6.08
  
 AVERAGE    1.77    3.08    2.71    6.10    5.93    6.81    4.82    1.92    0.64    0.38    0.33    1.01     35.50      2.96
