    1920    0.18    0.07    0.02    0.01    1.15    1.10    0.32    0.08    0.06    0.03    0.03    0.02      3.08      0.26
    1921    0.02    0.83   16.36    6.17    0.33    0.06    0.06    0.05    0.06    0.06    0.05    0.04     24.09      2.01
    1922    0.04    3.79    1.31    0.97    0.95    0.25    0.06    0.06    0.05    0.05    0.04    0.03      7.61      0.63
    1923    0.03    0.20    0.08    0.60    0.23    7.33    2.59    0.10    0.06    0.05    0.04    0.12     11.42      0.95
    1924    0.07    0.13    0.48    0.35    0.09   23.55    8.35    0.55    0.31    0.16    0.11    0.09     34.24      2.85
    1925    0.08    0.08    0.08    0.08    0.29    1.14    0.42    0.11    0.09    0.09    0.08    0.08      2.64      0.22
    1926    0.08    0.08    0.10    0.54    0.23    2.95    1.12    0.10    0.07    0.06    0.06    0.05      5.43      0.45
    1927    0.05    0.04    0.25    1.83    0.70    0.66    0.29    0.08    0.05    0.04    0.04    0.03      4.06      0.34
    1928    0.07    0.05    0.04    0.21    0.08    0.94    0.37    0.06    0.08    0.14    0.16    1.10      3.31      0.28
    1929    0.47    0.29    0.61    0.99    0.31    0.23    0.14    0.08    0.06    0.04    0.04    0.04      3.29      0.27
    1930    0.04    0.04    0.06    0.74    0.65    0.25    4.43    1.74    0.16    0.09    0.06    0.05      8.30      0.69
    1931    0.33    2.87    1.00    0.06    0.52    0.40    0.11    0.06    0.05    0.05    0.05    0.05      5.54      0.46
    1932    0.05    0.05    1.79    0.63    0.04    0.05    0.06    0.05    0.03    0.03    0.03    0.02      2.82      0.24
    1933    0.02    8.30    3.09   16.82    5.88    0.39    0.18    0.53    0.35    0.22    0.15    0.08     36.01      3.00
    1934    0.24    2.07    0.72    0.08    0.09    0.92    0.78    0.31    0.17    0.12    0.09    0.08      5.68      0.47
    1935    0.08    0.57    0.69    1.15    0.79    2.46    0.95    0.23    0.16    0.11    0.08    0.07      7.32      0.61
    1936    0.07    8.91    3.08    2.45    1.04    0.15    0.11    0.09    0.08    0.07    0.07    0.07     16.17      1.35
    1937    0.06    0.06    0.06    1.10    0.89    0.21    0.09    0.08    0.07    0.06    0.05    0.04      2.74      0.23
    1938    0.36    0.14    0.04    1.92    2.69    0.80    0.06    0.05    0.04    0.05    0.07    0.04      6.24      0.52
    1939    0.59    1.28    0.40    0.03    0.04    0.20    0.12    0.07    0.05    0.04    0.03    0.02      2.87      0.24
    1940    0.02    0.62    0.50    2.22    3.17    0.91    0.08    0.06    0.04    0.03    0.03    0.03      7.71      0.64
    1941    0.03    0.03    0.02    0.51    0.25    1.32    0.58    0.11    0.05    0.03    0.07    0.05      3.04      0.25
    1942    0.34    0.64    5.28    1.77    0.05    0.59    5.34    3.20    1.04    0.46    0.43    0.28     19.43      1.62
    1943    0.21    4.67    4.30    0.96    5.24    2.34    0.29    0.25    0.28    0.29    0.26    0.25     19.34      1.61
    1944    0.31    0.40    0.22    0.81    0.77    2.82    1.00    0.21    0.19    0.17    0.16    0.15      7.22      0.60
    1945    0.14    0.13    0.13   15.47    5.25    1.92    0.74    0.20    0.16    0.13    0.12    0.11     24.50      2.04
    1946    0.11    0.11    0.09    0.09    0.09    0.09    0.20    0.13    0.09    0.07    0.06    0.06      1.19      0.10
    1947    0.06    0.06    1.95    1.29    0.24   18.68    6.56    0.31    0.16    0.11    0.08    0.07     29.58      2.46
    1948    0.07    0.07    0.06    0.06    0.06    0.07    0.07    0.06    0.06    0.06    0.05    0.05      0.75      0.06
    1949    0.05    0.05    1.78    0.93    0.20    0.84    0.68    0.67    0.43    0.19    0.16    0.09      6.08      0.51
    1950    0.05    0.05    3.60    1.44    0.11    0.76    0.67    0.28    0.15    0.11    0.09    0.07      7.38      0.61
    1951    0.07    0.07    0.06    0.06    0.44    0.17    0.07    0.05    0.05    0.05    0.05    0.04      1.18      0.10
    1952    0.14    0.29    2.36    0.83    5.44    1.93    0.33    0.18    0.08    0.05    0.05    0.04     11.71      0.98
    1953    0.05    0.27    0.18    0.26    7.04    3.85    0.67    0.12    0.09    0.07    0.06    0.05     12.71      1.06
    1954    0.05    0.05    0.13   12.27    5.07    0.43    0.24    0.20    0.17    0.12    0.08    0.07     18.88      1.57
    1955    0.06    0.06    1.73    0.60    5.87    6.01    1.57    0.15    0.11    0.09    0.08    0.07     16.41      1.37
    1956    0.39    0.34    1.83    4.43    1.38    0.32    0.16    0.10    0.11    0.14    0.13    2.23     11.56      0.96
    1957    1.84    0.49    1.66    8.48    2.76    0.12    0.13    0.14    0.12    0.10    0.09    0.08     16.02      1.33
    1958    0.08    0.08    1.08    0.81    0.18    0.09    0.10    0.15    0.12    0.11    0.09    0.05      2.94      0.24
    1959    0.06    0.06    0.48    0.18    0.41    2.04    1.36    0.42    0.12    0.09    0.09    0.06      5.36      0.45
    1960    0.05    0.05    1.19    0.47    0.06    0.06    1.92    0.85    0.29    0.27    0.15    0.07      5.43      0.45
    1961    0.05    1.57    0.55    0.06    0.41    1.29    0.65    0.19    0.09    0.07    0.06    0.06      5.05      0.42
    1962    0.05    0.27    0.15    3.44    1.23    0.55    0.39    0.19    0.15    0.12    0.07    0.05      6.67      0.56
    1963    0.05    2.92    1.03    0.05    0.05    0.56    0.22    0.06    0.05    0.05    0.04    0.04      5.11      0.43
    1964    0.68    0.25    0.11    1.22    0.43    0.03    0.03    0.03    0.03    0.03    0.03    0.02      2.89      0.24
    1965    0.02    0.02    0.02    2.32    2.10    0.51    0.03    0.02    0.02    0.02    0.02    0.02      5.13      0.43
    1966    0.02    0.02    0.54   24.26    9.87    1.57    1.78    0.94    0.39    0.18    0.11    0.09     39.75      3.31
    1967    0.09    0.10    0.09    0.09    0.09    0.34    0.36    0.33    0.27    0.16    0.12    0.10      2.13      0.18
    1968    0.09    0.09    0.09    0.07    0.07    0.14    0.13    1.36    0.71    0.19    0.11    0.07      3.13      0.26
    1969    0.45    0.17    0.06    0.09    0.06    0.06    0.06    0.06    0.07    0.07    0.06    0.05      1.26      0.10
    1970    0.05    0.06    0.66    2.38    0.81    0.08    0.09    0.11    0.08    0.05    0.03    0.03      4.42      0.37
    1971    0.03    0.03    1.19    1.41    3.48    3.94    1.19    0.14    0.09    0.07    0.05    0.05     11.65      0.97
    1972    0.05    0.04    0.04    0.04    3.57    1.28    0.10    0.08    0.06    0.05    0.05    0.22      5.56      0.46
    1973    0.10    0.20    0.11   13.61    4.83    0.88    0.82    0.34    0.12    0.08    0.07    0.06     21.21      1.77
    1974    0.06   10.27    3.59    1.84    1.22    0.45    0.15    0.12    0.11    0.09    0.08    0.07     18.04      1.50
    1975    0.07    0.45    1.30   12.45    7.48    1.89    0.39    0.20    0.16    0.12    0.10    0.09     24.71      2.06
    1976    1.25    0.48    0.38    0.25    0.10    1.13    0.43    0.10    0.08    0.07    0.07    0.23      4.57      0.38
    1977    0.10    0.07    0.06    0.06    0.14    0.45    1.87    0.78    0.12    0.07    0.06    0.05      3.82      0.32
    1978    0.05    0.04    0.22    0.28    0.16    0.05    0.04    0.04    0.04    0.04    0.07    0.06      1.09      0.09
    1979    0.05    0.22    0.15    0.04    0.78    0.34    0.05    0.03    0.02    0.02    0.02    1.54      3.25      0.27
    1980    0.57    2.51    0.88    4.22    2.30    0.51    0.12    0.07    0.05    0.04    0.05    0.06     11.38      0.95
    1981    0.05    0.07    2.20    0.77    0.04    0.05    3.13    1.24    0.13    0.10    0.07    0.05      7.90      0.66
    1982    0.45    0.23    0.05    0.04    0.04    0.04    0.03    0.03    0.04    0.06    0.05    0.03      1.09      0.09
    1983    0.03    0.21    0.08    0.02    0.02    0.59    0.23    0.05    0.04    0.02    0.02    0.02      1.33      0.11
    1984    0.55    0.63    0.18    0.04    0.90    0.53    0.12    0.02    0.03    0.03    0.02    0.01      3.05      0.25
    1985    1.50    0.54    0.16    0.17    0.05    0.11    0.08    0.04    0.03    0.02    0.02    0.02      2.73      0.23
    1986    0.05    0.62    0.23    0.01    0.85    0.35    0.08    0.05    0.02    0.02    0.02    5.13      7.44      0.62
    1987    1.85    0.38    0.13    0.03   23.87   14.68    5.91    1.72    0.32    0.20    0.15    0.15     49.39      4.12
    1988   14.29    5.06    0.32    1.43    7.72    2.71    0.37    0.34    0.29    0.25    0.23    0.21     33.21      2.77
    1989    0.21    0.20    0.20    0.19    1.73    0.75    0.28    0.23    0.18    0.17    0.15    0.13      4.42      0.37
    1990    0.12    0.12    0.11   12.88    4.79    4.63    1.67    0.15    0.13    0.12    0.11    0.11     24.94      2.08
    1991    5.06    1.82    0.11    0.10    0.09    0.09    0.09    0.08    0.07    0.07    0.07    0.07      7.71      0.64
    1992    0.06    3.20    1.13    0.06    0.56    0.21    0.06    0.05    0.05    0.04    0.04    0.04      5.49      0.46
    1993    0.41    0.16    0.71    0.48    0.17    0.05    0.04    0.03    0.02    0.02    0.02    0.02      2.13      0.18
    1994    0.02    0.02    0.02    0.20    0.10    2.93    1.08    0.08    0.05    0.03    0.02    0.02      4.56      0.38
    1995    0.03    0.16    4.64    2.03    4.46    1.70    1.79    0.89    0.25    0.18    0.15    0.09     16.36      1.36
    1996    0.08    0.72    0.28    1.70    0.61    5.53    2.50    0.58    0.39    0.29    0.22    0.15     13.05      1.09
    1997    0.12    0.12    0.11    8.02    3.20    9.48    3.41    0.21    0.16    0.15    0.15    0.14     25.28      2.11
    1998    0.14    2.60    4.13    1.54    0.17    0.13    0.12    0.13    0.12    0.11    0.10    0.09      9.37      0.78
    1999    0.09    0.08    2.68    1.29    0.15    6.57    2.41    0.21    0.15    0.10    0.08    0.07     13.88      1.16
    2000    0.07    0.21    3.52    1.22    0.08    4.34    5.22    1.75    0.37    0.23    0.15    0.12     17.29      1.44
    2001    1.19    1.74   16.03    6.08    0.33    0.14    0.14    0.16    0.16    0.15    0.16    0.15     26.44      2.20
    2002    0.13    0.12    1.70    0.60    0.12    0.44    0.17    0.10    0.09    0.08    0.07    0.07      3.68      0.31
    2003    0.07    0.26    0.09    0.08    0.10    1.29    0.51    0.08    0.06    0.05    0.04    0.04      2.67      0.22
    2004    0.03    0.03    0.36    0.99    0.38    0.12    0.07    0.05    0.04    0.03    0.02    0.02      2.14      0.18
    2005    0.02    0.30    0.11    1.47   19.61    7.17    0.45    0.13    0.08    0.07    0.08    0.06     29.55      2.46
    2006    0.06    0.06    0.08    0.05    0.04    0.04    0.04    0.04    0.05    0.05    0.04    0.12      0.67      0.06
    2007    1.71    0.66    0.30    3.73    1.28    0.46    0.19    0.38    0.23    0.09    0.05    0.03      9.11      0.76
    2008    0.03    5.57    1.91    3.42    1.34    0.09    0.06    0.07    0.11    0.13    0.08    0.05     12.86      1.07
    2009    0.75    0.28    1.43   36.62   12.22    0.18    0.13    0.11    0.08    0.07    0.07    0.06     52.01      4.33
  
 AVERAGE    0.45    0.94    1.26    2.71    2.06    1.90    0.92    0.29    0.14    0.10    0.08    0.18     11.02      0.92
