    1920    0.79    0.27    0.07    0.22    0.18    2.70    1.13    0.19    0.09    0.05    0.04    0.04      5.75      0.48
    1921    0.03    0.43   11.72    7.89    1.57    0.18    0.13    0.12    0.11    0.10    0.09    0.08     22.44      1.87
    1922    0.21    3.77    1.64    1.53    4.63    1.74    0.34    0.28    0.26    0.23    0.15    0.08     14.86      1.24
    1923    0.07    0.06    0.05    1.03    0.43    5.02    1.91    0.12    0.09    0.07    0.06    0.21      9.12      0.76
    1924    0.83    4.09    3.85    1.40    1.56   22.76    8.99    1.38    0.70    0.39    0.26    0.21     46.42      3.87
    1925    0.18    0.16    0.12    1.95    1.45    0.95    0.32    0.12    0.09    0.08    0.06    0.06      5.52      0.46
    1926    0.24    0.41    0.67    1.20    1.07    2.44    0.95    0.10    0.07    0.08    0.09    0.05      7.37      0.61
    1927    0.47    0.19    0.69    5.80    2.03    1.62    0.71    0.13    0.09    0.07    0.06    0.06     11.93      0.99
    1928    0.14    0.18    0.38    6.17    2.17    0.78    0.33    0.17    0.27    0.26    0.15    1.40     12.39      1.03
    1929    0.66    1.21    7.13    3.10    0.62    2.20    1.16    0.33    0.18    0.12    0.09    0.07     16.87      1.41
    1930    0.06    0.06    0.08    6.02    2.24    0.74    1.81    0.87    0.18    0.14    0.11    0.07     12.38      1.03
    1931    0.06    0.28    0.21    0.19    3.66    1.70    0.26    0.08    0.06    0.05    0.04    0.04      6.64      0.55
    1932    0.03    0.14    0.62    0.22    0.21    0.46    0.25    0.09    0.04    0.03    0.02    0.01      2.13      0.18
    1933    0.01    5.34    3.83   25.56    8.87    1.12    0.62    1.50    1.02    0.69    0.55    0.24     49.35      4.11
    1934    1.10   15.37    6.22    0.51    0.23    1.60    0.70    0.27    0.19    0.14    0.11    0.10     26.55      2.21
    1935    0.09    0.15    0.24    0.17    0.88    3.56    1.41    0.40    0.27    0.13    0.08    0.06      7.42      0.62
    1936    0.31   18.78    7.43   11.81    5.95    2.15    0.68    0.29    0.22    0.19    0.16    0.14     48.12      4.01
    1937    0.12    0.10    0.37    3.97    5.50    1.70    0.66    0.35    0.23    0.18    0.29    0.18     13.65      1.14
    1938    0.99    0.39    0.26    3.88    5.92    1.82    0.14    0.13    0.12    0.12    0.15    0.09     14.01      1.17
    1939    0.29    1.82    0.84    0.18    0.14    0.29    0.47    0.29    0.13    0.07    0.04    0.04      4.60      0.38
    1940    0.03    0.35    0.84    3.40    4.41    1.36    0.58    0.30    0.11    0.08    0.07    0.06     11.59      0.97
    1941    0.56    0.21    0.04    7.28    3.42    1.60    0.91    0.38    0.19    0.12    0.11    0.09     14.92      1.24
    1942    0.09    0.29    9.45    4.93    0.76    0.46    0.76    2.27    1.40    1.09    0.90    0.40     22.81      1.90
    1943    2.98   14.76    9.51    2.70    4.54    1.92    0.32    0.26    0.33    0.34    0.20    0.19     38.04      3.17
    1944    0.49    0.95    0.30    0.25    0.37    5.30    2.05    0.19    0.13    0.10    0.08    0.07     10.28      0.86
    1945    0.06    0.05    0.04    0.87    0.60    1.67    0.81    0.29    0.17    0.08    0.05    0.04      4.71      0.39
    1946    2.07    0.85    0.77    0.79    2.85    3.70    1.98    0.71    0.22    0.14    0.10    0.09     14.25      1.19
    1947    0.19    0.30    4.19    2.76    0.66   17.19    6.97    1.06    0.49    0.28    0.20    0.16     34.46      2.87
    1948    0.14    0.42    0.15    2.00    0.76    0.11    0.09    0.07    0.07    0.06    0.04    0.04      3.95      0.33
    1949    0.08    0.91    2.89    0.97    1.11    4.61   16.31    7.07    1.43    0.57    0.48    0.29     36.70      3.06
    1950    0.20    0.16    2.92    3.64    1.62    0.67    1.43    0.84    0.41    0.32    0.25    0.16     12.61      1.05
    1951    0.26    0.12    0.07    0.34    1.04    0.54    0.22    0.11    0.06    0.09    0.09    0.04      2.98      0.25
    1952    0.05    0.62    2.24    0.86    3.25    1.43    0.36    0.20    0.11    0.07    0.05    0.04      9.29      0.77
    1953    0.67    0.54    1.08    0.80    2.75    2.58    0.83    0.17    0.14    0.10    0.07    0.05      9.77      0.81
    1954    0.04    0.73    1.44    3.66    7.53    2.51    0.69    0.52    0.36    0.21    0.12    0.09     17.91      1.49
    1955    0.13    0.95    2.51    0.90    6.57    3.76    0.84    0.65    0.44    0.21    0.13    0.10     17.18      1.43
    1956    3.25    1.47   17.66   11.56    2.49    0.79    0.35    0.24    0.24    0.29    0.26   14.49     53.08      4.42
    1957   18.81    5.29    4.58   11.53    3.78    0.41    0.43    0.38    0.29    0.23    0.19    0.17     46.11      3.84
    1958    0.16    0.24    3.22    1.30    0.17    0.13    1.46    1.68    0.95    0.45    0.23    0.11     10.11      0.84
    1959    0.88    0.58    4.83    1.94    2.65    3.38    1.26    0.30    0.19    0.16    0.15    0.11     16.43      1.37
    1960    0.24    0.56    3.85    4.00    1.09    0.32    1.46    0.95    0.68    0.52    0.24    0.11     14.02      1.17
    1961    0.07    5.94    2.12    0.11    5.28    2.39    1.35    0.66    0.19    0.13    0.10    0.09     18.44      1.54
    1962    0.08    1.32    0.56    7.32    3.03    0.49    1.08    0.74    0.42    0.27    0.15    0.09     15.55      1.30
    1963    0.07    3.39    1.43    0.40    0.21    5.11    2.06    0.22    0.23    0.23    0.16    0.10     13.61      1.13
    1964    3.17    1.21    1.13    3.01    1.03    0.10    0.10    0.10    0.08    0.08    0.06    0.04     10.11      0.84
    1965    0.04    0.30    0.11    4.12    1.99    0.28    0.07    0.05    0.05    0.04    0.03    0.03      7.11      0.59
    1966    0.03    0.31    0.92   15.60    8.20    2.27    1.08    0.79    0.51    0.26    0.17    0.12     30.24      2.52
    1967    0.11    0.25    0.29    0.09    0.06    0.69    0.64    0.48    0.31    0.13    0.08    0.05      3.19      0.27
    1968    0.04    0.04    1.46    0.53    0.04    0.29    0.51    1.38    0.90    0.34    0.11    0.05      5.71      0.48
    1969    0.88    0.37    0.80    0.41    0.12    0.06    0.04    0.04    0.04    0.06    0.07    0.05      2.93      0.24
    1970    0.29    0.39    4.48    2.27    0.74    0.41    0.84    0.60    0.29    0.12    0.07    0.05     10.55      0.88
    1971    0.05    0.09    0.93    6.73    2.90    2.17    0.94    0.22    0.14    0.11    0.08    0.06     14.43      1.20
    1972    0.06    0.12    0.05    0.06    0.94    0.48    0.61    0.34    0.08    0.05    0.14    0.13      3.07      0.26
    1973    0.07    0.34    0.82   14.49    5.41    0.73    0.31    0.19    0.13    0.11    0.09    0.07     22.75      1.90
    1974    0.07   18.93    6.88    9.77    6.61    2.23    0.60    0.37    0.27    0.21    0.18    0.17     46.28      3.86
    1975    0.18    3.74    5.97    3.66    4.46    3.86    1.42    0.55    0.39    0.25    0.17    0.15     24.80      2.07
    1976    2.08    1.56    0.50    1.33    0.73    0.74    0.32    0.12    0.08    0.07    0.05    0.43      7.99      0.67
    1977    0.99    0.52    0.27    6.01    2.25    3.40    2.01    0.59    0.19    0.13    0.11    0.10     16.57      1.38
    1978    0.21    0.10    0.48    0.78    0.31    0.07    0.05    0.05    0.06    0.06    2.07    1.10      5.33      0.44
    1979    0.34    1.68    1.12    0.40    1.44    0.60    0.09    0.06    0.05    0.04    0.03    0.65      6.49      0.54
    1980    0.27    1.11    0.44    7.04    7.13    2.23    0.38    0.20    0.15    0.12    0.12    0.11     19.30      1.61
    1981    0.09    0.82    2.37    1.61    0.42    0.16    2.78    1.27    0.20    0.13    0.09    0.07     10.01      0.83
    1982    1.98    0.88    0.12    0.23    0.09    0.06    0.05    0.04    0.04    0.05    0.04    0.02      3.60      0.30
    1983    1.52    4.70    2.10    0.58    0.14    1.19    0.51    0.09    0.07    0.05    0.06    0.05     11.06      0.92
    1984    0.73    1.86    0.78    0.53    3.02    1.25    0.16    0.08    0.06    0.05    0.04    0.04      8.61      0.72
    1985    0.42    0.19    2.07    0.77    0.11    0.26    1.43    0.69    0.22    0.16    0.15    0.11      6.58      0.55
    1986    1.96    3.47    1.18    0.10    0.14    0.17    0.12    0.08    0.05    0.04    0.05   16.27     23.63      1.97
    1987    5.77    1.67    1.69    0.69    7.45   33.62   10.92    0.86    0.60    0.41    0.31    0.27     64.28      5.36
    1988    2.92    1.34    1.14    3.74    6.21    3.57    0.96    0.38    0.30    0.22    0.17    0.13     21.08      1.76
    1989    0.15    1.29    0.57    0.66    0.49    1.64    1.91    0.89    0.28    0.17    0.12    0.08      8.26      0.69
    1990    0.06    0.06    0.05    6.24    4.64    2.43    0.75    0.15    0.12    0.10    0.08    0.08     14.77      1.23
    1991    0.88    0.39    0.70    0.26    0.06    0.06    0.05    0.03    0.03    0.02    0.13    0.07      2.66      0.22
    1992    0.24    5.64    2.09    1.00    0.91    0.39    0.17    0.13    0.08    0.05    0.05    0.04     10.79      0.90
    1993    2.16    0.91    0.58    1.45    1.20    0.71    0.62    0.30    0.09    0.06    0.05    0.04      8.17      0.68
    1994    0.03    0.04    0.10    0.23    0.11    1.60    0.71    0.18    0.12    0.05    0.04    0.03      3.24      0.27
    1995    0.57    4.17    4.94    4.47    1.92    0.52    0.76    0.51    0.26    0.25    0.24    0.15     18.78      1.57
    1996    1.38    3.46    1.42    1.71    1.47    4.17    3.08    7.77    3.20    0.68    0.40    0.28     29.02      2.42
    1997    0.32    1.10    0.71    3.25    1.96    1.16    0.53    0.22    0.13    0.10    0.08    0.07      9.65      0.80
    1998    0.18   11.61    5.92    1.27    0.24    0.49    0.24    0.23    0.20    0.12    0.08    0.06     20.66      1.72
    1999    0.06    0.05    3.14    3.04    1.43    0.96    0.36    0.19    0.15    0.09    0.06    0.05      9.58      0.80
    2000    0.13    0.65    0.87    0.29    0.26    0.80    1.12    0.58    0.21    0.10    0.14    0.13      5.27      0.44
    2001    6.55    3.95    3.16    4.41    1.39    0.17    0.17    0.19    0.18    0.13    0.16    0.15     20.61      1.72
    2002    0.10    0.06    0.36    0.70    1.13    1.68    0.64    0.09    0.06    0.05    0.04    0.04      4.95      0.41
    2003    0.03    0.43    0.21    1.23    0.75    1.77    0.79    0.15    0.09    0.08    0.08    0.05      5.68      0.47
    2004    0.04    0.03    1.75    3.26    1.42    0.67    0.50    0.25    0.10    0.06    0.05    0.04      8.16      0.68
    2005    0.41    3.04    1.07    6.46    8.34   30.43    9.81    0.61    0.41    0.30    0.45    0.30     61.63      5.14
    2006    0.22    0.85    5.34    1.88    0.18    0.16    0.17    0.14    0.14    0.13    0.08    0.15      9.43      0.79
    2007   17.06    7.31    2.08    2.32    0.74    0.95    0.40    0.21    0.24    0.18    0.11    0.08     31.69      2.64
    2008    0.07    3.25    1.33    5.06    3.39    0.84    0.17    0.14    0.20    0.22    0.13    0.08     14.89      1.24
    2009    0.21    0.25    0.67   26.28    8.78    1.19    0.58    0.27    0.18    0.14    0.12    0.10     38.78      3.23
  
 AVERAGE    1.04    2.10    2.20    3.52    2.37    2.57    1.31    0.56    0.28    0.17    0.16    0.48     16.76      1.40
