    1920    0.11    0.05    0.07    0.04    0.12    2.81    1.07    0.14    0.09    0.05    0.03    0.02      4.60      0.38
    1921    0.01    3.30   17.60    6.68    0.51    0.10    0.08    0.07    0.07    0.06    0.04    0.03     28.54      2.38
    1922    0.02    1.85    1.04    0.21    1.73    0.64    0.08    0.08    0.08    0.06    0.04    0.02      5.85      0.49
    1923    0.02    0.02    0.01    0.23    0.20    1.64    0.62    0.05    0.03    0.02    0.01    0.11      2.96      0.25
    1924    0.19    3.34    2.39    1.56    0.44   15.47    5.51    0.43    0.27    0.16    0.10    0.07     29.95      2.50
    1925    0.05    0.03    0.02    0.24    1.29    0.58    0.11    0.04    0.02    0.02    0.01    0.01      2.42      0.20
    1926    0.04    0.03    0.09    1.08    0.39    0.80    0.33    0.03    0.02    0.02    0.02    0.01      2.88      0.24
    1927    0.01    0.01    0.14    4.80    1.64    1.33    0.58    0.10    0.06    0.04    0.03    0.02      8.76      0.73
    1928    0.02    0.04    0.02    4.02    1.39    0.34    0.15    0.07    0.11    0.14    0.10    0.54      6.93      0.58
    1929    0.24    0.29    1.25    0.64    0.21    0.31    0.17    0.07    0.04    0.03    0.02    0.01      3.29      0.27
    1930    0.01    0.01    0.02    2.13    1.04    0.31    4.18    1.66    0.19    0.13    0.08    0.04      9.81      0.82
    1931    0.29    2.50    0.86    0.03    0.49    0.28    0.06    0.02    0.02    0.01    0.01    0.01      4.58      0.38
    1932    0.01    0.10    1.00    0.34    0.01    0.04    0.04    0.03    0.01    0.01    0.01    0.00      1.60      0.13
    1933    0.00    5.68    3.17   35.88   11.67    0.41    0.26    0.91    0.59    0.37    0.25    0.11     59.29      4.94
    1934    0.36    3.18    1.28    0.10    0.14    0.59    0.34    0.13    0.07    0.04    0.03    0.02      6.29      0.52
    1935    0.02    0.90    0.76    0.33    0.38    1.52    0.61    0.14    0.09    0.05    0.03    0.02      4.84      0.40
    1936    0.02   20.16    6.60    4.83    1.94    0.23    0.12    0.08    0.06    0.05    0.04    0.03     34.16      2.85
    1937    0.02    0.02    0.12    3.15    3.80    1.03    0.10    0.09    0.08    0.06    0.05    0.03      8.54      0.71
    1938    0.86    0.32    0.18    1.24    3.26    1.06    0.06    0.05    0.04    0.05    0.06    0.04      7.22      0.60
    1939    0.12    0.58    0.21    0.01    0.18    0.74    0.33    0.10    0.05    0.03    0.02    0.01      2.38      0.20
    1940    0.01    0.84    0.47    5.50    2.65    0.38    0.13    0.09    0.05    0.04    0.03    0.02     10.20      0.85
    1941    0.08    0.03    0.01    1.67    0.71    1.50    0.77    0.23    0.09    0.05    0.05    0.04      5.24      0.44
    1942    0.62    0.42    4.33    1.95    0.46    0.64    1.65    8.77    3.19    0.54    0.62    0.35     23.54      1.96
    1943    1.51    7.61    6.59    1.69    4.87    1.83    0.16    0.12    0.14    0.14    0.09    0.07     24.81      2.07
    1944    0.12    0.64    0.23    0.03    0.07    1.95    0.73    0.06    0.04    0.03    0.02    0.02      3.95      0.33
    1945    0.01    0.01    0.01    3.30    1.32    2.80    1.10    0.17    0.11    0.06    0.04    0.03      8.97      0.75
    1946    0.53    0.21    0.05    0.06    0.06    0.10    0.34    0.18    0.05    0.03    0.02    0.01      1.64      0.14
    1947    0.02    0.09    3.33    1.70    0.25   20.71    7.25    0.42    0.22    0.14    0.09    0.07     34.30      2.86
    1948    0.05    0.07    0.03    0.13    0.05    0.07    0.04    0.02    0.01    0.01    0.01    0.01      0.49      0.04
    1949    0.01    0.03    1.47    0.64    0.21    0.73    1.18    0.73    0.40    0.22    0.12    0.05      5.79      0.48
    1950    0.03    0.02    1.55    0.88    0.17    0.30    0.41    0.23    0.10    0.06    0.04    0.02      3.81      0.32
    1951    0.02    0.01    0.01    0.04    0.75    0.31    0.05    0.02    0.01    0.02    0.02    0.01      1.26      0.11
    1952    0.03    0.51    4.46    1.46    4.41    1.58    0.15    0.11    0.07    0.05    0.04    0.03     12.89      1.07
    1953    0.24    0.28    0.11    0.04    2.95    2.78    0.75    0.10    0.08    0.06    0.04    0.02      7.44      0.62
    1954    0.02    0.01    0.16    7.71    5.92    1.28    0.36    0.23    0.16    0.10    0.06    0.04     16.05      1.34
    1955    0.03    0.03    0.57    0.21    8.10    4.23    0.70    0.18    0.14    0.08    0.06    0.04     14.39      1.20
    1956    1.32    0.53    5.38    5.61    1.39    0.13    0.12    0.08    0.07    0.08    0.08    3.59     18.38      1.53
    1957    3.98    1.24    2.72   13.47    4.23    0.16    0.16    0.16    0.12    0.08    0.06    0.05     26.42      2.20
    1958    0.04    0.03    1.07    0.43    0.04    0.03    0.31    0.28    0.18    0.13    0.09    0.03      2.65      0.22
    1959    0.08    0.06    0.39    0.14    0.22    0.41    0.22    0.10    0.04    0.03    0.03    0.02      1.74      0.15
    1960    0.02    0.01    2.11    0.92    0.10    0.04    1.09    0.54    0.25    0.20    0.10    0.03      5.41      0.45
    1961    0.01    1.40    0.50    0.02    0.67    0.67    0.27    0.09    0.04    0.02    0.01    0.01      3.72      0.31
    1962    0.01    0.10    0.07    2.44    0.87    0.19    0.38    0.24    0.14    0.10    0.05    0.02      4.60      0.38
    1963    0.02    0.48    0.21    0.04    0.02    1.09    0.45    0.07    0.05    0.04    0.02    0.01      2.49      0.21
    1964    0.88    0.32    2.17    1.23    0.20    0.02    0.03    0.03    0.02    0.02    0.02    0.01      4.94      0.41
    1965    0.01    0.05    0.02    1.59    0.76    0.11    0.02    0.01    0.01    0.01    0.01    0.01      2.62      0.22
    1966    0.01    0.01    0.26   14.55   12.01    2.97    0.68    0.48    0.32    0.17    0.10    0.07     31.63      2.64
    1967    0.06    0.33    0.12    0.02    0.01    0.18    0.16    0.20    0.16    0.07    0.03    0.02      1.35      0.11
    1968    0.01    0.01    0.53    0.19    0.01    0.37    0.25    1.32    0.74    0.25    0.09    0.03      3.83      0.32
    1969    0.57    0.22    0.05    0.25    0.10    0.02    0.01    0.02    0.03    0.03    0.03    0.01      1.34      0.11
    1970    0.04    0.11    1.31    1.86    0.62    0.12    0.14    0.13    0.09    0.04    0.02    0.01      4.50      0.38
    1971    0.01    0.02    0.59    3.00    5.76    2.90    0.63    0.13    0.09    0.07    0.05    0.03     13.27      1.11
    1972    0.03    0.02    0.01    0.05    1.74    0.66    0.12    0.08    0.03    0.02    0.03    0.04      2.83      0.24
    1973    0.04    0.05    0.14   13.91    5.94    1.20    0.59    0.25    0.12    0.08    0.06    0.04     22.42      1.87
    1974    0.03   12.15    4.26    3.44    2.10    1.05    0.37    0.16    0.11    0.08    0.06    0.05     23.85      1.99
    1975    0.04    0.93    1.30    7.16    5.80    1.60    0.29    0.21    0.16    0.11    0.07    0.05     17.72      1.48
    1976    1.11    0.62    0.20    0.90    0.36    1.82    0.72    0.07    0.04    0.03    0.02    0.12      6.03      0.50
    1977    0.11    0.04    0.09    0.33    0.33    1.27    1.61    0.62    0.14    0.07    0.04    0.03      4.69      0.39
    1978    0.02    0.02    0.06    0.79    0.49    0.11    0.02    0.02    0.02    0.02    0.43    0.23      2.23      0.19
    1979    0.06    0.78    0.29    0.02    0.37    0.21    0.05    0.02    0.01    0.01    0.01    0.71      2.53      0.21
    1980    0.27    6.28    2.15    1.38    3.20    1.12    0.13    0.08    0.06    0.04    0.07    0.05     14.82      1.24
    1981    0.03    0.11    1.22    0.72    0.13    0.04    3.21    1.26    0.12    0.08    0.05    0.04      7.01      0.58
    1982    0.76    0.33    0.04    0.02    0.04    0.02    0.01    0.01    0.01    0.02    0.01    0.01      1.28      0.11
    1983    0.91    1.45    0.42    0.03    0.02    0.37    0.16    0.03    0.02    0.01    0.01    0.01      3.44      0.29
    1984    0.15    0.53    0.22    0.06    0.38    0.54    0.19    0.03    0.02    0.01    0.01    0.01      2.16      0.18
    1985    0.31    0.12    0.33    0.36    0.10    0.08    0.08    0.05    0.03    0.02    0.02    0.01      1.50      0.13
    1986    0.11    2.37    1.04    0.12    0.42    0.20    0.06    0.03    0.02    0.01    0.02    7.15     11.54      0.96
    1987    2.53    2.27    0.88    0.05    2.24   11.78    4.45    0.64    0.31    0.19    0.12    0.09     25.55      2.13
    1988    6.08    2.33    0.57    1.98    3.91    1.32    0.20    0.18    0.13    0.09    0.06    0.04     16.89      1.41
    1989    0.03    0.05    0.05    0.02    1.55    1.27    0.57    0.22    0.08    0.06    0.04    0.02      3.97      0.33
    1990    0.01    0.01    0.01    9.04    3.20    2.42    0.93    0.10    0.07    0.06    0.04    0.04     15.94      1.33
    1991    0.69    0.28    0.13    0.04    0.01    0.01    0.01    0.01    0.00    0.00    0.01    0.01      1.20      0.10
    1992    0.03    9.74    3.25    0.16    0.55    0.23    0.07    0.05    0.03    0.02    0.02    0.01     14.17      1.18
    1993    0.79    0.30    0.86    0.41    1.09    0.46    0.10    0.05    0.03    0.02    0.01    0.01      4.13      0.34
    1994    0.01    0.01    0.02    0.49    0.19    1.24    0.49    0.09    0.07    0.04    0.02    0.01      2.68      0.22
    1995    0.10    0.33    4.43    2.22    1.51    0.76    3.91    1.78    0.44    0.29    0.21    0.11     16.08      1.34
    1996    0.12    3.44    1.22    2.89    1.03    1.82    1.86    0.99    0.53    0.34    0.20    0.11     14.56      1.21
    1997    0.07    0.27    0.80    3.30    1.19    7.08    2.53    0.14    0.10    0.08    0.06    0.05     15.67      1.31
    1998    0.04    8.07    4.06    1.71    0.57    0.10    0.08    0.08    0.08    0.05    0.03    0.02     14.90      1.24
    1999    0.04    0.02    2.96    1.99    0.39    2.01    0.79    0.13    0.09    0.06    0.03    0.03      8.54      0.71
    2000    0.91    0.40    2.77    0.96    0.05    0.60    2.94    1.26    0.33    0.19    0.12    0.06     10.59      0.88
    2001    1.81    0.99   11.16    4.06    0.30    0.11    0.10    0.10    0.08    0.05    0.06    0.05     18.88      1.57
    2002    0.03    0.02    0.50    0.42    0.40    0.82    0.37    0.11    0.05    0.03    0.02    0.01      2.76      0.23
    2003    0.01    0.37    0.14    0.03    0.08    1.65    0.64    0.07    0.04    0.03    0.02    0.01      3.09      0.26
    2004    0.01    0.01    0.08    5.33    2.08    0.19    0.09    0.08    0.05    0.04    0.02    0.02      7.99      0.67
    2005    0.01    0.10    0.04    3.47    2.61    0.73    0.13    0.06    0.04    0.03    0.03    0.03      7.29      0.61
    2006    0.02    0.02    0.01    0.01    0.01    0.00    0.00    0.01    0.01    0.01    0.00    0.01      0.10      0.01
    2007    0.58    0.70    0.46    4.34    1.46    0.90    0.36    0.09    0.09    0.05    0.03    0.02      9.09      0.76
    2008    0.08    5.81    1.98    0.60    1.25    0.44    0.05    0.09    0.10    0.08    0.05    0.03     10.56      0.88
    2009    0.58    0.26    2.11   17.86    5.68    0.13    0.11    0.09    0.07    0.05    0.04    0.03     27.03      2.25
  
 AVERAGE    0.35    1.33    1.42    2.57    1.60    1.41    0.71    0.32    0.14    0.08    0.06    0.17     10.16      0.85
