    1920    0.05    0.02    0.00    0.00    0.39    0.36    0.11    0.02    0.02    0.01    0.01    0.01      0.99      0.08
    1921    0.01    0.27    6.80    2.54    0.12    0.07    0.06    0.05    0.05    0.04    0.04    0.03     10.08      0.84
    1922    0.03    1.42    0.51    0.35    0.33    0.08    0.04    0.03    0.03    0.02    0.02    0.02      2.87      0.24
    1923    0.01    0.06    0.02    0.19    0.08    2.84    1.02    0.05    0.04    0.03    0.03    0.03      4.40      0.37
    1924    0.03    0.03    0.15    0.11    0.03   10.69    3.74    0.23    0.14    0.10    0.08    0.07     15.40      1.28
    1925    0.06    0.05    0.04    0.04    0.09    0.39    0.15    0.04    0.03    0.03    0.02    0.02      0.96      0.08
    1926    0.02    0.02    0.02    0.17    0.07    1.07    0.41    0.03    0.02    0.02    0.02    0.02      1.90      0.16
    1927    0.01    0.01    0.08    0.64    0.24    0.21    0.10    0.02    0.02    0.01    0.01    0.01      1.37      0.11
    1928    0.02    0.01    0.01    0.06    0.02    0.31    0.12    0.02    0.02    0.03    0.03    0.34      0.99      0.08
    1929    0.14    0.08    0.19    0.33    0.11    0.07    0.04    0.02    0.01    0.01    0.01    0.01      1.00      0.08
    1930    0.01    0.01    0.01    0.23    0.20    0.08    1.64    0.63    0.04    0.03    0.02    0.02      2.92      0.24
    1931    0.10    1.03    0.36    0.03    0.17    0.13    0.03    0.02    0.02    0.01    0.01    0.01      1.93      0.16
    1932    0.01    0.01    0.63    0.22    0.02    0.02    0.02    0.01    0.01    0.01    0.01    0.01      0.97      0.08
    1933    0.01    3.23    1.19    7.08    2.49    0.14    0.12    0.16    0.12    0.09    0.07    0.05     14.75      1.23
    1934    0.07    0.74    0.26    0.04    0.04    0.32    0.25    0.09    0.05    0.03    0.03    0.02      1.94      0.16
    1935    0.02    0.19    0.22    0.38    0.26    0.87    0.34    0.07    0.04    0.03    0.02    0.02      2.46      0.20
    1936    0.02    3.48    1.20    0.91    0.38    0.07    0.05    0.04    0.04    0.03    0.03    0.02      6.28      0.52
    1937    0.02    0.02    0.02    0.37    0.29    0.07    0.03    0.02    0.02    0.01    0.01    0.01      0.89      0.07
    1938    0.11    0.04    0.01    0.68    0.96    0.29    0.03    0.02    0.02    0.02    0.02    0.01      2.22      0.18
    1939    0.18    0.42    0.14    0.01    0.01    0.06    0.03    0.02    0.01    0.01    0.01    0.01      0.92      0.08
    1940    0.01    0.20    0.15    0.79    1.15    0.34    0.04    0.03    0.02    0.02    0.02    0.01      2.78      0.23
    1941    0.01    0.01    0.01    0.16    0.08    0.45    0.19    0.03    0.02    0.01    0.01    0.01      1.00      0.08
    1942    0.10    0.19    1.99    0.68    0.03    0.20    2.00    1.09    0.28    0.11    0.10    0.06      6.83      0.57
    1943    0.05    1.72    1.56    0.37    1.97    0.88    0.09    0.07    0.07    0.07    0.05    0.05      6.96      0.58
    1944    0.09    0.12    0.04    0.28    0.26    1.00    0.37    0.05    0.04    0.04    0.03    0.03      2.35      0.20
    1945    0.02    0.02    0.02    6.41    2.18    0.72    0.27    0.09    0.07    0.06    0.05    0.04      9.95      0.83
    1946    0.04    0.03    0.03    0.02    0.03    0.02    0.05    0.03    0.02    0.01    0.01    0.01      0.31      0.03
    1947    0.01    0.01    0.68    0.43    0.08    8.01    2.81    0.15    0.10    0.08    0.06    0.05     12.49      1.04
    1948    0.05    0.04    0.04    0.03    0.03    0.03    0.03    0.02    0.02    0.02    0.01    0.01      0.32      0.03
    1949    0.01    0.01    0.63    0.31    0.06    0.28    0.21    0.18    0.10    0.04    0.03    0.02      1.88      0.16
    1950    0.01    0.01    1.33    0.52    0.03    0.25    0.21    0.08    0.03    0.02    0.02    0.02      2.55      0.21
    1951    0.01    0.01    0.01    0.01    0.14    0.06    0.01    0.01    0.01    0.01    0.01    0.01      0.29      0.02
    1952    0.04    0.08    0.84    0.29    2.07    0.75    0.10    0.06    0.04    0.03    0.02    0.02      4.33      0.36
    1953    0.02    0.08    0.05    0.08    2.71    1.45    0.24    0.06    0.05    0.04    0.03    0.03      4.82      0.40
    1954    0.02    0.02    0.04    4.94    2.01    0.16    0.09    0.09    0.07    0.05    0.04    0.04      7.57      0.63
    1955    0.03    0.03    0.62    0.22    2.26    2.28    0.61    0.08    0.06    0.05    0.04    0.04      6.32      0.53
    1956    0.12    0.10    0.64    1.65    0.53    0.10    0.06    0.04    0.04    0.04    0.04    0.77      4.15      0.35
    1957    0.60    0.14    0.58    3.29    1.10    0.07    0.07    0.06    0.05    0.04    0.04    0.03      6.07      0.51
    1958    0.03    0.02    0.37    0.27    0.06    0.03    0.03    0.04    0.03    0.02    0.02    0.01      0.92      0.08
    1959    0.01    0.01    0.15    0.06    0.13    0.71    0.45    0.12    0.03    0.02    0.02    0.01      1.72      0.14
    1960    0.01    0.01    0.40    0.16    0.02    0.02    0.67    0.28    0.07    0.05    0.03    0.02      1.72      0.14
    1961    0.01    0.54    0.20    0.02    0.13    0.43    0.21    0.05    0.02    0.02    0.01    0.01      1.65      0.14
    1962    0.01    0.08    0.04    1.27    0.46    0.18    0.12    0.05    0.04    0.03    0.02    0.01      2.31      0.19
    1963    0.01    1.06    0.38    0.02    0.02    0.19    0.07    0.02    0.02    0.01    0.01    0.01      1.82      0.15
    1964    0.22    0.08    0.03    0.41    0.15    0.01    0.01    0.01    0.01    0.01    0.01    0.01      0.96      0.08
    1965    0.00    0.00    0.00    0.84    0.74    0.19    0.02    0.02    0.01    0.01    0.01    0.01      1.86      0.16
    1966    0.01    0.01    0.17   11.06    4.35    0.59    0.64    0.29    0.14    0.09    0.07    0.06     17.49      1.46
    1967    0.06    0.05    0.04    0.04    0.03    0.11    0.11    0.08    0.06    0.03    0.02    0.02      0.65      0.05
    1968    0.02    0.02    0.02    0.01    0.02    0.04    0.03    0.43    0.20    0.04    0.02    0.01      0.86      0.07
    1969    0.14    0.05    0.01    0.02    0.01    0.01    0.01    0.01    0.01    0.01    0.01    0.00      0.30      0.02
    1970    0.01    0.01    0.20    0.84    0.29    0.03    0.03    0.03    0.02    0.01    0.01    0.01      1.48      0.12
    1971    0.01    0.01    0.40    0.48    1.28    1.45    0.44    0.06    0.04    0.03    0.03    0.02      4.25      0.35
    1972    0.02    0.02    0.02    0.01    1.33    0.48    0.04    0.03    0.02    0.02    0.02    0.06      2.07      0.17
    1973    0.03    0.06    0.03    5.54    1.97    0.31    0.27    0.10    0.06    0.05    0.04    0.04      8.49      0.71
    1974    0.03    4.07    1.43    0.69    0.43    0.15    0.08    0.06    0.05    0.04    0.04    0.03      7.09      0.59
    1975    0.03    0.15    0.44    4.99    2.94    0.72    0.14    0.10    0.08    0.07    0.06    0.05      9.75      0.81
    1976    0.45    0.16    0.12    0.07    0.04    0.39    0.15    0.03    0.03    0.02    0.02    0.06      1.55      0.13
    1977    0.03    0.02    0.02    0.02    0.04    0.14    0.63    0.25    0.03    0.02    0.01    0.01      1.21      0.10
    1978    0.01    0.01    0.07    0.08    0.04    0.01    0.01    0.01    0.01    0.01    0.01    0.01      0.28      0.02
    1979    0.01    0.06    0.04    0.01    0.25    0.11    0.01    0.01    0.01    0.00    0.00    0.53      1.05      0.09
    1980    0.19    0.91    0.32    1.59    0.85    0.17    0.05    0.04    0.03    0.02    0.02    0.02      4.23      0.35
    1981    0.02    0.02    0.79    0.28    0.02    0.02    1.14    0.44    0.04    0.03    0.03    0.02      2.87      0.24
    1982    0.14    0.07    0.02    0.01    0.01    0.01    0.01    0.01    0.01    0.01    0.01    0.01      0.32      0.03
    1983    0.01    0.06    0.02    0.00    0.00    0.19    0.07    0.01    0.01    0.01    0.00    0.00      0.39      0.03
    1984    0.17    0.19    0.05    0.01    0.30    0.17    0.04    0.01    0.01    0.01    0.01    0.00      0.96      0.08
    1985    0.52    0.19    0.04    0.05    0.01    0.03    0.02    0.01    0.01    0.01    0.01    0.00      0.90      0.08
    1986    0.01    0.19    0.07    0.01    0.28    0.12    0.03    0.01    0.01    0.01    0.01    1.93      2.67      0.22
    1987    0.69    0.11    0.04    0.02   10.88    7.36    3.76    1.01    0.18    0.14    0.12    0.11     24.42      2.04
    1988    5.86    2.09    0.14    0.52    3.01    1.09    0.17    0.15    0.12    0.10    0.09    0.08     13.41      1.12
    1989    0.07    0.06    0.06    0.05    0.63    0.26    0.08    0.06    0.05    0.04    0.04    0.03      1.45      0.12
    1990    0.03    0.02    0.02    5.21    1.91    1.76    0.66    0.08    0.07    0.06    0.05    0.05      9.92      0.83
    1991    1.91    0.70    0.06    0.05    0.04    0.04    0.03    0.03    0.02    0.02    0.02    0.02      2.93      0.24
    1992    0.02    1.17    0.41    0.03    0.18    0.07    0.02    0.02    0.01    0.01    0.01    0.01      1.97      0.16
    1993    0.13    0.05    0.23    0.15    0.05    0.02    0.01    0.01    0.01    0.01    0.00    0.00      0.66      0.05
    1994    0.00    0.00    0.00    0.06    0.03    1.07    0.39    0.03    0.02    0.01    0.01    0.01      1.64      0.14
    1995    0.01    0.04    1.75    0.75    1.68    0.65    0.64    0.29    0.08    0.06    0.05    0.04      6.03      0.50
    1996    0.03    0.24    0.09    0.60    0.23    2.11    0.92    0.16    0.10    0.07    0.05    0.04      4.64      0.39
    1997    0.04    0.03    0.03    3.11    1.22    3.72    1.36    0.10    0.08    0.07    0.07    0.06      9.89      0.82
    1998    0.05    0.95    1.52    0.57    0.06    0.06    0.05    0.05    0.04    0.04    0.03    0.03      3.44      0.29
    1999    0.02    0.02    0.97    0.45    0.05    2.53    0.93    0.08    0.06    0.04    0.04    0.03      5.22      0.44
    2000    0.03    0.06    1.30    0.46    0.04    1.64    1.93    0.62    0.11    0.07    0.05    0.05      6.35      0.53
    2001    0.41    0.59    6.62    2.48    0.12    0.09    0.08    0.08    0.07    0.06    0.06    0.05     10.71      0.89
    2002    0.04    0.04    0.60    0.22    0.04    0.14    0.06    0.03    0.02    0.02    0.02    0.02      1.24      0.10
    2003    0.01    0.08    0.03    0.02    0.03    0.43    0.17    0.02    0.01    0.01    0.01    0.01      0.83      0.07
    2004    0.01    0.01    0.11    0.32    0.12    0.03    0.02    0.01    0.01    0.01    0.01    0.00      0.65      0.05
    2005    0.00    0.09    0.03    0.51    8.42    3.05    0.17    0.10    0.08    0.06    0.06    0.05     12.63      1.05
    2006    0.04    0.04    0.04    0.03    0.02    0.02    0.02    0.02    0.02    0.02    0.01    0.03      0.31      0.03
    2007    0.58    0.22    0.09    1.39    0.49    0.15    0.06    0.11    0.06    0.03    0.02    0.02      3.22      0.27
    2008    0.01    2.13    0.74    1.29    0.51    0.05    0.04    0.04    0.04    0.04    0.03    0.02      4.94      0.41
    2009    0.25    0.09    0.50   18.92    6.25    0.16    0.14    0.12    0.10    0.09    0.08    0.07     26.77      2.23
  
 AVERAGE    0.16    0.34    0.47    1.12    0.84    0.76    0.37    0.11    0.05    0.03    0.03    0.06      4.35      0.36
