    1920    0.04    0.01    0.00    0.00    0.32    0.30    0.08    0.02    0.01    0.01    0.01    0.00      0.81      0.07
    1921    0.00    0.23    5.83    2.16    0.10    0.06    0.05    0.04    0.04    0.04    0.03    0.03      8.60      0.72
    1922    0.02    1.20    0.43    0.29    0.27    0.07    0.03    0.02    0.02    0.02    0.02    0.01      2.40      0.20
    1923    0.01    0.04    0.02    0.16    0.06    2.41    0.86    0.04    0.03    0.03    0.02    0.02      3.71      0.31
    1924    0.02    0.03    0.12    0.08    0.02    9.19    3.21    0.18    0.12    0.08    0.07    0.06     13.19      1.10
    1925    0.05    0.04    0.04    0.03    0.07    0.32    0.12    0.03    0.02    0.02    0.02    0.02      0.79      0.07
    1926    0.02    0.01    0.02    0.14    0.06    0.90    0.34    0.02    0.02    0.02    0.01    0.01      1.56      0.13
    1927    0.01    0.01    0.06    0.53    0.20    0.17    0.08    0.02    0.01    0.01    0.01    0.01      1.11      0.09
    1928    0.01    0.01    0.01    0.05    0.02    0.26    0.10    0.01    0.01    0.02    0.02    0.27      0.79      0.07
    1929    0.11    0.06    0.15    0.27    0.09    0.05    0.03    0.02    0.01    0.01    0.01    0.00      0.80      0.07
    1930    0.00    0.00    0.01    0.19    0.16    0.06    1.38    0.52    0.03    0.02    0.02    0.02      2.43      0.20
    1931    0.08    0.87    0.30    0.02    0.14    0.10    0.03    0.02    0.01    0.01    0.01    0.01      1.60      0.13
    1932    0.01    0.01    0.52    0.19    0.01    0.01    0.01    0.01    0.01    0.01    0.00    0.00      0.80      0.07
    1933    0.00    2.76    1.01    6.06    2.13    0.12    0.10    0.12    0.09    0.07    0.06    0.05     12.57      1.05
    1934    0.05    0.62    0.22    0.04    0.03    0.26    0.20    0.07    0.04    0.02    0.02    0.02      1.59      0.13
    1935    0.01    0.15    0.18    0.31    0.21    0.72    0.28    0.05    0.03    0.02    0.02    0.01      1.99      0.17
    1936    0.01    2.97    1.02    0.76    0.32    0.06    0.04    0.03    0.03    0.03    0.02    0.02      5.30      0.44
    1937    0.02    0.01    0.01    0.30    0.24    0.06    0.02    0.02    0.01    0.01    0.01    0.01      0.71      0.06
    1938    0.09    0.03    0.01    0.57    0.80    0.24    0.02    0.02    0.01    0.01    0.02    0.01      1.83      0.15
    1939    0.15    0.35    0.11    0.01    0.01    0.04    0.03    0.01    0.01    0.01    0.01    0.00      0.74      0.06
    1940    0.00    0.16    0.12    0.66    0.96    0.29    0.03    0.02    0.02    0.01    0.01    0.01      2.30      0.19
    1941    0.01    0.01    0.01    0.13    0.06    0.37    0.16    0.02    0.01    0.01    0.01    0.01      0.81      0.07
    1942    0.08    0.16    1.68    0.57    0.03    0.16    1.69    0.90    0.22    0.08    0.07    0.05      5.69      0.47
    1943    0.04    1.45    1.31    0.30    1.67    0.74    0.07    0.06    0.06    0.05    0.04    0.04      5.82      0.49
    1944    0.07    0.09    0.03    0.23    0.21    0.83    0.31    0.03    0.03    0.02    0.02    0.02      1.88      0.16
    1945    0.01    0.01    0.01    5.49    1.87    0.60    0.22    0.07    0.05    0.05    0.04    0.03      8.46      0.71
    1946    0.03    0.03    0.02    0.02    0.02    0.02    0.04    0.02    0.01    0.01    0.01    0.01      0.24      0.02
    1947    0.01    0.01    0.57    0.36    0.07    6.87    2.40    0.12    0.08    0.06    0.05    0.05     10.65      0.89
    1948    0.04    0.04    0.03    0.03    0.02    0.02    0.02    0.02    0.01    0.01    0.01    0.01      0.27      0.02
    1949    0.01    0.01    0.52    0.26    0.05    0.22    0.17    0.14    0.08    0.03    0.02    0.01      1.51      0.13
    1950    0.01    0.01    1.13    0.43    0.03    0.21    0.17    0.06    0.03    0.02    0.01    0.01      2.11      0.18
    1951    0.01    0.01    0.01    0.01    0.11    0.05    0.01    0.01    0.00    0.00    0.00    0.00      0.22      0.02
    1952    0.03    0.06    0.70    0.24    1.76    0.63    0.08    0.04    0.03    0.02    0.02    0.02      3.63      0.30
    1953    0.01    0.06    0.04    0.06    2.30    1.22    0.20    0.05    0.04    0.03    0.03    0.02      4.05      0.34
    1954    0.02    0.02    0.03    4.22    1.70    0.13    0.07    0.07    0.06    0.04    0.04    0.03      6.42      0.54
    1955    0.03    0.02    0.51    0.19    1.91    1.92    0.51    0.06    0.05    0.04    0.04    0.03      5.31      0.44
    1956    0.10    0.08    0.53    1.39    0.45    0.08    0.05    0.03    0.03    0.03    0.03    0.64      3.44      0.29
    1957    0.49    0.11    0.48    2.79    0.93    0.06    0.05    0.05    0.04    0.03    0.03    0.02      5.09      0.42
    1958    0.02    0.02    0.30    0.22    0.05    0.02    0.02    0.03    0.02    0.02    0.01    0.01      0.73      0.06
    1959    0.01    0.01    0.12    0.05    0.10    0.59    0.36    0.10    0.02    0.02    0.01    0.01      1.39      0.12
    1960    0.01    0.01    0.33    0.13    0.01    0.01    0.56    0.23    0.05    0.04    0.02    0.01      1.41      0.12
    1961    0.01    0.45    0.16    0.01    0.10    0.35    0.17    0.04    0.02    0.01    0.01    0.01      1.34      0.11
    1962    0.01    0.06    0.03    1.07    0.38    0.15    0.09    0.04    0.03    0.02    0.01    0.01      1.91      0.16
    1963    0.01    0.89    0.32    0.02    0.01    0.15    0.06    0.01    0.01    0.01    0.01    0.01      1.51      0.13
    1964    0.18    0.07    0.02    0.34    0.12    0.01    0.01    0.01    0.01    0.01    0.01    0.00      0.78      0.06
    1965    0.00    0.00    0.00    0.70    0.62    0.15    0.02    0.01    0.01    0.01    0.01    0.01      1.55      0.13
    1966    0.01    0.01    0.14    9.51    3.73    0.48    0.52    0.23    0.11    0.08    0.06    0.05     14.93      1.24
    1967    0.05    0.04    0.04    0.03    0.03    0.08    0.08    0.06    0.04    0.02    0.02    0.02      0.52      0.04
    1968    0.01    0.01    0.02    0.01    0.01    0.03    0.02    0.35    0.16    0.03    0.01    0.01      0.67      0.06
    1969    0.11    0.04    0.01    0.02    0.01    0.01    0.01    0.01    0.01    0.01    0.00    0.00      0.22      0.02
    1970    0.01    0.00    0.16    0.70    0.24    0.02    0.02    0.02    0.01    0.01    0.01    0.01      1.22      0.10
    1971    0.01    0.00    0.34    0.40    1.07    1.21    0.36    0.04    0.03    0.03    0.02    0.02      3.53      0.29
    1972    0.02    0.01    0.01    0.01    1.12    0.40    0.03    0.02    0.02    0.02    0.01    0.05      1.73      0.14
    1973    0.02    0.04    0.02    4.74    1.68    0.25    0.21    0.08    0.05    0.04    0.04    0.03      7.20      0.60
    1974    0.03    3.47    1.22    0.57    0.36    0.11    0.06    0.05    0.04    0.03    0.03    0.03      5.99      0.50
    1975    0.02    0.12    0.36    4.25    2.49    0.59    0.11    0.08    0.06    0.05    0.04    0.04      8.22      0.69
    1976    0.37    0.13    0.09    0.06    0.03    0.32    0.12    0.02    0.02    0.02    0.02    0.05      1.25      0.10
    1977    0.02    0.01    0.01    0.01    0.03    0.11    0.52    0.20    0.02    0.01    0.01    0.01      0.96      0.08
    1978    0.01    0.01    0.05    0.06    0.03    0.01    0.01    0.01    0.00    0.00    0.01    0.01      0.21      0.02
    1979    0.01    0.04    0.03    0.01    0.21    0.09    0.01    0.01    0.00    0.00    0.00    0.44      0.85      0.07
    1980    0.16    0.76    0.27    1.35    0.71    0.14    0.04    0.03    0.02    0.02    0.02    0.02      3.54      0.29
    1981    0.02    0.01    0.66    0.24    0.02    0.02    0.96    0.37    0.03    0.03    0.02    0.02      2.39      0.20
    1982    0.11    0.05    0.01    0.01    0.01    0.01    0.01    0.01    0.01    0.01    0.01    0.00      0.25      0.02
    1983    0.00    0.05    0.02    0.00    0.00    0.15    0.06    0.01    0.01    0.00    0.00    0.00      0.31      0.03
    1984    0.14    0.15    0.04    0.01    0.24    0.14    0.03    0.01    0.01    0.01    0.00    0.00      0.78      0.06
    1985    0.44    0.16    0.03    0.03    0.01    0.02    0.02    0.01    0.01    0.00    0.00    0.00      0.74      0.06
    1986    0.01    0.16    0.06    0.00    0.23    0.09    0.02    0.01    0.01    0.00    0.00    1.63      2.23      0.19
    1987    0.58    0.09    0.03    0.02    9.36    5.36    1.66    0.42    0.14    0.11    0.09    0.08     17.93      1.49
    1988    5.01    1.77    0.11    0.43    2.55    0.92    0.14    0.11    0.09    0.08    0.07    0.06     11.34      0.94
    1989    0.05    0.05    0.04    0.04    0.51    0.22    0.06    0.04    0.03    0.03    0.02    0.02      1.10      0.09
    1990    0.02    0.01    0.01    4.45    1.62    1.48    0.55    0.07    0.06    0.05    0.04    0.04      8.39      0.70
    1991    1.62    0.59    0.04    0.04    0.03    0.03    0.03    0.02    0.02    0.02    0.02    0.01      2.46      0.21
    1992    0.01    0.98    0.35    0.02    0.15    0.06    0.02    0.01    0.01    0.01    0.01    0.01      1.64      0.14
    1993    0.10    0.04    0.19    0.12    0.04    0.01    0.01    0.01    0.00    0.00    0.00    0.00      0.53      0.04
    1994    0.00    0.00    0.00    0.04    0.02    0.90    0.33    0.02    0.02    0.01    0.01    0.01      1.37      0.11
    1995    0.01    0.03    1.48    0.63    1.42    0.54    0.52    0.23    0.06    0.05    0.04    0.03      5.03      0.42
    1996    0.03    0.20    0.07    0.50    0.19    1.78    0.76    0.13    0.08    0.05    0.04    0.03      3.86      0.32
    1997    0.03    0.02    0.02    2.65    1.02    3.16    1.14    0.08    0.07    0.06    0.05    0.05      8.34      0.70
    1998    0.04    0.79    1.27    0.47    0.05    0.04    0.04    0.03    0.03    0.03    0.02    0.02      2.83      0.24
    1999    0.02    0.01    0.81    0.37    0.04    2.14    0.78    0.06    0.04    0.03    0.03    0.02      4.38      0.36
    2000    0.02    0.04    1.09    0.39    0.03    1.38    1.62    0.51    0.08    0.06    0.04    0.04      5.31      0.44
    2001    0.34    0.49    5.66    2.11    0.10    0.07    0.07    0.06    0.06    0.05    0.05    0.04      9.09      0.76
    2002    0.03    0.03    0.50    0.18    0.03    0.11    0.04    0.02    0.02    0.01    0.01    0.01      1.00      0.08
    2003    0.01    0.06    0.02    0.01    0.02    0.35    0.14    0.01    0.01    0.01    0.01    0.01      0.66      0.06
    2004    0.00    0.00    0.08    0.26    0.10    0.02    0.01    0.01    0.01    0.00    0.00    0.00      0.52      0.04
    2005    0.00    0.07    0.03    0.43    7.22    2.61    0.13    0.08    0.06    0.06    0.05    0.04     10.77      0.90
    2006    0.04    0.03    0.03    0.03    0.02    0.02    0.02    0.02    0.01    0.01    0.01    0.02      0.26      0.02
    2007    0.48    0.18    0.07    1.17    0.41    0.12    0.05    0.09    0.05    0.02    0.02    0.01      2.67      0.22
    2008    0.01    1.80    0.63    1.09    0.42    0.04    0.03    0.03    0.04    0.03    0.02    0.02      4.17      0.35
    2009    0.20    0.07    0.41   16.44    5.43    0.14    0.12    0.10    0.09    0.08    0.07    0.06     23.23      1.94
  
 AVERAGE    0.14    0.29    0.40    0.96    0.71    0.63    0.29    0.08    0.04    0.03    0.02    0.05      3.63      0.30
