    1920    0.10    0.03    0.03    0.03    3.82    2.24    0.59    0.11    0.12    0.12    0.12    0.11      7.43      0.62
    1921    0.11    0.34    1.31    0.70    0.10    0.08    0.07    0.07    0.06    0.05    0.05    0.04      2.97      0.25
    1922    0.04    6.24    2.16    8.15    8.07    1.92    0.26    0.25    0.26    0.26    0.25    0.24     28.10      2.34
    1923    0.23    0.19    0.17    0.19    0.13   19.77    6.75    0.33    0.31    0.30    0.28    0.26     28.90      2.41
    1924    0.25    0.32    1.44    0.63    5.27   62.75   34.58   17.04    4.15    1.45    1.55    1.61    131.04     10.92
    1925    1.59    1.46    1.31    1.20    1.10    2.48    0.89    0.88    0.80    0.74    0.67    0.60     13.72      1.14
    1926    0.54    0.58    0.40    0.36    0.33    7.05    2.48    0.33    0.30    0.27    0.25    0.22     13.11      1.09
    1927    0.94    0.31    0.24    2.05    0.81    0.72    0.28    0.12    0.11    0.10    0.09    0.08      5.86      0.49
    1928    0.07    1.15    0.40    2.07    0.75    1.70    0.60    0.08    0.21    0.09    0.07    1.32      8.53      0.71
    1929    0.47    0.10    2.73    2.45    0.55    0.17    0.23    0.13    0.13    0.11    0.10    0.09      7.26      0.60
    1930    0.08    0.07    0.13    1.14    0.90    0.60    2.39    0.81    0.10    0.18    0.10    0.10      6.60      0.55
    1931    0.48    1.62    0.52    0.11    0.66    0.45    0.08    0.08    0.07    0.07    0.06    0.42      4.63      0.39
    1932    0.14    0.07    0.05    0.03    0.03    0.32    0.14    0.02    0.02    0.02    0.02    0.02      0.89      0.07
    1933    0.01    1.12    2.72    7.68    2.91    0.63    0.21    0.14    0.13    0.13    0.13    0.12     15.94      1.33
    1934    1.24    1.28    1.49    0.44    0.12    1.68    0.69    0.17    0.11    0.11    0.11    0.10      7.55      0.63
    1935    0.10    0.67    0.50    0.12    0.14    0.91    0.29    0.07    0.06    0.06    0.05    0.05      3.03      0.25
    1936    0.38    6.04    2.17    1.18    4.69    1.97    0.16    0.17    0.16    0.15    0.14    0.13     17.35      1.45
    1937    0.12    0.10    0.37    1.86    0.98    0.12    0.20    0.07    0.22    0.07    0.07    0.06      4.24      0.35
    1938    0.51    0.60    0.19    3.10    2.33    0.46    0.10    0.09    0.09    0.08    0.29    0.10      7.95      0.66
    1939    0.11    1.15    0.41    0.06    0.67    6.87    2.52    0.17    0.18    0.19    0.19    0.29     12.79      1.07
    1940    0.18    1.03    0.74    1.54    6.80    2.28    0.22    0.20    0.19    0.17    0.16    0.15     13.66      1.14
    1941    0.12    0.11    0.10    0.55    0.49    1.38    1.00    0.19    0.09    0.08    0.07    0.07      4.26      0.35
    1942    0.65    0.27    1.86    0.77    0.21    0.35   39.65   13.46    0.52    0.57    0.60    0.65     59.55      4.96
    1943    0.65    3.74    4.20    1.16    0.70    0.65    0.62    0.57    0.52    0.48    0.44    0.61     14.35      1.20
    1944    0.34    0.31    0.27    0.23    0.81    0.93    0.22    0.17    0.15    0.13    0.12    0.11      3.80      0.32
    1945    0.09    0.08    0.07    4.48    1.81    1.09    0.45    0.19    0.10    0.10    0.09    0.09      8.64      0.72
    1946    0.12    0.07    0.07    0.06    0.06    0.05    0.97    0.41    0.05    0.05    0.04    0.13      2.08      0.17
    1947    1.13    0.44    1.79    0.94    0.75   70.83   23.24    0.56    0.56    0.54    0.52    0.49    101.78      8.48
    1948    0.46    0.43    0.38    0.33    0.28    0.89    0.27    0.22    0.20    0.18    0.16    0.14      3.95      0.33
    1949    0.13    0.18    0.29    0.12    0.15    5.58   10.20   13.49    3.81    0.68    0.73    0.71     36.07      3.01
    1950    0.66    0.58    2.99    1.13    0.44    0.39    0.36    0.34    0.30    0.27    0.24    0.22      7.93      0.66
    1951    0.32    0.16    0.15    0.12    3.83    1.38    0.13    0.12    0.11    0.44    0.15    0.09      6.99      0.58
    1952    0.08    0.07    0.08    0.21    2.07    0.77    0.38    0.12    0.07    0.06    0.06    0.05      4.01      0.33
    1953    0.23    0.27    0.28    0.12    1.22    5.33    1.75    0.12    0.12    0.11    0.11    0.11      9.75      0.81
    1954    0.10    0.09    0.11    4.55    9.97    3.00    0.28    0.21    0.21    0.21    0.20    0.19     19.11      1.59
    1955    0.18    0.58    0.42    0.12    5.64   14.70    4.52    0.35    0.34    0.34    0.34    0.33     27.85      2.32
    1956    0.30    0.88    2.28    0.88    0.23    1.01    0.33    0.19    0.17    0.16    0.30    1.53      8.26      0.69
    1957    2.69    1.05    0.83    1.78    0.52    0.20    0.21    0.23    0.20    0.19    0.17    0.15      8.24      0.69
    1958    0.13    2.10    1.16    1.14    0.71    0.24    0.33    0.19    0.09    0.09    0.09    0.08      6.34      0.53
    1959    0.07    0.28    6.80    2.91    0.62    0.86    0.46    0.12    0.12    0.12    0.11    0.10     12.58      1.05
    1960    0.61    0.28    0.36    0.14    0.07    5.85    2.72    0.29    0.17    0.20    0.23    0.25     11.18      0.93
    1961    0.26    1.24    1.54    0.40    4.15    1.58    0.82    0.25    0.24    0.22    0.20    0.18     11.08      0.92
    1962    0.16    2.12    0.81   11.39    3.99    2.88    1.96    0.33    0.27    0.27    0.26    0.26     24.70      2.06
    1963    0.24    5.25    1.89    0.24    0.21    0.56    0.24    0.16    0.14    0.13    0.12    0.11      9.31      0.78
    1964    1.89    0.66    1.44    2.18    0.63    0.11    1.74    0.60    0.11    0.10    0.09    0.09      9.65      0.80
    1965    0.08    0.09    0.06   14.76    5.76    0.28    0.20    0.18    0.17    0.15    0.14    0.13     21.99      1.83
    1966    0.11    0.10    0.89    3.70    1.35    1.08    5.93    2.51    0.33    0.42    0.48    0.52     17.41      1.45
    1967    0.52    0.53    0.53    0.46    0.41    2.79    2.41    0.52    0.34    0.32    0.29    0.27      9.39      0.78
    1968    0.25    0.23    0.86    0.29    1.08    1.47    1.07    0.24    0.15    0.14    0.13    0.12      6.05      0.50
    1969    2.56    0.90    0.13    0.11    0.10    0.09    0.08    0.07    0.06    0.05    0.05    0.09      4.28      0.36
    1970    0.08    0.03    0.83    1.84    2.97    1.11    0.22    0.16    0.09    0.09    0.09    0.08      7.58      0.63
    1971    0.13    0.07    0.06    1.24    9.45   29.16    8.81    0.47    0.47    0.46    0.46    0.44     51.22      4.27
    1972    0.41    0.39    0.35    0.30    0.47    0.23    0.33    0.19    0.18    0.16    0.14    0.12      3.27      0.27
    1973    0.11    0.10    1.93   12.81   67.09   21.92    0.65    0.69    0.69    0.69    0.67    0.63    107.98      9.00
    1974    0.56    1.27    0.44    0.39    1.48    0.79    0.33    0.28    0.25    0.23    0.21    0.19      6.44      0.54
    1975    0.17    0.89    3.37    5.98    4.41   17.62    6.69    0.52    0.59    0.63    0.59    0.53     41.99      3.50
    1976    0.55    0.43    0.38    0.36    1.19    0.67    0.25    0.24    0.22    0.19    0.17    0.58      5.23      0.44
    1977    0.50    0.12    0.49    0.29    0.67    1.66    2.24    0.62    0.14    0.13    0.13    0.12      7.12      0.59
    1978    0.12    0.12    0.82    0.35    0.32    0.10    0.08    0.06    0.06    0.06    1.27    0.45      3.80      0.32
    1979    0.77    0.29    0.06    0.06    3.18    1.17    0.09    0.09    0.08    0.07    0.06    0.10      6.01      0.50
    1980    0.05    0.43    0.33    5.31    3.81    1.23    0.19    0.12    0.12    0.12    1.12    0.37     13.19      1.10
    1981    0.14    0.19    1.41    0.51    0.11    0.22    0.63    0.19    0.08    0.08    0.07    0.07      3.69      0.31
    1982    0.26    0.70    0.22    0.08    0.05    0.05    0.04    0.04    0.04    0.21    0.07    0.03      1.80      0.15
    1983    0.03    1.84    2.01    0.60    0.06    0.23    0.08    0.05    0.05    0.04    0.28    0.09      5.35      0.45
    1984    0.63    0.31    0.03    0.04    1.08    0.75    0.14    0.04    0.04    0.03    0.03    0.03      3.16      0.26
    1985    1.67    0.78    2.18    1.39    0.25    0.14    0.06    0.06    0.05    0.05    0.04    0.04      6.71      0.56
    1986    3.41    1.56    0.14    0.07    1.79    0.73    0.09    0.07    0.07    0.07    0.06    4.37     12.42      1.03
    1987    1.54    2.23    0.92    0.13  237.08  104.83   31.12    7.79    1.39    1.36    1.26    1.71    391.38     32.61
    1988    1.96    1.00    1.09    3.14    8.39    2.53    0.75    0.73    0.70    0.65    0.59    0.54     22.07      1.84
    1989    0.48    0.42    0.37    0.32    0.77    2.59    1.14    0.24    0.23    0.22    0.20    0.18      7.16      0.60
    1990    0.16    0.15    0.29    8.29    4.08    3.69    1.13    0.23    0.22    0.20    0.19    0.18     18.81      1.57
    1991    9.76    3.44    0.32    0.22    0.21    0.18    0.17    0.16    0.15    0.13    0.12    0.10     14.97      1.25
    1992    0.28    0.52    0.14    0.14    1.14    0.78    0.22    0.06    0.06    0.05    0.05    0.04      3.49      0.29
    1993    1.16    0.99    0.80    5.24   38.48   12.32    0.44    0.42    0.41    0.39    0.37    0.34     61.36      5.11
    1994    0.31    0.28    0.24    0.25    0.17    0.85    0.28    0.14    0.13    0.12    0.10    0.09      2.95      0.25
    1995    0.08    0.14    1.59    2.30    2.81    0.91    0.14    0.10    0.10    0.09    0.09    0.08      8.42      0.70
    1996    0.08    5.32    5.10    1.44    0.19    3.44    1.23    0.17    0.17    0.17    0.16    0.14     17.59      1.47
    1997    0.13    0.12    0.10    0.74    5.32    4.15    0.87    0.18    0.17    0.17    0.16    0.16     12.27      1.02
    1998    0.15    0.47    0.83    0.93    0.24    0.10    0.08    0.08    0.07    0.07    0.06    0.05      3.13      0.26
    1999    0.04    0.04    5.96    4.21    1.68    1.71    0.76    0.14    0.14    0.14    0.14    0.27     15.23      1.27
    2000    0.12    0.66    0.52    0.11    0.32    0.96    3.20    1.05    0.16    0.17    0.17    0.18      7.61      0.63
    2001    0.29   21.19    8.85    2.70    0.72    0.42    0.39    0.35    0.34    0.33    1.90    0.64     38.12      3.18
    2002    0.27    0.24    0.92    0.75    0.48    1.61    0.50    0.17    0.15    0.14    0.12    0.11      5.46      0.46
    2003    0.10    0.08    0.12    0.28    1.05    2.25    0.83    0.09    0.09    0.08    0.08    0.07      5.12      0.43
    2004    0.07    0.06    0.11    0.55    0.33    0.31    0.18    0.04    0.04    0.04    0.03    0.03      1.79      0.15
    2005    0.03    0.06    0.02   11.59   12.76    7.29    3.16    0.56    0.68    0.76    0.79    0.78     38.50      3.21
    2006    0.72    1.06    0.55    0.52    0.46    0.41    0.37    0.33    0.30    0.27    0.24    0.21      5.44      0.45
    2007    0.19    0.57    0.83    1.44    1.23    0.80    0.18    0.11    0.11    0.10    0.10    0.09      5.76      0.48
    2008    0.08    2.16    0.90    0.28    2.67    1.07    0.09    0.09    0.08    0.08    0.07    0.06      7.64      0.64
    2009    1.70    0.64    0.34    2.90    3.42    2.62    0.68    0.15    0.15    0.14    0.14    0.13     13.01      1.08
  
 AVERAGE    0.58    1.10    1.09    1.89    5.69    5.28    2.50    0.83    0.30    0.23    0.27    0.32     20.07      1.67
