    1920    0.05    0.03    0.01    0.01    2.18    3.55    1.71    0.35    0.07    0.06    0.05    0.04      8.11      0.68
    1921    0.04    0.04    0.15    0.35    0.24    0.01    0.01    0.01    0.00    0.00    0.00    0.00      0.85      0.07
    1922    0.00    1.90    1.91    1.40    8.02    6.62    0.11    0.09    0.08    0.07    0.06    0.05     20.30      1.69
    1923    0.03    0.13    0.13    0.21    0.22   16.38   16.41    0.17    0.15    0.13    0.11    0.08     34.14      2.84
    1924    0.06    0.43    4.74    4.37    1.30   22.83   25.21    4.21    1.55    1.01    0.38    0.30     66.38      5.53
    1925    0.22    0.15    0.09    0.06    0.04    0.69    0.69    0.03    0.03    0.02    0.02    0.01      2.05      0.17
    1926    0.01    0.24    0.24    0.02    0.01    0.65    0.64    0.01    0.01    0.01    0.01    0.01      1.85      0.15
    1927    0.28    0.28    0.23    1.21    1.06    0.78    0.77    0.05    0.02    0.02    0.02    0.03      4.76      0.40
    1928    0.04    0.14    0.15    1.26    1.24    2.11    2.12    0.05    0.04    0.03    0.03    1.51      8.73      0.73
    1929    1.50    0.03    0.61    1.68    1.15    0.14    0.28    0.19    0.03    0.02    0.02    0.01      5.66      0.47
    1930    0.01    0.01    0.01    1.57    1.74    0.36    0.55    0.37    0.03    0.02    0.02    0.02      4.70      0.39
    1931    0.08    1.07    1.01    0.02    0.23    0.29    0.07    0.01    0.01    0.01    0.01    0.23      3.02      0.25
    1932    0.23    0.01    0.01    0.00    0.00    0.04    0.20    0.16    0.00    0.00    0.00    0.00      0.67      0.06
    1933    0.00    0.11    1.22    5.90    5.85    2.03    1.11    0.12    0.08    0.07    0.06    0.05     16.60      1.38
    1934    1.00    1.95    1.28    0.33    0.04    1.57    1.60    0.30    0.24    0.04    0.04    0.03      8.42      0.70
    1935    0.03    0.48    0.50    0.04    0.03    1.32    1.32    0.14    0.14    0.02    0.02    0.05      4.10      0.34
    1936    0.30    5.81    5.58    0.20    0.57    0.80    0.46    0.04    0.03    0.03    0.02    0.02     13.86      1.16
    1937    0.01    0.01    0.41    0.53    1.31    1.20    0.04    0.03    0.02    0.02    0.01    0.01      3.60      0.30
    1938    0.25    0.36    0.15    1.52    2.88    1.40    0.04    0.03    0.03    0.03    0.31    0.30      7.29      0.61
    1939    0.10    0.17    0.07    0.04    0.14    5.71    5.70    0.08    0.08    0.07    0.06    0.06     12.28      1.02
    1940    0.06    0.04    0.05    1.32    4.85    3.54    0.51    0.51    0.06    0.05    0.04    0.04     11.09      0.92
    1941    0.03    0.02    0.01    0.51    1.16    1.18    0.58    0.04    0.02    0.02    0.02    0.01      3.60      0.30
    1942    1.49    1.50    1.81    1.81    0.03    1.40   17.25   15.98    0.27    0.29    0.28    0.24     42.34      3.53
    1943    0.19    2.02    2.35    0.60    0.51    0.66    0.20    0.04    0.07    0.07    0.03    0.13      6.88      0.57
    1944    0.17    0.03    0.01    0.09    0.10    0.10    0.09    0.00    0.00    0.00    0.00    0.00      0.60      0.05
    1945    0.00    0.00    0.00    0.89    0.96    0.20    0.58    0.72    0.28    0.03    0.02    0.02      3.71      0.31
    1946    0.13    0.13    0.01    0.07    0.09    0.02    0.27    0.33    0.07    0.01    0.01    0.03      1.15      0.10
    1947    0.07    0.04    1.39    1.54    8.81   24.77   15.82    0.25    0.24    0.22    0.19    0.14     53.48      4.46
    1948    0.11    0.07    0.04    0.02    0.03    0.43    0.41    0.02    0.01    0.01    0.01    0.01      1.15      0.10
    1949    0.00    0.01    0.04    0.11    0.74    2.53    3.16    2.67    1.46    0.16    0.13    0.10     11.13      0.93
    1950    0.08    0.05    2.22    2.29    0.12    0.05    0.03    0.02    0.02    0.02    0.01    0.01      4.93      0.41
    1951    0.02    0.02    0.00    0.03    1.42    1.40    0.06    0.06    0.02    0.51    0.51    0.02      4.07      0.34
    1952    0.02    0.01    0.06    0.05    5.14    5.17    0.94    0.93    0.07    0.06    0.05    0.04     12.56      1.05
    1953    0.03    0.26    0.64    0.41    0.06    4.96    4.93    0.08    0.07    0.06    0.05    0.04     11.57      0.96
    1954    0.03    0.02    0.03   13.47   16.96    3.43    0.46    0.43    0.12    0.11    0.09    0.07     35.24      2.94
    1955    0.06    0.74    0.74    0.12    0.80    3.31    2.64    0.06    0.06    0.05    0.04    0.03      8.65      0.72
    1956    0.08    0.08    1.08    1.08    0.10    1.44    1.37    0.03    0.22    0.22    0.13    0.68      6.52      0.54
    1957    1.06    0.65    0.81    2.58    1.93    0.20    0.20    0.35    0.35    0.04    0.03    0.02      8.24      0.69
    1958    0.02    0.10    0.88    0.84    1.42    1.39    0.21    0.28    0.07    0.03    0.02    0.02      5.28      0.44
    1959    0.01    0.02    0.65    0.73    0.14    0.18    0.28    0.15    0.01    0.01    0.09    0.09      2.37      0.20
    1960    0.13    0.17    0.32    0.36    0.09    3.42    3.62    0.21    0.06    0.05    0.05    0.05      8.53      0.71
    1961    0.04    0.22    0.57    0.39    1.24    1.36    0.30    0.14    0.03    0.02    0.02    0.01      4.35      0.36
    1962    0.01    1.92    1.94    8.62    8.64    5.94    6.65    0.74    0.17    0.16    0.13    0.11     35.02      2.92
    1963    0.08    1.21    1.16    0.04    0.02    0.03    0.04    0.01    0.01    0.01    0.01    0.01      2.63      0.22
    1964    0.39    0.39    0.31    0.56    0.26    0.01    1.38    1.39    0.03    0.07    0.07    0.02      4.88      0.41
    1965    0.01    0.01    0.01    2.89    3.91    1.03    0.05    0.04    0.03    0.03    0.02    0.02      8.04      0.67
    1966    0.01    0.01    0.13    0.42    1.69    2.98    4.10    3.09    0.59    0.18    0.19    0.15     13.55      1.13
    1967    0.11    0.07    0.04    0.03    0.02    0.95    1.60    0.70    0.03    0.03    0.03    0.02      3.65      0.30
    1968    0.05    0.05    0.56    0.56    1.23    1.77    3.01    2.49    0.08    0.07    0.06    0.05     10.00      0.83
    1969    2.95    2.95    0.05    0.03    0.03    0.03    0.01    0.01    0.06    0.08    0.02    0.01      6.25      0.52
    1970    0.00    0.00    0.27    2.46    2.72    0.60    0.12    0.08    0.03    0.03    0.02    0.02      6.35      0.53
    1971    0.26    0.25    0.01    1.10    6.30   13.97    8.66    0.18    0.17    0.15    0.13    0.10     31.28      2.61
    1972    0.08    0.05    0.03    0.02    0.47    0.47    0.48    0.48    0.02    0.02    0.01    0.01      2.14      0.18
    1973    0.01    0.01    0.67   14.18   43.80   36.59    6.95    0.55    0.41    0.31    1.82    1.82    107.13      8.93
    1974    0.19    1.24    1.21    0.06    0.99    1.39    0.58    0.13    0.04    0.04    0.03    0.02      5.94      0.49
    1975    0.02    0.47    3.72    9.77   14.01   16.93    9.98    0.67    0.31    0.28    0.23    0.31     56.70      4.72
    1976    0.41    0.12    0.06    0.04    1.11    1.33    0.26    0.03    0.03    0.02    0.02    0.25      3.70      0.31
    1977    0.32    0.23    0.38    0.36    0.16    0.72    1.22    0.52    0.03    0.02    0.02    0.04      4.01      0.33
    1978    0.04    0.01    0.24    0.26    0.19    0.18    0.01    0.01    0.01    0.00    0.14    0.14      1.24      0.10
    1979    0.46    0.46    0.02    0.06    1.77    1.76    0.03    0.02    0.02    0.02    0.01    0.09      4.72      0.39
    1980    0.09    0.30    0.31    1.77    4.31    3.43    0.93    0.21    0.21    0.06    1.16    1.16     13.94      1.16
    1981    0.06    0.04    0.30    0.26    0.02    0.07    0.36    0.30    0.01    0.03    0.02    0.01      1.48      0.12
    1982    0.09    0.36    0.28    0.03    0.03    0.02    0.02    0.00    0.00    0.03    0.03    0.00      0.90      0.07
    1983    0.00    0.87    1.63    0.76    0.02    0.13    0.14    0.02    0.01    0.01    0.04    0.04      3.66      0.30
    1984    0.11    0.12    0.01    0.03    0.42    0.54    0.15    0.01    0.01    0.01    0.00    0.00      1.40      0.12
    1985    1.17    1.33    3.16    3.72    0.74    0.11    0.12    0.03    0.03    0.02    0.02    0.01     10.45      0.87
    1986    0.35    0.52    0.18    0.01    0.35    0.35    0.01    0.01    0.01    0.00    0.00    1.16      2.94      0.25
    1987    1.17    0.46    0.46    0.02   68.19   71.04    5.61    3.00    0.33    0.32    0.26    2.50    153.36     12.78
    1988    2.92    0.64    4.10    6.56    4.72    2.15    0.59    0.58    0.12    0.10    0.08    0.06     22.62      1.88
    1989    0.04    0.03    0.02    0.02    1.32    1.81    0.60    0.09    0.03    0.02    0.02    0.02      4.01      0.33
    1990    0.01    0.01    0.00   10.80   11.83   17.10   16.11    0.26    0.23    0.20    0.17    0.13     56.84      4.74
    1991    5.81    5.78    0.11    9.24    9.16    0.13    0.11    0.09    0.08    0.07    0.05    0.04     30.67      2.56
    1992    0.15    0.24    0.09    0.01    0.10    0.14    0.28    0.24    0.01    0.01    0.01    0.00      1.28      0.11
    1993    0.46    0.52    2.20    4.58   14.68   12.23    0.17    0.14    0.12    0.11    0.09    0.07     35.37      2.95
    1994    0.05    0.03    0.02    0.26    0.27    0.35    0.35    0.06    0.06    0.01    0.01    0.01      1.47      0.12
    1995    0.02    0.58    1.63    1.70    2.18    1.60    0.05    0.04    0.03    0.03    0.03    0.02      7.91      0.66
    1996    0.01    2.43    3.70    2.52    1.29    6.06    6.09    0.13    0.14    0.11    0.10    0.08     22.66      1.89
    1997    0.06    0.04    0.03    0.41    1.21    2.26    1.45    0.05    0.04    0.03    0.03    0.02      5.64      0.47
    1998    0.07    0.43    0.47    0.87    0.77    0.02    0.02    0.01    0.01    0.01    0.01    0.00      2.68      0.22
    1999    0.00    0.00    0.35    1.29    1.34    3.47    3.95    0.92    0.08    0.08    0.07    0.36     11.91      0.99
    2000    0.36    0.06    0.48    0.43    0.02    0.09    0.82    0.75    0.02    0.02    0.02    0.10      3.16      0.26
    2001    0.12    4.42    6.30    1.96    0.09    0.49    0.49    0.04    0.03    0.03    1.42    1.42     16.82      1.40
    2002    0.04    0.02    1.68    1.70    0.14    0.44    0.32    0.02    0.02    0.02    0.01    0.01      4.41      0.37
    2003    0.01    0.00    0.03    0.20    2.78    2.99    0.50    0.10    0.04    0.03    0.03    0.02      6.72      0.56
    2004    0.02    0.01    0.16    0.20    0.08    0.09    0.05    0.00    0.01    0.01    0.00    0.00      0.65      0.05
    2005    0.01    0.06    0.05    8.11    9.76    2.98    2.19    0.82    0.13    0.12    0.63    0.63     25.48      2.12
    2006    0.09    0.06    0.04    0.14    0.13    0.18    0.19    0.01    0.01    0.01    0.01    0.01      0.87      0.07
    2007    0.12    0.13    0.14    0.14    0.72    0.84    0.13    0.23    0.24    0.02    0.01    0.01      2.73      0.23
    2008    0.01    0.90    0.90    0.03    2.22    2.22    0.04    0.03    0.03    0.02    0.02    0.01      6.43      0.54
    2009    2.26    2.79    0.54    0.12    3.32    3.44    0.40    0.17    0.05    0.05    0.04    0.03     13.20      1.10
  
 AVERAGE    0.32    0.58    0.80    1.66    3.38    3.92    2.23    0.55    0.12    0.08    0.12    0.18     13.93      1.16
