    1920    0.10    0.04    0.00    0.00    0.18    0.58    0.35    0.13    0.05    0.02    0.01    0.01      1.48      0.12
    1921    0.01    0.01    0.01    0.03    0.01    0.00    0.00    0.00    0.01    0.00    0.00    0.00      0.09      0.01
    1922    0.00    0.01    0.01    0.00    0.16    0.09    0.04    0.05    0.03    0.02    0.01    0.00      0.43      0.04
    1923    0.00    0.00    0.00    0.01    0.01    2.85    1.37    0.11    0.04    0.03    0.03    0.02      4.48      0.37
    1924    0.03    0.04    2.02    0.88    0.06    1.94    1.27    0.56    0.29    0.08    0.05    0.04      7.26      0.60
    1925    0.04    0.03    0.02    0.02    0.02    0.06    0.05    0.03    0.02    0.01    0.01    0.01      0.32      0.03
    1926    0.01    0.01    0.02    0.01    0.00    0.29    0.17    0.04    0.01    0.01    0.01    0.01      0.58      0.05
    1927    0.02    0.01    0.03    0.10    0.04    0.16    0.11    0.03    0.01    0.01    0.01    0.01      0.54      0.05
    1928    0.01    0.01    0.00    0.01    0.00    0.91    0.46    0.05    0.02    0.02    0.03    0.24      1.76      0.15
    1929    0.15    0.02    0.01    0.02    0.01    0.01    0.02    0.01    0.01    0.00    0.01    0.00      0.28      0.02
    1930    0.00    0.00    0.00    0.11    0.06    0.04    0.05    0.03    0.01    0.01    0.01    0.00      0.32      0.03
    1931    0.00    0.20    0.09    0.00    0.04    0.06    0.03    0.01    0.00    0.00    0.00    0.02      0.46      0.04
    1932    0.01    0.01    0.00    0.00    0.00    0.00    0.01    0.01    0.00    0.00    0.00    0.00      0.06      0.00
    1933    0.00    0.07    0.09    0.36    0.27    0.16    0.11    0.06    0.03    0.01    0.01    0.01      1.18      0.10
    1934    0.06    0.35    0.18    0.02    0.02    0.25    0.23    0.29    0.24    0.10    0.02    0.02      1.76      0.15
    1935    0.01    0.02    0.01    0.01    0.01    0.53    0.28    0.09    0.07    0.03    0.01    0.02      1.09      0.09
    1936    0.02    0.24    0.11    0.01    0.09    0.09    0.03    0.01    0.01    0.01    0.00    0.00      0.63      0.05
    1937    0.00    0.01    0.01    0.00    0.02    0.02    0.04    0.03    0.03    0.03    0.02    0.01      0.20      0.02
    1938    0.01    0.01    0.01    0.09    0.21    0.10    0.02    0.01    0.01    0.01    0.04    0.03      0.57      0.05
    1939    0.03    0.03    0.01    0.00    0.00    0.20    0.13    0.03    0.01    0.01    0.01    0.01      0.47      0.04
    1940    0.01    0.01    0.01    0.35    2.77    1.19    0.10    0.06    0.03    0.03    0.03    0.02      4.61      0.38
    1941    0.04    0.02    0.01    0.01    0.02    0.04    0.04    0.02    0.01    0.01    0.01    0.01      0.23      0.02
    1942    0.28    0.15    0.21    0.09    0.01    0.03    8.24    3.72    0.22    0.12    0.32    0.26     13.65      1.14
    1943    0.11    0.62    0.30    0.04    0.04    0.07    0.04    0.03    0.05    0.05    0.02    0.02      1.42      0.12
    1944    0.02    0.01    0.01    0.01    0.01    0.02    0.02    0.01    0.00    0.01    0.00    0.00      0.12      0.01
    1945    0.00    0.00    0.00    0.07    0.04    0.03    0.12    0.16    0.10    0.03    0.01    0.00      0.58      0.05
    1946    0.01    0.01    0.00    0.00    0.00    0.00    0.05    0.07    0.04    0.02    0.01    0.01      0.21      0.02
    1947    0.01    0.01    0.02    0.02    0.12   12.91    5.61    0.25    0.11    0.09    0.08    0.07     19.30      1.61
    1948    0.06    0.05    0.04    0.03    0.02    0.03    0.02    0.02    0.02    0.02    0.01    0.01      0.32      0.03
    1949    0.01    0.01    0.01    0.00    0.04    0.68    0.98    0.62    0.25    0.07    0.07    0.05      2.79      0.23
    1950    0.02    0.02    0.36    0.17    0.02    0.05    0.06    0.04    0.02    0.01    0.01    0.01      0.81      0.07
    1951    0.01    0.01    0.00    0.00    0.04    0.04    0.02    0.01    0.01    0.04    0.04    0.02      0.24      0.02
    1952    0.01    0.02    0.01    0.00    0.08    0.05    0.09    0.07    0.02    0.01    0.00    0.00      0.37      0.03
    1953    0.01    0.01    0.33    0.15    0.01    0.43    0.25    0.05    0.02    0.01    0.01    0.01      1.30      0.11
    1954    0.01    0.01    0.00    0.35    0.38    0.14    0.08    0.06    0.03    0.03    0.02    0.01      1.10      0.09
    1955    0.01    0.03    0.02    0.01    0.12    1.30    0.66    0.10    0.04    0.02    0.02    0.01      2.33      0.19
    1956    0.02    0.02    0.05    0.02    0.01    0.02    0.02    0.01    0.33    0.34    0.24    0.29      1.39      0.12
    1957    0.21    0.07    0.07    1.13    0.50    0.03    0.03    0.03    0.03    0.02    0.01    0.01      2.13      0.18
    1958    0.01    0.02    0.05    0.04    0.22    0.12    0.05    0.19    0.17    0.07    0.02    0.01      0.96      0.08
    1959    0.01    0.03    0.11    0.05    0.01    0.01    0.04    0.04    0.02    0.01    0.03    0.02      0.37      0.03
    1960    0.05    0.03    0.01    0.01    0.00    1.74    0.94    0.22    0.13    0.19    0.14    0.04      3.49      0.29
    1961    0.02    0.09    0.04    0.01    0.32    0.19    0.10    0.06    0.02    0.01    0.01    0.01      0.89      0.07
    1962    0.01    0.05    0.02    1.65    0.73    1.00    0.88    0.35    0.09    0.05    0.03    0.03      4.88      0.41
    1963    0.02    0.06    0.03    0.01    0.01    0.03    0.03    0.01    0.02    0.02    0.01    0.00      0.25      0.02
    1964    0.02    0.01    0.01    0.06    0.03    0.00    0.12    0.09    0.03    0.02    0.01    0.01      0.41      0.03
    1965    0.00    0.00    0.00    1.53    0.71    0.04    0.02    0.02    0.01    0.01    0.01    0.01      2.36      0.20
    1966    0.01    0.01    0.02    0.07    0.05    0.08    1.00    0.89    0.39    0.11    0.03    0.02      2.68      0.22
    1967    0.04    0.07    0.03    0.01    0.01    0.08    0.21    0.20    0.10    0.03    0.01    0.01      0.81      0.07
    1968    0.01    0.01    0.01    0.00    0.21    0.12    0.32    0.24    0.08    0.02    0.01    0.01      1.05      0.09
    1969    0.02    0.01    0.00    0.00    0.01    0.01    0.01    0.03    0.06    0.08    0.05    0.01      0.31      0.03
    1970    0.02    0.01    0.05    0.19    0.11    0.08    0.07    0.09    0.07    0.03    0.01    0.01      0.73      0.06
    1971    0.01    0.01    0.00    0.21    0.14    0.17    0.13    0.05    0.01    0.01    0.01    0.00      0.75      0.06
    1972    0.00    0.00    0.00    0.00    0.04    0.03    0.14    0.11    0.04    0.01    0.01    0.01      0.40      0.03
    1973    0.00    0.01    0.02    3.07   24.24   16.28    3.68    0.77    0.35    0.20    0.24    0.18     49.02      4.09
    1974    0.13    0.12    0.09    0.08    0.08    0.46    0.28    0.09    0.06    0.06    0.04    0.03      1.51      0.13
    1975    0.02    0.03    1.67    4.95    3.07    5.69    2.55    0.30    0.19    0.15    0.11    0.10     18.85      1.57
    1976    0.11    0.07    0.05    0.05    0.20    0.16    0.05    0.03    0.03    0.02    0.02    0.03      0.83      0.07
    1977    0.03    0.02    0.01    0.01    0.01    0.03    0.10    0.08    0.02    0.01    0.01    0.01      0.33      0.03
    1978    0.01    0.00    0.01    0.01    0.56    0.29    0.05    0.03    0.02    0.02    0.09    0.07      1.14      0.10
    1979    0.06    0.03    0.01    0.00    0.05    0.06    0.03    0.01    0.00    0.00    0.01    0.02      0.30      0.02
    1980    0.01    0.26    0.12    0.16    0.16    0.10    0.05    0.02    0.02    0.01    0.05    0.04      1.02      0.08
    1981    0.02    0.02    0.30    0.13    0.01    0.02    0.06    0.05    0.03    0.06    0.05    0.02      0.75      0.06
    1982    0.02    0.01    0.00    0.00    0.00    0.01    0.01    0.01    0.02    0.03    0.02    0.01      0.14      0.01
    1983    0.01    0.05    0.03    0.00    0.00    0.04    0.04    0.02    0.01    0.01    0.01    0.01      0.23      0.02
    1984    0.09    0.05    0.01    0.00    0.03    0.05    0.03    0.01    0.00    0.00    0.00    0.00      0.28      0.02
    1985    0.04    0.03    0.04    0.03    0.01    0.01    0.01    0.00    0.00    0.00    0.00    0.01      0.22      0.02
    1986    0.02    0.01    0.00    0.00    0.02    0.02    0.02    0.01    0.00    0.01    0.02    0.08      0.21      0.02
    1987    0.06    0.02    0.01    0.00   45.67   19.15    2.16    0.98    0.19    0.16    0.13    0.14     68.66      5.72
    1988    0.15    0.10    0.09    0.12    0.28    0.13    0.09    0.10    0.05    0.03    0.03    0.02      1.20      0.10
    1989    0.02    0.02    0.01    0.01    0.06    0.10    0.08    0.04    0.02    0.01    0.01    0.01      0.38      0.03
    1990    0.00    0.00    0.00    1.81    0.81    0.88    0.44    0.03    0.04    0.04    0.02    0.02      4.11      0.34
    1991    0.80    0.41    0.04    0.02    0.01    0.06    0.04    0.01    0.01    0.01    0.01    0.01      1.42      0.12
    1992    0.01    0.02    0.01    0.00    0.10    0.06    0.01    0.01    0.00    0.00    0.00    0.00      0.22      0.02
    1993    0.30    0.16    0.33    1.22    0.99    0.31    0.04    0.02    0.02    0.02    0.02    0.01      3.44      0.29
    1994    0.01    0.01    0.01    0.04    0.02    0.24    0.14    0.04    0.02    0.01    0.01    0.01      0.54      0.05
    1995    0.01    0.01    0.13    0.07    0.05    0.03    0.02    0.02    0.01    0.02    0.02    0.01      0.40      0.03
    1996    0.00    0.07    0.25    0.11    0.01    0.27    0.16    0.07    0.06    0.04    0.02    0.01      1.06      0.09
    1997    0.01    0.00    0.00    0.00    0.05    0.18    0.10    0.02    0.01    0.01    0.01    0.00      0.39      0.03
    1998    0.01    0.04    0.02    0.01    0.00    0.00    0.00    0.04    0.04    0.02    0.01    0.00      0.19      0.02
    1999    0.01    0.01    0.49    0.46    0.15    0.22    0.21    0.10    0.03    0.01    0.01    0.02      1.73      0.14
    2000    0.02    0.01    0.04    0.02    0.01    0.05    0.82    0.53    0.17    0.07    0.03    0.13      1.89      0.16
    2001    0.15    1.13    0.96    0.37    0.09    0.06    0.04    0.04    0.06    0.04    0.11    0.08      3.13      0.26
    2002    0.02    0.01    0.10    0.05    0.01    0.03    0.03    0.02    0.01    0.01    0.00    0.00      0.30      0.02
    2003    0.00    0.01    0.00    0.01    0.04    0.04    0.03    0.02    0.00    0.00    0.00    0.02      0.19      0.02
    2004    0.02    0.01    0.00    0.01    0.04    0.04    0.04    0.03    0.02    0.02    0.01    0.00      0.24      0.02
    2005    0.00    0.01    0.00    0.35    1.59    0.79    0.21    0.12    0.06    0.05    0.06    0.03      3.26      0.27
    2006    0.03    0.02    0.02    0.01    0.01    0.02    0.10    0.08    0.03    0.01    0.01    0.02      0.35      0.03
    2007    0.06    0.04    0.03    0.02    0.03    0.05    0.03    0.08    0.19    0.13    0.04    0.01      0.70      0.06
    2008    0.01    0.02    0.01    0.01    0.87    0.41    0.03    0.02    0.03    0.03    0.02    0.01      1.48      0.12
    2009    0.08    0.06    0.01    2.17    1.31    0.38    0.15    0.05    0.03    0.03    0.02    0.02      4.31      0.36
  
 AVERAGE    0.04    0.06    0.10    0.26    0.99    0.84    0.41    0.15    0.06    0.04    0.03    0.03      3.02      0.25
