    1920    0.26    0.08    0.03    0.01    0.14    0.45    0.27    0.11    0.04    0.01    0.01    0.00      1.40      0.12
    1921    0.00    0.00    0.01    0.02    0.01    0.00    0.00    0.00    0.00    0.00    0.00    0.00      0.05      0.00
    1922    0.00    0.01    0.01    0.00    0.12    0.06    0.03    0.04    0.03    0.02    0.01    0.00      0.33      0.03
    1923    0.00    0.00    0.00    0.01    0.01    2.36    0.95    0.08    0.02    0.02    0.01    0.01      3.47      0.29
    1924    0.01    0.03    1.64    0.56    0.04    1.58    0.92    0.44    0.23    0.07    0.03    0.02      5.57      0.46
    1925    0.01    0.01    0.00    0.00    0.00    0.04    0.04    0.02    0.01    0.00    0.00    0.00      0.14      0.01
    1926    0.00    0.01    0.01    0.01    0.00    0.22    0.12    0.03    0.01    0.01    0.01    0.00      0.42      0.04
    1927    0.02    0.01    0.02    0.07    0.03    0.12    0.08    0.03    0.01    0.00    0.00    0.01      0.39      0.03
    1928    0.01    0.01    0.00    0.01    0.00    0.73    0.31    0.04    0.01    0.01    0.02    0.20      1.35      0.11
    1929    0.11    0.02    0.01    0.01    0.01    0.01    0.01    0.01    0.00    0.00    0.00    0.00      0.20      0.02
    1930    0.00    0.00    0.00    0.08    0.04    0.03    0.04    0.03    0.01    0.01    0.00    0.00      0.24      0.02
    1931    0.00    0.15    0.05    0.00    0.03    0.05    0.02    0.01    0.00    0.00    0.00    0.02      0.33      0.03
    1932    0.01    0.00    0.00    0.00    0.00    0.00    0.01    0.01    0.00    0.00    0.00    0.00      0.05      0.00
    1933    0.00    0.05    0.06    0.27    0.18    0.12    0.08    0.05    0.02    0.01    0.00    0.00      0.86      0.07
    1934    0.05    0.26    0.11    0.01    0.01    0.19    0.17    0.24    0.19    0.08    0.02    0.01      1.36      0.11
    1935    0.01    0.01    0.01    0.00    0.00    0.41    0.19    0.08    0.06    0.02    0.01    0.01      0.81      0.07
    1936    0.01    0.18    0.07    0.01    0.06    0.06    0.03    0.01    0.01    0.00    0.00    0.00      0.44      0.04
    1937    0.00    0.00    0.00    0.00    0.01    0.02    0.03    0.03    0.02    0.02    0.01    0.01      0.17      0.01
    1938    0.01    0.01    0.01    0.07    0.16    0.07    0.02    0.01    0.01    0.01    0.03    0.02      0.42      0.04
    1939    0.02    0.02    0.01    0.00    0.00    0.15    0.09    0.03    0.01    0.01    0.00    0.01      0.36      0.03
    1940    0.01    0.01    0.00    0.26    2.26    0.79    0.08    0.05    0.02    0.01    0.01    0.01      3.50      0.29
    1941    0.03    0.01    0.00    0.00    0.01    0.03    0.03    0.02    0.01    0.00    0.00    0.00      0.16      0.01
    1942    0.22    0.10    0.15    0.05    0.01    0.03    5.20    2.05    0.18    0.08    0.28    0.21      8.56      0.71
    1943    0.09    0.46    0.19    0.02    0.01    0.05    0.03    0.01    0.03    0.04    0.02    0.01      0.94      0.08
    1944    0.01    0.00    0.00    0.01    0.01    0.02    0.01    0.01    0.00    0.00    0.00    0.00      0.07      0.01
    1945    0.00    0.00    0.00    0.05    0.03    0.02    0.10    0.14    0.08    0.03    0.01    0.00      0.46      0.04
    1946    0.01    0.00    0.00    0.00    0.00    0.00    0.05    0.06    0.03    0.01    0.01    0.01      0.18      0.01
    1947    0.01    0.01    0.02    0.01    0.09    9.62    3.47    0.18    0.07    0.05    0.04    0.02     13.59      1.13
    1948    0.02    0.01    0.00    0.00    0.00    0.02    0.01    0.00    0.00    0.01    0.01    0.00      0.08      0.01
    1949    0.00    0.00    0.00    0.00    0.03    0.54    0.77    0.49    0.20    0.06    0.06    0.04      2.19      0.18
    1950    0.01    0.01    0.26    0.10    0.01    0.04    0.05    0.04    0.02    0.01    0.00    0.00      0.55      0.05
    1951    0.00    0.00    0.00    0.00    0.03    0.03    0.01    0.01    0.01    0.04    0.04    0.01      0.19      0.02
    1952    0.01    0.01    0.01    0.00    0.06    0.04    0.07    0.06    0.02    0.01    0.00    0.00      0.29      0.02
    1953    0.01    0.01    0.25    0.09    0.01    0.34    0.17    0.04    0.02    0.01    0.00    0.00      0.95      0.08
    1954    0.00    0.00    0.00    0.26    0.26    0.09    0.07    0.05    0.02    0.02    0.01    0.00      0.80      0.07
    1955    0.01    0.02    0.01    0.00    0.08    1.05    0.46    0.08    0.03    0.01    0.01    0.01      1.77      0.15
    1956    0.02    0.02    0.03    0.01    0.00    0.02    0.02    0.01    0.28    0.28    0.20    0.24      1.13      0.09
    1957    0.16    0.05    0.05    0.89    0.31    0.01    0.01    0.02    0.02    0.01    0.00    0.00      1.53      0.13
    1958    0.00    0.01    0.03    0.02    0.16    0.08    0.04    0.17    0.14    0.05    0.02    0.00      0.73      0.06
    1959    0.00    0.02    0.07    0.03    0.00    0.01    0.03    0.03    0.01    0.01    0.03    0.02      0.27      0.02
    1960    0.04    0.02    0.00    0.01    0.00    1.42    0.67    0.18    0.11    0.16    0.12    0.03      2.76      0.23
    1961    0.01    0.06    0.02    0.00    0.24    0.13    0.08    0.05    0.01    0.00    0.00    0.00      0.62      0.05
    1962    0.00    0.03    0.01    1.33    0.47    0.79    0.65    0.26    0.07    0.03    0.02    0.01      3.68      0.31
    1963    0.01    0.05    0.02    0.00    0.00    0.02    0.02    0.01    0.01    0.01    0.01    0.00      0.16      0.01
    1964    0.02    0.01    0.00    0.04    0.02    0.00    0.09    0.07    0.02    0.02    0.01    0.01      0.31      0.03
    1965    0.00    0.00    0.00    1.23    0.47    0.02    0.01    0.00    0.00    0.00    0.00    0.00      1.75      0.15
    1966    0.00    0.00    0.01    0.04    0.03    0.06    0.82    0.70    0.32    0.09    0.02    0.01      2.11      0.18
    1967    0.03    0.05    0.02    0.00    0.00    0.06    0.17    0.16    0.08    0.02    0.01    0.00      0.60      0.05
    1968    0.01    0.00    0.00    0.00    0.18    0.09    0.26    0.19    0.06    0.02    0.01    0.00      0.83      0.07
    1969    0.02    0.01    0.00    0.00    0.01    0.01    0.01    0.02    0.06    0.07    0.04    0.01      0.26      0.02
    1970    0.02    0.01    0.03    0.13    0.07    0.06    0.06    0.08    0.06    0.03    0.01    0.00      0.56      0.05
    1971    0.01    0.00    0.00    0.16    0.09    0.13    0.09    0.04    0.01    0.00    0.00    0.00      0.55      0.05
    1972    0.00    0.00    0.00    0.00    0.03    0.03    0.12    0.09    0.03    0.01    0.00    0.00      0.31      0.03
    1973    0.00    0.01    0.01    2.53   20.54   10.31    2.06    0.64    0.28    0.15    0.17    0.10     36.80      3.07
    1974    0.05    0.03    0.01    0.01    0.04    0.33    0.18    0.06    0.03    0.02    0.01    0.00      0.77      0.06
    1975    0.00    0.01    1.34    3.97    2.21    2.62    1.16    0.27    0.12    0.09    0.05    0.04     11.89      0.99
    1976    0.05    0.01    0.00    0.01    0.14    0.11    0.04    0.01    0.01    0.00    0.00    0.02      0.40      0.03
    1977    0.02    0.01    0.01    0.01    0.00    0.02    0.08    0.06    0.02    0.01    0.00    0.01      0.25      0.02
    1978    0.00    0.00    0.00    0.01    0.44    0.19    0.04    0.03    0.01    0.02    0.08    0.05      0.87      0.07
    1979    0.05    0.03    0.01    0.00    0.04    0.05    0.02    0.01    0.00    0.00    0.00    0.02      0.22      0.02
    1980    0.01    0.20    0.07    0.12    0.11    0.07    0.04    0.02    0.02    0.01    0.05    0.03      0.74      0.06
    1981    0.02    0.01    0.23    0.08    0.01    0.01    0.05    0.04    0.02    0.05    0.04    0.01      0.56      0.05
    1982    0.02    0.01    0.00    0.00    0.00    0.01    0.01    0.01    0.02    0.03    0.02    0.01      0.12      0.01
    1983    0.00    0.04    0.02    0.00    0.00    0.03    0.03    0.02    0.01    0.01    0.01    0.01      0.18      0.01
    1984    0.07    0.03    0.00    0.00    0.03    0.04    0.02    0.01    0.00    0.00    0.00    0.00      0.21      0.02
    1985    0.04    0.02    0.03    0.02    0.01    0.01    0.01    0.00    0.00    0.00    0.00    0.01      0.16      0.01
    1986    0.02    0.01    0.00    0.00    0.01    0.01    0.02    0.01    0.00    0.01    0.01    0.07      0.18      0.01
    1987    0.04    0.02    0.01    0.00   44.50   14.75    1.17    0.57    0.14    0.10    0.07    0.07     61.44      5.12
    1988    0.08    0.03    0.07    0.08    0.19    0.08    0.07    0.07    0.03    0.01    0.00    0.00      0.71      0.06
    1989    0.00    0.00    0.00    0.00    0.04    0.07    0.06    0.03    0.01    0.01    0.00    0.00      0.25      0.02
    1990    0.00    0.00    0.00    1.47    0.53    0.70    0.29    0.02    0.03    0.03    0.01    0.01      3.08      0.26
    1991    0.64    0.27    0.03    0.00    0.00    0.05    0.03    0.01    0.00    0.00    0.00    0.00      1.04      0.09
    1992    0.01    0.02    0.01    0.00    0.07    0.04    0.01    0.00    0.00    0.00    0.00    0.00      0.16      0.01
    1993    0.23    0.11    0.25    0.94    0.71    0.21    0.03    0.01    0.01    0.01    0.00    0.00      2.50      0.21
    1994    0.00    0.00    0.00    0.02    0.01    0.18    0.09    0.03    0.02    0.01    0.00    0.00      0.38      0.03
    1995    0.01    0.01    0.09    0.04    0.04    0.02    0.02    0.02    0.01    0.02    0.02    0.01      0.30      0.02
    1996    0.00    0.05    0.18    0.06    0.01    0.21    0.11    0.06    0.05    0.03    0.01    0.00      0.78      0.06
    1997    0.00    0.00    0.00    0.00    0.04    0.14    0.07    0.01    0.00    0.00    0.00    0.00      0.28      0.02
    1998    0.01    0.03    0.01    0.01    0.00    0.00    0.00    0.03    0.03    0.01    0.00    0.00      0.16      0.01
    1999    0.01    0.00    0.38    0.31    0.09    0.17    0.16    0.08    0.02    0.01    0.00    0.02      1.27      0.11
    2000    0.02    0.01    0.03    0.01    0.00    0.04    0.67    0.39    0.13    0.06    0.02    0.10      1.49      0.12
    2001    0.11    0.90    0.67    0.24    0.06    0.05    0.03    0.02    0.04    0.03    0.09    0.07      2.30      0.19
    2002    0.02    0.01    0.07    0.03    0.01    0.02    0.02    0.02    0.01    0.00    0.00    0.00      0.20      0.02
    2003    0.00    0.01    0.00    0.01    0.03    0.03    0.03    0.01    0.00    0.00    0.00    0.02      0.15      0.01
    2004    0.02    0.00    0.00    0.00    0.03    0.04    0.03    0.02    0.02    0.02    0.01    0.00      0.20      0.02
    2005    0.00    0.01    0.00    0.26    1.26    0.54    0.16    0.10    0.05    0.03    0.05    0.02      2.49      0.21
    2006    0.03    0.02    0.01    0.00    0.00    0.02    0.09    0.06    0.02    0.01    0.00    0.01      0.27      0.02
    2007    0.05    0.03    0.02    0.01    0.02    0.04    0.02    0.07    0.16    0.11    0.04    0.01      0.58      0.05
    2008    0.00    0.02    0.01    0.01    0.69    0.27    0.02    0.01    0.02    0.02    0.02    0.01      1.10      0.09
    2009    0.06    0.04    0.01    1.77    0.90    0.27    0.11    0.04    0.01    0.01    0.01    0.00      3.23      0.27
  
 AVERAGE    0.03    0.04    0.08    0.20    0.87    0.60    0.27    0.11    0.05    0.03    0.02    0.02      2.32      0.19
