    1920    0.72    0.23    0.04    0.04    4.44    5.26    2.07    0.34    0.20    0.21    0.22    0.22     14.00      1.17
    1921    0.22    0.88    5.75    2.61    0.23    0.20    0.18    0.16    0.31    0.12    0.12    0.11     10.89      0.91
    1922    0.09    4.30    1.59   14.75   11.34    2.31    0.35    0.26    0.27    0.27    0.27    0.26     36.07      3.01
    1923    0.24    0.71    0.24    2.37    0.94   13.64    4.66    0.28    0.26    0.25    0.23    0.69     24.53      2.04
    1924    0.45    1.23    6.09    3.11    1.94   19.57   20.36   18.27    4.75    0.81    0.85    0.87     78.31      6.53
    1925    0.87    0.84    0.77    0.69    1.68    4.56    1.36    0.57    0.52    0.49    0.45    0.41     13.21      1.10
    1926    0.36    1.60    0.61    0.40    0.31   13.12    4.51    0.31    0.29    0.26    0.24    0.22     22.23      1.85
    1927    0.76    0.28    0.84    6.82    2.78    1.39    0.59    0.18    0.17    0.15    0.14    0.13     14.24      1.19
    1928    0.11    1.33    0.49    1.08    0.38    2.34    0.83    0.10    0.21    0.12    0.08    2.49      9.54      0.80
    1929    0.91    0.25    3.62    1.66    0.20    0.78    0.74    0.16    0.12    0.11    0.10    0.09      8.75      0.73
    1930    0.08    0.07    0.07    0.79    1.80    0.73    4.26    1.48    0.12    0.11    0.11    0.11      9.73      0.81
    1931    0.18    2.33    0.81    0.32    0.76    0.79    0.19    0.08    0.08    0.07    0.06    0.28      5.94      0.50
    1932    0.11    0.05    0.36    0.12    0.03    0.49    0.19    0.03    0.03    0.02    0.02    0.02      1.47      0.12
    1933    0.02    8.74    5.89   16.05    6.77    0.80    0.37    0.44    0.25    0.26    0.25    0.23     40.05      3.34
    1934    0.54    2.19    2.04    0.75    1.03    4.45    1.80    0.19    0.20    0.20    0.20    0.19     13.79      1.15
    1935    0.17    1.07    3.16    1.89    1.69    3.18    0.95    0.18    0.17    0.16    0.15    0.13     12.91      1.08
    1936    0.48    8.70    4.29    6.42    7.81    2.36    0.28    0.27    0.26    0.24    0.22    0.20     31.54      2.63
    1937    0.18    0.15    0.73    2.26    1.04    0.17    1.21    0.40    0.11    0.10    0.10    0.09      6.53      0.54
    1938    0.91    0.75    0.27    9.00    5.56    0.91    0.17    0.16    0.14    0.13    0.33    0.11     18.44      1.54
    1939    2.62    6.02    1.88    0.15    1.14    3.69    1.30    0.18    0.18    0.17    0.16    1.01     18.52      1.54
    1940    0.34    4.89    3.55    3.62    6.45    1.94    0.23    0.22    0.21    0.19    0.18    0.16     21.96      1.83
    1941    1.05    0.35    0.12    1.90    2.07    2.48    1.03    0.13    0.13    0.12    0.11    0.11      9.59      0.80
    1942    1.41    2.17    3.85    2.77    0.64    0.87   43.85   21.12    2.40    0.56    1.50    0.70     81.84      6.82
    1943    2.37   12.95    7.83    2.25    0.85    0.73    0.70    0.66    0.62    0.57    0.53    0.45     30.52      2.54
    1944    0.43    0.38    0.34    0.50    1.37    4.23    1.33    0.26    0.23    0.21    0.19    0.17      9.64      0.80
    1945    0.15    0.12    0.11   10.62    4.03    3.98    1.49    0.28    0.20    0.20    0.19    0.18     21.56      1.80
    1946    0.43    0.15    0.13    1.01    0.53    0.16    1.52    0.57    0.10    0.10    0.09    0.13      4.90      0.41
    1947    1.58    0.66    3.04    5.94    2.39   60.83   20.32    0.46    0.48    0.47    0.46    0.44     97.07      8.09
    1948    0.42    0.38    0.33    0.27    0.69    1.12    0.30    0.20    0.19    0.17    0.15    0.13      4.35      0.36
    1949    0.12    0.68    1.09    0.33    0.13    6.21   28.18    8.89    0.39    0.42    0.71    0.47     47.62      3.97
    1950    0.48    0.41    5.64    3.03    0.56    0.90    0.99    0.28    0.28    0.26    0.23    0.21     13.27      1.11
    1951    1.60    0.54    0.16    0.48    2.09    1.87    0.43    0.13    0.12    0.44    0.15    0.15      8.17      0.68
    1952    0.08    2.03    1.85    0.44    6.86    2.48    2.60    0.89    0.18    0.17    0.16    0.15     17.89      1.49
    1953    0.35    0.62    1.31    0.55    3.03    7.20    2.20    0.19    0.18    0.17    0.16    0.15     16.11      1.34
    1954    0.14    0.16    0.75    9.01    9.35    2.41    0.46    0.21    0.21    0.20    0.19    0.17     23.25      1.94
    1955    0.38    2.27    1.48    0.26   25.86   44.92   12.28    0.52    0.53    0.53    0.52    0.51     90.07      7.51
    1956    1.10    0.74    5.96    3.41    0.48    0.61    0.31    0.30    0.28    0.25    0.31    4.32     18.06      1.51
    1957    3.79    1.03    0.83    3.38    1.28    0.27    0.27    0.50    0.24    0.23    0.21    0.19     12.22      1.02
    1958    0.19    3.85    3.51    2.48    1.99    0.65    1.47    0.67    0.18    0.18    0.18    0.17     15.53      1.29
    1959    0.15    0.86    7.65    2.83    0.75    3.34    2.02    0.31    0.21    0.20    0.19    0.18     18.72      1.56
    1960    0.73    0.74    1.17    0.62    0.13    3.22    2.41    0.54    0.27    0.20    0.23    0.24     10.50      0.87
    1961    0.25    2.22    1.11    0.23    2.20    2.26    1.68    0.39    0.21    0.20    0.18    0.17     11.08      0.92
    1962    0.15    2.67    1.54   16.97    6.00    2.11    4.58    1.37    0.33    0.34    0.35    0.34     36.74      3.06
    1963    0.32   12.91    4.64    0.36    0.49    1.58    0.58    0.26    0.23    0.22    0.20    0.18     21.98      1.83
    1964    1.49    0.87    1.52    3.98    1.28    0.15    1.59    0.54    0.13    0.11    0.11    0.10     11.88      0.99
    1965    0.09    0.42    0.15   34.14   13.02    0.67    0.26    0.24    0.22    0.20    0.18    0.17     49.76      4.15
    1966    0.15    0.12    2.61   12.86    6.81    2.93   16.01    5.74    0.50    0.54    0.57    0.57     49.42      4.12
    1967    0.70    0.48    0.44    0.39    0.35    3.26   28.13    9.38    0.51    0.51    0.50    0.48     45.13      3.76
    1968    0.45    0.40    6.03    2.08    3.57    5.28    2.90    0.73    0.38    0.38    0.38    0.37     22.94      1.91
    1969    4.49    1.51    0.32    0.55    0.24    0.23    0.20    0.18    0.17    0.15    0.14    0.49      8.66      0.72
    1970    0.90    0.26    2.46    3.01    3.84    1.60    0.33    0.23    0.14    0.14    0.13    0.12     13.18      1.10
    1971    0.26    0.09    0.31   10.87   31.21   19.36    3.67    0.45    0.44    0.44    0.43    0.41     67.95      5.66
    1972    0.37    0.32    0.29    0.26    2.79    1.39    0.27    0.19    0.18    0.16    0.14    0.30      6.66      0.56
    1973    0.11    0.67    0.81   31.18   25.28    6.87    1.36    0.42    0.44    0.44    0.43    0.42     68.42      5.70
    1974    0.38    5.52    2.21    2.65    5.03    2.34    0.33    0.29    0.27    0.25    0.23    0.21     19.72      1.64
    1975    0.19    5.32   14.93   15.59   10.16   19.40    6.73    0.62    0.66    0.65    0.60    0.55     75.39      6.28
    1976    4.89    1.64    0.71    1.24    5.67    6.68    1.71    0.41    0.38    0.36    0.33    2.08     26.10      2.18
    1977    1.00    0.26    0.27    0.95    0.99    4.77    3.93    0.83    0.26    0.25    0.24    0.23     13.98      1.17
    1978    0.22    0.20    0.70    0.59    0.42    0.12    0.12    0.11    0.10    0.08    1.99    0.70      5.34      0.45
    1979    0.28    0.21    0.26    0.11    4.87    1.74    0.12    0.11    0.10    0.09    0.08    0.76      8.72      0.73
    1980    0.26    1.19    0.62   13.62   34.65   11.04    0.50    0.37    0.37    0.36    2.07    0.69     65.73      5.48
    1981    0.35    0.80    3.61    1.19    1.10    1.47    3.01    0.89    0.25    0.24    0.23    0.21     13.35      1.11
    1982    1.38    1.25    0.28    0.16    0.14    0.12    0.11    0.10    0.09    0.35    0.12    0.07      4.19      0.35
    1983    0.06    1.50    0.81    0.31    0.09    0.20    0.08    0.43    0.14    0.04    0.04    0.04      3.74      0.31
    1984    0.21    0.29    0.08    0.64    1.91    1.07    0.17    0.05    0.04    0.04    0.04    0.03      4.59      0.38
    1985    2.23    1.03    3.96    1.59    0.10    1.37    0.48    0.08    0.08    0.07    0.06    0.05     11.11      0.93
    1986    1.69    3.63    1.11    0.08    3.48    1.47    0.60    0.17    0.10    0.09    0.09   28.60     41.14      3.43
    1987    9.40    3.16    1.19    0.26  145.49   69.48   19.11    4.19    0.82    0.82    0.81    0.77    255.48     21.29
    1988    3.02    1.36    1.27    1.92   15.83    6.28    0.59    0.58    0.55    0.52    0.48    0.44     32.84      2.74
    1989    0.40    2.50    0.90    0.49    1.27    4.88    1.92    0.26    0.26    0.24    0.22    0.20     13.53      1.13
    1990    0.18    0.16    0.24   13.76    6.04    7.34    2.43    0.29    0.27    0.26    0.24    0.21     31.42      2.62
    1991   25.74    8.58    0.97    0.35    0.28    0.25    0.23    0.21    0.19    0.17    0.15    0.14     37.27      3.11
    1992    0.11    1.93    0.66    0.15    1.63    1.03    0.18    0.09    0.08    0.07    0.06    0.06      6.04      0.50
    1993    8.80    3.05    0.21    6.65   18.18    6.58    0.42    0.32    0.30    0.29    0.27    0.25     45.32      3.78
    1994    0.22    0.19    0.17    3.47    1.30    3.85    1.35    0.17    0.16    0.15    0.13    0.12     11.27      0.94
    1995    1.04    1.24    9.93    6.46   14.65    4.90    0.34    0.32    0.32    0.30    0.29    0.28     40.05      3.34
    1996    0.24   12.02    6.48    2.73    0.68    5.54    2.01    0.31    0.30    0.28    0.26    0.24     31.08      2.59
    1997    0.21    0.19    0.16    4.45   12.66    6.89    1.10    0.30    0.29    0.27    0.26    0.25     27.03      2.25
    1998    2.64    2.36    0.80    1.64    0.63    0.17    0.16    0.14    0.13    0.12    0.10    0.09      8.98      0.75
    1999    0.08    0.07    5.08   12.58    4.30   36.07   12.48    0.47    0.49    0.51    0.52    0.62     73.26      6.10
    2000    0.48    1.49    2.68    0.81    0.53    3.53    8.02    2.44    0.42    0.42    0.41    0.40     21.64      1.80
    2001    1.16   44.56   17.93    3.36    0.96    0.53    0.50    1.29    0.42    0.43    1.66    0.56     73.36      6.11
    2002    0.35    0.31    2.28    1.38    0.44    5.44    1.89    0.26    0.23    0.21    0.19    0.17     13.16      1.10
    2003    0.15    0.13    0.40    0.94    1.50    1.95    0.63    0.11    0.10    0.09    0.09    0.07      6.16      0.51
    2004    0.07    0.06    0.64    1.46    1.42    0.76    2.08    0.69    0.09    0.09    0.08    0.08      7.52      0.63
    2005    0.16    0.85    0.27   13.72   13.13   16.65    5.79    0.42    0.47    0.49    1.37    0.48     53.82      4.48
    2006    0.49   20.18    7.28    0.51    0.47    0.42    0.80    0.34    0.33    0.30    0.27    0.23     31.61      2.63
    2007    0.45    2.13    1.00    0.58    2.39    1.53    0.26    0.15    0.14    0.13    0.12    0.11      8.98      0.75
    2008    0.10    4.92    1.72    2.32   11.75    3.78    0.22    0.20    0.19    0.17    0.16    0.14     25.68      2.14
    2009    4.51    3.11    0.60   49.85   16.80    1.72    1.94    0.48    0.38    0.36    0.34    0.32     80.42      6.70
  
 AVERAGE    1.22    2.65    2.28    4.58    6.24    5.78    3.50    1.11    0.33    0.26    0.33    0.69     28.96      2.41
