    1920    0.39    0.20    0.04    0.01    3.06    3.25    1.49    0.68    0.18    0.08    0.07    0.06      9.52      0.79
    1921    0.04    0.13    3.18    2.66    0.61    0.03    0.02    0.01    0.01    0.01    0.01    0.01      6.71      0.56
    1922    0.00    3.55    1.80    8.39   16.73    6.42    0.96    0.45    0.17    0.16    0.14    0.10     38.86      3.24
    1923    0.06    0.50    0.25    1.63    0.84   35.34   17.56    0.54    0.26    0.22    0.18    0.14     57.52      4.79
    1924    0.40    1.37   13.38    6.83    2.73   20.89   13.04    2.64    1.10    1.51    1.20    0.54     65.62      5.47
    1925    0.42    0.21    0.36    0.28    0.94    4.66    2.27    0.12    0.07    0.05    0.04    0.03      9.44      0.79
    1926    0.15    0.61    0.67    0.29    0.30    8.01    4.00    0.12    0.07    0.06    0.05    0.03     14.37      1.20
    1927    0.22    0.11    1.09    3.91    2.45    1.69    0.86    0.12    0.04    0.04    0.03    0.02     10.58      0.88
    1928    0.11    0.35    0.31    1.09    0.54   15.06    7.55    0.23    0.13    0.13    0.11    3.21     28.82      2.40
    1929    1.66    0.18    1.20    1.62    0.81    1.03    0.55    0.05    0.03    0.03    0.02    0.01      7.19      0.60
    1930    0.01    0.00    0.09    6.32    3.52    1.05    2.86    1.30    0.08    0.07    0.06    0.04     15.42      1.29
    1931    0.34    4.71    2.30    0.22    1.47    1.36    0.37    0.03    0.02    0.02    0.01    0.49     11.35      0.95
    1932    0.25    0.08    0.54    0.26    0.01    0.20    0.17    0.04    0.00    0.00    0.00    0.00      1.58      0.13
    1933    0.00   11.19    8.22   11.51    7.14    2.26    0.83    0.61    0.24    0.16    0.13    0.10     42.40      3.53
    1934    0.16    2.58    2.33    0.61    0.74    5.90    3.38    0.48    0.10    0.10    0.09    0.08     16.56      1.38
    1935    0.19    0.77    1.88    2.20    1.17    2.44    1.17    0.15    0.05    0.04    0.04    0.03     10.14      0.84
    1936    0.24    6.16    3.65    2.08    4.79    2.60    0.37    0.07    0.06    0.05    0.04    0.03     20.14      1.68
    1937    0.02    0.24    0.26    0.72    0.96    0.38    0.48    0.24    0.07    0.03    0.01    0.01      3.40      0.28
    1938    0.44    0.51    0.25    5.59    6.00    1.76    0.06    0.06    0.05    0.04    0.12    0.06     14.95      1.25
    1939    2.87    4.19    1.45    0.11    0.19    5.72    2.98    0.15    0.07    0.06    0.05    0.34     18.18      1.51
    1940    0.17    2.71    3.88    6.22   20.08    8.86    0.37    0.17    0.15    0.14    0.11    0.08     42.94      3.58
    1941    1.50    0.76    0.02    0.54    1.87    2.47    1.77    0.52    0.05    0.05    0.04    0.03      9.63      0.80
    1942    2.13    1.60    9.18    5.36    0.83    1.50   21.23   11.23    0.75    0.56    2.01    0.99     57.34      4.78
    1943    1.01   11.37    7.40    1.81    0.71    0.86    0.34    0.06    0.10    0.05    0.04    0.31     24.07      2.01
    1944    0.25    0.25    0.11    1.09    1.64    2.07    0.79    0.03    0.03    0.02    0.02    0.01      6.31      0.53
    1945    0.01    0.05    0.07    8.44    4.83    3.94    1.94    0.30    0.10    0.09    0.07    0.05     19.89      1.66
    1946    0.21    0.12    0.03    0.14    0.16    0.05    1.36    0.71    0.03    0.02    0.01    0.09      2.93      0.24
    1947    0.17    0.09    3.04    3.02    1.19   42.91   21.76    0.95    0.39    0.36    0.31    0.23     74.41      6.20
    1948    0.15    0.07    0.03    0.07    0.16    0.69    0.33    0.01    0.01    0.01    0.01    0.00      1.54      0.13
    1949    0.01    0.09    1.45    0.73    0.42    3.17    6.81    3.15    0.28    0.17    1.60    0.80     18.70      1.56
    1950    0.13    0.13    6.99    5.25    1.29    1.54    1.92    0.67    0.08    0.07    0.05    0.04     18.17      1.51
    1951    0.75    0.38    0.01    0.26    0.76    0.99    0.37    0.02    0.01    0.22    0.12    0.02      3.91      0.33
    1952    0.32    0.86    1.14    0.74    6.49    3.26    3.44    1.72    0.10    0.09    0.07    0.05     18.29      1.52
    1953    0.18    0.41    2.03    1.22    1.56    5.82    2.65    0.09    0.08    0.06    0.05    0.04     14.19      1.18
    1954    0.02    0.13    0.17   10.97   14.23    4.58    0.96    0.42    0.13    0.12    0.10    0.07     31.92      2.66
    1955    0.23    1.68    1.85    0.57    8.14   16.24    6.32    0.22    0.21    0.19    0.16    0.12     35.94      3.00
    1956    1.00    1.55    3.64    2.60    0.72    0.36    0.15    0.03    0.20    0.10    0.34    3.02     13.70      1.14
    1957    3.93    1.56    1.27    3.18    1.45    0.29    0.12    0.14    0.07    0.04    0.03    0.02     12.09      1.01
    1958    0.01    0.80    4.06    2.95    2.47    1.05    0.92    0.57    0.07    0.05    0.04    0.03     13.02      1.09
    1959    0.18    1.13    3.39    1.61    0.56    3.14    2.28    0.47    0.07    0.06    0.05    0.04     12.99      1.08
    1960    0.55    0.44    0.52    0.41    0.14    2.98    2.21    0.55    0.16    0.14    0.07    0.06      8.23      0.69
    1961    0.05    1.66    0.87    0.16    3.37    4.39    3.33    1.07    0.10    0.09    0.08    0.06     15.23      1.27
    1962    0.04    2.41    1.38   15.16    7.58    7.33    8.57    2.79    0.29    0.29    0.26    0.20     46.30      3.86
    1963    0.15    8.07    4.06    0.13    0.15    1.64    0.82    0.03    0.10    0.05    0.02    0.01     15.24      1.27
    1964    1.08    0.63    1.04    8.59    4.09    0.12    1.23    0.64    0.05    0.07    0.04    0.02     17.61      1.47
    1965    0.01    0.09    0.05    9.94    6.69    1.06    0.07    0.06    0.05    0.04    0.03    0.02     18.10      1.51
    1966    0.01    0.01    2.03    8.85    5.61    2.77    7.94    5.01    0.82    0.39    0.38    0.26     34.08      2.84
    1967    0.86    0.73    0.18    0.08    0.03    2.67    7.86    3.69    0.27    0.14    0.13    0.10     16.74      1.39
    1968    0.07    0.04    0.89    0.45    1.89    1.79    1.16    0.61    0.13    0.04    0.04    0.03      7.13      0.59
    1969    2.76    1.39    0.05    0.25    0.22    0.09    0.06    0.09    0.08    0.03    0.01    0.10      5.13      0.43
    1970    0.40    0.19    2.17    4.85    2.94    0.95    0.40    0.21    0.06    0.04    0.04    0.02     12.27      1.02
    1971    0.31    0.16    0.27    3.70   12.08   10.92    3.25    0.19    0.19    0.18    0.15    0.11     31.51      2.63
    1972    0.07    0.14    0.07    0.01    2.49    1.53    0.38    0.10    0.02    0.02    0.02    0.46      5.32      0.44
    1973    0.24    0.88    0.81   25.50   18.68    7.15    3.76    1.00    0.36    0.36    0.33    0.23     59.28      4.94
    1974    0.15    6.28    3.24    2.46    3.04    1.98    0.59    0.06    0.06    0.05    0.04    0.03     17.99      1.50
    1975    0.02    2.78    9.44   28.53   17.86   16.38    7.28    0.53    0.54    0.46    0.35    0.26     84.40      7.03
    1976    2.64    1.33    0.72    0.62    1.97    4.23    1.75    0.07    0.06    0.05    0.04    1.25     14.74      1.23
    1977    0.73    0.09    0.06    0.50    0.43    3.50    5.33    1.91    0.09    0.09    0.08    0.07     12.86      1.07
    1978    0.04    0.02    0.33    1.23    1.65    0.64    0.05    0.02    0.02    0.03    0.84    0.42      5.29      0.44
    1979    0.41    0.60    0.29    0.06    3.09    1.82    0.19    0.03    0.02    0.02    0.02    1.41      7.96      0.66
    1980    0.72    2.12    1.15   11.21   11.02    3.50    0.41    0.13    0.12    0.11    0.73    0.37     31.60      2.63
    1981    0.05    0.24    3.47    1.78    0.34    0.63    1.94    0.88    0.04    0.04    0.03    0.03      9.47      0.79
    1982    0.38    0.23    0.03    0.02    0.03    0.02    0.01    0.00    0.02    0.09    0.04    0.00      0.86      0.07
    1983    0.01    2.08    1.10    0.08    0.03    0.32    0.20    0.27    0.13    0.01    0.01    0.01      4.24      0.35
    1984    0.48    0.30    0.04    0.52    1.80    1.25    0.27    0.02    0.02    0.02    0.01    0.01      4.73      0.39
    1985    2.76    1.45    0.60    0.56    0.18    0.64    0.41    0.06    0.01    0.01    0.01    0.01      6.69      0.56
    1986    0.59    1.20    0.47    0.02    1.34    0.83    0.44    0.18    0.02    0.02    0.05    5.08     10.23      0.85
    1987    2.57    1.15    0.59    0.07  195.54  101.00   21.03    8.73    0.83    0.57    0.44    0.47    332.98     27.75
    1988    1.72    1.14    1.26    4.87    8.39    3.67    1.39    0.56    0.14    0.12    0.10    0.07     23.41      1.95
    1989    0.05    0.42    0.28    0.55    2.68    2.60    1.21    0.27    0.05    0.04    0.04    0.03      8.22      0.68
    1990    0.02    0.01    0.02   21.96   11.86   22.28   10.84    0.32    0.29    0.25    0.20    0.15     68.21      5.68
    1991    7.40    3.78    0.53    0.20    0.02    0.29    0.16    0.01    0.01    0.01    0.01    0.00     12.41      1.03
    1992    0.07    1.92    0.95    0.14    2.32    1.25    0.11    0.02    0.02    0.02    0.01    0.01      6.85      0.57
    1993    9.25    4.93    1.74   12.76   12.76    4.53    0.60    0.16    0.14    0.13    0.10    0.07     47.17      3.93
    1994    0.04    0.02    0.01    1.51    0.88    0.62    0.41    0.09    0.02    0.01    0.01    0.01      3.62      0.30
    1995    0.73    0.40    3.19    7.30    4.38    0.95    0.21    0.07    0.05    0.05    0.04    0.03     17.41      1.45
    1996    0.02    3.07    5.07    5.07    1.82    4.51    2.27    0.22    0.09    0.09    0.07    0.05     22.35      1.86
    1997    0.07    0.04    0.18    2.62    7.24    7.99    2.66    0.13    0.12    0.11    0.09    0.07     21.31      1.78
    1998    0.17    0.50    0.48    0.76    0.33    0.02    0.01    0.01    0.00    0.00    0.00    0.00      2.29      0.19
    1999    0.00    0.00    2.27    9.68    5.52    7.89    4.59    0.59    0.19    0.18    0.16    0.24     31.31      2.61
    2000    0.14    1.75    1.63    0.43    0.15    1.23    7.99    3.80    0.15    0.14    0.13    0.30     17.82      1.48
    2001    0.35    5.48    8.32   18.03    8.03    0.88    0.24    0.35    0.17    0.13    6.72    3.45     52.15      4.35
    2002    0.11    0.09    2.38    1.43    1.12    6.58    3.13    0.10    0.09    0.08    0.06    0.04     15.20      1.27
    2003    0.03    1.16    0.69    2.72    2.40    3.46    1.63    0.11    0.06    0.05    0.04    0.30     12.66      1.06
    2004    0.15    0.01    1.28    1.01    1.60    1.23    0.58    0.17    0.03    0.03    0.02    0.02      6.13      0.51
    2005    0.03    0.38    0.19    3.23   17.03   15.58    5.45    0.77    0.35    0.36    2.82    1.41     47.60      3.97
    2006    0.30    0.49    0.32    0.21    0.07    0.53    0.68    0.23    0.02    0.02    0.01    0.35      3.22      0.27
    2007    1.44    2.43    1.87    1.21    3.14    1.76    0.23    0.35    0.18    0.04    0.03    0.02     12.71      1.06
    2008    0.02    3.20    1.62    1.09   10.02    4.83    0.16    0.08    0.07    0.06    0.05    0.03     21.24      1.77
    2009    1.99    1.76    0.42   18.96   25.13    9.79    1.36    0.30    0.28    0.26    0.22    0.16     60.62      5.05
  
 AVERAGE    0.70    1.48    1.82    3.94    6.18    5.65    2.93    0.75    0.14    0.12    0.25    0.33     24.28      2.02
