    1920   10.59    2.28    0.13    0.40    0.32   25.72    6.53    0.40    0.35    0.30    0.31    0.25     47.56      3.96
    1921    0.21    1.12    1.32    0.76    0.21    0.25    0.17    0.15    0.19    0.20    0.35    0.24      5.16      0.43
    1922    0.25   13.40    3.64    2.16    0.84    0.27    0.32    0.32    0.33    0.34    0.25    0.15     22.26      1.85
    1923    0.13    0.10    0.07    0.21    0.45    4.15    1.26    0.21    0.20    0.18    0.25    0.40      7.60      0.63
    1924    0.68    0.84    0.46    0.71    0.45   18.19    9.99    2.50    0.85    0.46    0.31    0.30     35.74      2.98
    1925    0.23    0.20    0.15    0.15    0.29    0.69    0.33    0.18    0.21    0.21    0.16    0.15      2.96      0.25
    1926    0.20    0.11    0.10    0.13    0.46    1.63    0.59    0.12    0.12    0.32    0.32    0.12      4.23      0.35
    1927    0.34    0.14    0.05    1.35    0.88    0.39    0.20    0.13    0.11    0.11    0.17    0.23      4.11      0.34
    1928    0.27    0.43    0.14    0.28    0.22    0.23    0.18    0.22    0.32    0.28    0.17    0.42      3.14      0.26
    1929    0.27    0.38    0.47    1.73    0.84    0.51    0.56    0.34    0.19    0.18    0.18    0.10      5.77      0.48
    1930    0.07    0.06    0.25    0.46    0.33    0.48    2.89    1.00    0.17    0.20    0.16    0.09      6.17      0.51
    1931    0.24    0.59    0.24    0.05    0.18    0.34    0.19    0.11    0.10    0.11    0.10    0.08      2.35      0.20
    1932    0.06    0.05    0.19    0.08    0.05    0.17    0.37    0.25    0.14    0.13    0.10    0.08      1.67      0.14
    1933    0.04   32.22    8.52   64.47   15.78    0.59    0.63    1.93    0.96    0.59    0.58    0.34    126.66     10.56
    1934    0.54   17.34    4.86    0.33    0.31    7.30    2.37    0.45    0.36    0.33    0.30    0.25     34.74      2.90
    1935    0.24    0.18    0.24    0.31    0.50   13.63    3.81    1.00    0.65    0.35    0.26    0.20     21.38      1.78
    1936    0.22   43.30   10.59    0.35    0.36    0.38    0.32    0.28    0.25    0.24    0.22    0.18     56.68      4.72
    1937    0.17    0.14    0.55    0.31    0.51    0.23    8.05    2.37    0.40    0.40    0.29    0.18     13.59      1.13
    1938    0.44    0.17    0.32    0.57    1.27    0.65    0.18    0.26    0.25    0.54    0.55    0.21      5.40      0.45
    1939    0.16    0.23    0.12    0.07    0.10    0.20    0.18    0.18    0.18    0.16    0.11    0.24      1.94      0.16
    1940    0.12    0.07    0.07    0.11    0.45    0.24    0.30    0.22    0.12    0.12    0.10    0.14      2.03      0.17
    1941    0.22    0.07    0.02    0.29    0.29    0.42    0.34    0.18    0.12    0.12    0.18    0.19      2.43      0.20
    1942    0.49    0.44    2.38    0.73    0.10    0.18    0.74    0.86    0.48    0.79    0.81    0.34      8.33      0.69
    1943    8.66    2.93    0.67    0.21   12.99    3.46    0.25    0.27    2.83    1.25    0.31    0.55     34.37      2.86
    1944    2.82    1.18    0.18    0.19    0.20    0.64    0.37    0.24    0.22    0.21    0.18    0.12      6.54      0.54
    1945    0.09    0.07    0.06    0.09    0.11   10.99    3.01    0.36    0.29    0.23    0.18    0.14     15.61      1.30
    1946    0.23    0.16    0.11    0.25    0.18    0.34    0.74    0.43    0.17    0.17    0.14    0.12      3.05      0.25
    1947    0.11    0.07    0.13    0.38    0.22   25.13    6.52    0.35    0.27    0.26    0.22    0.26     33.94      2.83
    1948    0.35    0.43    0.12    0.16    0.15    0.20    0.21    0.18    0.20    0.22    0.24    0.23      2.68      0.22
    1949    0.27    0.24    0.26    0.30    0.29    0.62    0.97    8.72    2.67    0.41    0.27    0.17     15.20      1.27
    1950    0.16    0.12    0.49    0.24    0.15    0.39    0.63    0.73    0.46    0.35    0.27    0.14      4.13      0.34
    1951    0.73    0.29    0.07    0.08    0.24    0.14    0.17    0.16    0.13    0.24    0.18    0.08      2.49      0.21
    1952    0.10    0.37    0.29    0.09   33.04    8.37    0.53    0.37    0.28    0.25    0.22    0.17     44.08      3.67
    1953    0.21    0.20    0.12    0.16    0.19    0.20    0.23    0.25    0.30    0.24    0.14    0.11      2.35      0.20
    1954    0.07    0.08    0.35    0.49    9.66    2.73    0.93    0.68    0.34    0.26    0.19    0.13     15.91      1.33
    1955    0.18    0.16    0.15    0.09    0.51    0.54    0.21    0.35    0.30    0.18    0.13    0.09      2.87      0.24
    1956    0.13    0.11    0.51   13.61    3.56    0.39    0.29    0.23    0.41    0.77    0.52    3.12     23.65      1.97
    1957    1.18    0.39    0.60   26.13    6.52    0.34    0.49    0.37    0.29    0.27    0.24    0.30     37.11      3.09
    1958    0.18    0.24    0.19    0.24    0.16    0.14    0.41    0.55    0.35    0.28    0.19    0.12      3.04      0.25
    1959    0.54    0.28    0.20    0.08    0.12    0.32    0.49    0.29    0.14    0.15    0.21    0.12      2.94      0.25
    1960    0.19    0.11    0.67    0.30    0.32    0.23   15.18    4.19    0.45    0.34    0.23    0.19     22.40      1.87
    1961    0.14    0.34    0.13    0.20    0.63    0.84    8.25    2.36    0.25    0.23    0.21    0.17     13.75      1.15
    1962    0.22    0.52    0.20    0.19    0.20    0.26    0.87    0.96    0.84    0.59    0.26    0.12      5.24      0.44
    1963    0.10    0.31    0.11    0.11    0.13    0.60    0.54    0.27    0.34    0.30    0.19    0.10      3.11      0.26
    1964   22.40    5.71    0.27    0.30    0.21    0.15    0.28    0.26    0.22    0.27    0.21    0.14     30.40      2.53
    1965    0.10    0.15    0.07    0.17    1.54    0.51    0.10    0.10    0.11    0.11    0.11    0.10      3.18      0.26
    1966    0.37    0.21    0.30   12.43   23.11    5.56    5.79    2.19    0.57    0.39    0.32    0.27     51.51      4.29
    1967    0.27    0.23    0.18    0.15    0.14    0.30    0.55    0.74    0.45    0.24    0.20    0.13      3.57      0.30
    1968    0.11    0.10    0.16    0.08    0.08    0.33    0.43    9.19    2.72    0.29    0.21    0.16     13.87      1.16
    1969    0.42    0.37    0.17    0.17    0.13    0.14    0.15    0.15    0.18    0.40    0.29    0.23      2.80      0.23
    1970    0.16    0.17    0.25    0.48    0.26    0.12    0.65    0.50    0.22    0.17    0.13    0.18      3.28      0.27
    1971    0.18    0.13    0.66    0.68    0.85    6.03    1.69    0.18    0.23    0.23    0.17    0.12     11.14      0.93
    1972    0.10    0.13    0.09    0.08    2.53    0.84    0.39    0.26    0.16    0.15    0.31    0.39      5.44      0.45
    1973    0.25    0.31    0.30   15.99    4.44    0.35    2.70    0.99    0.26    0.24    0.21    0.16     26.21      2.18
    1974    0.24    0.73    0.46    0.70    0.48    0.33    0.37    0.34    0.23    0.18    0.15    0.13      4.34      0.36
    1975    0.14    0.48    0.62    8.32   12.42   22.25    5.20    0.52    0.46    0.38    0.32    0.32     51.43      4.29
    1976    1.68    2.98    0.91    0.44    0.32    0.45    0.28    0.20    0.19    0.18    0.17    0.75      8.55      0.71
    1977    0.85    0.31    0.11    0.66    0.54    2.94   11.24    2.97    0.29    0.27    0.26    0.20     20.64      1.72
    1978    0.34    0.19    0.11    0.17    0.15    0.14    0.13    0.21    0.20    0.25    5.28    1.70      8.87      0.74
    1979    0.39    0.46    0.21    0.15    0.22    0.26    0.20    0.18    0.16    0.15    0.13    0.26      2.77      0.23
    1980    0.14    0.63    0.37    4.15    1.42    2.54    0.87    0.22    0.21    0.20    0.30    0.16     11.22      0.94
    1981    0.10    0.15    0.26    0.17    0.09    0.11    3.89    1.28    0.18    0.26    0.21    0.13      6.83      0.57
    1982   14.01    3.65    0.18    0.17    0.19    0.21    0.17    0.32    0.44    0.44    0.26    0.12     20.16      1.68
    1983    8.73    2.86    0.33    0.16    0.12    0.52    0.31    0.19    0.24    0.26    0.45    0.28     14.45      1.20
    1984    0.53    0.33    0.09    0.39    0.45    0.62    0.29    0.13    0.13    0.13    0.11    0.10      3.32      0.28
    1985    0.25    0.13    0.35    0.18    0.09    0.30    0.38    0.22    0.23    0.23    0.32    0.26      2.93      0.24
    1986    0.44    0.74    0.54    0.24    0.10    0.11    0.21    0.16    0.11    0.11    0.15   10.56     13.46      1.12
    1987    3.19    0.90    0.59    0.16    0.64   26.54    8.63    0.93    0.44    0.38    0.30    0.32     43.03      3.59
    1988    8.58    2.59    0.37    0.53   15.36    4.45    0.58    0.57    0.54    0.41    0.31    0.23     34.52      2.88
    1989    0.21    0.28    0.30    0.32    0.29    3.06    5.25    1.51    0.28    0.33    0.28    0.19     12.30      1.03
    1990    0.14    0.11    0.12   14.95    3.92    0.80    0.64    0.31    0.30    0.29    0.22    0.19     21.99      1.83
    1991    0.29    0.13    0.13    0.10    0.09    0.08    0.10    0.11    0.11    0.12    0.23    0.14      1.61      0.13
    1992    0.21    8.81    2.37    0.22    0.38    0.24    0.20    0.18    0.17    0.16    0.14    0.11     13.20      1.10
    1993   22.05    5.58   18.22    4.89    0.78    0.47    0.35    0.30    0.27    0.25    0.23    0.20     53.61      4.47
    1994    0.22    0.20    0.16    0.19    0.19    0.41    0.28    0.22    0.19    0.17    0.18    0.14      2.55      0.21
    1995    0.68    2.87   11.66    3.04    7.13    2.31    8.74    3.13    0.64    0.52    0.47    0.29     41.49      3.46
    1996    0.44    0.55    0.24    0.17    0.18    0.40    0.98   12.55    3.55    0.45    0.34    0.28     20.13      1.68
    1997    0.28    0.24    0.21    0.54    0.41    0.58    0.34    0.19    0.16    0.16    0.16    0.13      3.39      0.28
    1998    0.40   10.22   26.12    6.00    0.31    0.27    0.28    0.30    0.28    0.26    0.22    0.17     44.82      3.74
    1999    0.14    0.12    0.91    0.88    0.32    9.20    2.67    0.56    0.40    0.27    0.21    0.17     15.85      1.32
    2000    0.47    0.47    1.25    0.37    0.37    0.55    0.84    0.84    0.65    0.37    0.30    0.18      6.66      0.55
    2001   14.87    4.28    0.90    0.41    0.29    0.21    0.21    0.43    0.42    0.27    0.35    0.19     22.82      1.90
    2002    0.15    0.10   18.65    4.83    0.32    0.30    0.28    0.22    0.23    0.24    0.21    0.15     25.67      2.14
    2003    0.14    0.14    0.13    0.13    0.45    3.19    1.22    0.25    0.33    0.33    0.23    0.14      6.67      0.56
    2004    0.16    0.09    0.22    0.50    0.45    0.47    0.78    0.49    0.20    0.16    0.13    0.09      3.73      0.31
    2005    0.10    0.19    0.09   28.83   26.62   23.53    5.24    0.58    0.45    0.85    0.91    0.37     87.74      7.31
    2006    0.28    0.26    0.36    0.24    0.23    0.24    0.33    0.25    0.39    0.38    0.21    0.42      3.59      0.30
    2007    0.71    0.43    0.18    0.15    0.11    0.60    0.35    0.50    0.48    0.27    0.15    0.19      4.10      0.34
    2008    0.16    0.12    0.07   40.56   10.25    0.37    0.25    0.28    0.49    0.62    0.35    0.27     53.79      4.48
    2009    0.27    0.21    0.27    2.97    1.28    0.31    0.22    0.21    0.19    0.18    0.15    0.11      6.37      0.53
  
 AVERAGE    1.55    2.03    1.46    3.08    2.39    2.86    1.74    0.92    0.42    0.30    0.31    0.37     17.40      1.45
