    1920    8.26    1.79    0.10    0.32    0.26   20.45    5.19    0.32    0.28    0.24    0.24    0.19     37.63      3.14
    1921    0.17    0.61    0.96    0.60    0.17    0.19    0.13    0.12    0.15    0.15    0.27    0.19      3.70      0.31
    1922    0.20   10.50    2.86    1.50    0.61    0.21    0.25    0.25    0.26    0.27    0.19    0.11     17.19      1.43
    1923    0.10    0.07    0.05    0.16    0.36    3.12    0.95    0.16    0.15    0.14    0.19    0.31      5.78      0.48
    1924    0.54    0.67    0.37    0.56    0.36   14.39    7.80    1.96    0.68    0.36    0.24    0.23     28.16      2.35
    1925    0.18    0.16    0.11    0.11    0.22    0.55    0.27    0.14    0.17    0.17    0.12    0.12      2.31      0.19
    1926    0.16    0.09    0.08    0.11    0.36    1.11    0.42    0.09    0.09    0.26    0.26    0.10      3.11      0.26
    1927    0.27    0.11    0.04    0.86    0.64    0.31    0.16    0.10    0.09    0.09    0.14    0.18      2.99      0.25
    1928    0.22    0.34    0.11    0.22    0.18    0.18    0.14    0.18    0.25    0.22    0.13    0.33      2.51      0.21
    1929    0.21    0.31    0.37    1.16    0.62    0.41    0.45    0.28    0.15    0.14    0.14    0.08      4.31      0.36
    1930    0.05    0.04    0.20    0.36    0.26    0.38    2.13    0.76    0.14    0.16    0.13    0.07      4.69      0.39
    1931    0.19    0.47    0.19    0.04    0.15    0.27    0.15    0.08    0.08    0.09    0.08    0.07      1.86      0.16
    1932    0.04    0.04    0.15    0.06    0.04    0.14    0.29    0.20    0.11    0.10    0.08    0.06      1.33      0.11
    1933    0.03   25.66    6.79   51.64   12.64    0.47    0.50    1.38    0.73    0.47    0.46    0.27    101.04      8.42
    1934    0.43   13.65    3.83    0.26    0.24    5.65    1.85    0.35    0.28    0.26    0.23    0.19     27.20      2.27
    1935    0.18    0.14    0.18    0.24    0.40   10.71    3.00    0.79    0.52    0.27    0.20    0.15     16.78      1.40
    1936    0.17   34.59    8.46    0.27    0.28    0.29    0.25    0.21    0.19    0.18    0.17    0.13     45.19      3.77
    1937    0.13    0.10    0.44    0.24    0.41    0.18    6.27    1.85    0.32    0.32    0.23    0.14     10.61      0.88
    1938    0.35    0.14    0.25    0.45    0.81    0.47    0.14    0.20    0.20    0.43    0.44    0.17      4.05      0.34
    1939    0.13    0.19    0.10    0.05    0.07    0.16    0.14    0.14    0.15    0.12    0.09    0.19      1.53      0.13
    1940    0.09    0.05    0.05    0.08    0.35    0.19    0.24    0.17    0.10    0.09    0.08    0.11      1.62      0.14
    1941    0.17    0.06    0.01    0.23    0.23    0.33    0.27    0.15    0.09    0.09    0.14    0.15      1.94      0.16
    1942    0.39    0.35    1.68    0.53    0.07    0.14    0.59    0.69    0.39    0.64    0.65    0.27      6.37      0.53
    1943    6.75    2.30    0.53    0.16   10.19    2.72    0.19    0.21    2.11    0.96    0.25    0.43     26.81      2.23
    1944    2.06    0.90    0.14    0.14    0.15    0.51    0.29    0.19    0.17    0.17    0.14    0.09      4.93      0.41
    1945    0.07    0.05    0.05    0.06    0.08    8.60    2.36    0.28    0.23    0.18    0.14    0.11     12.21      1.02
    1946    0.18    0.12    0.08    0.20    0.15    0.28    0.58    0.35    0.14    0.13    0.11    0.10      2.41      0.20
    1947    0.08    0.06    0.11    0.30    0.17   19.98    5.19    0.28    0.22    0.21    0.18    0.21     26.98      2.25
    1948    0.27    0.34    0.09    0.13    0.11    0.15    0.17    0.14    0.16    0.17    0.19    0.18      2.12      0.18
    1949    0.22    0.19    0.21    0.24    0.23    0.49    0.77    6.82    2.11    0.32    0.21    0.13     11.96      1.00
    1950    0.12    0.09    0.39    0.19    0.12    0.31    0.50    0.58    0.37    0.28    0.22    0.11      3.28      0.27
    1951    0.58    0.23    0.05    0.06    0.19    0.11    0.14    0.12    0.11    0.19    0.15    0.06      1.98      0.16
    1952    0.08    0.30    0.23    0.07   26.34    6.67    0.42    0.30    0.22    0.20    0.17    0.14     35.13      2.93
    1953    0.16    0.16    0.09    0.12    0.15    0.16    0.18    0.20    0.23    0.19    0.11    0.09      1.84      0.15
    1954    0.05    0.06    0.28    0.39    7.51    2.13    0.74    0.54    0.27    0.21    0.15    0.10     12.43      1.04
    1955    0.14    0.12    0.11    0.07    0.41    0.43    0.17    0.28    0.24    0.14    0.10    0.07      2.28      0.19
    1956    0.10    0.09    0.40   10.64    2.79    0.31    0.23    0.18    0.32    0.61    0.42    2.33     18.43      1.54
    1957    0.90    0.31    0.48   20.71    5.17    0.27    0.38    0.29    0.22    0.21    0.18    0.23     29.36      2.45
    1958    0.14    0.19    0.15    0.19    0.12    0.10    0.33    0.44    0.28    0.22    0.15    0.09      2.39      0.20
    1959    0.43    0.22    0.16    0.06    0.10    0.26    0.39    0.23    0.11    0.12    0.17    0.10      2.34      0.20
    1960    0.15    0.09    0.53    0.24    0.25    0.18   12.01    3.33    0.36    0.27    0.18    0.15     17.75      1.48
    1961    0.11    0.27    0.10    0.16    0.50    0.67    6.42    1.85    0.20    0.18    0.16    0.13     10.75      0.90
    1962    0.17    0.41    0.16    0.15    0.15    0.21    0.69    0.77    0.67    0.47    0.21    0.09      4.17      0.35
    1963    0.07    0.25    0.09    0.09    0.10    0.48    0.43    0.22    0.27    0.24    0.15    0.08      2.47      0.21
    1964   17.80    4.54    0.21    0.24    0.16    0.12    0.22    0.20    0.17    0.21    0.16    0.11     24.13      2.01
    1965    0.07    0.12    0.05    0.14    1.02    0.36    0.07    0.08    0.08    0.09    0.08    0.08      2.24      0.19
    1966    0.29    0.17    0.24    9.70   18.27    4.41    4.46    1.71    0.45    0.30    0.25    0.21     40.47      3.37
    1967    0.21    0.17    0.13    0.11    0.10    0.24    0.43    0.58    0.36    0.18    0.16    0.10      2.78      0.23
    1968    0.08    0.08    0.13    0.06    0.06    0.27    0.34    7.21    2.15    0.23    0.17    0.12     10.89      0.91
    1969    0.33    0.29    0.13    0.13    0.10    0.11    0.12    0.12    0.14    0.32    0.23    0.19      2.22      0.18
    1970    0.13    0.13    0.20    0.38    0.21    0.09    0.52    0.40    0.18    0.13    0.10    0.15      2.62      0.22
    1971    0.15    0.10    0.52    0.54    0.67    4.62    1.30    0.14    0.18    0.18    0.13    0.09      8.62      0.72
    1972    0.08    0.10    0.07    0.06    1.82    0.62    0.31    0.21    0.12    0.12    0.24    0.31      4.07      0.34
    1973    0.20    0.25    0.24   12.56    3.50    0.28    1.99    0.75    0.20    0.19    0.16    0.12     20.43      1.70
    1974    0.19    0.58    0.36    0.56    0.38    0.26    0.29    0.27    0.18    0.14    0.12    0.10      3.44      0.29
    1975    0.11    0.38    0.49    6.40    9.68   17.62    4.13    0.41    0.36    0.30    0.25    0.25     40.39      3.37
    1976    1.14    2.13    0.67    0.35    0.24    0.35    0.21    0.15    0.14    0.13    0.13    0.60      6.27      0.52
    1977    0.68    0.25    0.08    0.53    0.43    2.15    8.81    2.34    0.22    0.21    0.20    0.15     16.06      1.34
    1978    0.26    0.14    0.08    0.13    0.11    0.10    0.10    0.16    0.15    0.20    4.09    1.33      6.86      0.57
    1979    0.31    0.37    0.16    0.12    0.17    0.20    0.16    0.14    0.13    0.12    0.10    0.21      2.19      0.18
    1980    0.11    0.50    0.30    3.09    1.08    1.84    0.65    0.17    0.17    0.15    0.24    0.12      8.41      0.70
    1981    0.08    0.11    0.21    0.13    0.06    0.08    2.94    0.98    0.14    0.21    0.16    0.10      5.22      0.43
    1982   11.05    2.88    0.14    0.13    0.14    0.16    0.13    0.25    0.35    0.35    0.20    0.09     15.87      1.32
    1983    6.81    2.24    0.26    0.12    0.09    0.42    0.25    0.15    0.19    0.21    0.35    0.23     11.31      0.94
    1984    0.43    0.26    0.07    0.31    0.36    0.49    0.23    0.10    0.11    0.10    0.09    0.08      2.63      0.22
    1985    0.20    0.10    0.27    0.15    0.07    0.24    0.30    0.17    0.18    0.19    0.26    0.21      2.34      0.20
    1986    0.35    0.59    0.43    0.19    0.08    0.09    0.17    0.13    0.09    0.08    0.12    8.30     10.61      0.88
    1987    2.52    0.72    0.47    0.13    0.51   21.10    6.73    0.71    0.35    0.30    0.24    0.25     34.02      2.83
    1988    6.68    2.02    0.29    0.42   12.08    3.51    0.45    0.45    0.43    0.32    0.24    0.18     27.06      2.26
    1989    0.16    0.22    0.23    0.25    0.23    2.25    4.00    1.18    0.21    0.26    0.21    0.14      9.34      0.78
    1990    0.10    0.08    0.09   11.73    3.08    0.64    0.50    0.24    0.24    0.23    0.17    0.15     17.24      1.44
    1991    0.22    0.10    0.10    0.07    0.06    0.06    0.07    0.08    0.08    0.09    0.18    0.11      1.23      0.10
    1992    0.16    6.82    1.84    0.17    0.31    0.19    0.16    0.14    0.13    0.12    0.11    0.09     10.24      0.85
    1993   17.51    4.43   14.36    3.86    0.62    0.37    0.28    0.24    0.21    0.20    0.18    0.15     42.40      3.53
    1994    0.17    0.15    0.12    0.14    0.15    0.33    0.23    0.17    0.15    0.13    0.14    0.11      1.97      0.16
    1995    0.54    2.07    9.05    2.37    5.49    1.79    6.83    2.46    0.50    0.41    0.37    0.22     32.11      2.68
    1996    0.34    0.43    0.18    0.12    0.13    0.32    0.78    9.90    2.81    0.36    0.27    0.22     15.86      1.32
    1997    0.22    0.18    0.16    0.43    0.33    0.46    0.27    0.14    0.12    0.12    0.12    0.10      2.66      0.22
    1998    0.32    7.94   20.66    4.76    0.24    0.20    0.21    0.23    0.22    0.20    0.17    0.13     35.29      2.94
    1999    0.10    0.09    0.56    0.68    0.26    7.17    2.09    0.44    0.32    0.21    0.16    0.13     12.20      1.02
    2000    0.37    0.38    0.78    0.23    0.29    0.44    0.67    0.67    0.52    0.30    0.23    0.14      5.03      0.42
    2001   11.73    3.38    0.71    0.33    0.23    0.16    0.16    0.34    0.33    0.21    0.28    0.15     18.01      1.50
    2002    0.11    0.08   14.71    3.81    0.25    0.24    0.22    0.17    0.18    0.18    0.16    0.11     20.22      1.68
    2003    0.10    0.10    0.10    0.10    0.36    2.35    0.92    0.20    0.26    0.26    0.18    0.11      5.04      0.42
    2004    0.12    0.07    0.18    0.39    0.36    0.37    0.62    0.39    0.16    0.12    0.10    0.07      2.96      0.25
    2005    0.08    0.15    0.07   22.90   21.09   18.65    4.16    0.46    0.35    0.68    0.72    0.29     69.61      5.80
    2006    0.22    0.20    0.28    0.19    0.18    0.18    0.25    0.19    0.31    0.30    0.16    0.34      2.79      0.23
    2007    0.57    0.34    0.14    0.11    0.08    0.48    0.28    0.40    0.38    0.22    0.12    0.15      3.27      0.27
    2008    0.12    0.10    0.05   32.36    8.18    0.29    0.20    0.22    0.39    0.50    0.28    0.21     42.90      3.57
    2009    0.21    0.16    0.22    2.14    0.96    0.25    0.17    0.16    0.15    0.14    0.12    0.08      4.76      0.40
  
 AVERAGE    1.21    1.59    1.14    2.43    1.88    2.25    1.36    0.72    0.33    0.23    0.24    0.29     13.67      1.14
