    1920    7.71    1.67    0.10    0.29    0.24   19.00    4.83    0.30    0.27    0.23    0.24    0.19     35.06      2.92
    1921    0.16    0.68    0.77    0.54    0.16    0.19    0.13    0.12    0.15    0.15    0.26    0.18      3.50      0.29
    1922    0.19    9.80    2.67    1.46    0.58    0.21    0.24    0.24    0.25    0.26    0.19    0.11     16.19      1.35
    1923    0.10    0.08    0.06    0.15    0.34    2.95    0.91    0.16    0.15    0.14    0.19    0.30      5.52      0.46
    1924    0.51    0.63    0.34    0.53    0.33   13.39    7.28    1.83    0.63    0.34    0.23    0.22     26.27      2.19
    1925    0.17    0.15    0.11    0.12    0.22    0.51    0.25    0.14    0.17    0.17    0.13    0.12      2.27      0.19
    1926    0.16    0.09    0.08    0.10    0.34    1.09    0.40    0.09    0.09    0.24    0.24    0.09      3.01      0.25
    1927    0.25    0.10    0.04    0.86    0.62    0.29    0.15    0.10    0.09    0.09    0.13    0.17      2.88      0.24
    1928    0.20    0.32    0.11    0.20    0.16    0.17    0.13    0.17    0.24    0.21    0.12    0.31      2.34      0.20
    1929    0.20    0.29    0.35    1.13    0.59    0.38    0.42    0.26    0.14    0.14    0.13    0.07      4.09      0.34
    1930    0.05    0.04    0.19    0.34    0.24    0.36    2.02    0.72    0.13    0.15    0.12    0.07      4.44      0.37
    1931    0.18    0.44    0.18    0.04    0.14    0.25    0.14    0.08    0.08    0.09    0.08    0.06      1.76      0.15
    1932    0.05    0.04    0.14    0.06    0.04    0.13    0.28    0.19    0.10    0.10    0.08    0.06      1.26      0.10
    1933    0.03   23.84    6.31   47.90   11.73    0.44    0.47    1.32    0.69    0.44    0.43    0.26     93.86      7.82
    1934    0.41   12.72    3.58    0.26    0.24    5.30    1.73    0.35    0.28    0.26    0.23    0.20     25.55      2.13
    1935    0.19    0.15    0.19    0.25    0.37    9.99    2.81    0.75    0.49    0.27    0.21    0.16     15.83      1.32
    1936    0.17   32.10    7.86    0.27    0.28    0.30    0.26    0.22    0.20    0.19    0.18    0.15     42.19      3.52
    1937    0.14    0.12    0.40    0.23    0.38    0.17    5.87    1.74    0.31    0.31    0.23    0.14     10.03      0.84
    1938    0.33    0.13    0.23    0.42    0.81    0.45    0.13    0.20    0.19    0.40    0.41    0.16      3.86      0.32
    1939    0.12    0.17    0.09    0.06    0.08    0.15    0.14    0.14    0.14    0.12    0.09    0.18      1.48      0.12
    1940    0.09    0.05    0.05    0.08    0.33    0.18    0.23    0.16    0.09    0.09    0.07    0.11      1.53      0.13
    1941    0.16    0.05    0.02    0.22    0.21    0.31    0.25    0.14    0.09    0.09    0.14    0.14      1.82      0.15
    1942    0.36    0.32    1.61    0.50    0.07    0.13    0.55    0.64    0.36    0.59    0.61    0.25      6.00      0.50
    1943    6.31    2.14    0.49    0.15    9.51    2.54    0.18    0.21    2.00    0.90    0.24    0.41     25.09      2.09
    1944    1.97    0.84    0.14    0.14    0.16    0.47    0.27    0.19    0.17    0.17    0.14    0.09      4.75      0.40
    1945    0.07    0.06    0.06    0.07    0.09    8.03    2.21    0.27    0.22    0.18    0.14    0.11     11.51      0.96
    1946    0.18    0.13    0.09    0.18    0.14    0.26    0.55    0.32    0.13    0.13    0.11    0.10      2.31      0.19
    1947    0.08    0.06    0.10    0.28    0.16   18.57    4.82    0.27    0.21    0.20    0.17    0.20     25.12      2.09
    1948    0.26    0.32    0.09    0.12    0.12    0.15    0.17    0.14    0.16    0.17    0.19    0.18      2.05      0.17
    1949    0.20    0.18    0.20    0.22    0.22    0.46    0.72    6.37    1.96    0.30    0.20    0.13     11.17      0.93
    1950    0.12    0.09    0.36    0.18    0.11    0.29    0.47    0.55    0.34    0.27    0.21    0.11      3.09      0.26
    1951    0.54    0.21    0.05    0.07    0.17    0.10    0.13    0.12    0.10    0.18    0.14    0.06      1.89      0.16
    1952    0.08    0.28    0.22    0.07   24.46    6.20    0.40    0.28    0.21    0.19    0.17    0.13     32.68      2.72
    1953    0.16    0.16    0.10    0.12    0.15    0.16    0.18    0.19    0.23    0.18    0.11    0.09      1.83      0.15
    1954    0.06    0.07    0.26    0.37    7.02    1.99    0.69    0.50    0.26    0.20    0.14    0.10     11.65      0.97
    1955    0.13    0.12    0.11    0.07    0.38    0.40    0.16    0.26    0.22    0.14    0.10    0.07      2.16      0.18
    1956    0.10    0.09    0.38    9.93    2.61    0.29    0.22    0.18    0.31    0.57    0.39    2.21     17.27      1.44
    1957    0.85    0.29    0.44   19.26    4.81    0.26    0.37    0.28    0.22    0.21    0.18    0.23     27.40      2.28
    1958    0.15    0.19    0.15    0.18    0.13    0.11    0.30    0.42    0.26    0.22    0.15    0.09      2.35      0.20
    1959    0.40    0.21    0.15    0.06    0.09    0.24    0.37    0.21    0.11    0.12    0.16    0.09      2.21      0.18
    1960    0.14    0.08    0.50    0.22    0.24    0.17   11.18    3.10    0.34    0.25    0.17    0.15     16.54      1.38
    1961    0.11    0.26    0.10    0.14    0.47    0.63    6.00    1.73    0.19    0.18    0.16    0.13     10.09      0.84
    1962    0.16    0.38    0.15    0.14    0.15    0.20    0.65    0.72    0.63    0.44    0.20    0.09      3.93      0.33
    1963    0.08    0.23    0.08    0.08    0.10    0.45    0.40    0.20    0.26    0.22    0.15    0.08      2.34      0.19
    1964   16.54    4.22    0.20    0.23    0.16    0.12    0.22    0.20    0.17    0.21    0.16    0.11     22.54      1.88
    1965    0.08    0.12    0.06    0.13    1.01    0.34    0.08    0.08    0.09    0.09    0.08    0.08      2.24      0.19
    1966    0.27    0.16    0.22    9.06   17.00    4.11    4.18    1.60    0.43    0.29    0.24    0.20     37.76      3.15
    1967    0.20    0.17    0.14    0.12    0.11    0.23    0.42    0.56    0.34    0.19    0.16    0.11      2.74      0.23
    1968    0.09    0.08    0.12    0.07    0.07    0.25    0.32    6.73    2.01    0.22    0.16    0.12     10.23      0.85
    1969    0.31    0.27    0.13    0.13    0.10    0.11    0.12    0.12    0.14    0.30    0.22    0.17      2.13      0.18
    1970    0.12    0.13    0.18    0.36    0.19    0.09    0.49    0.38    0.16    0.13    0.10    0.14      2.47      0.21
    1971    0.14    0.09    0.49    0.50    0.63    4.33    1.22    0.13    0.17    0.17    0.13    0.09      8.10      0.68
    1972    0.08    0.10    0.07    0.07    1.74    0.60    0.29    0.20    0.12    0.11    0.23    0.29      3.89      0.32
    1973    0.19    0.23    0.22   11.71    3.26    0.27    1.89    0.70    0.20    0.18    0.16    0.12     19.12      1.59
    1974    0.18    0.54    0.34    0.52    0.35    0.24    0.28    0.26    0.18    0.14    0.12    0.10      3.25      0.27
    1975    0.11    0.36    0.46    6.00    9.05   16.39    3.84    0.39    0.35    0.29    0.24    0.24     37.72      3.14
    1976    1.11    2.05    0.64    0.33    0.24    0.34    0.21    0.16    0.15    0.14    0.13    0.56      6.07      0.51
    1977    0.63    0.23    0.09    0.49    0.40    2.05    8.22    2.19    0.22    0.21    0.20    0.15     15.07      1.26
    1978    0.26    0.15    0.09    0.13    0.12    0.11    0.11    0.16    0.16    0.19    3.83    1.25      6.55      0.55
    1979    0.29    0.34    0.15    0.12    0.17    0.20    0.16    0.14    0.13    0.12    0.10    0.20      2.10      0.18
    1980    0.10    0.47    0.28    2.92    1.02    1.75    0.61    0.16    0.16    0.15    0.23    0.12      7.98      0.67
    1981    0.08    0.11    0.19    0.13    0.07    0.08    2.78    0.93    0.14    0.20    0.16    0.10      4.96      0.41
    1982   10.29    2.69    0.14    0.13    0.14    0.16    0.14    0.24    0.33    0.33    0.20    0.10     14.89      1.24
    1983    6.36    2.10    0.24    0.13    0.10    0.39    0.23    0.15    0.18    0.20    0.34    0.21     10.63      0.89
    1984    0.40    0.25    0.07    0.29    0.34    0.46    0.21    0.10    0.10    0.10    0.09    0.08      2.49      0.21
    1985    0.18    0.10    0.26    0.14    0.07    0.23    0.29    0.16    0.17    0.18    0.24    0.19      2.20      0.18
    1986    0.33    0.55    0.40    0.17    0.08    0.09    0.16    0.12    0.08    0.08    0.11    7.74      9.90      0.83
    1987    2.35    0.67    0.43    0.12    0.47   19.61    6.28    0.67    0.33    0.28    0.23    0.24     31.68      2.64
    1988    6.24    1.90    0.28    0.39   11.26    3.28    0.44    0.43    0.41    0.31    0.24    0.18     25.37      2.11
    1989    0.17    0.22    0.23    0.25    0.23    2.15    3.77    1.10    0.22    0.25    0.21    0.15      8.95      0.75
    1990    0.11    0.09    0.10   10.94    2.88    0.59    0.48    0.24    0.23    0.23    0.17    0.15     16.22      1.35
    1991    0.22    0.10    0.11    0.08    0.07    0.07    0.08    0.09    0.09    0.09    0.18    0.10      1.29      0.11
    1992    0.15    6.38    1.73    0.17    0.28    0.18    0.16    0.14    0.13    0.12    0.11    0.09      9.65      0.80
    1993   16.28    4.13   13.38    3.60    0.59    0.36    0.27    0.23    0.21    0.20    0.18    0.15     39.58      3.30
    1994    0.17    0.16    0.13    0.15    0.15    0.31    0.22    0.17    0.15    0.13    0.14    0.11      2.00      0.17
    1995    0.52    1.98    8.46    2.22    5.15    1.68    6.38    2.30    0.47    0.39    0.35    0.22     30.13      2.51
    1996    0.33    0.41    0.18    0.13    0.14    0.31    0.73    9.22    2.63    0.35    0.26    0.22     14.90      1.24
    1997    0.22    0.18    0.17    0.40    0.30    0.43    0.26    0.15    0.13    0.13    0.13    0.10      2.59      0.22
    1998    0.30    7.43   19.23    4.43    0.24    0.21    0.22    0.23    0.22    0.20    0.18    0.14     33.01      2.75
    1999    0.11    0.10    0.52    0.63    0.24    6.70    1.96    0.43    0.31    0.21    0.16    0.13     11.50      0.96
    2000    0.35    0.35    0.78    0.23    0.27    0.41    0.63    0.62    0.48    0.28    0.23    0.14      4.76      0.40
    2001   10.93    3.15    0.66    0.30    0.22    0.16    0.16    0.32    0.32    0.21    0.27    0.15     16.86      1.40
    2002    0.12    0.08   13.70    3.56    0.24    0.23    0.21    0.18    0.18    0.19    0.17    0.12     18.97      1.58
    2003    0.11    0.11    0.11    0.11    0.33    2.24    0.88    0.19    0.25    0.25    0.17    0.11      4.85      0.40
    2004    0.12    0.07    0.16    0.37    0.33    0.35    0.58    0.36    0.15    0.12    0.10    0.07      2.79      0.23
    2005    0.08    0.14    0.06   21.29   19.62   17.34    3.87    0.43    0.34    0.64    0.68    0.28     64.77      5.40
    2006    0.21    0.20    0.27    0.19    0.18    0.19    0.26    0.20    0.31    0.29    0.17    0.32      2.80      0.23
    2007    0.53    0.32    0.13    0.12    0.09    0.45    0.26    0.37    0.36    0.20    0.12    0.15      3.08      0.26
    2008    0.12    0.10    0.05   30.04    7.60    0.28    0.20    0.22    0.37    0.47    0.27    0.21     39.93      3.33
    2009    0.21    0.16    0.20    2.05    0.91    0.23    0.17    0.16    0.15    0.14    0.12    0.09      4.60      0.38
  
 AVERAGE    1.14    1.49    1.07    2.26    1.76    2.10    1.28    0.68    0.32    0.23    0.23    0.27     12.82      1.07
