    1920   19.74   10.03    0.90    1.23    6.67    8.61    3.00    0.59    0.51    0.43    0.35    0.58     52.63      4.39
    1921    0.44   21.10   30.41   10.52    2.43    1.60    0.82    0.64    0.75    0.59    1.14    0.91     71.34      5.95
    1922   14.50   32.55   21.66   10.86   13.53    6.86    0.55    0.69    1.01    1.15    0.74    0.32    104.41      8.70
    1923    0.43    0.32    0.62    4.77    5.70    8.00    7.03    0.63    0.52    0.45    0.39    1.00     29.86      2.49
    1924    1.99    8.13    8.44    2.59    2.35   44.48   44.54    3.06    1.11    0.74    0.50    0.67    118.61      9.88
    1925    1.06    1.86    1.56    7.29    7.67    1.96    1.53    0.49    0.73    0.59    0.43    1.32     26.49      2.21
    1926    1.91    2.28    3.04    2.90    3.61    3.37    1.24    0.41    0.36    0.78    0.71    0.39     21.00      1.75
    1927    7.23    7.50    2.25    2.64    1.80    4.60    4.10    0.64    0.46    0.40    0.41    1.59     33.59      2.80
    1928    2.55    1.55    4.75    6.14    3.21    3.19    2.33    0.85    2.13    2.64    1.73   20.86     51.95      4.33
    1929   21.27   11.64   12.39    8.09    6.97    1.64    1.83    0.94    0.55    0.53    0.58    0.50     66.92      5.58
    1930    0.69    0.50    1.56   16.96   16.82    1.77    1.40    1.10    0.44    0.82    0.62    0.29     42.97      3.58
    1931    0.40    0.89    1.05    0.88   21.75   22.68    1.75    1.12    1.02    0.63    0.40    0.39     52.96      4.41
    1932    0.33    0.79    2.03    1.69    1.21    1.78    1.36    0.64    0.39    0.58    0.44    0.24     11.49      0.96
    1933    0.17   10.77   15.52   43.30   39.32    2.72    1.65    2.55    2.10    1.98    3.49    2.27    125.83     10.49
    1934    1.71   17.87   36.09   19.28    1.24    6.11    6.15    1.18    0.72    0.61    0.46    0.47     91.87      7.66
    1935    0.51    0.37    0.38    0.85    4.87    6.83    3.13    2.75    2.86    0.80    0.40    0.31     24.08      2.01
    1936    0.85   27.62   27.93   11.88   15.87    5.70    0.73    0.44    0.39    0.36    0.32    0.33     92.41      7.70
    1937    0.62    0.52    7.45   11.87    7.98    3.95    5.66    5.82    2.01    2.21    1.60    0.98     50.69      4.22
    1938    6.33    6.56    5.67   10.93   22.22   16.89    1.00    1.43    1.33    2.28    2.49    1.29     78.43      6.54
    1939    1.05   21.15   22.33    2.93    2.42    1.94    1.78    6.97    7.02    1.46    0.56    1.39     71.00      5.92
    1940    1.61    4.06    8.85   19.12   18.01    5.31    3.24    2.92    0.58    0.71    0.54    0.62     65.56      5.46
    1941    1.07    0.85    0.49   11.22   13.88    6.32    6.80    4.10    0.95    0.67    0.99    0.82     48.16      4.01
    1942    1.37   10.04   21.39   19.77    8.20    1.89   18.84   18.91    1.97    4.51    6.08    2.54    115.53      9.63
    1943   20.74   30.48   15.79    6.73   18.94   19.08    1.07    0.65    2.33    2.12    0.90    1.63    120.47     10.04
    1944    7.92    7.61    1.31    0.47    2.29   24.31   22.95    1.56    0.65    0.54    0.43    0.30     70.35      5.86
    1945    0.27    0.21    0.15    3.03    4.35    6.87    6.01    0.91    0.63    0.47    0.36    0.22     23.48      1.96
    1946    9.25   14.59    5.67    0.73    7.86   13.69    7.26    1.32    0.89    0.80    0.50    0.66     63.22      5.27
    1947    1.19    2.46    3.57    6.87    5.62   16.31   16.77    2.13    0.75    0.56    0.44    0.49     57.16      4.76
    1948    0.83    0.89    0.54    6.67    7.57    1.80    1.59    1.21    0.54    0.44    0.32    0.43     22.83      1.90
    1949    2.16    8.77   10.77    4.94    1.82   10.96   10.85    1.91    1.09    0.74    1.00    0.58     55.59      4.63
    1950    1.04    1.12    4.41    4.79    1.54    1.42    1.50    1.61    1.02    0.60    0.55    0.50     20.10      1.67
    1951    3.19    3.20    1.40   12.11   13.23    3.25    1.50    0.73    0.46    1.41    1.38    0.60     42.46      3.54
    1952    0.61    1.30    1.79    1.42   16.88   17.34    1.77    1.12    0.59    0.50    0.60    0.35     44.27      3.69
    1953    0.39    1.22    1.46    1.97    2.85    2.58    1.61    0.59    0.59    0.48    0.31    0.74     14.78      1.23
    1954    1.27    2.52    3.00    9.17   25.82   18.34    1.66    0.75    0.58    0.51    0.40    0.30     64.33      5.36
    1955    0.48    2.01    3.18    1.93    9.08   15.60    7.26    1.80    1.65    0.73    0.48    0.52     44.72      3.73
    1956    2.58    5.67   38.01   37.46    3.74    1.73    1.33    0.57    0.73    5.41    6.58   44.22    148.04     12.34
    1957   57.88   15.43    2.27    6.73    5.91    1.55    5.86    5.31    0.66    0.56    0.44    0.89    103.50      8.62
    1958    1.42    3.92   10.62    9.53    3.15    1.43    1.85   11.61   10.76    1.14    0.65    0.39     56.47      4.71
    1959    6.72   12.77    8.82    3.59    5.04    9.67    7.10    1.90    0.67    0.63    0.85    0.65     58.42      4.87
    1960    1.89    2.53   16.80   17.14    1.41    1.03    8.54    9.30    2.38    1.06    0.54    0.75     63.37      5.28
    1961    0.49    6.25    7.02    3.44    5.79    4.07    1.19    0.82    0.47    0.42    0.39    0.46     30.81      2.57
    1962    0.57    1.38    1.54   22.19   22.16    1.24    1.40    0.94    1.47    2.02    1.35    0.42     56.67      4.72
    1963    0.87    3.93    3.72   22.28   22.66    5.73    5.40    0.75    1.61    1.50    0.94    0.97     70.38      5.86
    1964   29.88   30.67    2.81    6.26    5.24    0.65    1.48    1.45    1.00    1.08    1.00    0.70     82.24      6.85
    1965    0.36    3.04    3.22   10.96   11.78    1.29    0.35    0.45    0.45    0.40    0.37    0.37     33.04      2.75
    1966    0.39    1.00    8.84   26.68   38.78   24.49    5.73    1.85    1.07    0.62    0.57    0.48    110.50      9.21
    1967    0.53    0.85    1.85    1.77    0.81    1.55    1.83    0.93    0.60    0.37    0.60    0.45     12.14      1.01
    1968    0.23    0.39    1.29    1.87    2.03    5.67    5.93    2.83    2.15    0.97    0.49    0.37     24.22      2.02
    1969    3.06    3.50    2.62    5.00    4.08    1.37    0.56    0.55    0.69    1.14    1.22    1.28     25.07      2.09
    1970    1.89    1.57    1.06    7.62    7.80    1.61    2.37    3.10    2.13    0.87    0.58    0.42     31.01      2.58
    1971    0.56    3.33    6.30    5.09    7.08   13.20    8.34    0.56    0.54    0.51    0.47    0.30     46.30      3.86
    1972    0.52    1.48    1.54    1.37    9.35    8.89    1.08    0.82    0.41    0.37    1.64    2.30     29.76      2.48
    1973    1.25    1.38    2.24   23.14   24.36    3.36    1.65    0.92    0.83    0.73    0.57    0.36     60.79      5.07
    1974    0.34   22.58   28.32   20.73   45.64   30.93    1.95    0.75    0.54    0.48    0.43    5.00    157.69     13.14
    1975    6.03    9.72   22.50   31.06   24.60   31.53   24.41    2.12    1.03    0.64    0.46    0.40    154.50     12.88
    1976   11.11   16.79    8.76   11.33    8.83    1.46    1.51    0.81    0.48    0.44    0.36    1.09     62.96      5.25
    1977    5.70    5.36    6.31   31.83   26.44    6.11    6.28    1.24    0.55    0.50    0.94    1.42     92.66      7.72
    1978    2.22    1.80    6.59    6.46    9.41    9.78    0.79    0.77    0.60    1.22   12.81   13.18     65.62      5.47
    1979    1.72    2.32    3.02    4.11    4.70    2.38    0.50    0.53    0.49    0.43    0.34   10.33     30.86      2.57
    1980   10.68    2.11    2.39   14.58   32.56   19.05    1.86    0.72    0.64    0.59    1.03    0.93     87.14      7.26
    1981    0.61    1.51    2.06    1.49    0.83    0.52    1.02    0.88    0.42    0.42    0.32    0.25     10.32      0.86
    1982    7.09    7.82    1.19    1.26    1.26    0.89    0.78    0.57    0.52    0.52    0.40    0.25     22.57      1.88
    1983    8.47   29.65   24.62    4.96    1.36    4.32    4.57    0.71    0.54    0.66    2.54    2.77     85.17      7.10
    1984    1.42    1.63    0.99    7.68   22.11   15.00    0.62    0.49    0.43    0.41    0.36    0.34     51.47      4.29
    1985    1.57    2.14    8.72    9.82    2.83    2.00    2.26    1.68    0.71    0.63    0.83    0.56     33.75      2.81
    1986    6.60    7.44    2.38    2.00    1.43    4.27    4.11    0.73    0.43    0.46    1.20   30.83     61.88      5.16
    1987   30.84    8.45   13.18   10.89    6.95   24.15   23.20    1.20    0.98    1.15    0.67    0.84    122.50     10.21
    1988    5.50    5.85    3.73    3.93   21.17   21.07    1.53    0.67    1.12    0.89    0.50    0.29     66.25      5.52
    1989    1.48   20.12   19.24    0.77    1.17    4.73    5.11    1.67    0.54    0.59    0.66    0.34     56.41      4.70
    1990    0.65    0.59    1.23   12.13   14.61    5.48    4.09    2.57    0.73    0.66    0.45    0.42     43.61      3.63
    1991    1.83    2.37    3.16    3.06    1.89    1.87    0.70    0.32    0.28    0.25    0.79    0.70     17.23      1.44
    1992    0.41    5.09    5.35    0.83    1.33    1.87    1.52    0.82    0.38    0.32    0.27    0.30     18.50      1.54
    1993   14.97   17.57    5.33    5.60   11.61   10.14    3.66    2.23    0.66    0.52    0.47    0.33     73.10      6.09
    1994    0.36    0.25    0.79    1.73    2.41    2.80    2.09    0.94    0.45    0.38    0.31    0.23     12.76      1.06
    1995    1.01   19.43   34.38   25.69   45.21   35.57    2.02    0.92    0.61    0.92    1.10    0.75    167.62     13.97
    1996   16.05   17.69    5.24    3.57    0.57    8.42   10.98    6.88    5.18    1.70    1.06    1.32     78.67      6.56
    1997    1.32    2.09    9.80   22.39   19.56    8.68    3.59    0.76    0.49    0.46    0.38    0.35     69.87      5.82
    1998    0.42   18.17   24.72   12.30    7.32    6.83    6.39    1.42    0.68    0.55    0.43    0.29     79.52      6.63
    1999    0.43    0.52   15.18   34.08   20.59   11.71   10.26    2.30    1.80    0.81    0.49    0.70     98.86      8.24
    2000    7.96   12.07    5.54    1.43    5.70    6.97    2.91    1.66    0.64    0.58    0.83    1.02     47.32      3.94
    2001   11.18   12.56    4.82   11.02    8.51    0.63    0.69    1.39    1.50    1.07    2.95    3.13     59.47      4.96
    2002    0.90    0.39    8.09    8.81    3.04    3.18    1.29    0.51    0.54    0.49    0.41    0.27     27.92      2.33
    2003    0.28    2.31    2.62    1.48    3.83    4.40    2.02    0.52    0.47    0.56    0.44    0.31     19.24      1.60
    2004    0.38    1.17    9.14   18.69   11.94    3.59    2.53    0.94    0.59    0.50    1.03    0.80     51.29      4.27
    2005    4.65    7.70    3.66   32.20   56.54   25.18    2.59    1.03    0.60    0.51    0.73    0.42    135.82     11.32
    2006    0.67    1.20    4.00    3.86    1.31    0.97    0.72    0.62    0.45    0.43    0.27    0.50     15.00      1.25
    2007   29.91   35.62    9.53    5.59    2.91    1.97    1.09    1.00    1.22    0.82    0.43    0.27     90.38      7.53
    2008    0.26    4.49    5.13   18.49   20.55    3.43    0.87    0.81    1.30    0.97    0.66    0.39     57.35      4.78
    2009    0.37    0.45    0.77   20.98   20.86   11.60   12.19    1.24    0.54    0.49    0.40    0.28     70.18      5.85
  
 AVERAGE    4.93    7.57    8.03   10.08   11.09    8.24    4.63    1.83    1.11    0.87    1.00    2.05     61.44      5.12
