    1920    0.64    0.40    0.17    0.12    0.33    0.59    0.44    0.26    0.18    0.14    0.11    0.14      3.52      0.29
    1921    0.12    2.76    1.35    0.56    0.36    0.30    0.20    0.18    0.21    0.19    0.26    0.24      6.74      0.56
    1922    0.94    7.69    2.38    0.64    0.75    0.45    0.21    0.22    0.28    0.32    0.26    0.15     14.29      1.19
    1923    0.13    0.10    0.08    0.23    0.36    0.61    0.53    0.31    0.20    0.16    0.13    0.21      3.06      0.25
    1924    0.36    0.55    0.46    0.29    0.29   24.89    6.77    0.77    0.54    0.39    0.27    0.25     35.83      2.99
    1925    0.29    0.32    0.17    0.30    0.33    0.37    0.28    0.19    0.22    0.21    0.17    0.28      3.14      0.26
    1926    0.36    0.36    0.32    0.26    0.35    0.40    0.29    0.17    0.13    0.19    0.21    0.13      3.20      0.27
    1927    0.38    0.32    0.26    0.21    0.22    0.43    0.42    0.27    0.19    0.14    0.13    0.29      3.28      0.27
    1928    0.43    0.26    0.28    0.33    0.35    0.47    0.42    0.31    0.46    0.66    0.48    8.58     13.03      1.09
    1929    2.66    0.81    0.61    0.52    0.36    0.36    0.41    0.31    0.22    0.19    0.19    0.17      6.80      0.57
    1930    0.18    0.10    0.13    0.52    0.59    0.39    0.36    0.30    0.19    0.22    0.20    0.11      3.30      0.27
    1931    0.11    0.15    0.11    0.09    2.91    1.35    0.50    0.37    0.36    0.27    0.18    0.14      6.52      0.54
    1932    0.11    0.13    0.19    0.12    0.15    0.26    0.27    0.22    0.17    0.19    0.16    0.11      2.09      0.17
    1933    0.07    0.36    0.53   18.88    4.99    0.48    0.47    0.63    0.56    0.59    0.85    0.53     28.93      2.41
    1934    0.40    2.76    6.14    1.67    0.28    0.54    0.64    0.43    0.31    0.25    0.19    0.17     13.79      1.15
    1935    0.16    0.12    0.08    0.09    0.29    0.55    0.48    0.59    0.59    0.37    0.21    0.12      3.64      0.30
    1936    0.18    8.58    2.47    0.57    0.73    0.54    0.27    0.18    0.15    0.14    0.12    0.11     14.06      1.17
    1937    0.15    0.10    0.26    0.43    0.54    0.37    0.53    0.55    0.59    0.65    0.54    0.37      5.07      0.42
    1938    0.54    0.44    0.39    0.49    3.90    1.45    0.35    0.37    0.39    0.53    0.62    0.38      9.84      0.82
    1939    0.29    4.59    1.61    0.35    0.33    0.33    0.41    0.81    0.93    0.65    0.33    0.36     10.99      0.92
    1940    0.36    0.41    0.50    0.74    0.83    0.62    0.66    0.55    0.29    0.25    0.20    0.18      5.60      0.47
    1941    0.24    0.15    0.08    0.34    0.55    0.68    0.88    0.75    0.49    0.31    0.30    0.27      5.02      0.42
    1942    0.31    0.58    0.81    0.80    0.50    0.42    7.07    2.58    0.74    0.83    1.20    0.71     16.55      1.38
    1943    7.53    3.10    0.93    0.41    2.86    1.27    0.35    0.28    0.50    0.56    0.31    0.41     18.50      1.54
    1944    0.76    0.59    0.23    0.10    0.21    7.93    2.54    0.49    0.33    0.25    0.19    0.13     13.74      1.15
    1945    0.10    0.08    0.05    0.14    0.30    0.55    0.51    0.38    0.28    0.20    0.15    0.09      2.83      0.24
    1946    0.40    0.69    0.36    0.13    0.35    0.74    0.76    0.49    0.34    0.28    0.19    0.18      4.90      0.41
    1947    0.25    0.34    0.35    0.42    0.33    2.79    1.36    0.63    0.38    0.24    0.17    0.16      7.43      0.62
    1948    0.20    0.17    0.08    0.24    0.33    0.32    0.37    0.33    0.23    0.18    0.13    0.13      2.71      0.23
    1949    0.31    0.57    0.56    0.35    0.26    0.61    0.67    0.57    0.44    0.30    0.29    0.21      5.14      0.43
    1950    0.23    0.17    0.25    0.22    0.21    0.23    0.32    0.40    0.33    0.26    0.21    0.18      3.01      0.25
    1951    0.36    0.25    0.15    0.41    0.56    0.50    0.40    0.27    0.17    0.28    0.31    0.18      3.85      0.32
    1952    0.16    0.20    0.18    0.13    0.57    0.70    0.55    0.40    0.27    0.19    0.18    0.13      3.66      0.31
    1953    0.11    0.17    0.14    0.18    0.27    0.36    0.30    0.23    0.21    0.18    0.14    0.18      2.47      0.21
    1954    0.27    0.35    0.29    0.41    4.98    1.73    0.44    0.29    0.23    0.19    0.15    0.11      9.42      0.79
    1955    0.12    0.24    0.28    0.16    0.39    0.80    0.62    0.55    0.49    0.32    0.19    0.16      4.33      0.36
    1956    0.34    0.51   15.01    4.14    0.44    0.41    0.36    0.26    0.25    0.56    0.86   30.51     53.65      4.47
    1957   15.45    2.52    0.42    0.47    0.37    0.39    0.71    0.62    0.35    0.26    0.20    0.24     22.01      1.83
    1958    0.34    0.43    0.55    0.50    0.40    0.24    0.37    2.20    1.20    0.56    0.33    0.16      7.28      0.61
    1959    0.40    0.69    0.59    0.33    0.40    0.69    0.81    0.61    0.34    0.24    0.25    0.22      5.56      0.46
    1960    0.34    0.34    0.61    0.52    0.23    0.20    0.59    0.93    0.77    0.51    0.28    0.23      5.55      0.46
    1961    0.16    0.34    0.32    0.31    0.44    0.40    0.34    0.27    0.18    0.15    0.13    0.13      3.19      0.27
    1962    0.15    0.20    0.15    1.89    0.81    0.34    0.34    0.31    0.38    0.52    0.39    0.18      5.66      0.47
    1963    0.19    0.37    0.26    2.53    1.07    0.65    0.57    0.34    0.38    0.40    0.32    0.30      7.40      0.62
    1964   13.54    3.80    0.41    0.43    0.33    0.20    0.31    0.33    0.31    0.35    0.33    0.26     20.60      1.72
    1965    0.14    0.26    0.18    0.37    0.44    0.24    0.11    0.12    0.13    0.12    0.12    0.12      2.35      0.20
    1966    0.11    0.16    0.35    3.05   10.07    3.10    0.90    0.70    0.48    0.33    0.26    0.20     19.71      1.64
    1967    0.18    0.19    0.20    0.16    0.12    0.24    0.31    0.29    0.24    0.18    0.20    0.16      2.46      0.20
    1968    0.10    0.09    0.13    0.15    0.22    0.47    0.67    0.75    0.65    0.43    0.25    0.14      4.05      0.34
    1969    0.32    0.31    0.28    0.34    0.34    0.25    0.18    0.17    0.19    0.27    0.33    0.34      3.31      0.28
    1970    0.40    0.27    0.15    0.31    0.34    0.32    0.48    0.73    0.60    0.40    0.26    0.16      4.40      0.37
    1971    0.15    0.30    0.39    0.37    0.49    0.81    0.62    0.30    0.18    0.16    0.14    0.10      4.01      0.33
    1972    0.11    0.20    0.14    0.13    0.41    0.40    0.33    0.27    0.18    0.14    0.31    0.46      3.08      0.26
    1973    0.29    0.24    0.22    3.04    1.35    0.60    0.47    0.33    0.27    0.26    0.20    0.14      7.40      0.62
    1974    0.11    3.65    1.49    1.76   18.04    4.84    0.53    0.39    0.29    0.24    0.21    0.43     31.97      2.66
    1975    0.61    0.71    1.16    4.58    1.87   15.19    4.26    0.66    0.55    0.39    0.28    0.22     30.49      2.54
    1976    0.52    0.86    0.64    0.62    0.42    0.36    0.39    0.28    0.20    0.17    0.14    0.23      4.82      0.40
    1977    0.53    0.39    0.37    8.04    2.38    0.63    0.71    0.45    0.26    0.21    0.26    0.36     14.59      1.22
    1978    0.45    0.27    0.32    0.18    0.39    0.43    0.28    0.23    0.21    0.28    1.86    1.14      6.04      0.50
    1979    0.58    0.44    0.33    0.33    0.43    0.32    0.17    0.15    0.15    0.13    0.11    0.49      3.61      0.30
    1980    0.49    0.38    0.24    0.49    7.08    2.26    0.49    0.31    0.25    0.22    0.27    0.29     12.78      1.06
    1981    0.19    0.23    0.19    0.15    0.09    0.11    0.22    0.22    0.17    0.16    0.14    0.11      1.98      0.16
    1982    0.39    0.41    0.20    0.14    0.13    0.17    0.17    0.18    0.19    0.18    0.16    0.11      2.42      0.20
    1983    0.41    8.11    2.50    0.42    0.20    0.36    0.44    0.27    0.20    0.21    0.43    0.40     13.95      1.16
    1984    0.34    0.27    0.14    0.30    1.98    0.91    0.29    0.16    0.14    0.13    0.12    0.10      4.88      0.41
    1985    0.26    0.28    0.39    0.41    0.34    0.35    0.47    0.39    0.28    0.23    0.24    0.19      3.83      0.32
    1986    0.43    0.46    0.31    0.19    0.19    0.40    0.43    0.28    0.17    0.15    0.25   15.43     18.69      1.56
    1987    4.27    0.69    0.66    0.60    0.54    9.93    2.98    0.42    0.40    0.42    0.32    0.30     21.51      1.79
    1988    0.53    0.44    0.36    0.28    3.91    1.52    0.41    0.28    0.33    0.32    0.22    0.13      8.73      0.73
    1989    0.23    3.35    1.14    0.16    0.19    0.43    0.63    0.47    0.26    0.21    0.21    0.14      7.41      0.62
    1990    0.15    0.10    0.11    0.39    0.59    0.67    0.79    0.60    0.36    0.25    0.17    0.13      4.31      0.36
    1991    0.29    0.29    0.30    0.20    0.24    0.25    0.18    0.12    0.10    0.10    0.17    0.16      2.43      0.20
    1992    0.12    0.31    0.24    0.12    0.16    0.27    0.30    0.25    0.18    0.14    0.11    0.11      2.30      0.19
    1993    0.59    0.79    0.56    0.45    0.64    0.69    0.74    0.57    0.31    0.20    0.16    0.11      5.82      0.48
    1994    0.10    0.07    0.08    0.13    0.24    0.38    0.39    0.30    0.22    0.16    0.12    0.09      2.28      0.19
    1995    0.18    2.68    3.46    1.40   21.50    5.73    0.55    0.44    0.33    0.34    0.38    0.30     37.29      3.11
    1996    2.38    1.23    0.56    0.23    0.14    0.42    0.87    1.13    1.08    0.81    0.53    0.44      9.81      0.82
    1997    0.38    0.36    0.49    0.79    0.90    0.89    0.67    0.36    0.21    0.18    0.14    0.12      5.50      0.46
    1998    0.12    0.84    0.81    0.65    0.55    0.67    0.70    0.53    0.32    0.21    0.16    0.10      5.66      0.47
    1999    0.11    0.11    0.44    4.82    1.76    1.39    0.87    0.66    0.58    0.37    0.23    0.22     11.55      0.96
    2000    0.52    0.72    0.45    0.18    0.33    0.56    0.61    0.48    0.30    0.21    0.23    0.27      4.87      0.41
    2001    0.64    0.72    0.53    0.56    0.35    0.17    0.16    0.28    0.38    0.34    0.53    0.51      5.16      0.43
    2002    0.30    0.12    0.27    0.27    0.34    0.39    0.31    0.20    0.17    0.16    0.14    0.10      2.78      0.23
    2003    0.08    0.22    0.18    0.15    0.30    0.47    0.37    0.22    0.16    0.18    0.15    0.12      2.61      0.22
    2004    0.11    0.17    0.37    0.61    0.62    0.62    0.53    0.37    0.24    0.17    0.24    0.22      4.27      0.36
    2005    0.40    0.56    0.28    9.03   14.85    3.74    0.66    0.47    0.33    0.26    0.27    0.21     31.07      2.59
    2006    0.21    0.24    0.29    0.22    0.20    0.17    0.20    0.20    0.18    0.17    0.13    0.15      2.35      0.20
    2007   12.16    3.70    0.70    0.46    0.39    0.37    0.30    0.30    0.36    0.30    0.20    0.12     19.37      1.61
    2008    0.09    0.25    0.24    0.60    0.76    0.53    0.31    0.25    0.33    0.31    0.24    0.16      4.07      0.34
    2009    0.11    0.10    0.09    0.74    0.50    0.67    0.80    0.51    0.26    0.18    0.13    0.09      4.19      0.35
  
 AVERAGE    0.91    0.94    0.72    1.02    1.49    1.36    0.71    0.44    0.34    0.29    0.27    0.82      9.30      0.78
