    1920   24.47   12.50    1.15    1.54    7.91    9.82    3.28    0.83    0.74    0.65    0.54    0.85     64.26      5.35
    1921    0.57   26.92   38.18   12.88    3.08    2.03    1.05    0.97    1.13    0.92    1.62    1.20     90.55      7.55
    1922   18.72   41.61   26.88   12.76   16.40    8.48    1.09    1.28    1.70    1.88    1.23    0.74    132.77     11.06
    1923    0.88    0.68    0.86    5.59    6.75    9.76    8.58    0.98    0.85    0.76    0.69    1.46     37.85      3.15
    1924    2.54    9.77   10.15    3.28    2.95   58.07   58.22    2.75    1.72    1.31    1.00    1.21    152.99     12.75
    1925    1.70    2.35    1.97    8.86    9.35    2.51    1.95    0.86    1.17    0.99    0.76    1.90     34.36      2.86
    1926    2.48    2.94    3.94    3.72    3.96    3.63    1.61    0.66    0.59    1.14    1.04    0.52     26.24      2.19
    1927    8.82    9.17    3.08    3.65    2.32    5.31    4.71    0.86    0.71    0.63    0.64    2.16     42.06      3.50
    1928    3.33    1.98    5.41    7.16    4.08    4.04    2.97    1.13    2.87    3.51    2.27   26.90     65.66      5.47
    1929   27.44   14.47   15.46    9.87    8.42    2.44    2.34    1.34    1.03    1.00    1.06    0.94     85.81      7.15
    1930    1.18    0.65    1.98   21.26   21.13    2.27    1.99    1.42    0.76    1.26    0.95    0.50     55.36      4.61
    1931    0.69    1.14    1.32    1.10   27.79   29.01    2.27    1.57    1.46    0.94    0.66    0.64     68.59      5.72
    1932    0.56    1.00    2.64    2.17    1.52    2.30    1.73    0.83    0.61    0.86    0.60    0.34     15.16      1.26
    1933    0.29   13.27   18.62   55.58   51.21    2.46    2.11    3.48    2.73    2.77    4.70    2.95    160.16     13.35
    1934    2.19   22.59   45.66   24.66    1.88    7.30    7.38    1.58    1.28    1.14    0.94    0.94    117.54      9.79
    1935    0.97    0.77    0.72    1.06    5.76    7.67    3.51    3.19    3.18    1.11    0.70    0.58     29.23      2.44
    1936    1.26   35.51   35.92   14.67   19.18    6.75    1.05    0.86    0.79    0.74    0.68    0.69    118.11      9.84
    1937    1.06    0.67    9.01   13.91    9.10    4.53    6.95    7.19    2.78    2.90    2.10    1.30     61.49      5.12
    1938    7.72    8.02    6.70   12.71   27.66   21.63    1.19    2.20    1.78    3.31    3.25    1.69     97.87      8.16
    1939    1.64   26.99   28.48    3.70    3.04    2.45    2.59    8.76    8.80    1.97    1.03    2.11     91.57      7.63
    1940    2.07    4.54   10.19   23.47   22.16    6.21    3.71    3.16    1.09    1.28    1.05    1.14     80.08      6.67
    1941    1.72    1.09    0.79   13.90   16.65    7.18    7.89    4.84    1.41    1.12    1.55    1.32     59.45      4.95
    1942    2.01   12.35   26.58   24.58   10.20    2.66   24.22   24.40    2.39    5.39    7.48    3.33    145.58     12.13
    1943   26.97   38.70   19.57    8.13   24.46   24.66    1.75    1.38    3.65    3.06    1.30    2.64    156.27     13.02
    1944   10.01    9.54    1.68    0.96    2.60   31.59   30.21    1.56    1.19    1.04    0.89    0.71     91.98      7.67
    1945    0.66    0.57    0.46    3.34    5.05    8.30    7.25    1.34    0.99    0.78    0.62    0.44     29.81      2.48
    1946   11.48   17.63    6.78    0.94    9.55   16.43    8.91    1.75    1.30    1.20    0.81    1.02     77.79      6.48
    1947    1.69    3.12    4.76    8.51    6.85   20.70   21.32    2.07    1.19    0.96    0.80    0.87     72.84      6.07
    1948    1.30    1.13    0.68    7.99    9.12    2.31    2.08    1.57    0.80    0.72    0.56    0.69     28.95      2.41
    1949    2.55   10.68   12.84    5.74    2.31   13.56   13.47    2.21    1.44    1.11    1.46    0.84     68.21      5.68
    1950    1.50    1.43    5.06    5.54    1.96    1.81    2.04    2.08    1.33    0.90    0.83    0.76     25.23      2.10
    1951    3.58    3.59    1.77   14.84   15.68    3.56    1.95    0.95    0.69    1.94    1.81    0.80     51.17      4.26
    1952    0.89    1.65    2.27    1.77   21.32   21.95    2.30    1.46    0.88    0.76    0.90    0.57     56.72      4.73
    1953    0.63    1.54    1.84    2.54    3.66    3.31    2.06    0.84    0.86    0.71    0.49    1.04     19.52      1.63
    1954    1.64    3.24    3.80   10.99   32.22   23.44    1.54    1.14    0.93    0.84    0.69    0.56     81.04      6.75
    1955    0.79    2.58    4.12    2.41   11.11   18.91    8.93    2.44    2.15    0.99    0.76    0.82     56.01      4.67
    1956    2.64    6.10   48.63   47.87    4.08    2.30    1.70    1.04    1.24    6.84    8.37   58.07    188.88     15.74
    1957   75.32   20.00    2.88    8.05    6.96    2.49    7.05    6.32    1.23    1.13    0.97    1.56    133.97     11.16
    1958    2.22    4.41   12.48   11.82    3.99    1.81    2.74   15.35   14.33    1.56    1.14    0.80     72.65      6.05
    1959    8.43   15.38   10.28    3.88    5.78   11.45    8.76    2.50    1.15    1.13    1.42    1.15     71.31      5.94
    1960    2.51    3.22   21.14   21.59    1.80    1.56   10.67   11.66    2.91    1.43    0.95    1.22     80.66      6.72
    1961    0.87    7.59    8.53    3.98    6.90    4.98    1.71    1.12    0.79    0.72    0.69    0.76     38.64      3.22
    1962    0.90    1.74    1.96   28.25   28.25    1.66    1.79    1.28    2.05    2.76    1.77    0.56     72.97      6.08
    1963    1.24    4.43    4.15   28.39   28.89    6.77    6.32    1.05    2.25    1.97    1.38    1.42     88.26      7.36
    1964   38.75   39.77    3.57    7.35    5.99    1.01    2.13    1.87    1.52    1.62    1.51    1.07    106.16      8.85
    1965    0.61    3.30    3.56   13.51   14.55    1.66    0.59    0.73    0.74    0.66    0.62    0.62     41.17      3.43
    1966    0.62    1.27   10.62   33.21   49.50   30.82    6.81    2.55    1.54    1.13    1.07    0.94    140.09     11.67
    1967    1.00    1.31    2.32    2.22    1.01    1.98    2.35    1.24    0.85    0.66    0.95    0.62     16.51      1.38
    1968    0.40    0.59    1.70    2.44    2.62    6.62    6.98    3.69    2.80    1.29    0.73    0.58     30.44      2.54
    1969    3.35    3.98    3.33    5.67    4.53    1.77    0.81    0.82    1.01    1.59    1.69    1.68     30.23      2.52
    1970    2.42    2.00    1.33    9.07    9.32    2.07    3.16    4.22    2.91    1.18    0.86    0.66     39.20      3.27
    1971    0.84    3.66    6.75    5.88    8.41   15.78   10.34    0.91    0.89    0.85    0.80    0.58     55.70      4.64
    1972    0.86    1.87    1.93    1.71   11.39   10.86    1.51    1.07    0.66    0.61    2.27    3.00     37.77      3.15
    1973    1.62    1.75    2.87   29.43   30.40    3.69    2.15    1.20    1.22    1.11    0.89    0.63     76.96      6.41
    1974    0.59   28.90   35.53   25.53   58.67   40.24    1.99    1.44    1.15    1.07    0.99    6.18    202.28     16.86
    1975    7.59   12.12   27.80   39.14   30.87   40.29   31.90    3.60    1.90    1.38    1.13    1.03    198.76     16.56
    1976   14.28   20.72   10.31   13.67   11.14    2.30    2.18    1.29    1.01    0.95    0.84    1.78     80.47      6.71
    1977    7.04    6.56    7.66   40.19   34.10    7.21    7.56    1.65    1.02    0.97    1.53    2.14    117.63      9.80
    1978    2.90    2.30    7.97    7.81   11.70   12.18    1.12    1.20    0.98    1.79   16.34   16.83     83.11      6.93
    1979    2.25    2.94    3.79    4.40    5.06    2.96    0.81    0.86    0.82    0.73    0.62   13.00     38.25      3.19
    1980   13.46    2.70    3.01   18.49   41.42   24.41    1.90    1.16    1.11    1.05    1.62    1.48    111.81      9.32
    1981    0.92    1.90    2.61    1.86    1.04    0.86    1.49    1.14    0.59    0.69    0.56    0.45     14.11      1.18
    1982    8.61    9.54    1.53    1.58    1.58    1.14    1.00    0.84    0.78    0.78    0.56    0.37     28.31      2.36
    1983   10.40   37.44   30.78    5.62    1.73    4.88    5.28    0.95    0.82    0.98    3.06    3.05    105.00      8.75
    1984    1.85    2.07    1.25    9.20   27.35   19.05    0.90    0.75    0.68    0.66    0.60    0.57     64.94      5.41
    1985    2.24    3.06   10.59   11.93    3.59    2.53    2.88    2.17    1.04    0.95    1.21    0.81     43.00      3.58
    1986    8.01    9.06    3.02    2.50    1.80    4.91    4.73    0.98    0.66    0.71    1.67   40.10     78.15      6.51
    1987   40.13   10.28   15.64   12.81    8.39   31.09   29.96    1.37    1.76    1.99    1.34    1.55    156.31     13.03
    1988    6.74    7.19    4.02    4.29   27.10   27.01    1.49    1.22    1.82    1.52    0.98    0.69     84.08      7.01
    1989    1.88   25.55   24.45    1.01    1.71    5.49    6.02    2.19    0.89    0.97    1.06    0.63     71.85      5.99
    1990    1.02    0.76    1.54   14.91   17.48    6.44    4.95    3.14    1.13    1.04    0.77    0.74     53.92      4.49
    1991    2.35    3.10    3.74    3.59    2.46    2.38    0.90    0.56    0.50    0.46    1.16    0.92     22.12      1.84
    1992    0.58    5.91    6.22    1.06    1.68    2.41    1.94    1.07    0.55    0.50    0.44    0.47     22.83      1.90
    1993   18.94   21.60    5.55    5.90   13.74   12.57    4.01    2.87    1.01    0.93    0.87    0.68     88.68      7.39
    1994    0.71    0.56    0.99    2.22    3.15    3.66    2.66    1.22    0.73    0.64    0.54    0.43     17.53      1.46
    1995    1.30   24.61   43.38   31.95   58.14   46.42    2.04    1.66    1.25    1.66    1.89    1.34    215.63     17.97
    1996   20.56   22.61    5.94    3.77    1.04   10.60   13.31    8.08    6.36    2.39    1.77    2.10     98.53      8.21
    1997    2.01    2.65   12.10   27.60   24.21   10.26    4.05    1.29    1.08    1.03    0.92    0.87     88.07      7.34
    1998    0.94   23.15   30.78   14.69    8.95    8.25    7.69    1.89    1.24    1.06    0.90    0.71    100.24      8.35
    1999    0.88    0.97   19.36   43.27   26.14   15.03   13.51    3.10    2.35    1.30    1.00    1.28    128.19     10.68
    2000   10.03   14.51    6.57    1.81    6.81    8.56    3.76    2.15    1.06    0.98    1.31    1.55     59.11      4.93
    2001   14.00   15.72    5.36   12.89   10.54    1.05    1.13    2.05    2.19    1.50    3.31    3.54     73.30      6.11
    2002    1.21    0.58    9.83   10.74    3.46    3.75    1.76    0.82    0.86    0.79    0.68    0.49     34.97      2.91
    2003    0.49    2.77    3.19    1.94    4.27    5.00    2.61    0.69    0.69    0.83    0.66    0.49     23.64      1.97
    2004    0.57    1.51   10.98   22.61   14.73    4.56    3.30    1.31    0.89    0.78    1.47    1.05     63.75      5.31
    2005    5.49    8.70    4.10   41.63   73.03   32.50    2.83    1.58    1.15    1.02    1.30    0.87    174.19     14.52
    2006    1.18    1.53    4.56    4.36    1.66    1.23    1.14    0.85    0.78    0.74    0.51    0.80     19.35      1.61
    2007   38.80   45.43   10.96    6.47    3.69    2.50    1.40    1.47    1.77    1.22    0.74    0.52    114.97      9.58
    2008    0.50    5.22    6.01   23.36   25.38    3.78    1.14    1.19    1.84    1.35    1.01    0.65     71.45      5.95
    2009    0.62    0.71    0.97   26.64   26.53   14.51   15.29    1.64    0.84    0.79    0.68    0.52     89.75      7.48
  
 AVERAGE    6.37    9.49    9.90   12.46   13.86   10.34    5.83    2.40    1.60    1.32    1.47    2.82     77.87      6.49
