    1920    8.63    4.37    0.07    0.15    0.33    6.46    6.37    0.14    0.07    0.04    0.03    0.03     26.69      2.22
    1921    0.03    0.36    2.26    2.02    0.21    0.13    0.04    0.02    0.04    0.04    0.06    0.05      5.26      0.44
    1922    0.23    6.49    6.33    0.37    0.47    0.18    0.07    0.06    0.05    0.06    0.05    0.03     14.39      1.20
    1923    0.02    0.01    0.02    0.23    0.25    0.14    0.15    0.07    0.04    0.03    0.03    0.07      1.05      0.09
    1924    0.07    0.22    0.49    0.48    0.22   28.08   28.23    0.39    0.28    0.15    0.07    0.04     58.72      4.89
    1925    0.05    0.06    0.04    0.31    0.39    0.15    0.08    0.04    0.09    0.10    0.07    0.07      1.45      0.12
    1926    0.09    0.11    0.15    0.13    0.19    0.27    0.17    0.07    0.03    0.06    0.06    0.04      1.37      0.11
    1927    0.10    0.12    0.11    0.12    0.06    0.08    0.08    0.05    0.03    0.03    0.03    0.10      0.92      0.08
    1928    0.17    0.14    0.24    0.39    0.30    0.21    0.16    0.09    0.14    0.16    0.12    5.10      7.22      0.60
    1929    5.13    0.20    0.22    0.22    0.19    0.09    0.08    0.09    0.06    0.05    0.06    0.04      6.43      0.54
    1930    0.02    0.01    0.02    0.26    0.31    0.11    0.17    0.17    0.08    0.06    0.06    0.03      1.30      0.11
    1931    0.02    0.05    0.05    0.04    1.60    1.79    0.27    0.10    0.06    0.05    0.04    0.03      4.09      0.34
    1932    0.02    0.03    0.06    0.05    0.07    0.14    0.13    0.08    0.05    0.06    0.05    0.03      0.77      0.06
    1933    0.03   11.89   12.00   41.99   41.93    0.11    0.11    0.18    0.17    0.15    0.23    0.16    108.96      9.08
    1934    0.10   14.47   17.64    3.26    0.05    2.82    2.94    0.20    0.09    0.05    0.03    0.03     41.68      3.47
    1935    0.03    0.02    0.02    0.14    0.39    0.39    0.18    5.62    5.67    0.14    0.05    0.03     12.68      1.06
    1936    0.05   26.75   26.77    0.49    0.65    0.26    0.07    0.02    0.02    0.02    0.02    0.02     55.14      4.59
    1937    0.03    0.04    4.52    4.70    0.25    0.08    0.18    0.23    0.15    0.13    0.09    0.06     10.46      0.87
    1938    2.70    2.73    0.55    0.90    0.61    0.27    0.08    0.10    0.12    0.19    0.22    0.13      8.62      0.72
    1939    0.05    0.49    0.50    0.07    0.07    0.07    0.11    0.18    0.16    0.11    0.06    0.07      1.94      0.16
    1940    0.07    0.12    0.32    5.40    5.24    0.13    0.17    0.15    0.07    0.04    0.03    0.04     11.76      0.98
    1941    0.06    0.04    0.13    2.14    2.14    0.31    0.32    0.22    0.11    0.06    0.08    0.10      5.73      0.48
    1942    0.22    0.43    6.16    5.99    0.13    0.08    9.03    9.17    0.27    0.24    0.28    0.17     32.16      2.68
    1943    2.63    2.90    2.21    2.03   25.12   25.08    0.12    0.03    0.12    0.14    0.09    0.09     60.57      5.05
    1944    0.30    0.33    0.10    0.03    0.18   12.15   12.06    0.11    0.07    0.05    0.03    0.02     25.43      2.12
    1945    0.01    0.01    0.01    0.67    0.76    0.30    0.27    0.12    0.07    0.04    0.03    0.02      2.32      0.19
    1946    0.18    0.30    0.18    0.16    0.37    7.20    7.10    0.23    0.09    0.05    0.04    0.03     15.93      1.33
    1947    0.04    0.05    0.31    0.54    0.30    0.25    0.31    0.17    0.09    0.05    0.03    0.04      2.18      0.18
    1948    0.09    0.10    0.06    0.24    0.29    0.10    0.07    0.05    0.04    0.04    0.03    0.03      1.13      0.09
    1949    0.12    0.43    3.24    2.97    0.09    0.14    0.19    0.17    0.15    0.08    0.07    0.06      7.73      0.64
    1950    0.08    0.08    0.28    0.30    0.18    0.23    0.19    0.21    0.17    0.11    0.08    0.05      1.96      0.16
    1951    0.98    1.00    0.08    0.30    0.33    0.08    0.08    0.08    0.05    0.14    0.16    0.08      3.37      0.28
    1952    0.03    0.24    0.40    0.21   15.14   15.22    0.23    0.17    0.09    0.05    0.03    0.02     31.83      2.65
    1953    0.02    0.16    0.19    0.60    1.76    1.40    0.26    0.09    0.05    0.04    0.03    0.04      4.63      0.39
    1954    0.06    6.34    6.36    0.56    3.10    2.69    0.18    0.12    0.07    0.04    0.03    0.02     19.59      1.63
    1955    0.06    0.18    0.32    0.22    2.92    2.99    0.15    0.18    0.21    0.12    0.05    0.03      7.43      0.62
    1956    0.12    0.25   17.42   17.43    0.19    0.15    0.15    0.06    0.05    1.55    1.67   30.87     69.93      5.83
    1957   32.26    1.65    0.26    4.15    4.04    0.11    0.27    0.24    0.10    0.04    0.03    0.07     43.23      3.60
    1958    0.09    0.15    0.24    0.38    0.32    0.09    0.11    0.22    0.18    0.11    0.07    0.03      1.98      0.16
    1959    0.10    1.40    1.54    0.27    0.14    0.17    0.14    0.11    0.06    0.04    0.05    0.04      4.06      0.34
    1960    0.16    0.26   16.50   16.49    0.16    0.07    1.15    1.27    0.24    0.14    0.07    0.04     36.55      3.05
    1961    0.04    0.37    0.39    0.06    0.06    0.09    0.07    0.05    0.03    0.02    0.03    0.03      1.23      0.10
    1962    0.04    0.32    0.35    0.59    0.58    0.06    0.07    0.11    0.12    0.18    0.14    0.06      2.63      0.22
    1963    0.03    0.15    0.17    6.78    6.88    0.39    0.40    0.20    0.10    0.07    0.06    0.05     15.29      1.27
    1964   27.30   27.37    7.92    8.07    0.30    0.08    0.06    0.06    0.05    0.07    0.06    0.03     71.37      5.95
    1965    0.01    0.09    0.10    0.13    0.19    0.10    0.02    0.01    0.02    0.02    0.02    0.04      0.75      0.06
    1966    0.06    0.11    3.63   24.13   32.79   12.32    0.28    0.28    0.15    0.06    0.04    0.03     73.88      6.16
    1967    0.04    0.06    0.60    0.61    0.07    0.14    0.18    0.11    0.07    0.05    0.05    0.04      2.01      0.17
    1968    0.02    0.02    0.05    0.06    0.06    0.18    0.25    0.23    0.19    0.10    0.05    0.03      1.24      0.10
    1969    0.07    0.10    0.22    0.32    0.21    0.10    0.07    0.05    0.06    0.10    0.09    0.06      1.43      0.12
    1970    0.10    0.14    0.12    0.45    0.51    0.17    2.94    2.99    0.16    0.08    0.05    0.05      7.74      0.65
    1971    0.08    0.45    0.59    0.58    0.47    0.20    0.19    0.07    0.04    0.04    0.03    0.02      2.76      0.23
    1972    0.03    0.21    0.23    0.07    0.14    0.16    0.10    0.09    0.05    0.03    0.16    0.23      1.52      0.13
    1973    0.16    0.20    0.34   14.46   14.37    0.14    0.07    0.07    0.05    0.05    0.04    0.03     29.98      2.50
    1974    0.06    9.09   12.87    7.19   13.01    9.69    0.12    0.10    0.06    0.04    0.03    0.10     52.36      4.36
    1975    0.12    0.37    0.75    2.62    2.31    0.28    0.24    0.13    0.12    0.08    0.04    0.02      7.09      0.59
    1976    2.04    2.14    0.23    8.96    8.89    0.11    0.11    0.07    0.04    0.03    0.02    0.10     22.73      1.89
    1977    0.23    0.19    0.56    7.68    7.22    0.10    0.13    0.11    0.06    0.03    0.06    0.08     16.45      1.37
    1978    0.12    0.10    0.24    0.24    0.09    0.12    0.08    0.05    0.05    0.08    0.31    0.40      1.88      0.16
    1979    0.31    0.16    0.12    0.17    0.29    0.23    0.06    0.03    0.02    0.02    0.02    0.04      1.48      0.12
    1980    0.04    0.30    0.37    0.39    0.48    0.25    0.11    0.05    0.05    0.05    0.13    0.18      2.38      0.20
    1981    0.13    0.07    0.07    0.10    0.09    0.04    0.06    0.06    0.04    0.04    0.04    0.03      0.77      0.06
    1982   12.72   12.75    0.06    0.09    0.12    0.08    0.07    0.05    0.05    0.05    0.04    0.03     26.13      2.18
    1983    7.05   18.99   12.09    0.19    0.06    0.14    0.17    0.06    0.03    0.04    0.14    0.14     39.10      3.26
    1984    0.20    0.18    0.06    0.05    0.15    0.15    0.07    0.03    0.02    0.02    0.02    0.02      0.98      0.08
    1985    0.10    0.13    0.26    0.29    0.11    0.13    0.17    0.12    0.07    0.06    0.06    0.05      1.54      0.13
    1986    0.12    0.38    0.48    0.37    0.23    0.12    0.13    0.10    0.05    0.03    0.05    7.78      9.84      0.82
    1987    7.97    1.68    1.58    0.34    0.27    0.14    0.17    0.12    0.07    0.06    0.05    0.04     12.50      1.04
    1988    0.26    0.35    0.17    0.12    9.96   10.03    0.19    0.09    0.10    0.09    0.06    0.03     21.45      1.79
    1989    0.04    1.53    1.56    0.08    0.06    0.21    0.31    0.18    0.07    0.04    0.04    0.03      4.16      0.35
    1990    0.04    0.04    0.05    0.51    0.59    0.30    0.26    0.09    0.04    0.04    0.03    0.03      2.02      0.17
    1991    0.06    0.05    0.06    0.09    0.21    0.21    0.05    0.02    0.02    0.02    0.07    0.07      0.93      0.08
    1992    0.04    0.17    0.17    0.08    0.30    0.33    0.13    0.07    0.04    0.03    0.03    0.03      1.43      0.12
    1993   12.47   12.66    2.48    2.37    0.18    0.15    0.16    0.14    0.07    0.04    0.03    0.02     30.76      2.56
    1994    0.03    0.03    0.02    0.11    0.14    0.16    0.22    0.16    0.10    0.05    0.04    0.03      1.09      0.09
    1995    0.12   10.58   30.18   20.07   34.35   34.10    0.19    0.14    0.08    0.07    0.07    0.06    130.01     10.83
    1996   12.04   12.12    0.33    0.27    0.07   10.11   14.57   13.00    8.68    0.24    0.12    0.12     71.67      5.97
    1997    0.12    0.19    0.45    0.72    2.06    1.76    0.15    0.05    0.02    0.02    0.02    0.02      5.59      0.47
    1998    0.05    3.37    3.56    0.28    0.08    0.11    0.13    0.10    0.08    0.05    0.03    0.02      7.86      0.66
    1999    0.01    0.02    0.54    0.61    0.23    0.34    0.30    0.28    0.26    0.14    0.06    0.05      2.84      0.24
    2000    0.26    0.33    0.26    0.19    0.05    0.12    0.16    0.11    0.07    0.04    0.03    0.08      1.71      0.14
    2001    8.63    8.64    0.14    0.46    0.45    0.08    0.03    0.06    0.09    0.07    0.11    0.10     18.87      1.57
    2002    0.06    0.02    2.99    3.02    0.12    0.14    0.09    0.04    0.04    0.04    0.04    0.03      6.64      0.55
    2003    0.02    0.26    0.28    0.11    0.18    0.20    0.16    0.08    0.05    0.06    0.05    0.03      1.47      0.12
    2004    0.02    0.05    0.58   13.76   13.34    0.24    0.20    0.12    0.05    0.03    0.06    0.05     28.51      2.38
    2005    0.05    0.15    0.14   19.16   19.33    4.10    4.01    0.15    0.07    0.04    0.07    0.06     47.33      3.94
    2006    0.04    0.03    0.10    0.11    0.04    0.04    0.04    0.04    0.05    0.05    0.04    0.06      0.63      0.05
    2007    3.33    4.79    1.53    0.12    0.13    0.20    0.20    0.09    0.10    0.08    0.05    0.02     10.64      0.89
    2008    0.02    0.09    0.32   31.05   32.91    2.16    0.05    0.02    0.04    0.05    0.05    0.04     66.80      5.57
    2009    0.09    0.12    0.31   24.99   24.84    2.32    2.31    0.14    0.06    0.03    0.03    0.02     55.26      4.60
  
 AVERAGE    1.69    2.41    2.43    3.56    3.79    2.27    1.14    0.46    0.24    0.09    0.08    0.54     18.70      1.56
