    1920   12.28    0.00    0.00    0.00    0.00   12.83    0.00    0.00    0.00    0.00    0.00    0.00     25.11      2.09
    1921    0.00   20.83    2.51    0.00    0.00    0.00    0.00    0.00    0.00    0.00    0.00    0.00     23.34      1.94
    1922    0.00   12.17    0.00    0.82    0.00    0.00    0.00    0.00    0.00    0.00    0.00    0.00     12.99      1.08
    1923    0.00    0.00    0.00    0.00    0.00    5.66    0.00    0.00    0.00    0.00    0.00    0.00      5.66      0.47
    1924    0.00    0.00    0.00    0.00    0.00   31.46    0.00    0.00    0.00    0.00    0.00    0.00     31.46      2.62
    1925    0.00    0.00    0.00    0.00    0.00    0.00    0.00    0.00    0.00    0.00    0.00    0.00      0.00      0.00
    1926    0.00    0.00    0.00    0.00    3.38    0.00    0.00    0.00    0.00    0.00    0.00    0.00      3.38      0.28
    1927    0.00    0.00    0.00    0.00    0.00    0.00    0.00    0.00    0.00    0.00    0.00    0.00      0.00      0.00
    1928    0.00    0.00    0.00    0.00    0.00    0.00    0.00    0.00    0.00    0.00    0.00    0.00      0.00      0.00
    1929    0.00    0.00    0.00    0.00    0.00    0.00    0.00    0.00    0.00    0.00    0.00    0.00      0.00      0.00
    1930    0.00    0.00    0.00    0.00    0.00    0.00    0.00    0.00    0.00    0.00    0.00    0.00      0.00      0.00
    1931    0.00    0.00    0.00    0.00    0.00    0.00    0.00    0.00    0.00    0.00    0.00    0.00      0.00      0.00
    1932    0.00    0.00    0.00    0.00    0.00    0.00    0.00    0.00    0.00    0.00    0.00    0.00      0.00      0.00
    1933    0.00   25.34    0.00   17.23    0.00    0.00    0.00    0.00    0.00    0.00    0.00    0.00     42.57      3.55
    1934    0.00   27.40    0.00    0.00    0.00    9.93    0.00    0.00    0.00    0.00    0.00    0.00     37.34      3.11
    1935    0.00    0.00    0.00    0.00    0.00    0.00    0.00    9.55    0.00    0.00    0.00    0.00      9.55      0.80
    1936    0.00   31.81    0.00    4.76    0.00    0.00    0.00    0.00    0.00    0.00    0.00    0.00     36.57      3.05
    1937    0.00    0.00    4.27    0.00    0.00    0.00    3.47    0.00    0.00    0.00    0.00    0.00      7.74      0.64
    1938    7.18    0.00   11.69    2.80    3.84    0.00    0.00    0.00    0.00    0.00    0.00    0.00     25.51      2.13
    1939    0.00    0.00    0.00    0.00    0.00    0.00    0.00    0.00    0.00    0.00    0.00    0.00      0.00      0.00
    1940    0.00    0.00    0.00    0.00    0.00    0.00    0.00    0.00    0.00    0.00    0.00    0.00      0.00      0.00
    1941    0.00    0.00    0.00   21.17    0.00    0.00    0.00    0.00    0.00    0.00    0.00    0.00     21.17      1.76
    1942    0.00    0.00    0.00    0.00    0.00    0.00   20.09    0.00    0.00    0.00    0.00    0.00     20.09      1.67
    1943   13.15    0.00    0.00    0.00   48.40    0.00    0.00    0.00    0.00    0.00    0.00    0.00     61.55      5.13
    1944    2.72    0.00    0.00    0.00    1.93   27.12    0.00    0.00    0.00    0.00    0.00    0.00     31.76      2.65
    1945    0.00    0.00    0.00    0.00    0.00    0.00    0.00    0.00    0.00    0.00    0.00    0.00      0.00      0.00
    1946    0.00    0.00    0.00    0.00    2.19    0.00    0.00    0.00    0.00    0.00    0.00    0.00      2.19      0.18
    1947    0.00    0.00    0.00    0.00    0.00    2.21    0.00    0.00    0.00    0.00    0.00    0.00      2.21      0.18
    1948    0.00    0.00    0.00    0.00    0.00    0.00    0.00    0.00    0.00    0.00    0.00    0.00      0.00      0.00
    1949    0.00    0.00    7.00    0.00    0.00    0.00    0.00    0.80    0.00    0.00    0.00    0.00      7.80      0.65
    1950    0.00    0.00    0.00    0.00    0.00    0.00    0.00    0.00    0.00    0.00    0.00    0.00      0.00      0.00
    1951    1.36    0.00    0.00    0.00    0.00    0.00    0.00    0.00    0.00    0.00    0.00    0.00      1.36      0.11
    1952    0.00    0.00    0.00    0.00   23.96    0.00    0.00    0.00    0.00    0.00    0.00    0.00     23.96      2.00
    1953    0.00    0.00    0.00    0.00    0.00    0.00    0.00    0.00    0.00    0.00    0.00    0.00      0.00      0.00
    1954    0.00    0.00    0.00    0.00    3.66    0.00    0.00    0.00    0.00    0.00    0.00    0.00      3.66      0.30
    1955    0.00    0.00    0.00    0.00    0.00    0.00    0.00    0.00    0.00    0.00    0.00    0.00      0.00      0.00
    1956    0.00    0.00    5.41    0.00    0.00    0.00    0.00    0.00    0.00    2.49    0.00   36.07     43.97      3.66
    1957    0.00    0.00    0.00    0.00    0.00    0.00    0.00    0.00    0.00    0.00    0.00    0.00      0.00      0.00
    1958    0.00    0.00    0.00    5.61    0.00    0.00    0.00    0.00    0.00    0.00    0.00    0.00      5.61      0.47
    1959    0.00    0.00    0.00    0.00    0.00    0.00    0.00    0.00    0.00    0.00    0.00    0.00      0.00      0.00
    1960    0.00    0.00   18.40    0.00    0.00    0.00    9.66    0.00    0.00    0.00    0.00    0.00     28.06      2.34
    1961    0.00    0.00    0.00    0.00    0.00    0.00    0.00    0.00    0.00    0.00    0.00    0.00      0.00      0.00
    1962    0.00    0.00    0.00    6.64    0.00    0.00    0.00    0.00    0.00    0.00    0.00    0.00      6.64      0.55
    1963    0.00    0.00    0.00    8.88    0.00    0.00    0.00    0.00    0.00    0.00    0.00    0.00      8.88      0.74
    1964   36.20    0.00    2.88    0.00    0.00    0.00    0.00    0.00    0.00    0.00    0.00    0.00     39.08      3.26
    1965    0.00    0.00    0.00    0.00    0.00    0.00    0.00    0.00    0.00    0.00    0.00    0.00      0.00      0.00
    1966    0.00    0.00    0.00   36.25   25.40   10.74    0.00    0.00    0.00    0.00    0.00    0.00     72.39      6.03
    1967    0.00    0.00    0.32    0.00    0.00    0.00    0.00    0.00    0.00    0.00    0.00    0.00      0.32      0.03
    1968    0.00    0.00    0.00    0.00    0.00    0.00    0.00    0.00    0.00    0.00    0.00    0.00      0.00      0.00
    1969    0.00    0.00    0.00    0.00    0.00    0.00    0.00    0.00    0.00    0.00    0.00    0.00      0.00      0.00
    1970    0.00    0.00    0.00    0.00    0.00    0.00    8.84    0.00    0.00    0.00    0.00    0.00      8.84      0.74
    1971    0.00    0.00    0.00    5.41    0.00    0.00    0.00    0.00    0.00    0.00    0.00    0.00      5.41      0.45
    1972    0.00    0.00    0.00    0.00    0.59    0.00    0.00    0.00    0.00    0.00    0.00    0.00      0.59      0.05
    1973    0.00    0.00   14.14   17.27    0.00    0.00    0.00    0.00    0.00    0.00    0.00    0.00     31.41      2.62
    1974    0.00    4.38    7.87   15.03   16.33    0.00    0.00    0.00    0.00    0.00    0.00    0.00     43.62      3.63
    1975    0.00    0.00    0.00   10.14    0.00    0.00    0.00    0.00    0.00    0.00    0.00    0.00     10.14      0.85
    1976    0.00    0.00    0.00    4.97    0.00    0.00    0.00    0.00    0.00    0.00    0.00    0.00      4.97      0.41
    1977    0.00    0.00    8.22   13.10    0.00    0.00    0.00    0.00    0.00    0.00    0.00    0.00     21.32      1.78
    1978    0.00    0.00    0.00    0.00    0.00    0.00    0.00    0.00    0.00    0.00    4.94    0.00      4.94      0.41
    1979    0.00    0.00    0.00    0.00    3.50    0.00    0.00    0.00    0.00    0.00    0.00    0.00      3.50      0.29
    1980    0.00    0.00    0.00    9.33    0.00    0.00    0.00    0.00    0.00    0.00    0.00    0.00      9.33      0.78
    1981    0.00    0.00    0.00    0.00    0.00    0.00    0.00    0.00    0.00    0.00    0.00    0.00      0.00      0.00
    1982   18.96    0.00    0.00    0.00    0.00    0.00    0.00    0.00    0.00    0.00    0.00    0.00     18.96      1.58
    1983    6.76   22.51    0.00    0.00    0.00    0.00    0.00    0.00    0.00    0.00    0.00    0.00     29.26      2.44
    1984    0.00    0.00    0.00    0.00    0.00    0.00    0.00    0.00    0.00    0.00    0.00    0.00      0.00      0.00
    1985    0.00    0.00    0.00    0.00    0.00    0.00    0.00    0.00    0.00    0.00    0.00    0.00      0.00      0.00
    1986    0.00    0.00    1.08    0.00    0.00    0.00    0.00    0.00    0.00    0.00    0.00   16.75     17.82      1.49
    1987    0.00    0.00    0.00    0.00    0.00    0.00    0.00    0.00    0.00    0.00    0.00    0.00      0.00      0.00
    1988   13.35    0.00    0.00    0.00   21.45    0.00    0.00    0.00    0.00    0.00    0.00    0.00     34.80      2.90
    1989    0.00    0.00    0.00    0.00    0.00    6.99    0.00    0.00    0.00    0.00    0.00    0.00      6.99      0.58
    1990    0.00    0.00    0.00    6.29    0.00    0.00    0.00    0.00    0.00    0.00    0.00    0.00      6.29      0.52
    1991    0.00    0.00    0.00    0.00    0.00    0.00    0.00    0.00    0.00    0.00    0.00    0.00      0.00      0.00
    1992    0.00    0.00    0.00    0.00    0.00    0.00    0.00    0.00    0.00    0.00    0.00    0.00      0.00      0.00
    1993   12.02    0.00   15.01    0.00    7.13    0.00    0.00    0.00    0.00    0.00    0.00    0.00     34.15      2.85
    1994    0.00    0.00    0.00    0.00    0.00    0.00    0.00    0.00    0.00    0.00    0.00    0.00      0.00      0.00
    1995    0.00    3.25   47.82    8.24   42.60    0.00    0.00    0.00    0.00    0.00    0.00    0.00    101.91      8.49
    1996    1.71    0.00    0.00    0.00    0.00   38.70    2.92   15.07    0.00    0.00    0.00    0.00     58.40      4.87
    1997    0.00    0.00    0.00    0.00    0.00    0.00    0.00    0.00    0.00    0.00    0.00    0.00      0.00      0.00
    1998    0.00   15.60    0.00    0.00    0.00    0.00    0.00    0.00    0.00    0.00    0.00    0.00     15.60      1.30
    1999    0.00    0.00    0.00    0.00    8.48   23.37    0.00    0.00    0.00    0.00    0.00    0.00     31.84      2.65
    2000    0.00    0.00    0.00    0.00    0.00    0.00    0.00    0.00    0.00    0.00    0.00    0.00      0.00      0.00
    2001    3.29    0.00    0.00    0.00    0.00    0.00    0.00    0.00    0.00    0.00    0.00    0.00      3.29      0.27
    2002    0.00    0.00    0.00    0.00    0.00    0.00    0.00    0.00    0.00    0.00    0.00    0.00      0.00      0.00
    2003    0.00    0.00    0.00    0.00    0.00    0.00    0.00    0.00    0.00    0.00    0.00    0.00      0.00      0.00
    2004    0.00    0.00    0.00   15.80    0.00    0.00   36.16    0.00    0.00    0.00    0.00    0.00     51.96      4.33
    2005    0.00    0.00    0.00   25.24    0.00    0.00    0.00    0.00    0.00    0.00    0.00    0.00     25.24      2.10
    2006    0.00    0.00    0.00    0.00    0.00    0.00    0.00    0.00    0.00    0.00    0.00    0.00      0.00      0.00
    2007   28.51    0.00    0.00    0.00    0.00    0.00    0.00    0.00    0.00    0.00    0.00    0.00     28.51      2.38
    2008    0.00    0.00    0.00   27.43    5.72    0.00    0.00    0.00    0.00    0.00    0.00    0.00     33.15      2.76
    2009    0.00    0.00    0.00   40.54    0.00    0.00    0.00    0.00    0.00    0.00    0.00    0.00     40.54      3.38
  
 AVERAGE    1.75    1.81    1.63    3.37    2.43    1.88    0.90    0.28    0.00    0.03    0.05    0.59     14.72      1.23
