    1920   22.87    5.66    0.20    0.19    0.17   15.08    5.11    0.28    0.26    0.24    0.21    0.19     50.46      4.20
    1921    0.17   27.74   12.92    1.34    0.31    0.27    0.25    0.22    0.20    0.18    0.17    0.14     43.92      3.66
    1922    0.13   15.29    5.13    4.54    1.58    0.23    0.21    0.19    0.18    0.16    0.14    0.12     27.91      2.33
    1923    0.11    0.09    0.08    2.04    0.73    9.32    3.17    0.16    0.14    0.13    0.12    0.11     16.19      1.35
    1924    0.09    0.08    0.08    0.07    0.06   39.21   12.75    0.28    0.26    0.24    0.22    0.20     53.56      4.46
    1925    0.18    0.16    0.14    0.12    0.11    0.10    0.09    0.08    0.07    0.07    0.06    0.05      1.24      0.10
    1926    0.05    0.04    0.04    0.04    6.52    2.22    0.10    0.10    0.09    0.09    0.08    0.07      9.43      0.79
    1927    0.07    0.06    0.05    0.05    0.04    0.04    0.04    0.04    0.04    0.03    0.03    0.03      0.53      0.04
    1928    0.03    0.03    0.02    0.02    0.02    0.03    0.03    0.03    0.04    0.04    0.04    2.20      2.52      0.21
    1929    0.79    0.08    0.08    0.09    0.09    0.08    0.08    0.08    0.07    0.07    0.06    0.05      1.63      0.14
    1930    0.05    0.04    0.04    1.09    0.39    0.04    0.04    0.04    0.04    0.04    0.04    0.04      1.88      0.16
    1931    0.04    0.03    0.03    0.03    0.02    0.02    0.02    0.02    0.02    0.02    0.02    0.02      0.29      0.02
    1932    0.02    0.01    0.01    0.01    0.01    0.01    0.01    0.01    0.01    0.01    0.01    0.01      0.13      0.01
    1933    0.01   34.40   11.18   20.01    6.72    0.33    0.31    0.91    0.30    0.27    0.26    0.24     74.93      6.24
    1934    0.22   33.29   10.95    0.37    0.34   15.12    5.24    0.39    0.36    0.33    0.30    0.26     67.19      5.60
    1935    0.23    0.20    0.18    0.15    0.14    0.13    0.11   13.49    4.55    0.22    0.20    0.18     19.79      1.65
    1936    0.17   39.84   12.99    9.38    3.30    0.36    0.33    0.30    0.27    0.24    0.22    0.19     67.59      5.63
    1937    0.17    0.14   10.18    3.48    0.20    0.17    9.81    3.39    0.23    0.21    0.19    0.17     28.36      2.36
    1938   12.92    4.39   17.46   10.01    6.72    1.83    0.36    0.34    0.31    0.30    0.28    0.25     55.16      4.60
    1939    0.23    2.70    0.92    0.20    0.18    0.16    0.15    0.13    0.12    0.11    0.10    0.09      5.10      0.42
    1940    0.08    0.07    0.47    0.16    0.07    0.06    0.06    0.06    0.06    0.05    0.05    0.05      1.23      0.10
    1941    0.04    0.04    0.03   28.11    9.18    0.21    0.19    0.17    0.16    0.14    0.13    0.12     38.52      3.21
    1942    0.11    0.09    1.83    0.65    0.09    0.08   26.37    8.66    0.26    4.23    1.47    0.25     44.08      3.67
    1943   18.67    6.32    0.36    0.33   55.33   18.03    0.50    0.46    0.43    0.40    0.36    0.33    101.52      8.46
    1944    6.83    2.39    0.30    0.26    7.07   32.00    9.80    0.42    0.39    0.35    0.32    0.28     60.43      5.04
    1945    0.25    0.21    0.18    0.16    0.15    0.13    0.12    0.11    0.10    0.09    0.08    0.07      1.65      0.14
    1946    0.06    0.06    0.05    0.05    4.84    1.67    0.10    0.10    0.10    0.10    0.09    0.09      7.32      0.61
    1947    0.08    0.07    0.06    0.06    0.05    6.65    2.27    0.12    0.11    0.10    0.09    0.08      9.74      0.81
    1948    0.07    0.07    0.06    0.05    0.04    0.04    0.04    0.03    0.03    0.03    0.03    0.02      0.50      0.04
    1949    0.02    1.99    8.51    2.66    0.13    0.12    0.12    3.83    1.36    0.16    0.15    0.14     19.18      1.60
    1950    0.13    0.11    0.10    0.09    0.08    0.07    0.07    0.07    0.07    0.06    0.06    0.06      0.98      0.08
    1951    6.65    2.28    0.12    0.11    0.09    0.08    0.08    0.07    0.06    0.06    0.05    0.05      9.69      0.81
    1952    0.04    2.43    0.86    0.06   31.75   10.36    0.26    0.23    0.22    0.20    0.18    0.16     46.75      3.90
    1953    0.14    0.13    0.11    3.52    1.26    0.12    0.11    0.10    0.09    0.08    0.08    0.07      5.80      0.48
    1954    0.06    0.05    0.05    2.40    5.39    1.61    0.13    0.12    0.12    0.11    0.11    0.10     10.24      0.85
    1955    0.09    0.08    0.08    0.07    0.06    0.06    0.05    0.06    0.06    0.05    0.05    0.05      0.76      0.06
    1956    0.05    0.04    9.29    3.63    0.18    0.13    0.12    0.11    0.10    8.09    2.79   40.39     64.91      5.41
    1957   13.20    0.39    0.36    1.20    0.40    0.31    0.29    0.27    0.24    0.22    0.20    0.18     17.26      1.44
    1958    0.16    0.14    2.30    7.46    2.36    0.18    0.17    0.16    0.15    0.14    0.13    0.12     13.47      1.12
    1959    0.11    0.10    0.09    0.08    0.08    0.07    0.07    0.07    0.07    0.07    0.06    0.06      0.93      0.08
    1960    0.05    0.05   23.81    7.82    0.21    0.19   15.46    5.23    0.28    0.26    0.24    0.21     53.82      4.48
    1961    0.19    1.20    0.40    0.14    0.13    0.12    0.11    0.10    0.09    0.08    0.07    0.07      2.70      0.22
    1962    0.06    3.38    1.18   10.62    3.59    0.17    0.16    0.15    0.14    0.13    0.12    0.11     19.81      1.65
    1963    0.10    0.09    0.08   13.94    4.67    2.45    0.83    0.19    0.17    0.16    0.15    0.14     22.98      1.92
    1964   44.84   14.58    6.70    2.33    0.33    0.30    0.27    0.25    0.23    0.21    0.19    0.16     70.39      5.87
    1965    0.14    0.12    0.11    0.09    0.08    0.07    0.06    0.06    0.05    0.04    0.04    0.04      0.91      0.08
    1966    0.03    0.03    0.02   41.77   41.89   21.14    5.05    0.40    0.40    0.38    0.35    0.32    111.79      9.32
    1967    0.29    0.26    4.52    1.58    0.23    0.20    0.18    0.17    0.15    0.14    0.13    0.11      7.96      0.66
    1968    0.10    0.09    0.07    0.06    0.06    0.05    0.05    1.22    0.44    0.06    0.05    0.05      2.29      0.19
    1969    0.05    0.05    0.05    0.04    0.04    0.04    0.04    0.04    0.04    0.04    0.03    0.03      0.48      0.04
    1970    0.03    0.03    0.03    0.03    0.65    0.23   12.20    4.09    0.17    0.16    0.15    0.14     17.90      1.49
    1971    0.12    2.79    0.99    7.22    2.51    0.18    0.17    0.16    0.15    0.14    0.12    0.11     14.66      1.22
    1972    0.09    0.08    0.07    0.06    4.72    1.63    0.10    0.09    0.08    0.08    0.07    0.07      7.15      0.60
    1973    0.06    3.56   16.39   24.29    6.42    0.33    0.30    0.28    0.26    0.24    0.21    0.19     52.53      4.38
    1974    0.17    8.06   11.96   19.92   23.71    6.23    0.47    0.44    0.41    0.38    0.34    0.31     72.39      6.03
    1975    0.28    2.76    0.92   12.11    4.19    0.31    0.28    0.27    0.25    0.24    0.22    0.19     22.02      1.84
    1976    2.62    0.90    0.18    7.60    2.66    0.21    0.19    0.18    0.16    0.15    0.13    0.12     15.11      1.26
    1977    0.11    0.09   12.84   19.04    4.97    0.29    0.27    0.25    0.23    0.21    0.19    0.17     38.66      3.22
    1978    0.40    0.13    0.13    0.11    0.10    0.09    0.08    0.07    0.07    0.06   10.05    3.40     14.70      1.22
    1979    0.16    0.15    0.14    0.13    5.65    2.01    0.18    0.17    0.15    0.14    0.12    0.11      9.10      0.76
    1980    0.10    0.09    0.08   13.33    4.47    0.18    0.16    0.15    0.14    0.13    0.12    0.11     19.04      1.59
    1981    0.09    0.08    0.08    0.07    0.06    0.06    0.06    0.05    0.05    0.04    0.04    0.04      0.72      0.06
    1982   27.31    8.92    0.20    0.18    0.15    0.14    0.12    0.11    0.10    0.09    0.08    0.07     37.45      3.12
    1983   12.84   28.98    8.11    0.30    0.27    0.25    0.23    0.21    0.19    0.17    0.16    0.14     51.83      4.32
    1984    0.13    0.11    0.10    0.09    0.09    0.08    0.08    0.07    0.06    0.06    0.05    0.05      0.97      0.08
    1985    0.04    0.04    0.03    0.03    0.03    0.03    0.03    0.03    0.03    0.03    0.03    0.03      0.37      0.03
    1986    1.03    0.37    3.07    1.08    0.08    0.08    0.08    0.08    0.08    0.08    0.07   24.22     30.32      2.53
    1987    7.96    1.68    0.56    0.22    0.20    2.66    0.91    0.21    0.20    0.18    0.17    0.15     15.10      1.26
    1988   18.75    6.26    0.26    1.78   24.34    7.94    0.38    0.35    0.33    0.30    0.28    0.25     61.21      5.10
    1989    0.22    0.20    0.17    0.15    0.13   10.94    3.73    0.21    0.19    0.17    0.16    0.14     16.41      1.37
    1990    0.12    0.11    0.09   11.44    3.86    0.18    0.16    0.14    0.13    0.12    0.11    0.10     16.56      1.38
    1991    0.09    0.07    0.06    0.06    0.05    0.04    0.04    0.03    0.03    0.03    0.03    0.02      0.56      0.05
    1992    0.02    4.47    1.53    0.07    0.06    0.06    0.05    0.05    0.04    0.04    0.04    0.03      6.46      0.54
    1993   18.56    6.13   17.84    6.00    9.36    3.30    0.34    0.32    0.29    0.27    0.24    0.22     62.86      5.24
    1994    0.19    0.17    0.15    0.13    0.11    0.10    0.09    0.08    0.07    0.07    0.06    0.05      1.28      0.11
    1995    0.05    5.76   54.60   26.79   50.02   15.31    1.07    0.50    0.50    0.47    0.43    0.39    155.88     12.99
    1996    7.25    2.52    0.36    0.32    0.30   44.34   18.19   17.42    5.67    0.56    0.52    0.49     97.95      8.16
    1997    0.46    0.42    0.38    0.35    0.32    0.29    0.26    0.24    0.21    0.19    0.17    0.15      3.45      0.29
    1998    0.14   20.54    6.82    0.25    0.22    0.20    0.18    0.16    0.15    0.13    0.12    0.10     29.00      2.42
    1999    0.09    0.08    0.52    0.77    9.69   28.80    8.42    2.14    0.71    0.32    0.30    0.28     52.11      4.34
    2000    0.26    0.24    0.22    0.19    0.17    0.16    0.14    0.13    0.12    0.11    0.10    0.09      1.94      0.16
    2001    7.05    2.43    0.15    0.14    0.13    0.12    0.11    0.11    0.10    0.10    0.09    0.08     10.63      0.89
    2002    0.07    0.06    0.06    0.05    0.05    0.04    0.04    0.03    0.03    0.03    0.03    0.02      0.51      0.04
    2003    0.02    0.02    0.02    0.01    0.01    0.01    0.02    0.02    0.02    0.02    0.02    0.02      0.20      0.02
    2004    0.02    0.02    0.01   20.50    6.74    0.17   44.11   14.36    0.36    0.33    0.30    0.27     87.19      7.27
    2005    0.24    0.49    0.18   32.96   10.82    0.35    0.33    0.30    0.28    0.26    0.24    0.21     46.67      3.89
    2006    0.19    0.17    0.15    0.13    0.11    0.10    0.09    0.08    0.07    0.06    0.05    0.05      1.23      0.10
    2007   35.16   11.44    0.23    0.21    0.19    0.88    0.29    0.16    0.14    0.13    0.12    0.10     49.05      4.09
    2008    0.09    1.47    0.51   33.96   18.05    2.43    0.30    0.27    0.25    0.23    0.21    0.19     57.97      4.83
    2009    0.17    0.15    0.13   47.86   15.54    0.33    0.30    0.28    0.25    0.23    0.21    0.18     65.65      5.47
  
 AVERAGE    3.04    3.59    3.17    5.25    4.54    3.47    2.18    0.98    0.29    0.29    0.30    0.91     28.01      2.33
