    1920   29.05    7.20    0.27    0.25    0.23   18.50    6.29    0.36    0.34    0.31    0.28    0.25     63.34      5.28
    1921    0.23   35.47   15.50    1.35    0.40    0.36    0.33    0.30    0.27    0.24    0.22    0.19     54.86      4.57
    1922    0.17   18.93    6.37    5.14    1.78    0.30    0.28    0.25    0.23    0.21    0.19    0.16     34.02      2.83
    1923    0.14    0.13    0.11    1.99    0.70   11.25    3.84    0.20    0.18    0.17    0.15    0.14     19.00      1.58
    1924    0.12    0.11    0.10    0.09    0.08   50.60   16.46    0.38    0.35    0.33    0.30    0.28     69.19      5.77
    1925    0.25    0.22    0.19    0.17    0.15    0.14    0.12    0.11    0.10    0.09    0.08    0.08      1.70      0.14
    1926    0.07    0.06    0.05    0.05    7.59    2.60    0.13    0.13    0.12    0.11    0.11    0.10     11.11      0.93
    1927    0.09    0.08    0.07    0.06    0.06    0.06    0.05    0.05    0.05    0.05    0.04    0.04      0.69      0.06
    1928    0.04    0.03    0.03    0.03    0.03    0.03    0.04    0.04    0.05    0.06    0.06    2.24      2.68      0.22
    1929    0.80    0.10    0.11    0.11    0.11    0.11    0.10    0.10    0.09    0.08    0.08    0.07      1.86      0.15
    1930    0.06    0.05    0.05    0.73    0.25    0.04    0.05    0.05    0.05    0.05    0.05    0.05      1.47      0.12
    1931    0.05    0.04    0.04    0.03    0.03    0.03    0.03    0.03    0.03    0.02    0.02    0.02      0.36      0.03
    1932    0.02    0.02    0.02    0.01    0.01    0.01    0.01    0.01    0.01    0.01    0.01    0.01      0.17      0.01
    1933    0.01   44.37   14.43   25.07    8.44    0.44    0.41    0.67    0.36    0.36    0.34    0.32     95.22      7.93
    1934    0.30   42.72   14.07    0.50    0.45   18.84    6.57    0.52    0.48    0.44    0.39    0.35     85.63      7.14
    1935    0.31    0.27    0.24    0.21    0.19    0.17    0.16   17.29    5.85    0.30    0.28    0.25     25.53      2.13
    1936    0.23   51.49   16.81   11.47    4.02    0.48    0.44    0.40    0.36    0.33    0.30    0.26     86.59      7.22
    1937    0.23    0.20   12.32    4.24    0.26    0.23   12.29    4.26    0.31    0.28    0.25    0.23     35.11      2.93
    1938   16.29    5.55   21.78   11.88    7.61    2.07    0.47    0.44    0.41    0.39    0.36    0.32     67.57      5.63
    1939    0.30    2.76    0.92    0.25    0.23    0.21    0.19    0.17    0.16    0.15    0.13    0.12      5.58      0.47
    1940    0.11    0.10    0.09    0.08    0.08    0.08    0.08    0.07    0.07    0.07    0.06    0.06      0.96      0.08
    1941    0.05    0.05    0.04   35.88   11.73    0.28    0.25    0.23    0.21    0.20    0.18    0.16     49.25      4.10
    1942    0.14    0.13    1.43    0.49    0.11    0.10   33.86   11.13    0.34    5.08    1.75    0.34     54.89      4.57
    1943   23.82    8.09    0.48    0.44   71.73   23.39    0.66    0.61    0.57    0.53    0.48    0.43    131.24     10.94
    1944    8.22    2.87    0.40    0.35    8.47   40.62   12.53    0.56    0.52    0.47    0.43    0.38     75.83      6.32
    1945    0.34    0.29    0.25    0.23    0.20    0.18    0.16    0.15    0.14    0.13    0.12    0.10      2.30      0.19
    1946    0.09    0.08    0.07    0.07    5.39    1.88    0.14    0.14    0.13    0.13    0.13    0.12      8.37      0.70
    1947    0.11    0.09    0.08    0.08    0.07    7.85    2.69    0.15    0.14    0.13    0.12    0.11     11.60      0.97
    1948    0.09    0.08    0.07    0.07    0.06    0.05    0.05    0.04    0.04    0.04    0.03    0.03      0.66      0.06
    1949    0.03    1.75    9.62    3.08    0.15    0.15    0.15    4.55    1.62    0.20    0.19    0.18     21.65      1.80
    1950    0.16    0.15    0.13    0.11    0.10    0.09    0.09    0.09    0.09    0.09    0.09    0.08      1.27      0.11
    1951    8.10    2.78    0.15    0.13    0.12    0.11    0.10    0.09    0.08    0.07    0.07    0.06     11.87      0.99
    1952    0.06    2.46    0.88    0.08   40.80   13.33    0.33    0.31    0.29    0.26    0.24    0.21     59.24      4.94
    1953    0.19    0.17    0.15    3.84    1.37    0.15    0.14    0.13    0.12    0.11    0.10    0.09      6.56      0.55
    1954    0.08    0.07    0.06    2.35    5.88    1.80    0.15    0.15    0.15    0.14    0.14    0.12     11.11      0.93
    1955    0.11    0.10    0.09    0.08    0.08    0.07    0.07    0.07    0.07    0.07    0.07    0.06      0.96      0.08
    1956    0.06    0.05   10.98    3.72    0.16    0.15    0.14    0.14    0.13   10.12    3.49   52.23     81.38      6.78
    1957   17.07    0.51    0.48    0.70    0.42    0.41    0.38    0.35    0.32    0.29    0.26    0.24     21.44      1.79
    1958    0.21    0.19    2.00    8.50    2.78    0.23    0.22    0.20    0.19    0.18    0.16    0.15     15.02      1.25
    1959    0.14    0.13    0.12    0.11    0.10    0.10    0.10    0.10    0.09    0.09    0.08    0.07      1.21      0.10
    1960    0.07    0.06   28.59    9.41    0.27    0.24   19.65    6.66    0.37    0.34    0.31    0.28     66.25      5.52
    1961    0.25    0.86    0.29    0.19    0.17    0.15    0.14    0.13    0.12    0.11    0.10    0.09      2.58      0.21
    1962    0.08    3.63    1.28   13.01    4.41    0.22    0.20    0.19    0.18    0.17    0.16    0.15     23.68      1.97
    1963    0.13    0.12    0.11   17.38    5.83    2.35    0.78    0.24    0.22    0.21    0.19    0.17     27.74      2.31
    1964   58.34   18.97    7.70    2.67    0.43    0.39    0.36    0.33    0.30    0.27    0.24    0.22     90.23      7.52
    1965    0.19    0.17    0.14    0.13    0.11    0.10    0.09    0.08    0.07    0.06    0.06    0.05      1.24      0.10
    1966    0.04    0.04    0.04   53.74   53.54   26.27    5.57    0.56    0.54    0.51    0.48    0.43    141.75     11.81
    1967    0.39    0.35    4.91    1.69    0.29    0.27    0.24    0.22    0.20    0.18    0.17    0.15      9.08      0.76
    1968    0.13    0.12    0.10    0.09    0.08    0.07    0.06    1.20    0.42    0.07    0.07    0.07      2.48      0.21
    1969    0.07    0.07    0.06    0.06    0.05    0.05    0.05    0.05    0.05    0.05    0.04    0.04      0.63      0.05
    1970    0.04    0.04    0.04    0.04    0.04    0.05   15.30    5.14    0.22    0.21    0.19    0.18     21.48      1.79
    1971    0.16    2.90    1.02    8.42    2.94    0.23    0.21    0.20    0.19    0.17    0.15    0.14     16.72      1.39
    1972    0.12    0.11    0.09    0.08    5.35    1.86    0.12    0.11    0.10    0.10    0.09    0.08      8.22      0.68
    1973    0.08    3.90   19.85   30.32    8.08    0.42    0.40    0.37    0.34    0.31    0.28    0.24     64.57      5.38
    1974    0.22    9.64   14.08   24.63   29.66    7.83    0.61    0.58    0.54    0.50    0.45    0.41     89.16      7.43
    1975    0.36    2.84    0.95   14.74    5.13    0.40    0.37    0.35    0.33    0.31    0.28    0.26     26.34      2.19
    1976    2.85    0.96    0.22    8.96    3.16    0.27    0.25    0.23    0.21    0.19    0.17    0.15     17.64      1.47
    1977    0.14    0.12   15.64   23.51    6.19    0.37    0.35    0.32    0.30    0.28    0.25    0.23     47.70      3.98
    1978    0.21    0.18    0.16    0.15    0.13    0.12    0.11    0.10    0.09    0.08   12.68    4.29     18.29      1.52
    1979    0.21    0.20    0.18    0.18    6.39    2.28    0.23    0.21    0.20    0.18    0.16    0.14     10.56      0.88
    1980    0.12    0.11    0.10   16.49    5.54    0.23    0.22    0.20    0.18    0.17    0.15    0.14     23.66      1.97
    1981    0.12    0.11    0.10    0.09    0.09    0.08    0.07    0.07    0.06    0.06    0.05    0.05      0.96      0.08
    1982   35.23   11.52    0.27    0.24    0.21    0.18    0.16    0.15    0.13    0.12    0.11    0.09     48.42      4.03
    1983   16.21   36.74   10.31    0.40    0.36    0.34    0.31    0.28    0.26    0.23    0.21    0.19     65.85      5.49
    1984    0.17    0.16    0.14    0.13    0.12    0.11    0.10    0.10    0.09    0.08    0.07    0.06      1.34      0.11
    1985    0.06    0.05    0.04    0.04    0.04    0.04    0.04    0.04    0.04    0.04    0.04    0.04      0.51      0.04
    1986    0.80    0.28    2.90    1.03    0.10    0.10    0.10    0.10    0.10    0.09    0.08   31.13     36.81      3.07
    1987   10.24    1.26    0.42    0.28    0.26    2.59    0.86    0.27    0.25    0.23    0.21    0.19     17.05      1.42
    1988   23.82    7.96    0.34    1.54   30.63   10.08    0.49    0.46    0.43    0.39    0.36    0.32     76.84      6.40
    1989    0.29    0.26    0.23    0.20    0.18   13.31    4.56    0.27    0.25    0.23    0.21    0.19     20.17      1.68
    1990    0.17    0.14    0.13   14.12    4.78    0.23    0.21    0.19    0.17    0.16    0.14    0.13     20.57      1.71
    1991    0.11    0.10    0.09    0.08    0.07    0.06    0.05    0.05    0.04    0.04    0.04    0.03      0.76      0.06
    1992    0.03    5.09    1.74    0.08    0.08    0.07    0.07    0.06    0.06    0.05    0.05    0.04      7.42      0.62
    1993   23.71    7.83   21.96    7.41   11.21    3.95    0.45    0.42    0.39    0.35    0.32    0.28     78.28      6.52
    1994    0.25    0.22    0.20    0.17    0.15    0.14    0.12    0.11    0.10    0.09    0.08    0.08      1.72      0.14
    1995    0.07    6.56   70.04   33.68   64.40   19.82    0.69    0.69    0.67    0.63    0.58    0.52    198.35     16.53
    1996    8.91    3.08    0.48    0.43    0.39   57.09   22.76   22.22    7.30    0.75    0.71    0.67    124.78     10.40
    1997    0.62    0.57    0.52    0.47    0.43    0.39    0.35    0.32    0.29    0.26    0.24    0.21      4.66      0.39
    1998    0.19   25.95    8.63    0.33    0.30    0.27    0.25    0.22    0.20    0.18    0.16    0.14     36.82      3.07
    1999    0.12    0.11    0.10    0.09   12.04   36.54   10.70    2.29    0.76    0.43    0.40    0.37     63.95      5.33
    2000    0.35    0.32    0.28    0.25    0.23    0.21    0.19    0.18    0.16    0.15    0.14    0.13      2.58      0.21
    2001    8.47    2.94    0.20    0.18    0.17    0.16    0.15    0.15    0.14    0.13    0.12    0.10     12.90      1.08
    2002    0.09    0.08    0.08    0.07    0.06    0.05    0.05    0.04    0.04    0.04    0.04    0.03      0.67      0.06
    2003    0.03    0.03    0.02    0.02    0.02    0.02    0.02    0.02    0.02    0.03    0.03    0.03      0.28      0.02
    2004    0.02    0.02    0.02   25.83    8.51    0.22   57.43   18.71    0.48    0.44    0.40    0.36    112.44      9.37
    2005    0.33    0.30    0.26   42.43   13.94    0.47    0.44    0.41    0.38    0.35    0.32    0.29     59.91      4.99
    2006    0.26    0.23    0.20    0.17    0.15    0.13    0.12    0.11    0.09    0.08    0.07    0.07      1.69      0.14
    2007   45.42   14.79    0.32    0.28    0.26    0.24    0.22    0.20    0.19    0.17    0.15    0.14     62.38      5.20
    2008    0.12    1.23    0.41   43.59   22.36    2.85    0.39    0.36    0.33    0.31    0.28    0.25     72.47      6.04
    2009    0.22    0.20    0.17   61.90   20.11    0.44    0.41    0.37    0.34    0.32    0.28    0.25     85.02      7.09
  
 AVERAGE    3.87    4.48    3.86    6.50    5.69    4.35    2.75    1.24    0.38    0.37    0.38    1.17     35.04      2.92
