    1920    0.00    0.00    0.00    0.00    0.61    1.47    0.44    0.02    0.02    0.02    0.01    0.01      2.60      0.22
    1921    0.01    0.02    0.01    0.01    0.00    0.00    0.00    0.00    0.00    0.00    0.00    0.00      0.06      0.00
    1922    0.00    0.04    0.02    1.08    0.82    0.17    0.01    0.01    0.01    0.01    0.01    0.01      2.18      0.18
    1923    0.00    0.01    0.00    0.08    0.03    0.69    0.24    0.01    0.01    0.01    0.01    0.01      1.09      0.09
    1924    0.01    0.06    1.66    0.58    0.02    5.23    2.44    0.25    0.07    0.07    0.06    0.05     10.50      0.88
    1925    0.04    0.03    0.02    0.01    0.01    0.72    0.25    0.01    0.01    0.01    0.01    0.01      1.13      0.09
    1926    0.04    0.03    0.91    0.44    0.05    0.65    0.22    0.01    0.01    0.01    0.01    0.01      2.37      0.20
    1927    0.00    0.00    0.02    0.52    0.19    0.49    0.24    0.02    0.01    0.01    0.01    0.01      1.51      0.13
    1928    0.01    0.00    0.00    0.16    0.06    2.14    0.73    0.02    0.02    0.02    0.02    0.17      3.35      0.28
    1929    0.06    0.32    0.26    0.15    0.05    0.01    0.01    0.01    0.00    0.00    0.00    0.00      0.87      0.07
    1930    0.00    0.00    0.01    1.06    0.54    0.59    0.58    0.14    0.02    0.02    0.02    0.01      2.99      0.25
    1931    0.06    1.33    0.45    0.01    0.28    0.23    0.05    0.01    0.01    0.01    0.01    0.00      2.45      0.20
    1932    0.00    0.02    0.40    0.13    0.00    0.00    0.00    0.00    0.00    0.00    0.00    0.00      0.58      0.05
    1933    0.00    0.31    0.19    2.07    0.93    0.11    0.07    0.10    0.02    0.02    0.02    0.01      3.85      0.32
    1934    0.03    2.31    0.79    0.02    0.04    0.36    0.23    0.04    0.02    0.01    0.01    0.01      3.88      0.32
    1935    0.01    0.01    0.33    0.25    0.38    1.24    0.39    0.02    0.02    0.02    0.01    0.01      2.67      0.22
    1936    0.01    0.46    0.16    1.40    0.57    0.04    0.02    0.01    0.01    0.01    0.01    0.01      2.68      0.22
    1937    0.00    0.00    0.12    0.18    0.42    0.13    0.01    0.01    0.00    0.00    0.00    0.00      0.87      0.07
    1938    0.07    0.02    0.03    0.33    0.32    0.20    0.05    0.01    0.01    0.01    0.00    0.00      1.06      0.09
    1939    0.72    0.32    0.02    0.09    0.03    0.65    0.23    0.01    0.01    0.01    0.01    0.01      2.11      0.18
    1940    0.00    0.00    0.10    0.17    0.56    0.18    0.01    0.01    0.01    0.00    0.00    0.00      1.05      0.09
    1941    0.00    0.00    0.00    0.02    0.04    0.26    0.09    0.00    0.00    0.00    0.02    0.01      0.45      0.04
    1942    1.84    0.63    1.40    0.65    0.06    0.25    1.53    0.56    0.04    0.04    0.06    0.03      7.08      0.59
    1943    0.03    0.35    0.73    0.27    0.39    0.17    0.02    0.01    0.01    0.01    0.01    0.01      2.02      0.17
    1944    0.02    0.01    0.00    0.32    0.11    1.18    0.41    0.02    0.01    0.01    0.01    0.01      2.12      0.18
    1945    0.01    0.00    0.00    2.81    0.95    0.22    0.07    0.02    0.02    0.01    0.01    0.01      4.15      0.35
    1946    0.01    0.01    0.00    0.00    0.00    0.02    0.05    0.02    0.00    0.00    0.00    0.00      0.12      0.01
    1947    0.00    0.03    1.83    0.73    0.13    2.36    0.80    0.04    0.03    0.03    0.02    0.02      6.02      0.50
    1948    0.01    0.06    0.02    0.00    0.00    0.02    0.01    0.00    0.00    0.00    0.00    0.00      0.13      0.01
    1949    0.00    0.00    0.11    0.08    0.14    0.56    0.35    0.15    0.03    0.01    0.02    0.01      1.47      0.12
    1950    0.01    0.01    2.86    0.98    0.03    0.12    0.07    0.02    0.02    0.01    0.01    0.01      4.16      0.35
    1951    0.01    0.00    0.00    0.01    0.08    0.03    0.00    0.00    0.00    0.00    0.00    0.00      0.14      0.01
    1952    0.03    0.02    0.03    0.01    0.13    0.04    0.06    0.02    0.00    0.00    0.00    0.00      0.34      0.03
    1953    0.00    0.00    0.08    0.14    0.18    0.20    0.05    0.00    0.00    0.00    0.00    0.00      0.67      0.06
    1954    0.00    0.00    0.02    2.66    6.01    1.74    0.07    0.06    0.06    0.05    0.04    0.03     10.75      0.90
    1955    0.02    0.10    1.69    0.57    0.97    3.95    1.25    0.06    0.05    0.04    0.04    0.03      8.77      0.73
    1956    0.02    0.24    0.11    0.20    0.07    0.02    0.01    0.01    0.01    0.00    0.00    0.14      0.84      0.07
    1957    0.06    0.00    0.18    1.50    0.50    0.02    0.01    0.01    0.01    0.01    0.01    0.01      2.33      0.19
    1958    0.00    0.00    0.76    0.45    0.07    0.01    0.01    0.01    0.00    0.00    0.00    0.00      1.31      0.11
    1959    0.00    0.00    0.07    0.03    1.18    0.59    0.26    0.07    0.02    0.01    0.01    0.01      2.24      0.19
    1960    0.01    0.02    0.07    0.03    0.01    0.05    0.47    0.16    0.01    0.01    0.01    0.01      0.84      0.07
    1961    0.01    1.43    0.49    0.01    0.06    0.40    0.20    0.02    0.01    0.01    0.01    0.01      2.65      0.22
    1962    0.01    0.23    0.15    1.23    0.41    0.11    0.22    0.06    0.01    0.01    0.01    0.01      2.48      0.21
    1963    0.01    0.89    0.30    0.01    0.01    0.12    0.04    0.00    0.00    0.00    0.00    0.00      1.39      0.12
    1964    0.09    0.03    0.10    0.32    0.10    0.00    0.00    0.00    0.00    0.00    0.00    0.00      0.65      0.05
    1965    0.00    0.07    0.02    0.22    0.27    0.07    0.00    0.00    0.00    0.00    0.00    0.00      0.66      0.05
    1966    0.00    0.00    0.02    5.68    2.43    0.37    0.26    0.09    0.05    0.04    0.04    0.03      8.99      0.75
    1967    0.02    0.02    0.01    0.01    0.01    0.40    0.15    0.04    0.01    0.01    0.01    0.01      0.67      0.06
    1968    0.00    0.00    0.12    0.04    0.20    0.08    0.01    0.14    0.05    0.01    0.01    0.01      0.67      0.06
    1969    0.03    0.01    0.00    0.00    0.01    0.00    0.00    0.00    0.00    0.00    0.00    0.00      0.06      0.01
    1970    0.00    0.00    0.01    0.12    0.25    0.08    0.00    0.01    0.00    0.00    0.00    0.00      0.50      0.04
    1971    0.03    0.01    0.19    0.76    1.04    3.08    0.97    0.05    0.04    0.04    0.03    0.02      6.26      0.52
    1972    0.02    0.01    0.01    0.00    2.50    0.85    0.03    0.02    0.02    0.02    0.01    0.08      3.56      0.30
    1973    0.03    0.01    0.10    4.81    1.76    3.35    1.48    0.12    0.08    0.07    0.06    0.05     11.90      0.99
    1974    0.04    1.11    0.39    0.63    2.11    1.03    0.13    0.04    0.03    0.03    0.02    0.02      5.59      0.47
    1975    0.01    0.03    2.15   35.94   12.27    0.49    0.17    0.15    0.14    0.12    0.10    0.08     51.65      4.30
    1976    0.26    0.09    0.36    0.53    0.28    0.77    0.26    0.02    0.02    0.02    0.01    0.08      2.70      0.22
    1977    0.03    0.01    0.00    0.01    0.21    0.94    0.82    0.19    0.02    0.02    0.02    0.01      2.28      0.19
    1978    0.01    0.01    0.01    0.14    0.07    0.01    0.00    0.00    0.00    0.00    0.02    0.01      0.28      0.02
    1979    0.00    0.06    0.02    0.01    1.52    0.52    0.02    0.01    0.01    0.01    0.01    0.01      2.19      0.18
    1980    0.00    1.82    0.62    2.73    1.19    0.19    0.03    0.03    0.02    0.02    0.02    0.01      6.69      0.56
    1981    0.01    0.05    0.20    0.07    0.00    0.01    0.53    0.18    0.01    0.01    0.01    0.01      1.07      0.09
    1982    0.06    0.06    0.05    0.03    0.01    0.00    0.00    0.00    0.00    0.00    0.00    0.00      0.22      0.02
    1983    0.00    0.07    0.03    0.00    0.00    0.04    0.01    0.00    0.00    0.00    0.00    0.00      0.16      0.01
    1984    0.51    0.20    0.01    0.00    0.34    0.15    0.01    0.00    0.00    0.00    0.00    0.00      1.25      0.10
    1985    0.08    0.03    0.27    0.45    0.18    0.03    0.01    0.00    0.00    0.00    0.00    0.00      1.05      0.09
    1986    0.01    0.50    0.17    0.03    0.13    0.07    0.01    0.00    0.00    0.00    0.00    0.13      1.07      0.09
    1987    0.04    0.00    0.04    0.01   31.23   17.99    3.04    0.21    0.20    0.17    0.15    0.12     53.22      4.43
    1988    1.32    0.49    0.30    1.42    1.45    0.36    0.10    0.04    0.04    0.03    0.03    0.02      5.60      0.47
    1989    0.02    0.01    0.04    0.03    0.24    0.10    0.14    0.05    0.01    0.01    0.00    0.00      0.64      0.05
    1990    0.00    0.00    0.00    7.79    2.68    5.42    1.91    0.11    0.10    0.08    0.07    0.06     18.23      1.52
    1991    0.43    0.14    0.03    0.02    0.01    0.01    0.01    0.01    0.00    0.00    0.00    0.00      0.66      0.05
    1992    0.00    0.19    0.06    0.00    0.20    0.07    0.00    0.00    0.00    0.00    0.00    0.00      0.54      0.05
    1993    0.29    0.10    1.43    0.57    0.18    0.05    0.01    0.01    0.01    0.01    0.01    0.00      2.68      0.22
    1994    0.00    0.00    0.00    0.37    0.13    2.44    0.83    0.03    0.02    0.02    0.02    0.01      3.88      0.32
    1995    0.01    0.01    1.86    1.09    1.13    0.35    0.73    0.26    0.03    0.03    0.03    0.02      5.54      0.46
    1996    0.02    0.99    0.88    0.78    0.23    1.33    0.69    0.08    0.03    0.03    0.03    0.02      5.11      0.43
    1997    0.02    0.01    0.01    0.77    0.50    0.60    0.19    0.02    0.01    0.01    0.01    0.01      2.15      0.18
    1998    0.02    1.01    0.54    0.21    0.05    0.01    0.01    0.02    0.01    0.01    0.00    0.00      1.89      0.16
    1999    0.00    0.00    2.75    1.22    0.12    1.19    0.42    0.03    0.02    0.02    0.02    0.01      5.81      0.48
    2000    0.01    0.06    0.79    0.27    0.06    0.31    0.46    0.13    0.01    0.01    0.01    0.01      2.15      0.18
    2001    0.17    0.21    0.78    0.80    0.20    0.02    0.01    0.01    0.01    0.01    0.01    0.01      2.24      0.19
    2002    0.00    0.00    0.30    0.13    0.10    0.07    0.01    0.00    0.00    0.00    0.00    0.00      0.64      0.05
    2003    0.00    0.07    0.03    0.05    0.02    0.51    0.18    0.01    0.01    0.01    0.00    0.00      0.89      0.07
    2004    0.00    0.02    1.78    1.24    0.24    0.34    0.14    0.02    0.02    0.01    0.01    0.01      3.82      0.32
    2005    0.01    0.01    0.00    0.43   10.08    3.73    0.15    0.08    0.07    0.06    0.06    0.04     14.72      1.23
    2006    0.03    0.05    0.19    0.06    0.01    0.01    0.04    0.01    0.00    0.00    0.00    0.00      0.41      0.03
    2007    0.40    0.14    0.20    0.69    0.22    0.02    0.01    0.05    0.02    0.01    0.01    0.00      1.77      0.15
    2008    0.00    0.06    0.02    1.08    0.66    0.11    0.01    0.01    0.01    0.01    0.01    0.01      1.99      0.17
    2009    0.02    0.03    0.02    3.82    1.39    0.04    0.03    0.03    0.02    0.02    0.02    0.01      5.44      0.45
  
 AVERAGE    0.08    0.19    0.37    1.08    1.06    0.84    0.29    0.05    0.02    0.02    0.02    0.02      4.03      0.34
