    1920    0.53    0.26    0.06    0.08    1.04    6.07    3.80    1.92    1.17    0.68    0.41    0.43     16.44      1.37
    1921    0.80    0.68    4.54    1.78    0.21    0.15    0.14    0.21    1.76    2.13    1.84    0.95     15.19      1.27
    1922    0.43    3.31    1.28    7.33   12.29    4.12    1.51    2.06    2.76    2.51    1.29    0.46     39.34      3.28
    1923    0.24    0.85    0.33    0.53    0.63   27.39   10.00    0.93    0.56    0.49    0.51    0.84     43.31      3.61
    1924    1.02    1.29    1.77    1.54    4.65   37.31   29.41   14.54    4.56    1.20    0.73    0.48     98.48      8.21
    1925    0.31    0.57    0.38    0.19    0.75   10.85    4.39    0.90    0.72    0.58    0.41    0.33     20.38      1.70
    1926    0.28    0.25    0.17    0.13    0.25   17.75    6.35    0.50    0.38    0.53    0.62    0.37     27.60      2.30
    1927    0.89    0.55    0.94    1.48    1.03    1.92    1.42    0.66    0.62    0.62    0.51    0.47     11.09      0.92
    1928    0.81    1.50    0.99    0.54    0.24    1.30    0.84    1.15    2.16    3.31    2.27   13.85     28.96      2.41
    1929    5.17    0.60    1.06    1.09    0.61    0.62    1.19    1.15    0.79    0.55    0.88    0.57     14.27      1.19
    1930    0.57    0.24    0.06    0.37    0.77    1.83    5.41    2.46    0.64    7.09    3.41    0.57     23.42      1.95
    1931    1.01    1.01    0.68    0.30    0.98    0.99    0.46    0.30    0.38    0.52    0.44    1.30      8.39      0.70
    1932    0.80    0.19    0.06    0.11    0.15    0.50    0.85    0.65    0.52    0.51    0.43    0.28      5.03      0.42
    1933    0.13    9.35    8.31   11.94    4.00    3.02    2.15    1.56    1.07    0.82    0.63    0.32     43.29      3.61
    1934    1.46    1.66    0.77    0.17    0.63    8.53    4.04    2.94    2.09    0.87    1.70    1.16     26.02      2.17
    1935    0.52    0.37    0.16    0.09    0.71    1.68    1.28    2.43    1.97    1.22    0.69    0.41     11.54      0.96
    1936    0.89    1.98    0.94    0.87    2.17    1.74    0.73    0.65    0.68    0.69    0.55    0.29     12.18      1.01
    1937    0.23    0.09    0.40    0.55    5.77    2.55    1.29    1.21    1.87    1.65    1.03    0.50     17.13      1.43
    1938    1.40    1.49    0.75    1.31   14.23    5.04    0.77    1.14    0.94    1.14    2.04    1.27     31.50      2.63
    1939    1.70    1.02    0.22    0.09    1.39   10.42    5.49    2.62    1.54    0.88    0.57    1.94     27.87      2.32
    1940    1.06    0.55    0.68    1.29    3.44    1.56    1.49    1.22    0.70    1.05    0.96    0.92     14.90      1.24
    1941    1.39    0.53    0.07    0.72    1.27    2.98    2.21    1.13    0.64    0.47    1.50    1.19     14.10      1.17
    1942    1.41    0.98    1.64    0.70    0.28    0.99   21.03   22.31    6.23    0.87    1.32    0.91     58.66      4.89
    1943    0.73   10.55    5.92    1.32    0.53    1.82    1.17    1.44    1.83    1.21    0.55    2.36     29.43      2.45
    1944    1.78    0.46    0.11    0.09    0.34    1.60    1.29    1.26    0.99    0.61    0.40    0.24      9.17      0.76
    1945    0.17    0.21    0.21    1.33    0.96    0.93    1.85    5.96    3.05    0.97    0.48    0.31     16.43      1.37
    1946    1.61    0.78    0.14    0.07    0.90    0.67    1.31    1.76    1.24    0.81    0.55    1.88     11.73      0.98
    1947    1.80    0.71    0.97    1.03    1.32   13.12    5.96    1.71    0.91    0.54    0.38    0.23     28.68      2.39
    1948    0.50    0.23    0.08    0.06    0.12    1.33    1.00    1.61    1.63    1.13    0.65    0.38      8.73      0.73
    1949    0.26    0.49    0.77    0.42    0.64   10.78   12.50    6.16    2.88    1.68    2.03    1.52     40.13      3.34
    1950    0.78    0.29    1.88    1.64    0.70    1.96    1.91    1.31    1.20    0.96    0.61    0.85     14.09      1.17
    1951    1.77    0.74    0.08    0.23    0.81    0.58    0.99    1.20    1.31    4.96    2.93    1.92     17.50      1.46
    1952    1.18    0.39    0.15    0.09    1.68    1.03    2.84    1.99    0.84    0.49    0.62    0.64     11.93      0.99
    1953    1.17    1.43    0.85    0.23    1.00   32.96   11.62    1.28    0.92    0.64    0.44    0.28     52.81      4.40
    1954    0.15    0.30    0.25   24.55   14.24    3.18    5.10    3.05    1.40    0.98    0.60    0.30     54.10      4.51
    1955    0.84    0.95    0.80    0.30    0.71    6.22    6.27    3.09    1.42    0.83    0.50    0.45     22.39      1.87
    1956    0.97    0.81    1.71    2.54    1.85    4.63    2.12    0.83    0.93    0.88    1.93    6.16     25.36      2.11
    1957    4.15    2.31    0.73    1.65    0.86    0.60    0.97    5.87    3.03    0.82    0.41    0.32     21.74      1.81
    1958    0.35    0.65    1.10    0.79    1.55    1.54    2.65    2.62    1.45    2.12    1.57    0.51     16.92      1.41
    1959    0.37    0.39    1.49    0.86    1.41    1.89    1.62    1.66    1.64    1.34    1.73    1.29     15.69      1.31
    1960    1.48    1.49    1.23    0.68    0.35   11.74    5.77    2.76    3.31    2.71    1.55    0.61     33.68      2.81
    1961    0.17    1.43    1.27    0.38   20.94    8.12    1.86    1.15    0.66    0.51    0.39    0.26     37.15      3.10
    1962    0.25    2.43    1.19   10.10    3.86    9.85    5.50    1.84    1.01    1.53    1.39    0.61     39.55      3.30
    1963    0.85    6.38    2.55    0.17    0.20    1.67    1.91    1.26    1.11    0.87    0.54    0.31     17.83      1.49
    1964    3.07    1.30    0.34    0.45    0.26    0.28    2.05    1.57    1.40    1.50    0.95    0.50     13.67      1.14
    1965    0.35    0.62    0.21    7.39    3.90    0.87    0.42    0.41    0.75    0.75    0.49    0.28     16.44      1.37
    1966    0.23    0.43    0.28    9.14    3.87    2.19   15.34   12.63    4.20    1.22    0.74    0.42     50.69      4.22
    1967    0.97    0.68    0.15    0.13    0.11    1.36    1.98    1.88    1.24    0.76    0.50    0.41     10.20      0.85
    1968    0.48    0.22    0.50    0.20    3.09   19.07    7.28    1.44    0.85    0.56    0.58    0.47     34.74      2.90
    1969    1.49    0.66    0.09    0.09    0.14    0.15    0.18    0.30    0.88    1.21    1.66    2.14      8.97      0.75
    1970    1.16    0.29    1.46    0.99    1.21    1.51   10.58    5.85    1.96    1.49    1.13    0.48     28.11      2.34
    1971    0.55    0.40    0.29    2.13   25.26   17.32    4.39    1.05    0.75    0.62    0.47    0.28     53.49      4.46
    1972    1.02    0.60    0.10    0.09    0.99    1.11    1.21    1.22    0.86    0.56    0.75    0.73      9.26      0.77
    1973    0.49    0.40    0.66   20.52   37.04   17.86    3.96    2.63    2.01    0.97    2.19    1.32     90.05      7.50
    1974    0.53    2.09    0.99    0.26    1.18    1.32    1.66    1.07    1.55    1.91    1.16    1.30     15.01      1.25
    1975    0.66    0.67    1.18    3.09    8.69   22.32   13.68    4.17    1.65    1.03    0.58    1.13     58.86      4.90
    1976    7.28    2.87    0.56    0.89    0.72    1.92    1.58    1.07    0.86    0.63    0.41    1.70     20.50      1.71
    1977    2.71    1.04    1.03    0.92    1.18    5.78   10.96    3.90    0.69    0.51    0.62    1.24     30.57      2.55
    1978    0.78    0.18    1.09    0.56    1.26    0.75    0.35    1.77    1.62    2.28    3.30    1.65     15.58      1.30
    1979    1.52    0.63    0.31    0.34    2.93    1.51    0.72    0.54    0.45    0.50    0.58    0.73     10.76      0.90
    1980    0.36    0.50    0.19    1.61    3.01    1.65    0.81    1.58    1.89    1.22    7.72    3.21     23.73      1.98
    1981    0.65    0.46    0.51    0.21    0.41    1.27    8.43    3.50    1.85    2.92    1.81    0.69     22.69      1.89
    1982    1.31    1.55    0.47    0.11    0.09    0.35    1.23    1.85    1.74    5.27    2.73    0.94     17.64      1.47
    1983    0.62    0.88    0.78    0.24    0.08    0.49    0.82    1.95    1.58    0.79    1.58    1.09     10.91      0.91
    1984    1.33    1.51    0.46    0.44    2.82    1.94    0.89    0.48    1.47    1.39    0.66    0.28     13.68      1.14
    1985    2.59    1.52    1.44    2.50    1.57    1.92    1.25    0.54    0.59    0.66    1.18    0.99     16.75      1.40
    1986    4.98    2.78    0.48    0.09    1.97    1.66    1.62    1.03    0.67    0.87    1.15   13.20     30.48      2.54
    1987    5.13    1.04    0.32    0.22   47.08   23.98   11.67    4.45    1.27    0.99    0.68    5.97    102.80      8.57
    1988    3.57    0.85    1.13    1.14    3.56    2.59    2.97    2.11    1.14    0.82    0.56    0.60     21.03      1.75
    1989    0.36    0.92    0.46    0.19    0.21    3.76    4.60    2.05    1.28    1.19    0.85    0.49     16.36      1.36
    1990    0.20    0.08    0.23   18.74    7.58    9.10    3.44    0.39    0.97    1.06    0.58    1.04     43.43      3.62
    1991   29.62   10.05    1.09    0.36    0.23    0.36    0.39    0.35    0.33    0.37    0.90    0.63     44.67      3.72
    1992    1.06    0.72    0.15    0.05    1.63    1.36    1.91    1.41    0.75    0.50    0.56    0.37     10.47      0.87
    1993    2.97    1.57    0.74    1.42    6.08    2.79    0.65    0.34    0.31    0.52    0.50    0.27     18.17      1.51
    1994    0.11    0.07    0.04    0.05    0.08    1.62    1.00    0.76    0.73    0.54    0.38    0.78      6.17      0.51
    1995    0.69    0.47    6.78    3.21    1.24    0.85    1.03    0.80    0.50    0.68    0.80    0.49     17.53      1.46
    1996    0.21    9.66    4.16    0.43    0.24   14.94    6.94    2.34    1.66    1.10    0.77    0.41     42.86      3.57
    1997    0.38    0.17    0.10    0.64    2.23    8.37    3.49    0.83    0.52    0.46    0.41    0.45     18.05      1.50
    1998    0.90    0.71    0.24    0.73    0.98    0.58    0.47    0.42    0.34    0.30    0.27    0.20      6.15      0.51
    1999    0.11    0.04    1.18    0.97    0.56    1.25    1.66    1.38    1.06    0.75    0.45    1.51     10.91      0.91
    2000    0.94    0.83    0.45    0.29    1.30    1.26   14.37    6.05    1.45    0.91    0.76    0.89     29.49      2.46
    2001    0.93   34.11   11.86    2.20    1.16    0.44    0.73    2.57    2.39    1.23   14.33    5.77     77.72      6.48
    2002    0.57    0.20    0.36    0.60    0.90    3.78    1.84    0.86    0.71    0.49    0.51    0.51     11.34      0.94
    2003    0.32    0.34    0.19    0.53    1.09    2.27    2.07    1.05    0.61    0.63    0.52    0.66     10.26      0.86
    2004    0.44    0.16    0.22    0.55    0.59    0.65    0.56    0.67    0.63    0.49    0.43    0.31      5.69      0.47
    2005    0.39    0.30    0.08   12.98   23.64    8.56    6.18    3.60    1.30    0.61    2.12    1.41     61.18      5.10
    2006    1.10    1.02    0.34    0.13    0.11    0.42    0.80    0.61    0.72    0.72    0.50    0.64      7.12      0.59
    2007    0.79    0.51    0.70    0.45    0.59    0.64    0.54    1.36    3.14    2.23    0.84    0.28     12.06      1.01
    2008    0.20    0.43    0.48    0.16    2.04    1.15    0.47    0.43    0.80    1.25    0.87    0.36      8.64      0.72
    2009   14.83    5.56    0.29    1.45    1.00    1.18    1.53    1.01    0.66    0.55    0.39    0.23     28.68      2.39
  
 AVERAGE    1.61    1.72    1.05    2.02    3.54    5.13    3.81    2.25    1.36    1.17    1.19    1.23     26.09      2.17
