    1920    0.98    0.68    0.45    0.87    5.71    8.50   11.79    4.45    1.71    1.16    0.58    0.37     37.24      3.10
    1921    3.87    3.49    2.81    1.88    2.56    1.77    0.65    0.85    2.25    2.91    9.10    3.84     35.99      3.00
    1922    3.41   35.69   11.62   31.27   28.17   11.90    6.11   14.40   19.28    8.35    2.41    0.83    173.43     14.45
    1923    0.54    0.82    0.50    1.01    2.51   60.33   20.40    1.10    1.01    0.93    0.83    1.61     91.59      7.63
    1924    1.32    4.34   15.19    6.18    2.65   80.16   66.05   24.52    6.13    2.29    1.62    0.97    211.42     17.62
    1925    1.18    2.26    2.06    0.75    1.53   20.60    7.60    1.47    1.72    1.34    0.71    1.25     42.47      3.54
    1926    2.01    3.64    2.22    1.37    1.81   28.79   10.15    1.23    0.87    0.89    0.88    0.66     54.52      4.54
    1927    2.09    1.75   14.65   15.84    7.54    8.49    3.65    0.86    0.60    0.64    0.72    1.10     57.95      4.83
    1928    1.59   12.95   10.79    3.25    0.63    9.31    3.66    2.70    4.42    8.07    3.65   30.06     91.08      7.59
    1929   11.66    1.44    7.03    6.43    2.14    7.48    5.57    2.46    1.49    0.98    6.58    2.89     56.14      4.68
    1930    1.39    0.52    0.26    2.22    2.65   12.96    9.29    2.59    0.63   12.29    5.25    0.59     50.64      4.22
    1931    8.53    5.03    3.19    1.85    6.01    2.75    0.61    0.45    0.59    1.03    0.85    6.24     37.13      3.09
    1932    2.66    0.78    0.67    0.39    0.94    2.82    2.41    1.18    0.96    0.85    0.82    0.68     15.17      1.26
    1933    0.30   22.47   18.59   27.02    8.95   15.63    6.99    2.26    1.27    2.63    1.76    0.58    108.46      9.04
    1934    8.16   10.20    8.21    2.65    1.90   18.04    8.19   11.92    5.08    1.09    7.88    3.68     86.99      7.25
    1935    0.80    1.51    0.56    0.42    1.85    2.59    2.44    3.33    2.14    2.74    1.67    0.79     20.85      1.74
    1936    3.00   20.68    7.69   10.54    5.10    2.59    1.10    3.06    2.27    1.52    1.11    0.50     59.17      4.93
    1937    0.72    0.42    2.61    2.99   33.13   11.36    9.42    4.69    2.47    2.52    2.40    1.26     74.00      6.17
    1938    9.33    8.63    4.40   10.39   29.44    9.14    1.32    4.77    2.75    2.27    2.41    3.33     88.19      7.35
    1939    8.48    3.80    0.67    0.34    6.35   19.42   10.44   11.74    4.70    1.08    0.75    8.91     76.67      6.39
    1940    3.54    1.78    3.37   10.50   16.62    5.62    8.93    4.58    1.43    1.44    1.16    1.00     59.97      5.00
    1941    3.18    1.18    0.26    5.53    6.00   17.17    7.08    2.04    1.25    0.76    9.20    5.10     58.75      4.90
    1942    9.09    5.52   20.70    7.17    0.71    2.89   23.50   24.93    7.72    1.39    3.42    2.48    109.49      9.12
    1943    1.94   31.36   15.80    2.79    3.70   19.70    7.38    3.72    3.64    1.87    0.72   14.64    107.26      8.94
    1944    6.35    1.00    0.36    0.32    2.71    6.69    2.89    2.09    2.01    1.24    0.63    0.30     26.58      2.21
    1945    0.64    0.79    1.96   10.72    5.67    4.01    7.48   18.13    6.66    1.02    0.59    0.66     58.32      4.86
    1946    4.33    3.07    1.19    0.81    6.51    3.05    1.89    3.34    2.75    2.48    1.96    2.78     34.16      2.85
    1947    2.88    2.44    4.29    4.82   28.23   25.98    8.47    2.43    1.10    0.67    0.50    0.30     82.08      6.84
    1948    1.41    0.67    0.37    0.39    1.03   10.62    4.58    4.03    2.89    1.43    0.73    0.48     28.62      2.39
    1949    0.51    1.17    1.58    0.69    5.21   25.05   25.07    8.42    3.01    3.49    9.54    5.12     88.87      7.41
    1950    1.74    1.05   19.86    8.53    1.26    6.21    3.14    1.69    4.91    3.06    1.29    1.72     54.47      4.54
    1951    5.96    2.09    0.26    1.01    2.79    1.97    2.38    2.01    2.53    6.64    3.90    7.99     39.54      3.29
    1952    4.01    1.00    1.23    0.58    7.02    2.99   15.20    7.47    1.76    0.74    0.69    1.30     44.00      3.67
    1953    4.02    3.55    1.51    1.05    2.47   29.76   12.16    3.07    1.84    1.10    0.64    0.45     61.63      5.14
    1954    0.35    1.93    1.04   21.61   32.63   10.39   13.30    5.87    2.59    1.76    0.86    0.45     92.78      7.73
    1955    1.87    5.69    3.11    0.69    3.25    8.54   15.42    6.88    2.24    1.25    0.66    0.94     50.53      4.21
    1956    1.40    0.99   10.31    5.60    3.48    2.77    1.74    1.26    1.06    1.39    2.96   14.17     47.15      3.93
    1957   15.43    9.89    2.93   16.48    6.42    2.95    9.71   26.37    9.16    0.99    0.50    0.41    101.23      8.44
    1958    0.56    4.35   10.14    3.94    6.08    4.45   26.18   20.62    5.35    8.26    3.83    0.67     94.41      7.87
    1959    1.69    8.70    5.23    2.48    2.06    2.90    3.29    3.78    3.21    1.68    2.23    2.11     39.35      3.28
    1960    2.70    8.49    3.60    1.93    1.89   26.01   12.79   12.86   12.31    4.74    3.34    1.63     92.31      7.69
    1961    0.39   10.30    4.61    2.12   44.74   19.76    3.81    1.51    0.91    0.69    0.50    0.35     89.69      7.47
    1962    0.57    6.75    4.41   27.41    9.62   35.33   14.62    2.15    1.38   10.98    5.17    0.80    119.20      9.93
    1963    2.68   12.70    4.97    0.47    0.58   10.03    7.95    2.77    2.44    1.69    0.79    0.67     47.75      3.98
    1964   21.59    7.33    1.84    1.59    1.19    1.16   17.38    6.71    2.77    3.15    1.87    0.94     67.49      5.62
    1965    1.18    2.98    1.02   11.46   13.34    3.95    1.16    1.06    1.12    0.88    0.72    0.50     39.36      3.28
    1966    0.38    1.65    1.53   35.86   12.77    5.78   27.04   31.24   11.66    3.30    1.44    0.58    133.21     11.10
    1967    0.62    0.43    0.31    0.27    0.23   10.47    4.84    3.14    2.22    1.35    0.88    1.89     26.66      2.22
    1968    1.88    0.72    0.98    0.64    9.21   42.02   15.13    2.70    1.55    1.13    1.65    1.39     79.02      6.58
    1969    5.12    2.19    0.40    1.22    1.17    0.42    0.22    0.53    1.31    1.40    2.06    6.31     22.36      1.86
    1970    3.64    1.07    7.65    4.52    2.17    6.67   16.61    9.43    2.89    2.86    2.59    1.02     61.12      5.09
    1971    0.68    0.67    0.69   12.02   59.04   33.62    7.01    1.69    2.77    1.96    0.94    0.51    121.59     10.13
    1972   12.28    5.28    0.42    0.27    5.31    4.58    2.91    3.07    1.77    1.10    2.13    1.22     40.34      3.36
    1973    0.57    0.42    1.64   52.09   48.24   34.84    9.43   15.24    7.45    1.74   11.72    4.64    188.01     15.67
    1974    2.67   12.74    4.44    1.10    5.71    5.18    4.25    2.07    4.26    5.06    2.67    7.02     57.17      4.76
    1975    3.11    2.31    6.49   18.03   15.16   31.28   19.12   10.64   10.21    4.42    1.32   10.41    132.51     11.04
    1976   20.95    6.50    1.11    3.08    2.81    3.67    3.43    2.84    2.26    1.28    0.63    3.01     51.57      4.30
    1977   11.79    4.08    2.98    1.83    5.89   32.36   21.79    4.94    1.01    0.99    1.34    7.54     96.54      8.04
    1978    5.07    1.27   23.21    7.94    6.68    2.78    0.62    2.41    1.78    5.85    5.71    3.14     66.47      5.54
    1979   17.49    6.40    2.39    1.23   19.87    7.17    0.90    1.12    1.34    1.01    1.38    2.14     62.44      5.20
    1980    0.92    1.54    0.73    4.27   11.24    4.70    1.87    6.01    5.45    2.62   16.07    5.97     61.40      5.12
    1981    1.11    1.84    2.74    1.62    1.52    4.15   19.55    6.90    3.26    6.24    2.88    1.00     52.82      4.40
    1982   12.64    8.95    1.79    0.39    0.28    1.91    3.51    4.78    5.14    8.82    3.67    1.89     53.78      4.48
    1983    2.08    2.27    1.05    0.77    0.56    1.52    2.33    8.30    4.34    1.46    2.83    1.58     29.08      2.42
    1984    2.57    2.55    0.75    0.90    8.27    4.54    1.86    0.93    1.69    1.48    0.71    0.47     26.73      2.23
    1985   11.34    5.49   10.52   11.36    5.28    3.16    1.57    0.64    1.48    1.60    3.27    3.33     59.03      4.92
    1986   21.89    9.33    1.08    0.29    3.91    4.23    5.49    2.36    1.70    2.08    2.18   23.50     78.04      6.50
    1987    9.22    2.38    0.81    0.84   50.28   22.84   16.85   11.28    3.58    1.94    1.67   19.65    141.32     11.78
    1988    9.34    2.81   11.08    5.94   13.94    7.60    8.45    4.45    2.54    2.18    1.48    1.10     70.90      5.91
    1989    1.10   15.96    6.26    8.35    3.46   31.86   13.54    2.14    3.76    3.98    1.91    0.59     92.91      7.74
    1990    0.35    0.32    1.12   18.98   23.97   13.06    3.24    0.66    0.85    1.01    0.67    1.69     65.91      5.49
    1991   36.00   13.55    6.13    2.01    1.96    1.84    2.07    1.21    0.61    0.63    2.00    1.62     69.62      5.80
    1992    2.19    3.44    1.10    1.94    4.85    2.87   12.22    5.25    1.27    0.82    2.04    1.12     39.11      3.26
    1993   28.05   10.65    2.36   12.99   10.08    6.39    3.50    1.41    0.73    1.10    0.94    0.46     78.65      6.55
    1994    0.23    0.27    0.34    1.19    1.63   25.81    9.06    1.79    1.39    0.90    0.60    1.98     45.19      3.77
    1995    5.52    2.24   10.04   13.69    6.24    2.11    1.75    1.07    1.87    2.12    1.65    1.50     49.82      4.15
    1996    2.09   36.00   14.30    1.37    2.73    9.76    6.73    3.23    3.54    2.54    1.29    0.64     84.22      7.02
    1997    0.65    0.37    0.41    2.42   27.91   33.80   10.10    3.23    2.31    1.56    1.84    1.42     86.03      7.17
    1998    1.98   11.66   17.39    5.18    0.69    0.73    0.82    0.96    0.85    0.90    0.67    0.54     42.37      3.53
    1999    0.43    0.50    2.39    3.91   12.09   10.73    4.83    3.31    2.60    1.87    1.01    3.18     46.84      3.90
    2000    4.24    2.43    3.34    3.68    3.96    4.02   23.79    9.20    1.61    1.26   10.61    5.04     73.19      6.10
    2001    7.06   41.95   46.98   22.65    5.02    2.90    2.56   21.51    9.61    6.26   43.78   17.45    227.72     18.98
    2002    1.85    0.54    1.49    2.15    2.27    2.84    2.79    2.42    1.32    0.75    1.63    1.09     21.15      1.76
    2003    0.60    0.32    1.23    2.29   12.89   27.15   16.21    3.81    0.95    0.82    1.49    6.99     74.74      6.23
    2004    3.11    0.66    0.49    0.55    1.58    2.39    2.32    3.34    3.32    1.88    1.54    0.76     21.93      1.83
    2005    2.13    2.07    0.51    9.75   15.21    6.87    4.30    2.99    1.36    0.76   19.07    7.66     72.68      6.06
    2006   10.16   11.52    4.59    1.54    0.72    1.72    2.60    1.46    3.22    2.55    1.48    1.05     42.61      3.55
    2007    7.02    4.42    5.24    5.66    3.97    1.66    1.21    1.52   11.71    5.19    1.32    0.60     49.51      4.13
    2008    0.37    3.40    3.66    2.26   30.09   10.28    0.88    0.88   11.98    5.66    1.80    0.92     72.17      6.01
    2009   38.03   14.11    0.69    8.78    4.38    2.71   11.00    4.43    1.46    1.26    0.68    0.58     88.11      7.34
  
 AVERAGE    5.36    5.97    5.06    6.40    9.24   12.24    8.62    5.47    3.31    2.51    3.11    3.38     70.67      5.89
