    1920    0.66    0.37    0.45    0.30    4.42   34.63   39.08   11.09    1.89    1.37    0.94    0.55     95.75      7.98
    1921    1.04    2.91    4.24    1.96    1.07    1.80    1.11    1.32    3.14    6.37    7.19    3.66     35.80      2.98
    1922    2.68   11.90    4.57   35.24   26.19    9.85    4.16    6.16    8.25    7.68    4.19    1.51    122.38     10.20
    1923    0.58    0.50    0.35    0.72    1.19   77.40   26.51    1.54    1.40    1.42    1.37    2.04    115.03      9.59
    1924    1.41    1.51    5.12    2.84    3.65  131.87   91.90   30.37    8.66    4.12    3.14    1.64    286.24     23.85
    1925    0.93    2.15    1.95    2.53    3.53   25.57   10.44    3.51    3.46    2.33    1.23    2.17     59.80      4.98
    1926    1.52    3.16    2.20    0.75    1.23   45.50   16.26    1.60    1.19    1.78    2.01    1.10     78.29      6.52
    1927    1.61    1.09    7.98    7.68    3.04    4.06    3.41    1.73    1.06    0.91    1.02    2.55     36.15      3.01
    1928    2.50   26.76   11.63    1.94    0.50   10.23    4.34    4.63    7.95    9.65    4.75   75.82    160.68     13.39
    1929   28.03    1.84    4.26    5.21    2.40   11.64    7.66    4.40    2.79    1.59   27.43   10.38    107.62      8.97
    1930    2.02    0.78    0.35    1.69    2.53   19.86   10.89    2.86    1.12   21.14    9.22    1.19     73.65      6.14
    1931    5.65    3.78    4.98    2.96    3.52    1.97    0.81    1.12    1.40    1.71    1.25   14.70     43.85      3.65
    1932    5.66    0.63    0.19    0.15    0.41    3.80    4.43    2.24    1.66    1.61    1.31    0.84     22.93      1.91
    1933    0.35   18.33   10.21   28.74    9.99   20.47   10.51    5.93    3.33    5.69    3.53    1.00    118.07      9.84
    1934    3.69    6.96    2.60    0.71    2.41   26.52   12.72   25.99   10.43    1.59    4.79    2.75    101.16      8.43
    1935    0.97    1.90    0.80    0.45    2.57    4.00    2.58    4.79    3.58    4.60    2.90    1.70     30.85      2.57
    1936    5.18   13.15    4.84    3.58    2.75    2.38    1.20    3.27    2.61    2.69    2.29    1.04     44.99      3.75
    1937    0.84    0.53    1.17    2.43   37.08   12.90    4.38    3.84    4.60    3.68    2.56    1.55     75.56      6.30
    1938    5.93    5.00    2.09    2.05   35.88   12.17    1.64    3.49    2.58    3.65    4.84    3.85     83.17      6.93
    1939    2.89    1.36    0.30    0.17   36.21   29.62    9.64    6.75    3.90    2.12    1.50    5.33     99.81      8.32
    1940    2.48    2.71    1.50    5.52   25.08    9.14   15.33    7.75    2.18    2.54    2.74    2.60     79.58      6.63
    1941    3.33    1.07    0.24    2.82   15.40   24.91    9.36    2.38    1.82    1.44    7.82    5.56     76.16      6.35
    1942    5.27    5.03    5.19    2.53    1.20    2.62   38.32   38.59   11.18    1.92    4.22    2.78    118.85      9.90
    1943    2.25   28.86   12.05    1.20    2.70   35.38   13.16    5.88    5.63    2.97    1.32    8.49    119.89      9.99
    1944    4.11    0.59    0.32    0.46    2.14    4.63    3.70    3.24    2.26    1.36    0.91    0.55     24.26      2.02
    1945    1.01    0.65    0.80    6.11    4.33    4.11   12.69   38.74   14.13    2.27    1.25    0.80     86.88      7.24
    1946    5.35    2.57    0.46    1.02    2.81    2.38    3.11    4.49    3.09    2.78    2.78    4.46     35.30      2.94
    1947    5.49    3.17    4.49    3.53   12.44   46.70   20.03    4.53    1.91    1.32    1.02    0.62    105.25      8.77
    1948    1.14    0.55    0.21    0.17    1.15    3.74    2.48    4.53    3.59    1.94    1.12    0.94     21.58      1.80
    1949    0.70    0.74    0.92    0.78    5.18   11.86   31.02   20.81    7.13    3.75    5.42    3.53     91.84      7.65
    1950    1.85    0.91   26.87   13.47    2.24    5.63    3.71    2.47    3.05    2.53    1.61    1.60     65.94      5.50
    1951    5.63    2.20    0.21    0.58    4.36    2.74    3.10    2.48    2.88    5.96    4.27    7.87     42.27      3.52
    1952    4.64    1.33    0.82    0.33    6.82    3.37   37.67   16.20    2.92    1.55    1.60    2.71     79.96      6.66
    1953    4.03   19.60    7.18    0.75    3.27   69.08   26.43    3.72    2.06    1.68    1.19    0.77    139.75     11.65
    1954    0.44    1.68    0.81   21.72   28.37    9.01   15.47    8.10    4.51    2.88    1.45    0.82     95.25      7.94
    1955    2.70    3.29    2.34    0.65    2.67   36.46   16.84    7.06    3.88    2.19    1.36    2.30     81.74      6.81
    1956    2.75    1.67    7.92    5.43    3.71    4.64    2.32    1.51    1.74    1.80    5.56   11.26     50.30      4.19
    1957    8.29    4.17    1.12   22.09    7.96    3.12    4.18   35.96   13.78    1.74    0.99    1.07    104.46      8.71
    1958    0.98    3.45    5.91    2.60   19.76    9.45   39.92   24.26    6.16    7.63    4.78    1.45    126.35     10.53
    1959    1.38    3.29    4.22    2.11    1.83    3.33    4.09    5.43    4.59    2.70    3.93    2.71     39.58      3.30
    1960    4.49    6.59    3.45    1.11    1.23   33.55   16.08   19.19   12.98    7.28    6.52    2.77    115.23      9.60
    1961    0.57    4.96    4.01    2.12   58.28   24.68    5.50    2.90    1.94    1.55    1.23    0.82    108.57      9.05
    1962    0.56    4.36    2.94   31.06   11.06   62.66   26.13    3.84    2.49   13.50    7.70    1.77    168.06     14.01
    1963    7.86    8.21    2.52    0.40    0.80   10.12    7.66    3.61    4.11    2.92    1.39    0.78     50.38      4.20
    1964    7.22    2.81    1.21    2.11    2.52    1.69   25.82   10.72    4.02    4.06    2.20    1.21     65.60      5.47
    1965    2.46    3.35    0.99   14.80   10.01    2.45    1.06    1.29    2.58    2.19    1.43    1.14     43.76      3.65
    1966    1.06    2.24    1.29   11.37    6.29   11.60   62.29   69.21   21.22    4.62    2.37    1.02    194.57     16.21
    1967    1.03    0.73    0.38    0.31    0.25    7.08    4.79    4.61    3.24    1.90    1.24    2.55     28.11      2.34
    1968    2.69    0.97    1.73    1.12    3.92   58.46   22.61    4.54    2.57    2.15    2.68    2.38    105.81      8.82
    1969    4.13    1.81    0.22    0.79    1.28    0.55    0.28    1.23    2.41    2.99    4.85    5.12     25.66      2.14
    1970    3.14    0.84   39.18   13.97    4.39   20.03   35.02   16.60    4.82    6.62    5.17    1.79    151.57     12.63
    1971    1.02    0.56    0.85    5.71   99.92   45.76    8.94    3.08    2.34    1.85    1.35    0.86    172.24     14.35
    1972    4.79    2.82    0.47    0.24   17.80    8.07    2.78    4.84    3.22    1.88    3.37    2.03     52.31      4.36
    1973    0.92    1.32    1.37   80.15   60.40   58.55   18.94   20.49   10.13    2.58   34.67   12.89    302.40     25.20
    1974    1.71    6.15    2.50    0.49    5.56    5.44   11.20    4.98    3.00    6.04    3.78    2.48     53.32      4.44
    1975    1.08    2.72    4.66    6.21   44.89  146.36   68.52   13.52    4.26    3.49    2.12    5.55    303.38     25.28
    1976   48.58   16.37    0.64    0.68   16.19    9.97    2.63    3.57    3.17    2.11    1.26    6.21    111.39      9.28
    1977    6.70    3.96    3.50    2.47    3.27   27.51   13.37    2.97    1.39    1.18    1.63    5.34     73.29      6.11
    1978    4.06    1.02    1.72    2.21   33.10   11.50    0.90   20.71   10.30   21.09   13.87    4.76    125.22     10.44
    1979    3.24    1.62    1.12    0.43   10.24    5.45    1.62    0.97    0.95    1.16    1.30    2.42     30.52      2.54
    1980    1.13    0.75    0.23    4.99   38.95   27.78    6.56   16.83    9.96    3.36   21.10    8.30    139.95     11.66
    1981    1.16    1.28    0.65    0.32    1.24    3.70    2.76    1.30    3.68   12.50    5.80    1.92     36.31      3.03
    1982    3.62    5.65    1.91    0.22    0.19    0.33    5.55    6.79    4.83   30.47   11.75    2.10     73.41      6.12
    1983    1.09    0.37    2.47    1.13    0.60    2.91    2.64    3.61    2.68    1.59    3.56    2.03     24.68      2.06
    1984    3.81    1.76    0.19    0.44   36.33   13.79    1.30    0.74    3.22    2.76    1.27    0.75     66.35      5.53
    1985   26.06   11.64    5.09    2.52    1.59    2.47    2.61    1.51    2.58    2.85    5.62    3.45     68.01      5.67
    1986   36.57   17.60    2.25    0.34    8.55   12.20    6.65    2.30    3.32    5.46    4.09   32.40    131.73     10.98
    1987   11.76    3.48    1.12    0.57  105.55   47.58   10.90    6.00    3.25    2.51    1.83   21.66    216.24     18.02
    1988    8.69    1.73   18.37   11.52   33.10   12.76   38.54   15.18    4.36    5.48    3.09    1.40    154.22     12.85
    1989    0.72   14.33    5.91    0.77    0.50   33.80   24.68    6.23    6.56    6.47    3.11    1.15    104.24      8.69
    1990    0.49    0.36    0.28    4.96   74.58   42.26    7.19    0.98    2.87    2.54    1.26    2.19    139.98     11.66
    1991   93.68   35.99    7.72    2.11    2.16    2.08    1.42    0.97    0.77    0.97    1.41    0.98    150.25     12.52
    1992    2.02    2.57    1.06    0.39    2.40    2.29    5.70    3.72    2.28    1.68    1.97    1.16     27.25      2.27
    1993    8.49    5.00    2.93    5.73   14.46    6.52    2.45    1.39    1.12    3.88    2.77    0.96     55.70      4.64
    1994    0.42    0.21    0.12    0.93    1.04    3.73    2.26    6.33    4.63    2.14    1.10    1.56     24.48      2.04
    1995    2.24    1.43    4.62    5.65   13.40    7.57    2.79    1.52    1.19    2.54    3.16    2.56     48.65      4.05
    1996    1.20   49.02   18.91    3.76    4.09   42.67   36.22   12.01    6.13    4.60    2.46    0.96    182.04     15.17
    1997    0.64    0.41    0.34    1.15   24.71   51.02   16.30    4.03    2.55    1.54    1.35    1.64    105.65      8.80
    1998    2.73   12.57    4.92    0.82    1.03    1.98    1.62    1.34    1.16    1.25    1.02    0.58     31.03      2.59
    1999    0.26    0.10    6.04    5.85    5.36    7.80    7.84    3.93    2.53    2.23    1.40    5.53     48.86      4.07
    2000    3.79    3.37    1.74    1.28    2.87   10.57   13.60    7.55    3.56    2.28    3.57    5.82     59.99      5.00
    2001    3.87   54.80   30.38    8.23    3.09    3.85    6.06    5.41    4.39    5.30   53.88   23.92    203.18     16.93
    2002    3.52    0.81    0.79    1.77    2.22    5.39    4.41    4.45    2.81    1.42    1.74    1.46     30.78      2.56
    2003    1.17    0.66    0.33    1.02    5.19   49.24   21.64    3.62    1.33    1.94    1.91   11.88     99.93      8.33
    2004    5.45    1.51    1.52    2.78    2.33    2.39    3.76    4.55    3.05    1.62    2.44    1.59     33.00      2.75
    2005    3.82    2.28    0.50   57.20   36.79   15.64    8.77    5.16    2.54    2.46   22.28    9.59    167.03     13.92
    2006   13.70   10.35    2.45    3.57    1.70    2.93    2.95    1.64    3.13    2.75    2.03    1.41     48.62      4.05
    2007    2.25    2.00    4.69    2.73    6.39    4.39    4.31    4.39    5.89    3.80    1.95    0.92     43.70      3.64
    2008    0.76    2.06    3.11    1.27   20.53    7.92    1.52    1.68    5.86    7.39    4.78    1.81     58.70      4.89
    2009   40.44   16.51    1.26    8.27    3.85    2.53   11.30    5.63    2.15    1.65    1.09    1.14     95.81      7.98
  
 AVERAGE    5.90    5.85    4.01    5.73   13.11   19.56   12.97    7.98    4.21    3.97    4.64    4.61     92.53      7.71
