    1920    1.44    0.87    0.29    0.86    5.70    8.86    4.05    1.81    1.11    0.57    0.31    0.60     26.49      2.21
    1921    0.90    4.55    8.86    3.97    1.27    0.66    0.29    0.43    3.24    2.19    1.33    0.79     28.49      2.37
    1922    1.23    7.10    2.60    4.14   21.84    7.52    1.89    2.51    2.50    2.09    1.29    0.64     55.38      4.61
    1923    0.63    1.30    0.50    0.89    1.61   27.06    9.28    0.60    0.54    0.55    0.46    3.86     47.29      3.94
    1924    2.58    6.66    3.51    1.50    6.27   21.82   17.17   11.37    3.50    0.71    0.54    1.00     76.65      6.39
    1925    1.21    0.86    0.40    0.44    2.41    8.59    3.13    0.73    0.80    0.71    0.40    0.69     20.36      1.70
    1926    1.83    2.11    1.04    0.74    1.27   23.28    7.98    0.50    0.34    0.79    1.02    0.72     41.61      3.47
    1927    5.08    1.96    1.05    8.06    3.77    2.53    2.01    0.86    0.49    0.45    0.41    0.53     27.21      2.27
    1928    1.42    1.61    1.13    3.63    1.51    5.95    2.42    0.98    2.56    2.78    1.76   11.10     36.86      3.07
    1929    4.34    0.69    9.67    4.18    1.59    3.43    2.77    1.53    0.90    0.52    0.59    0.44     30.67      2.56
    1930    1.05    0.75    0.37    1.40    2.31    4.90   18.72    6.21    0.49    3.60    1.91    0.35     42.06      3.51
    1931    1.33    6.77    2.35    0.97    5.52    5.44    1.65    0.53    0.56    0.52    0.33    1.09     27.06      2.25
    1932    0.84    0.73    0.97    0.59    0.97    1.57    1.58    0.95    0.70    0.66    0.49    0.47     10.52      0.88
    1933    0.36    8.61   13.24   27.74    9.65    4.18    3.30    3.97    1.79    0.99    1.18    0.82     75.82      6.32
    1934    3.62    5.06    2.29    0.99    2.57   13.02    6.93    2.86    1.73    0.99    1.31    0.94     42.31      3.53
    1935    1.07    1.69    1.46    0.86    2.13    4.06    1.93    2.64    1.57    0.67    0.36    0.35     18.79      1.57
    1936    3.08   20.49    7.39   17.76   20.00   10.42    2.41    0.72    0.63    0.68    0.53    0.44     84.56      7.05
    1937    0.41    0.55    1.15    1.45   10.45    3.74    7.73    3.27    1.42    1.35    1.22    0.79     33.54      2.79
    1938    3.41    2.03    1.58    9.65   16.51    5.12    0.74    1.52    1.14    1.22    2.38    1.61     46.90      3.91
    1939    8.36    4.49    0.93    0.24    1.01    6.11    6.33    3.57    1.44    0.76    0.50    7.30     41.04      3.42
    1940    2.85    0.95    4.12    2.78   12.72    5.05    3.53    1.71    0.52    0.91    0.72    0.75     36.60      3.05
    1941    4.42    1.62    0.11    7.08    8.50   15.84    6.38    1.33    0.55    0.34    0.94    1.20     48.30      4.03
    1942    5.55    3.38    6.18    2.84    0.89    1.74   14.22   14.41    3.94    1.46    2.30    1.32     58.23      4.85
    1943    3.19   11.80    5.75    1.40    5.49    2.90    0.85    1.13    2.00    1.22    0.42    1.24     37.40      3.12
    1944    1.13    1.22    0.42    0.48    2.26   11.39    3.96    1.36    0.96    0.50    0.31    0.17     24.16      2.01
    1945    0.28    0.64    0.78    3.87    2.26    6.90    3.85    1.84    1.27    0.80    0.42    0.41     23.33      1.94
    1946    2.38    1.11    1.06    1.00    4.18    1.93    1.47    1.58    1.04    0.75    0.47    1.96     18.94      1.58
    1947    5.62    2.30    7.29    3.50    1.97   23.37    9.15    1.52    0.71    0.47    0.34    0.17     56.41      4.70
    1948    0.66    0.41    0.13    2.11    5.07    6.89    2.37    1.36    1.34    1.02    0.54    0.45     22.34      1.86
    1949    1.40    5.29    3.87    1.82    5.91   19.74   23.51   10.86    2.71    1.98    8.42    3.53     89.02      7.42
    1950    0.73    0.76    3.27    7.12    7.93    5.53    2.60    1.14    1.02    0.87    0.60    0.97     32.55      2.71
    1951   12.48    4.22    0.18    1.44    6.76    3.46    1.17    0.74    0.86    5.92    3.09    1.68     42.02      3.50
    1952    0.98    1.49    1.13    0.70   11.72    5.32    5.24    2.45    0.73    0.43    0.52    0.53     31.25      2.60
    1953    2.76    3.94    2.32    0.83    4.20   14.75    5.42    1.51    1.12    0.80    0.46    0.32     38.43      3.20
    1954    0.22    0.48    1.14   20.03   25.53    7.47    2.35    1.70    0.98    0.82    0.59    0.36     61.68      5.14
    1955    0.90    2.65    4.87    1.78   23.27   21.77    7.63    2.49    1.05    0.56    0.33    0.41     67.72      5.64
    1956    1.52    1.57   14.68    5.76    1.92    2.76    2.44    1.20    0.93    1.11    1.83   16.88     52.59      4.38
    1957   19.87    5.99    1.09   14.70    5.64    1.76    4.66    7.37    2.79    0.55    0.28    0.46     65.16      5.43
    1958    0.92    5.81    5.34    2.06    3.35    5.32    8.83    4.56    1.46    5.02    2.28    0.34     45.30      3.77
    1959    0.67    1.10   11.89    4.24    5.10    9.63    6.02    2.11    1.16    1.13    2.02    1.22     46.28      3.86
    1960    3.02    2.37    1.36    1.16    0.77   12.56    7.42   10.08   10.60    4.29    1.43    0.55     55.61      4.63
    1961    0.18   13.19    6.27    1.19   18.06   10.17    3.85    1.36    0.45    0.33    0.30    0.26     55.60      4.63
    1962    0.44   14.13    4.84   10.30    4.76   13.82   14.48    4.38    1.63    2.31    1.33    0.43     72.85      6.07
    1963    1.42   11.24    4.66    0.74    1.18   21.00    8.10    1.18    1.48    0.99    0.46    0.55     53.00      4.42
    1964   12.89    4.46    1.32    1.51    0.76    0.57    8.13    3.11    0.93    1.25    1.61    0.82     37.35      3.11
    1965    0.63    0.95    0.41   28.40   14.40    2.35    1.19    0.88    0.81    0.58    0.41    0.21     51.21      4.27
    1966    0.34    0.97    0.89   29.91   14.05    4.37   13.08   10.12    3.16    0.84    0.81    0.45     78.99      6.58
    1967    2.61    1.97    0.58    0.16    0.09    4.07    7.10    6.12    2.10    1.09    0.80    0.37     27.05      2.25
    1968    0.96    0.78    4.42    1.69    4.81   18.28   13.18    4.00    1.05    0.47    0.87    0.58     51.11      4.26
    1969   10.65    3.67    0.25    1.13    0.99    0.47    0.27    0.39    0.70    0.79    0.99    3.10     23.39      1.95
    1970    2.28    0.72    3.34    3.45    8.30    3.90    5.24    3.22    1.12    0.81    0.61    0.27     33.26      2.77
    1971    0.53    0.39    0.99   12.10   19.60   18.36    5.39    1.22    1.43    0.93    0.46    0.30     61.69      5.14
    1972    1.09    0.61    0.23    0.15   12.86    5.73    2.06    1.10    0.49    0.47    2.59    1.68     29.05      2.42
    1973    0.51    0.61    0.97   19.33   23.49    7.25    1.14    0.80    0.64    0.42    1.27    0.72     57.15      4.76
    1974    0.43    9.50    3.49    4.38    6.63    8.35    3.50    0.93    0.87    1.48    0.90    1.65     42.12      3.51
    1975    1.07    9.73    5.24   21.59   16.62   17.93   13.45    4.52    2.06    1.11    0.43    6.11     99.86      8.32
    1976   21.67    6.74    0.34    6.41    8.38   17.85    5.96    0.83    0.58    0.39    0.28    3.21     72.63      6.05
    1977    7.64    2.79    1.42    8.13    3.46   16.32   10.36    2.31    0.58    0.54    0.74    1.60     55.88      4.66
    1978    0.97    0.49    7.19    2.71    6.92    2.73    0.90    1.80    1.21    5.95    8.39    2.74     42.02      3.50
    1979    6.04    3.44    0.98    0.33    1.17    0.74    0.49    0.44    0.40    0.34    0.35    1.42     16.14      1.35
    1980    0.67    3.95    1.53   16.04   11.33    5.02    2.24    1.82    1.81    0.99    7.09    2.77     55.28      4.61
    1981    0.58    3.21    2.39    0.94    1.47    1.68   19.75    6.89    1.12    1.64    0.90    0.56     41.14      3.43
    1982   12.33    5.14    0.48    0.38    0.42    1.33    1.65    1.87    1.56    3.43    1.67    0.44     30.70      2.56
    1983    0.95    8.34    3.69    2.22    0.97    1.29    1.30    2.13    1.40    0.59    1.77    0.99     25.62      2.13
    1984    1.49    1.26    0.51    1.24    5.73    2.84    1.52    0.78    1.04    0.85    0.38    0.32     17.96      1.50
    1985    6.66    3.49    3.25    1.97    1.19    1.96    1.41    0.59    2.72    1.61    1.74    1.54     28.13      2.34
    1986   13.91   11.57    2.55    0.15    1.48    1.36    3.64    1.64    0.71    0.80    1.93   14.09     53.82      4.48
    1987    5.53    3.37    1.43    0.33   18.01   13.41    8.53    3.05    1.12    1.16    0.94    1.78     58.66      4.89
    1988    7.37    3.44    3.53    2.52   17.21    6.50    1.97    2.49    2.26    1.36    0.68    0.33     49.67      4.14
    1989    0.93    9.06    3.18    5.09    4.24   14.48   16.15    4.46    1.45    1.36    0.95    0.43     61.78      5.15
    1990    0.15    0.12    2.69   31.47   24.59   22.02    5.97    0.27    0.53    0.60    0.36    1.77     90.53      7.54
    1991   15.37    6.07    2.34    0.76    0.34    0.68    0.84    0.48    0.24    0.26    1.73    0.96     30.08      2.51
    1992    1.36    1.82    0.59    0.29    6.73    3.74    3.20    1.60    0.56    0.39    0.58    0.44     21.32      1.78
    1993    9.90    4.79    1.72   21.37   16.57    7.59    2.91    0.89    0.37    0.51    0.45    0.20     67.27      5.61
    1994    0.11    0.20    0.12    1.15    0.92    6.01    2.43    1.10    0.85    0.51    0.39    0.34     14.14      1.18
    1995    3.70    2.12    3.88    4.61   14.88    9.64    5.88    2.27    0.61    0.69    0.70    0.43     49.40      4.12
    1996    4.23   12.50    4.70    1.64    1.21   21.45    9.65    3.69    2.11    1.71    1.92    0.83     65.64      5.47
    1997    0.49    1.16    0.66    1.62   14.19   19.51    5.51    0.71    0.45    0.58    0.43    0.81     46.11      3.84
    1998    5.43    3.50    1.56    3.70    1.63    0.81    0.58    1.37    0.98    0.47    0.30    0.17     20.49      1.71
    1999    0.83    0.36   18.39    9.66    2.60   11.46    7.05    2.25    0.89    0.54    0.37    3.29     57.70      4.81
    2000    5.72    3.22    3.70    1.41    0.89    2.91   22.42    9.03    1.63    0.87    5.14    2.21     59.16      4.93
    2001    1.77   12.01   10.35    8.26    2.93    1.47    1.78    9.83    4.25    0.95    9.12    4.27     67.00      5.58
    2002    1.28    0.53    6.50    2.94    1.68    3.96    1.96    0.67    0.39    0.28    0.69    0.99     21.88      1.82
    2003    0.59    1.12    0.61    1.52    1.56    7.33    3.56    0.81    0.57    0.69    0.57    1.10     20.03      1.67
    2004    1.14    0.55    1.41    4.88    3.15    2.99    1.67    1.17    0.69    0.36    1.04    0.68     19.72      1.64
    2005    1.53    2.03    0.65   14.63   33.52   28.36   19.82    5.90    0.98    0.40    6.44    2.57    116.83      9.74
    2006    1.12    2.17    0.87    0.50    0.27    1.33    2.21    1.15    0.49    0.51    0.36    0.82     11.81      0.98
    2007    3.30    2.11    1.81    1.62    1.60    7.07    2.98    1.37    3.53    1.83    0.45    0.16     27.82      2.32
    2008    0.12    6.24    2.45    2.32   13.52    4.41    0.29    0.37    1.08    0.98    0.64    0.36     32.80      2.73
    2009   19.15    7.93    0.98    6.23    3.75    2.27    3.59    1.94    0.99    0.61    0.30    0.14     47.88      3.99
  
 AVERAGE    3.51    3.86    3.05    5.35    7.10    8.26    5.62    2.68    1.38    1.14    1.34    1.57     44.86      3.74
