    1920    0.59    0.31    0.09    0.24    7.75    9.25    5.14    2.39    1.24    0.74    0.46    1.08     29.29      2.44
    1921    1.01    1.58    3.28    1.86    0.54    0.22    0.17    0.32    5.22    3.40    2.11    0.98     20.69      1.72
    1922    0.44    8.05    2.77    7.24   31.67   10.87    1.79    3.40    3.85    2.73    1.24    0.43     74.49      6.21
    1923    0.30    0.57    0.20    1.67    1.71   38.17   13.47    0.89    0.63    0.62    0.63    1.25     60.11      5.01
    1924    1.88    2.19    2.54    3.19   18.01   50.94   30.25   18.65    5.90    0.97    0.68    0.56    135.77     11.31
    1925    0.39    0.65    0.60    0.29    1.65   13.57    5.07    0.89    0.85    0.71    0.47    0.40     25.53      2.13
    1926    0.65    0.70    0.51    0.42    0.68   31.23   10.62    0.53    0.42    0.77    0.79    0.40     47.74      3.98
    1927    2.24    1.07    1.12    6.04    2.83    3.24    1.88    0.68    0.45    0.43    0.47    0.53     20.98      1.75
    1928    1.39    1.54    1.42    1.03    0.46    2.35    1.21    1.19    3.19    4.33    2.59   19.50     40.20      3.35
    1929    6.96    1.04    8.49    4.52    1.17    2.15    3.82    2.39    1.09    0.68    0.80    0.45     33.55      2.80
    1930    1.01    0.49    0.16    1.17    1.69    5.95   18.12    6.09    0.59    8.86    3.98    0.51     48.63      4.05
    1931    2.03    2.48    1.11    0.69    1.73    1.32    0.51    0.34    0.44    0.58    0.47    1.51     13.21      1.10
    1932    0.86    0.33    0.30    0.61    0.65    0.91    1.42    0.90    0.63    0.60    0.47    0.27      7.95      0.66
    1933    0.15    5.70   21.72   19.75    5.59    3.21    2.59    2.32    1.39    1.02    0.96    0.48     64.88      5.41
    1934    3.80    2.89    1.62    0.65    1.19   10.56    5.33    4.19    2.37    0.96    1.82    1.05     36.43      3.04
    1935    0.82    0.71    0.49    0.60    2.12    7.25    3.02    2.65    2.23    1.41    0.72    0.44     22.45      1.87
    1936    2.41   12.59    4.33    4.37   21.08    9.24    1.45    0.81    0.77    0.77    0.57    0.29     58.66      4.89
    1937    0.19    0.10    1.02    1.24   16.43    6.16    8.21    3.84    3.46    2.77    1.35    0.54     45.31      3.78
    1938    2.03    3.16    2.24    3.87   18.42    6.18    0.93    1.89    1.42    2.11    3.28    1.52     47.05      3.92
    1939    3.38    2.86    0.83    0.18    1.54   10.41    6.16    3.94    2.02    0.98    0.66    6.85     39.82      3.32
    1940    2.77    0.81    8.41    4.06   14.69    5.85    1.90    1.13    0.63    1.39    1.15    0.92     43.70      3.64
    1941    1.44    0.50    0.09    1.02    3.71    8.74    4.58    1.52    0.72    0.54    1.17    1.69     25.70      2.14
    1942    2.55    2.45   18.80    6.37    1.73    3.87   37.59   42.54   11.04    1.00    2.75    1.53    132.21     11.02
    1943    2.33   16.29   19.45    5.35    0.80    3.06    1.62    1.69    2.66    1.66    0.64    2.08     57.64      4.80
    1944    1.57    0.91    0.26    0.36    0.96   10.46    3.94    1.62    1.19    0.69    0.46    0.25     22.66      1.89
    1945    0.19    0.33    0.51    2.31    1.89    5.68    3.94    4.41    2.43    0.98    0.52    0.47     23.66      1.97
    1946    2.77    1.36    0.44    0.47    2.89    1.44    1.80    2.36    1.51    0.96    0.63    3.00     19.63      1.64
    1947    4.45    2.32    3.57    3.08    2.75   21.88    8.42    1.84    1.07    0.62    0.44    0.24     50.69      4.22
    1948    1.86    0.82    0.13    0.41    0.83    8.20    3.26    2.65    2.28    1.49    0.77    0.45     23.14      1.93
    1949    0.78    5.75    3.69    1.48    1.19   30.76   28.77   10.11    3.02    2.44    7.20    3.20     98.39      8.20
    1950    0.87    0.61    1.87    1.57    2.42    5.30    4.34    2.05    1.72    1.36    0.81    1.44     24.35      2.03
    1951    7.09    2.50    0.14    0.54    1.85    1.14    2.08    1.47    1.53    8.87    4.34    2.86     34.41      2.87
    1952    1.40    0.52    0.61    0.38   14.64    5.30    4.33    2.58    0.90    0.53    0.61    0.67     32.47      2.71
    1953    1.91    1.41    0.70    0.51    2.00   26.43    9.44    2.02    1.34    0.86    0.56    0.38     47.56      3.96
    1954    0.21    0.28    0.92   21.83   19.14    4.91    5.78    3.25    1.35    1.08    0.68    0.31     59.72      4.98
    1955    1.15    2.06    1.78    0.62   15.88   18.27    7.05    2.41    1.20    0.78    0.51    0.44     52.17      4.35
    1956    0.89    2.13    7.25    4.02    2.44    5.47    2.79    1.00    0.91    1.26    2.90   18.46     49.52      4.13
    1957   15.12    4.52    0.72   13.33    5.23    1.13    2.06    4.82    2.52    0.78    0.43    0.38     51.02      4.25
    1958    0.65    2.79    3.09    1.72    2.73    3.38    5.87    3.91    1.62    3.65    2.14    0.50     32.05      2.67
    1959    0.41    1.01   12.44    5.14    3.16    8.83    5.38    2.49    1.87    1.57    3.02    1.96     47.30      3.94
    1960    2.33    2.62    2.05    1.26    0.99   16.76   10.05    4.63    6.76    3.62    1.40    0.54     53.01      4.42
    1961    0.21    6.39    5.24    1.53   26.40   11.47    3.42    1.56    0.65    0.51    0.42    0.27     58.07      4.84
    1962    0.19   10.09    3.75   18.46    6.66   10.23   15.94    5.60    1.82    2.95    1.87    0.58     78.12      6.51
    1963    1.78   17.27    6.19    0.28    1.13   10.39    5.33    1.78    2.19    1.50    0.68    0.37     48.88      4.07
    1964   10.26    3.67    0.41    0.60    0.51    0.62    5.21    2.42    1.57    1.67    1.17    0.61     28.73      2.39
    1965    0.32    0.89    0.32   35.71   16.71    2.15    0.72    0.63    1.02    0.90    0.53    0.27     60.17      5.01
    1966    0.39    0.75    0.90   24.12    8.76    3.78   22.39   14.74    4.18    1.25    0.97    0.52     82.75      6.90
    1967    2.08    1.50    0.30    0.13    0.10    4.25    7.46    5.10    2.26    1.29    0.80    0.58     25.86      2.15
    1968    0.47    0.25    1.76    0.77    9.04   21.66   11.52    3.68    1.32    0.65    0.90    0.66     52.67      4.39
    1969    4.62    1.77    0.14    0.53    0.36    0.20    0.26    0.57    0.98    1.08    1.78    2.71     15.00      1.25
    1970    2.07    1.17    1.81    1.32    2.92    3.30    5.29    3.32    1.33    0.94    0.79    0.38     24.64      2.05
    1971    0.70    0.52    0.64    8.87   25.22   20.96    6.10    1.76    1.52    1.00    0.54    0.27     68.09      5.67
    1972    1.51    0.74    0.10    0.08    4.07    2.64    2.54    1.74    0.86    0.66    1.90    1.69     18.53      1.54
    1973    0.76    0.99    1.21   13.16   47.84   21.56    3.63    1.66    1.24    0.74    2.21    1.17     96.15      8.01
    1974    0.52    4.48    2.22    0.93    2.31    3.58    3.13    1.46    2.19    2.35    1.22    2.20     26.57      2.21
    1975    1.07    2.10    4.99   27.40   11.42   18.96    9.23    2.87    1.63    0.95    0.53    3.07     84.21      7.02
    1976   19.84    6.50    0.69    1.69    1.34    3.89    2.39    1.12    0.77    0.58    0.44    3.82     43.08      3.59
    1977    5.98    2.02    1.96    1.88    1.38   15.46   19.40    5.52    0.74    0.65    1.00    1.42     57.42      4.78
    1978    0.93    0.28    5.20    2.00    3.17    1.68    1.06    1.66    1.21    4.46   10.10    3.81     35.56      2.96
    1979    3.87    1.88    0.48    0.27    7.02    2.87    0.67    0.54    0.52    0.59    0.65    1.03     20.40      1.70
    1980    0.45    1.59    0.74   10.64   15.14    5.00    1.57    2.59    2.48    1.35    9.52    3.74     54.81      4.57
    1981    0.69    1.06    1.47    0.60    0.89    2.28   29.33   10.20    2.07    2.73    1.46    0.79     53.55      4.46
    1982    8.38    3.85    0.48    0.24    0.21    1.20    3.21    2.81    2.34    4.11    2.27    0.91     30.00      2.50
    1983    1.01    7.72    3.53    1.12    0.44    1.45    1.42    1.80    1.38    0.78    2.70    1.46     24.82      2.07
    1984    1.15    1.00    0.29    1.64    4.87    3.02    1.72    0.87    2.34    1.83    0.74    0.49     19.96      1.66
    1985   10.10    4.19    2.17    3.30    1.69    2.09    1.32    0.64    1.33    1.13    1.61    1.49     31.07      2.59
    1986   10.22    5.79    1.03    0.13    2.26    1.86    2.71    1.51    0.72    0.98    3.38   17.03     47.62      3.97
    1987    6.32    1.83    1.06    0.39   45.07   40.75   19.14    4.91    1.42    1.22    0.79    3.78    126.68     10.56
    1988    6.16    2.35    3.81    2.54   13.88    6.05    3.67    2.92    1.83    1.30    0.76    0.55     45.81      3.82
    1989    0.52    4.62    2.07    1.47    1.24   15.16   14.26    4.02    2.99    2.76    1.73    0.77     51.63      4.30
    1990    0.24    0.15    0.86   29.45   18.63   14.05    4.27    0.39    0.85    0.95    0.56    2.08     72.49      6.04
    1991   29.76   10.51    1.31    0.39    0.72    0.61    0.58    0.46    0.36    0.37    1.47    0.91     47.44      3.95
    1992    1.54    1.16    0.29    0.36    4.52    2.92    2.99    1.75    0.87    0.63    1.23    0.72     18.97      1.58
    1993    2.81    2.72    1.22   10.73    5.46    1.85    2.05    1.12    0.52    0.74    0.67    0.32     30.21      2.52
    1994    0.13    0.15    0.07    0.99    0.78    5.77    2.36    1.31    1.09    0.67    0.44    0.54     14.30      1.19
    1995    1.11    0.91    2.09    2.99    3.69    2.56    3.42    1.92    0.74    0.87    1.08    0.74     22.12      1.84
    1996    0.91   10.28    4.02    0.72    0.67   21.92    8.74    2.58    2.60    2.08    1.52    0.64     56.69      4.72
    1997    0.48    0.52    0.34    2.32   25.86   12.07    2.16    0.80    0.61    0.78    0.60    0.66     47.21      3.93
    1998    1.46    3.45    2.28    1.31    0.57    0.57    0.88    1.03    0.79    0.59    0.44    0.26     13.64      1.14
    1999    0.24    0.13   16.38    7.56    2.08    3.59    3.41    2.13    1.20    0.78    0.58    1.88     39.97      3.33
    2000    1.59    2.47    3.08    1.41    1.52    5.60   31.60   13.21    2.94    1.37    2.57    1.77     69.15      5.76
    2001    2.73   21.40   10.59   11.35    4.29    1.04    1.00    6.95    3.96    1.35   11.54    4.87     81.07      6.76
    2002    0.66    0.22    2.22    1.68    1.20    2.93    1.63    1.01    0.76    0.52    0.83    0.83     14.50      1.21
    2003    0.47    0.63    0.25    1.00    1.21   10.18    4.88    1.10    0.63    0.64    0.80    1.19     22.98      1.92
    2004    1.09    0.42    0.73    1.54    1.52    2.67    2.39    1.92    1.12    0.60    0.86    0.51     15.37      1.28
    2005    0.67    0.88    0.27    4.34   17.04   12.36   12.26    6.11    1.91    0.73    4.78    2.47     63.80      5.32
    2006    1.79    3.37    1.36    0.20    0.13    0.61    1.05    0.69    0.62    0.62    0.48    1.21     12.14      1.01
    2007    2.73    1.82    1.80    2.32    1.49    1.96    1.85    1.31    3.46    2.27    0.78    0.27     22.08      1.84
    2008    0.15    1.29    0.97    0.56   18.27    6.34    0.50    0.50    0.87    1.27    1.23    0.80     32.76      2.73
    2009   14.00    8.94    1.70    7.46    3.05    1.45    2.18    1.69    1.04    0.68    0.44    0.24     42.86      3.57
  
 AVERAGE    2.80    3.00    2.76    4.29    6.82    8.55    6.34    3.30    1.78    1.48    1.60    1.78     44.49      3.71
