    1920    0.40    0.20    0.05    0.14    3.52    4.23    2.86    1.53    0.84    0.52    0.34    0.70     15.34      1.28
    1921    0.64    0.92    1.87    1.07    0.32    0.14    0.11    0.21    2.49    2.01    1.41    0.66     11.86      0.99
    1922    0.29    3.54    1.25    3.00   18.46    6.54    1.13    2.13    2.44    1.80    0.85    0.31     41.71      3.48
    1923    0.20    0.34    0.11    0.94    0.99   23.52    8.36    0.61    0.44    0.45    0.45    0.81     37.22      3.10
    1924    1.16    1.29    1.44    1.80    9.89   31.52   18.22   10.96    3.65    0.70    0.49    0.39     81.51      6.79
    1925    0.26    0.39    0.34    0.16    0.99    7.86    3.03    0.61    0.59    0.51    0.34    0.28     15.36      1.28
    1926    0.42    0.42    0.29    0.24    0.41   18.92    6.50    0.37    0.30    0.53    0.55    0.28     29.23      2.44
    1927    1.36    0.65    0.64    2.33    1.28    1.97    1.22    0.48    0.32    0.31    0.33    0.36     11.26      0.94
    1928    0.85    0.90    0.80    0.58    0.27    1.65    0.87    0.79    2.03    2.77    1.68   11.45     24.65      2.05
    1929    4.15    0.63    3.60    2.18    0.69    1.29    2.32    1.50    0.74    0.49    0.56    0.32     18.45      1.54
    1930    0.63    0.30    0.09    0.66    0.98    2.61   10.30    3.68    0.43    6.18    2.80    0.37     29.05      2.42
    1931    1.23    1.46    0.63    0.39    1.01    0.80    0.33    0.24    0.32    0.42    0.34    0.95      8.14      0.68
    1932    0.55    0.21    0.17    0.35    0.38    0.55    0.89    0.59    0.43    0.42    0.34    0.20      5.09      0.42
    1933    0.11    2.25   11.45   10.86    3.18    2.08    1.70    1.51    0.93    0.71    0.66    0.33     35.76      2.98
    1934    1.99    1.66    0.94    0.36    0.70    5.46    3.00    2.66    1.62    0.71    1.20    0.69     21.00      1.75
    1935    0.52    0.43    0.28    0.34    1.23    3.34    1.55    1.68    1.44    0.96    0.51    0.31     12.58      1.05
    1936    1.45    6.95    2.41    1.96   11.89    5.40    0.91    0.54    0.53    0.54    0.41    0.21     33.21      2.77
    1937    0.13    0.06    0.57    0.70    8.94    3.45    4.21    2.18    2.22    1.80    0.92    0.38     25.55      2.13
    1938    1.23    1.84    1.27    1.99   10.25    3.53    0.70    1.27    0.96    1.39    2.09    0.99     27.52      2.29
    1939    1.99    1.71    0.49    0.10    1.37    6.14    3.70    2.48    1.32    0.69    0.47    3.35     23.81      1.98
    1940    1.45    0.49    3.54    1.91    7.79    3.22    1.19    0.74    0.44    0.93    0.78    0.61     23.10      1.93
    1941    0.89    0.31    0.05    0.57    1.98    4.29    2.54    1.00    0.50    0.39    0.79    1.07     14.39      1.20
    1942    1.55    1.43    9.96    3.41    1.02    2.23   23.78   26.89    7.08    0.72    1.77    0.99     80.83      6.74
    1943    1.42    8.62    9.85    2.78    0.48    1.82    1.00    1.09    1.72    1.11    0.45    1.31     31.67      2.64
    1944    0.98    0.55    0.15    0.21    0.57    5.95    2.33    1.05    0.80    0.49    0.33    0.18     13.58      1.13
    1945    0.13    0.20    0.29    1.30    1.09    2.46    2.13    2.73    1.64    0.72    0.38    0.33     13.42      1.12
    1946    1.66    0.81    0.25    0.27    1.73    0.91    1.13    1.50    1.00    0.67    0.45    1.94     12.31      1.03
    1947    2.70    1.41    1.92    1.73    1.60   12.65    4.99    1.20    0.73    0.45    0.32    0.18     29.89      2.49
    1948    1.13    0.50    0.08    0.23    0.49    3.91    1.69    1.68    1.47    1.00    0.54    0.31     13.02      1.08
    1949    0.50    2.28    1.76    0.83    0.69   18.59   17.18    6.14    2.07    1.67    3.81    1.81     57.33      4.78
    1950    0.58    0.37    1.05    0.88    1.41    2.58    2.56    1.36    1.14    0.93    0.57    0.93     14.34      1.20
    1951    3.30    1.20    0.07    0.31    1.07    0.68    1.28    0.94    1.00    4.95    2.63    1.81     19.26      1.61
    1952    0.88    0.32    0.34    0.21    7.82    2.91    2.25    1.60    0.66    0.39    0.43    0.46     18.28      1.52
    1953    1.16    0.83    0.40    0.29    1.16   15.66    5.69    1.31    0.90    0.60    0.40    0.27     28.69      2.39
    1954    0.15    0.17    0.52   12.07   10.85    2.90    2.77    1.83    0.93    0.75    0.48    0.22     33.64      2.80
    1955    0.71    1.20    1.01    0.35    8.63    9.84    4.07    1.56    0.81    0.56    0.37    0.31     29.41      2.45
    1956    0.56    1.24    2.92    1.90    1.41    2.35    1.43    0.68    0.63    0.86    1.84   10.71     26.53      2.21
    1957    8.61    2.61    0.42    7.36    2.95    0.69    1.28    2.75    1.66    0.60    0.32    0.27     29.53      2.46
    1958    0.42    1.62    1.75    0.96    1.59    2.00    2.78    2.23    1.10    2.38    1.49    0.37     18.69      1.56
    1959    0.27    0.60    6.63    2.79    1.93    4.41    3.02    1.61    1.24    1.06    1.92    1.26     26.74      2.23
    1960    1.41    1.53    1.16    0.71    0.58    9.35    5.16    2.72    3.63    2.20    0.98    0.38     29.82      2.48
    1961    0.12    2.64    2.60    0.88   15.53    6.80    2.11    1.01    0.46    0.37    0.31    0.20     33.02      2.75
    1962    0.13    4.70    1.81    9.91    3.65    5.13    8.77    3.34    1.22    1.92    1.24    0.40     42.23      3.52
    1963    1.09    9.25    3.36    0.16    0.65    5.36    3.00    1.17    1.43    1.01    0.48    0.27     27.23      2.27
    1964    5.88    2.14    0.24    0.34    0.30    0.39    2.40    1.30    1.04    1.10    0.80    0.42     16.34      1.36
    1965    0.22    0.52    0.19   21.31    8.95    0.97    0.47    0.43    0.69    0.62    0.38    0.20     34.94      2.91
    1966    0.26    0.44    0.51   13.58    4.99    2.13   13.60    8.45    2.52    0.89    0.68    0.36     48.41      4.03
    1967    1.27    0.89    0.18    0.09    0.07    1.66    3.52    3.00    1.48    0.89    0.56    0.40     13.99      1.17
    1968    0.31    0.16    0.99    0.43    4.24   12.07    6.09    2.13    0.91    0.47    0.62    0.45     28.86      2.41
    1969    1.91    0.77    0.09    0.30    0.22    0.13    0.18    0.38    0.66    0.74    1.16    1.70      8.22      0.69
    1970    1.27    0.70    1.02    0.74    1.70    1.95    2.78    2.06    0.95    0.66    0.55    0.27     14.65      1.22
    1971    0.44    0.32    0.36    3.86   14.12   11.61    3.50    1.15    1.02    0.69    0.39    0.20     37.66      3.14
    1972    0.92    0.45    0.06    0.05    1.85    1.46    1.59    1.11    0.59    0.47    1.23    1.08     10.87      0.91
    1973    0.49    0.58    0.68    7.20   29.37   12.21    1.94    1.09    0.84    0.53    1.43    0.77     57.13      4.76
    1974    0.34    2.05    1.12    0.53    1.34    2.12    1.91    0.94    1.40    1.53    0.83    1.37     15.48      1.29
    1975    0.68    1.22    2.28   15.59    6.70   10.92    5.49    1.84    1.08    0.66    0.38    1.89     48.73      4.06
    1976   11.33    3.75    0.40    0.95    0.78    2.12    1.47    0.77    0.54    0.42    0.32    2.10     24.94      2.08
    1977    3.04    1.10    1.12    1.06    0.81    8.50   11.02    3.31    0.53    0.46    0.69    0.92     32.55      2.71
    1978    0.59    0.18    1.86    0.78    1.77    1.01    0.69    1.06    0.80    2.53    5.77    2.30     19.34      1.61
    1979    2.17    1.10    0.29    0.15    3.12    1.40    0.45    0.37    0.37    0.43    0.47    0.67     10.98      0.92
    1980    0.29    0.92    0.42    5.55    8.48    2.94    0.99    1.64    1.60    0.92    5.22    2.16     31.14      2.59
    1981    0.46    0.63    0.83    0.34    0.52    1.36   17.99    6.36    1.37    1.78    0.98    0.53     33.14      2.76
    1982    4.06    2.00    0.29    0.13    0.13    0.72    1.96    1.77    1.51    2.62    1.47    0.61     17.27      1.44
    1983    0.64    3.35    1.67    0.64    0.25    0.87    0.88    1.15    0.91    0.55    1.72    0.94     13.56      1.13
    1984    0.71    0.59    0.17    0.93    2.29    1.68    1.09    0.58    1.49    1.20    0.52    0.34     11.59      0.97
    1985    5.25    2.26    1.23    1.86    0.97    1.25    0.82    0.44    0.87    0.77    1.05    0.96     17.73      1.48
    1986    5.82    3.34    0.60    0.07    1.29    1.10    1.67    0.96    0.50    0.68    2.14    9.75     27.92      2.33
    1987    3.70    1.09    0.60    0.22   27.98   24.66   11.56    3.12    0.97    0.84    0.56    2.22     77.51      6.46
    1988    2.93    1.16    1.93    1.37    7.89    3.53    2.24    1.85    1.21    0.89    0.53    0.38     25.91      2.16
    1989    0.34    2.07    1.01    0.84    0.72    8.31    8.29    2.52    1.94    1.81    1.16    0.52     29.53      2.46
    1990    0.16    0.09    0.48   17.09    9.82    7.87    2.58    0.28    0.57    0.65    0.40    1.31     41.30      3.44
    1991   17.92    6.34    0.75    0.22    0.41    0.37    0.38    0.32    0.26    0.27    0.95    0.60     28.79      2.40
    1992    0.94    0.69    0.17    0.20    1.71    1.45    1.84    1.11    0.60    0.46    0.82    0.49     10.47      0.87
    1993    1.69    1.59    0.69    5.05    2.82    1.11    1.26    0.74    0.37    0.51    0.47    0.23     16.53      1.38
    1994    0.09    0.10    0.04    0.56    0.45    2.51    1.16    0.85    0.72    0.48    0.33    0.37      7.66      0.64
    1995    0.69    0.54    1.18    1.68    2.18    1.58    2.10    1.22    0.51    0.61    0.73    0.50     13.53      1.13
    1996    0.57    5.47    2.18    0.41    0.40   12.76    5.21    1.65    1.68    1.39    1.02    0.44     33.18      2.77
    1997    0.32    0.31    0.19    1.31   15.05    6.88    1.33    0.56    0.43    0.55    0.43    0.44     27.83      2.32
    1998    0.90    2.00    1.32    0.75    0.33    0.35    0.56    0.68    0.54    0.43    0.33    0.19      8.38      0.70
    1999    0.17    0.08    8.48    4.04    1.22    2.11    2.15    1.39    0.81    0.55    0.42    1.18     22.60      1.88
    2000    0.99    1.44    1.74    0.79    0.89    2.42   19.28    8.30    1.93    0.94    1.66    1.14     41.51      3.46
    2001    1.66   11.92    5.65    5.94    2.34    0.64    0.64    3.59    2.34    0.95    7.27    3.12     46.06      3.84
    2002    0.45    0.13    1.25    0.95    0.70    1.74    1.00    0.67    0.53    0.38    0.57    0.56      8.92      0.74
    2003    0.31    0.38    0.14    0.57    0.71    5.76    2.90    0.73    0.44    0.46    0.56    0.77     13.73      1.14
    2004    0.68    0.26    0.42    0.87    0.89    1.59    1.47    1.23    0.75    0.43    0.59    0.35      9.52      0.79
    2005    0.43    0.52    0.16    1.84    9.22    6.21    6.58    3.67    1.28    0.52    2.30    1.36     34.09      2.84
    2006    1.12    1.96    0.78    0.11    0.07    0.37    0.66    0.47    0.44    0.44    0.35    0.77      7.54      0.63
    2007    1.65    1.08    1.02    1.30    0.86    1.17    1.15    0.85    2.30    1.61    0.59    0.20     13.79      1.15
    2008    0.11    0.75    0.55    0.32   10.17    3.60    0.33    0.35    0.59    0.86    0.83    0.54     18.99      1.58
    2009    7.60    4.55    0.85    3.13    1.40    0.88    1.34    1.08    0.71    0.49    0.32    0.18     22.53      1.88
  
 AVERAGE    1.61    1.61    1.43    2.31    3.84    4.85    3.72    2.04    1.16    0.99    1.03    1.09     25.67      2.14
