    1920    2.70    1.59    0.89    0.97    3.17   13.73    4.96    0.95    0.70    0.54    0.36    4.65     35.21      2.93
    1921    3.09    9.35    6.75    2.31    2.95    3.00    1.26    1.24    2.15    1.61    2.08    1.99     37.79      3.15
    1922    5.13    4.61    2.14    7.96   12.88    5.44    1.24    0.56    0.72    1.97    1.44    1.15     45.24      3.77
    1923    1.36    0.94    1.23    3.28    2.90    5.02    2.13    0.78    0.72    0.70    0.67    2.19     21.93      1.83
    1924    2.56    5.09    5.85    5.05    5.22   28.17   10.37    1.44    0.88    0.73    0.47    1.92     67.76      5.65
    1925    2.43    2.35    1.15    4.20    2.39    3.43    1.70    0.79    1.19    0.95    0.46    5.76     26.79      2.23
    1926    4.67    2.40    4.00    2.80    4.12    8.33    3.16    0.53    0.32    0.74    1.12    1.15     33.36      2.78
    1927    3.11    1.79    1.72    3.65    3.10    8.18    3.18    0.87    0.63    0.40    0.54    1.24     28.40      2.37
    1928    1.92    1.31    1.68    3.05    2.27    7.70    3.22    1.10    1.91    2.69    1.59    7.84     36.29      3.02
    1929    4.02    3.03    2.58    5.32    3.55    8.87    3.51    0.67    0.68    0.68    0.92    1.34     35.18      2.93
    1930    1.90    1.17    1.67    7.75    6.90    6.39    3.60    1.30    0.53    1.47    1.06    0.45     34.16      2.85
    1931    0.95    0.94    1.05    1.21   12.87    9.53    2.39    0.91    0.89    0.70    0.45    0.85     32.74      2.73
    1932    0.95    5.32    3.52    0.98    4.12    2.65    1.08    0.60    0.46    0.73    0.59    0.35     21.35      1.78
    1933    0.52    8.74   13.33   16.83    6.74    2.95    6.60    4.16    1.47    1.47    1.53    0.85     65.19      5.43
    1934    1.27   20.23   13.80    3.13    7.17    5.72    2.05    1.18    1.14    0.76    0.63    0.46     57.53      4.79
    1935    0.96    0.66    0.69    1.25    3.36    8.26    3.02    1.41    1.09    0.58    0.34    0.40     22.02      1.84
    1936    1.78   19.69    7.11    9.34   15.94    7.03    1.55    0.46    0.31    0.30    0.28    0.28     64.06      5.34
    1937    0.77    0.73    1.94   13.56    6.17    1.31    7.89    3.33    1.14    2.07    2.54    1.40     42.86      3.57
    1938    8.23    3.51    9.79   18.46   32.85   14.23    2.35    1.20    0.89    0.97    1.27    1.14     94.90      7.91
    1939    1.49    5.84    5.11    2.89    3.35    5.23    3.03    8.30    4.70    1.73    0.76    2.79     45.19      3.77
    1940    1.69    1.50    7.99    9.93   14.31    4.97    1.75    0.98    0.42    0.50    0.50    0.64     45.20      3.77
    1941    2.11    0.97    0.38    7.41    9.19    7.20    4.00    1.67    0.68    0.49    0.82    0.94     35.87      2.99
    1942    1.12    6.23    5.61    5.14    2.10    3.44   13.92    6.41    1.61    3.09    3.85    1.70     54.22      4.52
    1943   15.67    8.31    7.66    5.01   12.84    5.96    1.07    0.51    1.22    1.33    0.70    4.28     64.57      5.38
    1944    3.17    1.01    0.33    0.95    1.87   12.92    4.86    0.86    0.63    0.45    0.33    0.26     27.64      2.30
    1945    0.42    0.57    0.36    3.13    2.31    7.22    3.24    0.99    0.58    0.38    0.29    0.27     19.76      1.65
    1946    1.56    2.36    1.23    1.12    7.56    8.33    3.24    1.00    0.91    0.94    0.65    1.03     29.91      2.49
    1947    1.81    4.94    6.04    7.76    5.01   15.75    6.30    1.08    0.50    0.41    0.36    0.41     50.37      4.20
    1948    0.86    0.87    0.67    3.66    4.24    6.13    3.12    1.07    0.55    0.45    0.70    1.17     23.49      1.96
    1949    1.31    2.03    2.38    2.24   11.24   35.26   12.07    1.84    1.00    0.94    2.22    1.83     74.38      6.20
    1950    1.02    1.00    7.98    4.03    4.59    3.46    1.81    0.84    0.57    0.48    1.14    1.26     28.18      2.35
    1951    2.17    0.92    0.46    7.43   13.01    5.51    2.20    1.13    0.61    1.09    1.29    1.05     36.87      3.07
    1952    1.54    1.66    1.76    2.17    7.61    3.55    1.54    1.19    0.73    0.46    1.07    1.19     24.48      2.04
    1953    1.09    1.74    2.11    3.14    7.19    7.35    2.41    1.70    1.29    0.63    0.41    0.62     29.69      2.47
    1954    1.69    2.36    2.54   12.83   17.89    6.51    2.10    1.49    1.01    0.65    0.40    0.51     49.97      4.16
    1955    0.82    1.20    1.80    1.20   13.93   14.79    4.04    0.75    0.54    0.45    0.43    0.61     40.55      3.38
    1956    0.95    2.98   10.17   10.46    6.86    8.44    4.09    1.37    0.81    0.96    1.51    6.25     54.84      4.57
    1957    8.99    3.41    2.85   20.88    8.29    3.58    5.13    2.88    1.11    0.55    0.47    2.19     60.33      5.03
    1958    2.76    3.79    5.07    2.63    2.80    2.55    2.56   18.00    6.74    1.53    1.04    0.49     49.96      4.16
    1959    2.16    2.85    2.77    5.23   10.41    5.21    3.13    1.68    0.67    0.46    0.50    0.63     35.69      2.97
    1960    1.83    3.39    6.24    3.22    2.07    7.47    4.78    1.86    0.90    0.64    0.52    0.65     33.58      2.80
    1961    0.61    1.84    2.30    8.03   13.29    5.86    2.35    1.30    0.65    0.42    0.57    0.69     37.89      3.16
    1962    0.57    3.38    3.04   15.65    6.83   12.69    5.08    0.84    0.91    1.38    0.89    0.40     51.67      4.31
    1963    2.10    8.48    3.69   14.46    5.42    9.93    4.69    1.03    1.53    1.23    0.65    1.12     54.32      4.53
    1964    8.63    4.82    3.47    4.79    2.20    1.82    2.52    1.56    2.40    1.97    1.82    1.66     37.66      3.14
    1965    2.31    1.73    1.02   20.90    8.65    1.23    0.73    0.76    0.67    0.49    0.64    0.77     39.89      3.32
    1966    1.18    2.29    7.55   16.62   17.55   15.63   10.31    3.09    0.81    0.73    0.60    0.44     76.82      6.40
    1967    0.80    1.33    1.32    1.00    1.37    3.52    2.07    1.03    0.63    0.48    0.65    0.67     14.88      1.24
    1968    0.74    1.49    2.56    1.51    2.48   11.65    5.13    1.97    1.22    0.72    0.54    0.63     30.64      2.55
    1969    2.07    1.42    5.96    2.94    2.37    1.98    1.08    0.60    0.65    0.64    1.42    1.94     23.07      1.92
    1970    2.43    1.45    0.94   10.03    7.42   11.05    5.32    2.28    1.22    1.19    1.27    0.71     45.31      3.78
    1971    1.81    1.38    1.10    8.42   16.27   14.36    3.96    1.17    0.95    0.62    0.51    0.56     51.12      4.26
    1972    1.15    2.27    0.97    1.83    7.95    4.57    2.79    1.37    0.53    0.50    2.10    2.73     28.77      2.40
    1973    1.56    3.26    2.26   14.19   15.06   16.76    6.75    1.54    0.96    0.85    0.58    0.47     64.25      5.35
    1974    0.51    7.97    5.65   11.00   15.98   11.62    3.73    0.83    0.42    0.44    0.41    4.87     63.45      5.29
    1975    2.61    5.07    8.90   15.56   18.11   31.87   10.53    2.08    1.27    0.65    0.41    1.44     98.52      8.21
    1976    2.94    2.08    1.27    5.85    3.53    5.59    3.51    1.27    0.53    0.36    0.33    1.23     28.48      2.37
    1977    5.02    2.38    1.48   18.30    8.42    4.79    4.32    1.63    0.47    0.35    0.58    1.47     49.20      4.10
    1978    5.12    2.15   10.29    3.95    7.69    4.45    1.43    1.35    0.93    1.35    2.23    1.68     42.62      3.55
    1979    1.61    1.70    2.26    3.20    4.07    4.03    2.00    0.77    0.43    0.35    0.36    1.99     22.79      1.90
    1980    1.40    1.55    5.80   17.48   23.05    6.65    1.28    0.87    0.69    0.56    2.10    1.90     63.33      5.28
    1981    0.95    3.31    2.81    1.82    1.23    6.01    4.12    1.46    0.65    0.60    0.49    0.75     24.19      2.02
    1982    1.85    1.23    0.64    1.96    1.53    1.69    1.40    0.89    0.60    1.76    1.43    0.71     15.69      1.31
    1983    3.73    4.49    3.80    2.74    2.81   11.23    4.50    0.94    0.76    0.80    1.20    0.79     37.78      3.15
    1984    1.34    1.25    0.74    3.56   22.10    7.51    0.58    0.36    0.37    0.39    0.39    0.45     39.04      3.25
    1985   11.20    5.62    3.96    7.85    4.80    2.52    2.15    1.07    0.79    0.66    1.31    1.12     43.06      3.59
    1986    8.08    4.65    2.66    1.70    5.35    3.90    1.38    0.52    0.48    0.52    4.34   26.03     59.61      4.97
    1987   10.40    2.24    0.89    1.91   32.59   22.04    5.15    1.39    1.95    2.03    1.17    1.97     83.74      6.98
    1988    1.69    3.45    2.54    2.48   15.63    7.07    2.21    1.47    1.16    0.83    0.50    0.35     39.39      3.28
    1989    1.06    7.36    3.35    2.04    2.15    4.81    3.08    1.24    0.69    0.56    0.83    0.52     27.68      2.31
    1990    0.83    0.78    7.26   14.84   11.38    3.92    0.83    0.28    0.32    0.37    0.32    0.48     41.62      3.47
    1991   10.41    3.92    6.29    2.56    3.25    2.31    1.13    0.54    0.29    0.23    0.41    0.52     31.87      2.66
    1992    1.31    1.03    1.48    1.57   11.69    5.34    1.62    0.80    0.44    0.36    0.62    0.64     26.91      2.24
    1993    6.03    4.37    7.35   16.52    8.15   14.39    7.86    1.83    0.51    0.55    0.62    0.40     68.57      5.71
    1994    1.53    0.83    1.05    1.85    5.17   10.11    4.91    1.77    0.81    0.46    0.34    0.43     29.25      2.44
    1995    1.07    3.49   12.42   14.61   20.56    7.83    1.59    1.08    0.74    2.84    2.23    0.86     69.31      5.78
    1996    7.91    3.75    1.50    6.67    3.96    9.97    4.28    8.57    8.97    4.79    1.88    0.75     63.00      5.25
    1997    5.16    3.51    1.42    1.56   24.69   18.91    4.34    0.54    0.35    0.40    0.52    1.22     62.62      5.22
    1998    1.13   14.94    6.36    2.51    6.96    7.39    2.93    0.94    0.52    0.39    0.38    0.28     44.72      3.73
    1999    1.32    1.08   20.35   12.55    3.82   24.30    9.15    1.73    0.98    0.50    0.32    1.20     77.30      6.44
    2000    2.19    1.38    1.59    4.18    2.95    6.59    3.55    1.10    0.50    0.43    0.89    2.37     27.73      2.31
    2001    3.49    2.17    1.10    6.95    3.07    1.37    0.99    1.47    1.40    1.01    5.71    3.08     31.82      2.65
    2002    1.04    0.39    7.94    3.04    1.49    2.10    2.19    1.68    0.85    0.44    0.74    0.59     22.49      1.87
    2003    0.42    1.52    0.87    3.87    4.30    5.42    2.26    0.57    0.37    0.54    0.51    0.57     21.22      1.77
    2004    1.11    1.60    5.94   20.87   17.20   18.85    6.42    1.18    0.62    0.41    0.47    0.38     75.04      6.25
    2005    1.40    1.48    6.33    9.48   28.72   17.26    4.14    1.07    0.59    0.39    1.58    1.03     73.47      6.12
    2006    2.01    4.92    4.83    2.02    0.62    0.82    0.94    0.56    0.53    0.51    0.48    1.15     19.38      1.62
    2007   15.39    5.70    1.88   10.75   11.96   11.07    3.71    0.71    1.01    0.84    0.48    0.58     64.08      5.34
    2008    1.76    1.71    3.82   10.75   24.21   16.79    3.99    0.56    0.82    0.77    0.45    1.39     67.02      5.59
    2009    3.14    1.37    0.71   16.47    6.61   10.99   11.98    3.65    0.68    0.55    0.43    0.25     56.84      4.74
  
 AVERAGE    2.87    3.39    3.96    6.88    8.71    8.59    3.76    1.65    1.02    0.88    0.98    1.60     44.30      3.69
