    1920    2.90    1.29    0.58    0.63    3.18   13.13    4.67    0.87    0.61    0.39    0.21    1.05     29.52      2.46
    1921    1.46    5.43    9.10    3.23    1.53    1.35    0.51    0.67    1.45    1.21    0.80    0.94     27.70      2.31
    1922    5.01    6.96    2.60    3.69   10.31    5.49    1.40    0.62    0.66    1.37    1.10    0.92     40.12      3.34
    1923    1.03    1.14    0.92    3.02    3.02    8.89    3.13    0.45    0.44    0.46    0.42    4.92     27.83      2.32
    1924    2.71    4.77    6.83    2.56    6.89   22.25    7.76    1.35    0.82    0.55    0.38    2.58     59.45      4.95
    1925    2.69    1.40    0.66    1.20    1.14    7.48    2.81    0.51    0.77    0.72    0.35    2.68     22.41      1.87
    1926    4.72    2.28    1.25    1.01    4.18   14.82    4.83    0.37    0.24    0.66    0.92    1.05     36.33      3.03
    1927    3.85    1.65    2.75    8.77    6.20    5.12    1.73    0.29    0.29    0.35    0.42    0.89     32.31      2.69
    1928    2.78    1.52    1.11    2.76    1.58    7.20    2.69    0.55    1.15    1.32    0.88    6.54     30.08      2.51
    1929    3.07    2.92    3.89    2.01    1.30    5.14    2.46    0.71    0.56    0.42    0.62    0.94     24.03      2.00
    1930    1.50    0.97    0.87    5.18    8.45    8.26    8.66    2.72    0.39    1.00    0.75    0.29     39.05      3.25
    1931    0.90    2.32    1.22    0.80    7.53    8.24    2.26    0.53    0.58    0.47    0.27    0.38     25.49      2.12
    1932    0.67    8.83    4.42    0.72    3.27    6.60    2.35    0.47    0.42    0.77    0.58    0.32     29.41      2.45
    1933    0.40   18.62   16.10   23.19   13.25    7.43    6.05    5.25    1.76    0.94    0.89    0.54     94.42      7.87
    1934    0.98   17.76   13.12    3.21    3.68    7.36    3.14    1.37    1.05    0.58    0.48    0.41     53.13      4.43
    1935    0.91    0.72    0.95    3.38    7.08   11.79    3.66    1.12    0.79    0.38    0.21    0.24     31.23      2.60
    1936    7.16   37.05   12.20   14.16   26.08   15.28    3.20    0.33    0.22    0.25    0.22    0.26    116.40      9.70
    1937    0.70    0.63    2.63   14.91   14.65    3.74    8.03    3.26    1.02    1.62    3.09    1.52     55.80      4.65
    1938    5.98    2.62    6.72   17.90   23.58   12.01    2.52    1.54    0.95    0.71    0.95    1.26     76.72      6.39
    1939    2.84    5.73    4.18    4.34    5.91    6.58    3.08   12.83    4.83    0.73    0.38    8.83     60.26      5.02
    1940    3.51    2.98    8.68   17.04   14.75    4.18    1.46    0.76    0.28    0.33    0.30    0.55     54.81      4.57
    1941    6.00    2.10    0.18    8.32   10.47    7.13    3.84    1.25    0.36    0.21    0.48    0.68     41.03      3.42
    1942    0.82    4.84    9.09    6.43    1.65    1.52    7.30    4.23    1.19    6.33    6.86    2.11     52.37      4.36
    1943   24.31   15.93   11.17    5.69   17.37    7.64    1.03    0.39    0.53    0.42    0.22    2.30     86.99      7.25
    1944    1.82    0.84    0.25    0.45    8.37   17.83    5.36    0.60    0.38    0.23    0.16    0.14     36.44      3.04
    1945    0.35    0.43    0.35    3.35    1.75    6.22    2.65    0.87    0.55    0.31    0.19    0.30     17.32      1.44
    1946    4.73    5.12    1.66    2.10    4.43    2.56    0.82    0.33    0.44    0.49    0.33    0.86     23.87      1.99
    1947    1.43    3.52    2.37    7.79    4.92   23.57    8.07    0.68    0.38    0.26    0.20    0.19     53.38      4.45
    1948    0.49    0.44    0.23    6.45    3.63    1.86    1.28    0.64    0.33    0.29    0.44    0.88     16.95      1.41
    1949    1.05    1.88    3.93    5.32    7.07   17.31    5.85    0.84    0.48    0.61    7.98    3.12     55.44      4.62
    1950    0.45    0.62    1.52    4.85    5.44    4.82    1.98    0.56    0.33    0.26    0.40    0.41     21.64      1.80
    1951    5.32    1.93    0.13    3.34   13.96    5.09    0.63    0.41    0.38    0.97    1.21    1.04     34.41      2.87
    1952    0.76    1.03    1.01    1.69   11.24    4.09    0.79    0.55    0.59    0.45    0.63    0.75     23.58      1.97
    1953    1.04    1.07    1.18    4.26    5.46    3.25    1.20    1.32    1.02    0.49    0.23    0.31     20.83      1.74
    1954    1.01    0.98    0.86   13.62   13.59    3.86    1.16    0.90    0.68    0.50    0.28    0.22     37.66      3.14
    1955    0.60    1.18    2.65    1.34   19.63   15.31    3.30    0.75    0.53    0.33    0.24    0.24     46.10      3.84
    1956    0.57    2.81   26.63   18.05    7.92    4.53    1.87    0.70    0.50    0.65    0.71    4.39     69.33      5.78
    1957   17.45    6.16    3.11   20.44    7.06    4.01    5.22    2.73    0.96    0.38    0.25    2.58     70.36      5.86
    1958    2.78    5.68    5.46    1.78    2.56    1.45    2.44   24.82    8.42    1.30    0.82    0.25     57.77      4.81
    1959    6.63    6.57    4.94    4.38    9.82    3.80    1.42    0.95    0.53    0.37    0.39    0.55     40.36      3.36
    1960    4.09    6.85    2.74    5.21    2.27   11.74    6.40    1.82    1.05    0.67    0.45    0.41     43.70      3.64
    1961    0.30    6.44    4.09    2.43   12.16    6.01    1.69    0.78    0.36    0.22    0.27    0.38     35.15      2.93
    1962    0.57    3.59    1.69   15.49    5.93   17.43    6.88    0.91    0.49    0.85    0.60    0.29     54.74      4.56
    1963    0.87    7.65    5.76   13.04    4.53   23.56    8.83    0.83    0.91    0.69    0.37    0.47     67.50      5.62
    1964    8.69    3.24    5.64    6.22    2.08    5.62    2.93    0.82    1.27    1.17    1.08    0.80     39.56      3.30
    1965    1.17    1.32    0.70   21.05   12.34    2.24    0.45    0.57    0.43    0.25    0.34    0.32     41.17      3.43
    1966    0.35    0.70   15.24   40.11   13.15    9.91    7.89    2.33    0.74    0.55    0.46    0.29     91.72      7.64
    1967    0.63    1.09    1.01    0.37    0.52    3.63    1.76    0.79    0.49    0.45    0.43    0.27     11.45      0.95
    1968    0.32    0.48    0.81    0.97    0.78    9.39    3.98    2.62    1.29    0.39    0.33    0.23     21.59      1.80
    1969    5.25    2.05    9.91    3.81    1.22    0.83    0.37    0.22    0.36    0.38    0.92    1.23     26.55      2.21
    1970    7.80    2.77    0.92    9.86    6.91    7.26    2.92    1.02    0.61    0.65    0.54    0.25     41.51      3.46
    1971    2.05    1.22    3.21   13.19   19.16   16.54    4.15    0.52    0.45    0.39    0.39    0.44     61.70      5.14
    1972    1.03    4.29    1.54    1.48   11.40    5.44    1.56    0.64    0.27    0.30    7.06    3.22     38.22      3.19
    1973    0.58    4.62    3.62   19.46   27.03   17.86    4.56    0.85    0.76    0.61    0.90    0.58     81.43      6.79
    1974    0.29    7.69    4.24   11.96   14.19    8.63    2.50    0.52    0.28    0.43    0.39   11.28     62.40      5.20
    1975    4.33   16.65   11.82   22.41   20.37   38.77   13.14    1.49    0.83    0.48    0.24    2.07    132.60     11.05
    1976   14.10    5.26    1.19   13.39    8.04    7.84    2.93    0.52    0.27    0.20    0.16    0.57     54.48      4.54
    1977    7.32    2.74    0.85   20.55    9.81    4.66    8.02    2.69    0.25    0.21    0.45    5.01     62.56      5.21
    1978    4.50    1.37   11.29    3.92    5.06    2.38    0.54    0.63    0.47    5.63    6.15    2.19     44.14      3.68
    1979    1.06    1.08   10.14    8.81    8.84    3.45    0.76    0.44    0.30    0.22    0.17    3.74     38.99      3.25
    1980    1.74    2.68    1.60   14.64   14.02    3.56    2.16    1.10    0.54    0.41    1.35    0.94     44.74      3.73
    1981    0.46    1.05    0.87    2.11    1.11    5.69    6.74    2.04    0.31    0.32    0.25    0.30     21.26      1.77
    1982    6.27    2.47    0.27    3.07    1.51    1.11    0.78    0.44    0.35    0.59    0.45    0.24     17.55      1.46
    1983    1.49    3.15    7.36   11.38    3.97    4.40    1.98    1.30    0.99    0.57    0.88    0.48     37.95      3.16
    1984    1.04    1.16    0.52    2.02   25.01    8.27    0.45    0.28    0.18    0.18    0.19    0.15     39.45      3.29
    1985    9.97    6.87   15.61   14.75    5.64    2.15    1.40    0.64    0.89    0.70    1.01    0.82     60.45      5.04
    1986   19.63    9.19    1.46    0.59    1.08    1.09    1.00    0.58    0.36    0.30    7.27   31.87     74.41      6.20
    1987   12.45    1.81    0.66    5.12   23.19   17.93    4.59    1.13    0.88    0.89    0.63    2.88     72.14      6.01
    1988    2.53    6.61    3.94    2.68   18.69    6.77    1.26    1.41    1.20    0.67    0.30    0.16     46.23      3.85
    1989    0.76   14.10    5.33    1.96    1.04   12.10    9.52    2.28    0.58    0.58    0.50    0.24     48.98      4.08
    1990    0.36    0.36    2.26    8.16    4.57    1.74    0.54    0.16    0.14    0.17    0.17    0.36     18.97      1.58
    1991   12.72    4.31    0.92    0.69    1.07    0.96    0.51    0.24    0.16    0.14    0.41    0.39     22.51      1.88
    1992    1.10    1.20    0.62    0.80    1.51    2.51    2.36    1.04    0.37    0.23    0.48    0.34     12.58      1.05
    1993    9.46    8.80   11.48   20.47   22.18   21.14   10.58    2.21    0.25    0.29    0.31    0.18    107.33      8.94
    1994    0.44    0.31    0.59    7.20    9.84   10.15    6.80    2.21    0.58    0.29    0.19    0.14     38.74      3.23
    1995    2.82    5.88   14.06   14.79    8.01    4.86    1.85    0.66    0.36    1.22    1.15    0.64     56.31      4.69
    1996   21.52   12.11    4.53   19.07    6.91   19.70    7.45    6.42    7.72    3.39    1.26    0.46    110.54      9.21
    1997    3.70    9.41    5.53    8.50   28.92   24.43    5.55    0.37    0.23    0.35    0.31    0.33     87.64      7.30
    1998    1.38    9.12    3.55    1.00    6.21    6.10    1.98    0.50    0.30    0.27    0.27    0.21     30.89      2.57
    1999    1.81    1.04    8.64   14.69   13.95   30.73   10.05    1.09    0.55    0.31    0.19    0.63     83.69      6.97
    2000    1.23    1.07    3.36   21.36   13.47    3.90    1.43    0.64    0.30    0.26    1.75    2.47     51.24      4.27
    2001    4.44    7.62    3.39    5.28    2.82    1.38    0.98    1.01    0.84    0.62    6.70    3.47     38.55      3.21
    2002    1.14    0.42    3.80    2.19    3.53    7.42    2.77    0.52    0.28    0.20    0.55    0.60     23.43      1.95
    2003    0.28    2.81    1.38    6.57    9.96   12.41    3.65    0.27    0.20    0.33    0.35    0.57     38.78      3.23
    2004    1.22    3.06    1.49    8.86    9.66    9.36    3.75    0.91    0.37    0.22    0.58    0.56     40.04      3.34
    2005    6.76    7.55    2.64   18.94   26.56   15.33    3.93    0.82    0.38    0.23    1.03    0.68     84.84      7.07
    2006    4.97   28.61   13.71    2.39    0.63    0.57    0.76    0.44    0.52    0.44    0.26    0.81     54.12      4.51
    2007   22.29    7.95    1.14    7.18    4.67    9.36    3.47    0.49    1.01    0.78    0.36    0.38     59.07      4.92
    2008    0.61    7.36   20.10   14.47   16.03    4.88    0.35    0.25    1.95    1.18    0.65    0.38     68.19      5.68
    2009   17.08    6.38    0.36   25.19    9.29    1.92    1.86    0.85    0.77    0.58    0.25    0.10     64.64      5.39
  
 AVERAGE    4.11    4.96    4.61    8.37    8.94    8.59    3.50    1.48    0.81    0.68    0.98    1.60     48.65      4.05
