    1920    1.79    1.06    0.57    0.58    1.48   12.14    4.77    1.08    0.79    0.54    0.32    1.19     26.31      2.19
    1921    1.57    2.63    5.27    2.28    1.34    1.38    0.60    0.80    1.66    1.48    1.03    1.11     21.15      1.76
    1922    2.86    3.55    1.69    1.61    8.23    4.10    1.26    0.80    0.85    1.78    1.45    1.11     29.29      2.44
    1923    1.14    1.15    0.87    1.41    1.69    7.41    2.89    0.60    0.59    0.63    0.58    3.26     22.22      1.85
    1924    2.36    2.19    2.89    1.52    4.68   23.23    8.58    1.68    1.06    0.75    0.53    1.65     51.10      4.26
    1925    2.04    1.31    0.65    1.05    1.13    5.77    2.41    0.67    0.97    0.94    0.49    1.58     19.01      1.58
    1926    2.47    1.70    1.20    0.94    1.71   13.77    4.94    0.51    0.35    0.85    1.15    1.23     30.81      2.57
    1927    1.99    1.06    1.35    5.70    3.34    2.57    1.21    0.41    0.40    0.50    0.57    1.04     20.14      1.68
    1928    1.75    1.21    1.05    1.43    1.18    5.44    2.23    0.72    1.38    1.59    1.11    5.33     24.41      2.03
    1929    2.80    1.71    1.79    1.40    1.30    2.88    1.86    0.89    0.73    0.58    0.80    1.10     17.85      1.49
    1930    1.48    0.99    0.83    2.15    5.45    5.92    7.37    2.70    0.58    1.26    0.96    0.39     30.06      2.51
    1931    0.97    1.55    0.93    0.76    5.43    5.58    1.76    0.69    0.76    0.64    0.39    0.48     19.93      1.66
    1932    0.75    6.52    3.16    0.55    1.45    4.15    1.90    0.63    0.57    0.99    0.76    0.42     21.84      1.82
    1933    0.46   18.54   13.50   22.37   11.26    4.93    4.14    3.82    1.65    1.25    1.13    0.69     83.74      6.98
    1934    1.07   17.32   10.06    2.28    1.76    5.29    2.90    1.63    1.30    0.77    0.65    0.53     45.54      3.80
    1935    0.99    0.74    0.89    1.53    4.27   10.21    3.57    1.35    0.99    0.54    0.31    0.33     25.72      2.14
    1936    5.57   41.69   13.83   12.35   27.06   14.54    2.97    0.46    0.32    0.38    0.34    0.35    119.86      9.99
    1937    0.78    0.65    1.30   12.95   12.82    3.48    7.34    3.30    1.30    2.05    2.64    1.56     50.17      4.18
    1938    4.07    1.99    3.79   15.75   23.87   10.56    2.09    1.62    1.18    0.96    1.19    1.45     68.51      5.71
    1939    1.92    2.84    2.06    1.86    3.02    3.84    2.50   13.83    5.52    1.02    0.54    8.28     47.24      3.94
    1940    3.53    1.58    5.48   14.64   12.97    4.01    1.62    0.90    0.39    0.46    0.43    0.67     46.68      3.89
    1941    3.97    1.50    0.19    5.64    7.74    4.53    2.58    1.27    0.54    0.33    0.64    0.82     29.75      2.48
    1942    0.91    2.12    5.28    3.03    0.84    1.27    6.45    3.87    1.43    5.96    6.13    2.09     39.38      3.28
    1943   27.23   14.52    7.75    3.36   17.12    7.05    0.88    0.53    0.70    0.58    0.33    1.52     81.57      6.80
    1944    1.83    0.96    0.26    0.43    6.44   17.42    5.65    0.77    0.52    0.34    0.26    0.20     35.08      2.92
    1945    0.41    0.45    0.33    1.33    1.15    4.33    2.20    1.07    0.71    0.44    0.29    0.39     13.13      1.09
    1946    2.62    2.36    0.99    1.21    1.83    1.72    0.93    0.45    0.62    0.70    0.47    0.96     14.88      1.24
    1947    1.47    1.81    1.49    4.97    2.88   25.90    9.14    0.87    0.51    0.39    0.31    0.26     50.00      4.17
    1948    0.56    0.46    0.22    3.48    2.30    1.62    1.39    0.81    0.46    0.42    0.59    1.01     13.31      1.11
    1949    1.14    1.39    1.70    1.86    3.83   16.87    6.17    1.05    0.64    0.80    7.78    3.27     46.48      3.87
    1950    0.56    0.64    1.15    1.91    2.20    2.25    1.60    0.75    0.46    0.39    0.54    0.53     12.98      1.08
    1951    3.24    1.28    0.14    1.28   12.53    4.99    0.73    0.52    0.52    1.21    1.46    1.23     29.14      2.43
    1952    0.86    1.03    0.95    1.20    9.96    3.86    0.92    0.68    0.76    0.62    0.81    0.91     22.54      1.88
    1953    1.13    1.08    1.11    1.69    2.41    2.00    1.17    1.52    1.24    0.66    0.35    0.41     14.75      1.23
    1954    1.07    0.98    0.80   11.66   11.38    3.50    1.31    1.08    0.87    0.68    0.40    0.31     34.03      2.84
    1955    0.67    1.19    1.48    0.94   20.32   14.37    3.13    0.93    0.69    0.47    0.35    0.33     44.88      3.74
    1956    0.64    1.48   27.80   16.11    4.86    2.48    1.64    0.91    0.66    0.86    0.92    2.70     61.06      5.09
    1957   17.45    6.47    1.58   19.97    7.22    1.81    3.13    2.58    1.31    0.57    0.37    1.62     64.08      5.34
    1958    2.06    2.96    2.31    0.97    1.45    1.17    1.74   29.56   10.31    1.66    1.05    0.34     55.57      4.63
    1959    4.80    3.38    2.04    1.89    7.75    3.44    1.64    1.20    0.72    0.53    0.54    0.68     28.61      2.38
    1960    1.99    3.45    1.83    2.19    1.30   10.73    5.23    1.87    1.38    0.89    0.61    0.53     31.98      2.66
    1961    0.36    3.74    2.36    1.49   10.74    4.89    1.65    0.98    0.50    0.33    0.39    0.49     27.92      2.33
    1962    0.65    1.58    1.02   14.07    5.62   18.20    7.35    1.16    0.68    1.09    0.79    0.39     52.61      4.38
    1963    0.95    5.16    3.01   10.41    3.99   25.99    9.87    1.03    1.12    0.90    0.51    0.59     63.51      5.29
    1964    7.41    2.93    2.61    2.39    1.13    3.48    2.40    1.02    1.52    1.45    1.33    0.97     28.65      2.39
    1965    1.35    1.43    0.72   21.20    9.99    1.52    0.55    0.70    0.57    0.37    0.48    0.42     39.30      3.28
    1966    0.41    0.71   13.51   44.30   14.12    8.83    6.33    2.12    1.00    0.75    0.63    0.40     93.09      7.76
    1967    0.71    1.10    0.96    0.35    0.53    1.70    1.34    1.01    0.66    0.62    0.58    0.37      9.91      0.83
    1968    0.39    0.49    0.76    0.90    0.77    8.08    3.78    2.12    1.37    0.60    0.48    0.33     20.07      1.67
    1969    3.22    1.43    7.27    2.96    1.22    0.91    0.45    0.30    0.49    0.53    1.10    1.40     21.28      1.77
    1970    6.19    2.30    0.88    7.27    3.76    4.83    2.54    1.24    0.79    0.85    0.72    0.35     31.71      2.64
    1971    1.33    1.01    1.43   10.62   18.22   15.69    4.14    0.68    0.60    0.54    0.54    0.56     55.37      4.61
    1972    1.12    1.92    0.74    1.05   10.19    4.64    1.60    0.81    0.38    0.43    6.64    3.32     32.83      2.74
    1973    0.71    1.98    1.79   18.90   28.34   17.39    4.65    1.05    0.96    0.81    1.12    0.72     78.42      6.54
    1974    0.35    5.32    2.86    9.83   12.35    6.28    1.99    0.68    0.40    0.60    0.54   11.00     52.20      4.35
    1975    4.43   16.04    8.66   21.59   19.75   44.88   14.84    1.64    1.10    0.66    0.35    1.47    135.40     11.28
    1976   13.82    5.37    1.14   11.37    5.33    5.83    2.68    0.68    0.39    0.31    0.26    0.68     47.86      3.99
    1977    5.70    2.30    0.81   20.44    8.11    2.23    6.74    2.67    0.39    0.32    0.60    3.38     53.71      4.48
    1978    2.78    1.01    8.95    3.21    2.70    1.66    0.65    0.78    0.62    4.81    4.95    2.10     34.22      2.85
    1979    1.21    1.09    7.45    4.98    5.94    2.94    0.88    0.56    0.42    0.33    0.26    2.03     28.08      2.34
    1980    1.28    1.46    1.16   12.95   11.92    3.19    1.64    1.13    0.75    0.57    1.51    1.15     38.70      3.22
    1981    0.56    1.05    0.83    1.23    0.85    3.56    4.67    1.78    0.47    0.47    0.37    0.40     16.23      1.35
    1982    4.52    1.95    0.28    1.27    0.96    1.23    0.93    0.57    0.48    0.76    0.61    0.33     13.89      1.16
    1983    1.18    1.71    4.02    7.95    3.23    2.18    1.35    1.54    1.23    0.77    1.09    0.61     26.88      2.24
    1984    1.11    1.15    0.50    1.11   27.25    9.19    0.55    0.37    0.27    0.27    0.28    0.22     42.27      3.52
    1985    9.04    4.53   13.37   11.92    3.96    1.76    1.58    0.80    1.08    0.91    1.24    0.99     51.17      4.26
    1986   20.98    8.24    0.98    0.56    1.07    1.13    1.12    0.71    0.49    0.44    6.94   37.48     80.14      6.68
    1987   13.12    1.48    0.65    2.24   23.78   17.49    4.63    1.36    1.10    1.13    0.82    1.79     69.59      5.80
    1988    2.02    4.14    2.40    1.55   19.03    7.12    1.42    1.62    1.46    0.88    0.44    0.23     42.31      3.53
    1989    0.83   12.69    4.90    1.32    0.87   11.23    7.97    2.04    0.80    0.78    0.67    0.33     44.42      3.70
    1990    0.42    0.38    1.19    5.14    2.88    1.56    0.63    0.21    0.21    0.24    0.25    0.45     13.55      1.13
    1991   12.10    4.19    0.87    0.64    1.06    0.99    0.59    0.33    0.24    0.21    0.53    0.49     22.25      1.85
    1992    1.16    1.23    0.61    0.75    1.24    1.68    1.94    1.16    0.55    0.35    0.64    0.44     11.75      0.98
    1993    8.38    5.72    7.99   18.89   22.05   21.59    9.51    1.95    0.39    0.42    0.44    0.26     97.57      8.13
    1994    0.51    0.33    0.55    4.35    7.02    8.15    4.96    1.99    0.80    0.43    0.29    0.21     29.58      2.46
    1995    1.49    2.86   10.98   11.91    5.01    2.46    1.50    0.86    0.50    1.47    1.41    0.79     41.22      3.43
    1996   23.49    9.98    2.13   18.21    6.93   20.86    8.27    6.06    7.63    3.97    1.65    0.60    109.78      9.15
    1997    1.64    6.53    3.36    5.44   31.18   25.84    5.97    0.50    0.33    0.49    0.45    0.43     82.17      6.85
    1998    1.29    6.92    2.89    0.95    3.74    3.27    1.43    0.66    0.43    0.40    0.39    0.30     22.66      1.89
    1999    1.27    0.89    5.78   11.87   12.03   34.37   11.70    1.40    0.75    0.45    0.29    0.74     81.55      6.80
    2000    1.34    1.09    1.54   21.00   11.54    3.02    1.52    0.82    0.42    0.39    1.58    2.17     46.41      3.87
    2001    2.42    4.54    2.38    2.34    1.81    1.46    1.11    1.19    1.05    0.82    6.17    3.54     28.82      2.40
    2002    1.30    0.46    1.45    1.39    1.75    5.33    2.43    0.68    0.40    0.31    0.71    0.74     16.95      1.41
    2003    0.35    1.30    0.87    3.70    7.17   10.96    3.54    0.39    0.30    0.47    0.49    0.69     30.22      2.52
    2004    1.31    1.71    1.03    6.17    6.78    7.20    3.38    1.15    0.53    0.34    0.75    0.70     31.04      2.59
    2005    5.09    4.31    1.75   18.37   27.61   14.54    3.86    1.02    0.52    0.35    1.36    0.91     79.69      6.64
    2006    3.00   30.59   11.45    1.30    0.64    0.61    0.86    0.55    0.67    0.60    0.38    0.95     51.60      4.30
    2007   24.35    8.69    1.09    4.33    2.73    7.94    3.31    0.64    1.24    1.01    0.50    0.49     56.31      4.69
    2008    0.69    4.87   18.41   11.61   14.37    4.82    0.43    0.33    1.88    1.50    0.93    0.50     60.36      5.03
    2009   17.78    6.71    0.37   26.71    9.82    1.68    1.89    1.06    1.00    0.77    0.37    0.15     68.32      5.69
  
 AVERAGE    3.71    4.00    3.39    6.83    7.71    7.77    3.28    1.64    1.00    0.85    1.08    1.60     42.87      3.57
