    1920    2.75    1.81    0.69    0.63    3.79   12.22   10.00    2.43    1.66    0.88    0.41    0.80     38.07      3.17
    1921    1.49    5.54   16.30   12.35    1.88    1.55    0.75    0.73    3.39    3.64    1.51    1.18     50.29      4.19
    1922    3.04   10.46    8.60    3.84   13.15   10.81    1.92    1.92    1.60    2.11    2.30    1.41     61.16      5.10
    1923    0.98    1.59    1.28    1.51    3.78   20.02   17.91    0.74    0.71    0.74    0.67    5.42     55.36      4.61
    1924    6.20    8.03    8.69    2.16    7.32   22.91   21.90    9.05    3.69    1.09    0.74    1.51     93.27      7.77
    1925    3.05    2.39    0.84    1.51    2.20    9.35    8.82    0.81    1.04    1.12    0.69    1.01     32.85      2.74
    1926    3.97    4.46    1.73    0.93    3.77   24.00   21.16    0.68    0.47    1.10    1.88    1.52     65.67      5.47
    1927    3.17    2.81    5.72   19.27   15.51    4.16    2.76    0.67    0.45    0.59    0.70    0.76     56.57      4.71
    1928    2.59    2.69    1.45    5.30    4.85    8.18    8.25    1.17    3.56    4.11    2.03    8.23     52.42      4.37
    1929    8.13    1.52    5.44    5.13    1.59    5.85    6.83    2.73    1.07    0.70    0.83    1.00     40.82      3.40
    1930    1.05    0.95    0.71    1.37    5.19    8.87   25.06   20.75    0.82    3.81    4.04    0.66     73.29      6.11
    1931    0.93    8.95    8.40    0.79    5.73   13.82    9.09    0.86    1.02    0.76    0.43    0.77     51.57      4.30
    1932    1.08    1.32    1.45    0.74    0.67    1.39    1.56    1.14    0.89    0.94    0.85    0.76     12.79      1.07
    1933    0.73   20.78   34.95   56.01   47.31   11.24   11.30   12.04    7.00    1.33    1.76    1.50    205.97     17.16
    1934    1.81    9.88    9.43    1.27    5.84   16.65   14.15    3.69    2.00    1.54    1.17    1.08     68.51      5.71
    1935    1.07    2.11    2.72    1.92    4.00    6.86    4.27    2.85    2.88    0.77    0.49    0.38     30.35      2.53
    1936    4.87   28.86   25.04   20.13   33.25   23.93   10.77    0.88    0.72    0.72    0.66    0.53    150.36     12.53
    1937    0.61    0.84    2.87    7.59   18.02   13.02    8.98    9.34    1.56    1.75    1.56    1.09     67.23      5.60
    1938    6.03    5.92    5.91   14.22   20.51   12.30    0.92    1.24    1.46    1.23    2.96    3.41     76.10      6.34
    1939    7.98   10.07    3.65    0.51    4.64   10.40   14.08   13.67    6.44    0.91    0.62   10.89     83.85      6.99
    1940   11.26    2.74    7.17    7.92   15.66   13.71    7.02    6.55    0.65    0.66    0.72    0.76     74.81      6.23
    1941    4.81    4.45    0.37    9.02   16.06   19.23   18.05    6.81    0.86    0.49    1.20    1.66     83.02      6.92
    1942    6.84   13.37   16.18   10.74    2.24    1.33   15.37   22.07    8.42    3.86   11.94    9.41    121.79     10.15
    1943   11.66   35.44   26.22    2.37   11.60   12.23    1.51    1.19    5.56    5.37    0.73    1.05    114.93      9.58
    1944    1.86    1.60    0.71    0.55    2.56   16.73   15.11    1.29    1.31    0.60    0.35    0.32     42.98      3.58
    1945    0.35    0.66    0.85    4.61    5.09   11.17   11.05    1.40    1.13    0.91    0.54    0.42     38.19      3.18
    1946    5.26    5.52    1.51    1.40    4.14    4.43    1.39    1.15    1.01    0.97    0.65    1.47     28.89      2.41
    1947    5.14    4.47    5.87    6.73    3.39   27.34   26.42    1.88    1.16    0.58    0.41    0.30     83.70      6.98
    1948    0.43    0.51    0.27    4.99    7.56    6.70    4.61    1.25    1.21    0.88    0.60    0.57     29.57      2.46
    1949    1.30    3.73    6.14    4.16   12.71   32.41   38.19   21.50    4.65    4.14   16.96   14.32    160.23     13.35
    1950    0.92    0.79    5.77   16.22   13.15    6.16    5.53    1.97    1.16    1.00    0.80    0.79     54.25      4.52
    1951   15.79   15.67    0.45    1.96   15.92   15.75    2.02    0.76    0.93    4.33    4.79    1.83     80.19      6.68
    1952    1.33    3.91    4.19    1.54   15.30   16.49    7.82    6.66    1.33    1.03    0.77    0.83     61.22      5.10
    1953    5.64    7.35    4.23    2.59    7.38   17.77   11.67    1.96    2.11    1.22    0.57    0.41     62.91      5.24
    1954    0.61    1.02    1.11   26.87   44.27   18.22    2.06    1.80    1.38    1.12    0.77    0.40     99.63      8.30
    1955    1.05    3.18    9.00    7.40   28.58   42.64   15.04    2.23    1.75    0.76    0.42    0.39    112.44      9.37
    1956    2.76    3.19   29.08   33.18    5.79    2.91    2.90    1.47    1.01    1.21    1.62   15.64    100.77      8.40
    1957   33.63   19.53    1.72   11.24   11.64    3.34    6.80    8.88    5.06    0.80    0.50    0.66    103.80      8.65
    1958    1.21    4.81    6.93    3.68    3.65    4.37   12.03   22.38   12.19    3.28    3.20    0.53     78.26      6.52
    1959    2.16    3.72   13.14   11.98    8.33   13.07    7.82    3.06    1.13    0.99    1.20    1.30     67.89      5.66
    1960    3.57    7.04    4.90    4.85    4.63   14.42   17.83    5.19    6.03    5.61    1.41    0.84     76.32      6.36
    1961    0.44   16.46   18.14    2.29   19.51   22.63    5.47    2.32    0.69    0.47    0.44    0.40     89.24      7.44
    1962    0.70    9.05    8.83   17.67   18.45   15.12   24.60   11.24    1.37    1.81    1.72    0.66    111.23      9.27
    1963    0.94   13.19   15.94    4.48    1.52   31.52   32.07    1.71    1.26    1.24    0.71    0.63    105.21      8.77
    1964   20.95   20.85    3.77    4.39    1.18    0.54    5.50    5.64    2.86    3.53    3.26    2.60     75.07      6.26
    1965    0.98    1.47    0.96   24.41   27.95    4.28    1.36    1.39    1.03    0.60    0.47    0.38     65.28      5.44
    1966    0.47    1.29    4.85   44.06   41.15    6.01   21.50   18.21    2.51    1.57    1.01    0.60    143.21     11.93
    1967    2.48    4.35    2.43    0.72    0.42    7.89   10.20    8.93    7.14    1.13    0.96    0.54     47.21      3.93
    1968    0.71    0.79    2.15    2.48    3.95   31.89   32.34    9.63    6.63    0.90    0.80    0.71     92.97      7.75
    1969   14.85   14.84    0.63    1.05    1.26    1.01    0.58    0.43    0.58    0.84    1.20    3.09     40.35      3.36
    1970    4.90    3.11    6.89   13.37    7.68    2.80    3.10    3.61    3.02    1.26    1.16    0.52     51.44      4.29
    1971    0.89    1.42    8.87   25.43   35.25   45.46   27.75    1.52    1.44    1.10    0.68    0.59    150.40     12.53
    1972    0.98    1.36    0.80    0.56   20.99   22.40    2.95    1.52    0.63    0.46    6.79    7.21     66.63      5.55
    1973    0.88    1.12    1.94   26.89   48.58   33.03   11.50    1.22    0.98    0.75    1.26    1.33    129.47     10.79
    1974    0.57   16.93   17.59    5.62   15.10   27.84   18.30    1.71    0.89    0.93    0.86    8.42    114.75      9.56
    1975    8.89   18.03   26.10   33.80   47.98   56.03   40.51    8.91    2.37    1.68    0.66    9.19    254.15     21.18
    1976   32.61   24.16    0.76   11.02   20.11   27.03   18.43    1.63    0.89    0.62    0.59    3.23    141.07     11.76
    1977   17.14   14.75    3.44   19.70   17.79   21.19   32.54   12.66    0.68    0.65    0.79    3.53    144.85     12.07
    1978    3.50    0.82   13.50   13.46    2.87    2.91    0.67    1.35    1.52    6.34   11.33    6.33     64.59      5.38
    1979    4.14    4.59    3.70    3.40    1.61    1.77    1.20    0.73    0.49    0.36    0.32    1.58     23.90      1.99
    1980    1.61    7.18    7.21   23.95   37.36   18.91    7.07    2.04    1.83    1.43    9.60    9.52    127.71     10.64
    1981    0.69    5.13    5.64    2.68    3.51    2.84   18.71   18.09    0.97    1.11    0.87    0.52     60.76      5.06
    1982   16.07   16.84    1.11    0.48    0.65    0.93    1.50    1.74    1.67    2.11    1.86    0.66     45.62      3.80
    1983    0.95    7.17    8.38    3.05    1.38    1.20    1.41    3.29    3.28    0.89    1.31    1.31     33.61      2.80
    1984    1.27    1.79    1.10    1.44   12.51   12.23    1.59    1.01    0.57    0.55    0.39    0.21     34.65      2.89
    1985    9.56   10.82    7.76    7.12    1.49    1.76    1.76    1.09    4.49    4.81    4.29    4.42     59.36      4.95
    1986   19.48   28.64    9.75    0.42    3.60    4.53    4.06    3.43    0.54    0.54    2.20   28.07    105.25      8.77
    1987   27.32    3.48    3.19    1.33   18.18   30.85   23.64   11.88    2.07    2.14    1.87    1.83    127.76     10.65
    1988   12.65   19.44   13.50   12.46   27.02   21.05    2.78    3.13    2.57    2.03    1.09    0.58    118.30      9.86
    1989    0.94    8.45    7.98    7.31    9.53   18.47   28.07   12.70    1.46    1.79    1.29    0.66     98.66      8.22
    1990    0.49    0.45    2.88   37.57   45.08   22.96   13.22    0.56    0.53    0.49    0.46    1.03    125.73     10.48
    1991   23.18   22.99    2.59    2.02    0.42    0.57    0.80    0.66    0.34    0.31    4.49    4.57     62.93      5.24
    1992    2.00    6.60    5.21    0.77   15.37   19.01   14.23   10.77    0.89    0.50    0.66    0.77     76.78      6.40
    1993   13.51   13.95    1.76   18.91   38.68   33.03   15.15    3.06    0.56    0.54    0.55    0.46    140.17     11.68
    1994    0.42    0.38    0.33    0.81    1.31    2.75    2.52    0.91    0.77    0.65    0.60    0.48     11.93      0.99
    1995    5.67    6.35    6.16   10.60   13.60   13.26    6.30    1.87    0.91    0.71    0.74    0.44     66.61      5.55
    1996   13.94   33.01   21.70    7.93    5.71   20.22   23.84    6.81    3.34    1.56    1.60    1.16    140.84     11.74
    1997    0.76    1.43    1.23    6.55   20.03   40.49   26.59    0.62    0.50    0.46    0.43    0.39     99.49      8.29
    1998    6.50    9.86    4.50    7.70    7.41    1.40    1.42    0.97    0.95    0.55    0.36    0.25     41.86      3.49
    1999    1.25    1.30   16.90   19.95    9.81   14.24   10.80    4.26    1.26    0.69    0.43    5.91     86.78      7.23
    2000    6.81    1.93    7.07    7.21    3.43    3.54   17.65   17.65    1.52    1.13    8.78    8.79     85.52      7.13
    2001    1.90    9.72   18.89   18.48    8.64    1.36    3.86   11.20    9.44    1.39   14.91   16.07    115.86      9.65
    2002    2.41    1.14    0.97    1.59    6.08   11.73    7.82    1.22    0.55    0.43    0.57    0.96     35.46      2.96
    2003    0.75    0.58    0.82    1.33    6.59   13.89    8.66    0.69    0.38    0.49    0.54    0.68     35.38      2.95
    2004    1.39    1.52    0.91    8.19   10.80    4.77    2.68    1.35    0.77    0.40    0.55    0.70     34.03      2.84
    2005    8.59    9.57    1.44   22.26   51.34   49.11   24.24    4.94    0.88    0.48    1.13    1.25    175.23     14.60
    2006    1.30    2.10    5.62    5.10    0.63    0.59    1.33    1.17    0.61    0.55    0.45    0.71     20.18      1.68
    2007   11.85   12.13    4.30    9.78   11.65   11.39    6.69    0.82    1.47    1.71    0.77    0.31     72.87      6.07
    2008    0.34    4.34    8.43   16.47   37.05   28.75    4.59    0.60    1.13    1.39    0.81    0.53    104.42      8.70
    2009    7.51    8.10    1.18   12.08   12.28    6.82    7.35    1.41    0.63    0.54    0.39    0.30     58.59      4.88
  
 AVERAGE    5.53    7.76    6.79    9.57   13.30   14.58   11.24    4.81    2.07    1.43    1.95    2.70     81.73      6.81
