    1920    4.62    2.87    0.93    0.86    5.63   16.86   13.73    3.58    2.09    1.10    0.49    0.99     53.74      4.48
    1921    1.90    8.01   22.47   16.61    2.62    2.01    0.99    0.92    4.52    4.80    1.84    1.48     68.16      5.68
    1922    4.42   14.69   11.68    5.89   18.23   14.18    2.50    2.49    2.04    2.64    2.89    1.79     83.43      6.95
    1923    1.26    2.61    2.20    2.88    6.34   26.12   22.61    0.93    0.87    0.89    0.81    7.19     74.72      6.23
    1924    8.21   11.03   12.86    3.82    9.62   29.53   28.20   12.12    5.14    1.31    0.89    2.42    125.16     10.43
    1925    4.94    3.72    1.12    2.93    3.69   12.15   11.45    1.02    1.30    1.38    0.84    1.26     45.79      3.82
    1926    5.57    7.04    3.09    1.27    5.53   30.99   26.50    0.85    0.58    1.34    2.33    1.93     87.00      7.25
    1927    4.58    4.14    8.20   26.11   21.03    6.74    4.29    0.84    0.55    0.71    0.85    0.95     78.99      6.58
    1928    3.82    3.96    2.30    8.02    7.05   10.95   11.02    1.48    4.76    5.38    2.49   10.73     71.97      6.00
    1929   10.59    1.99    7.91    7.51    2.84    8.77    9.82    3.99    1.33    0.86    1.02    1.24     57.86      4.82
    1930    1.34    1.24    0.96    2.46    7.80   12.59   31.91   25.61    1.33    4.99    5.23    0.80     96.27      8.02
    1931    1.19   12.09   11.39    1.07    7.98   18.86   11.94    1.08    1.28    0.93    0.52    0.95     69.27      5.77
    1932    1.37    1.75    1.95    1.01    0.89    1.80    2.00    1.48    1.11    1.16    1.04    0.94     16.51      1.38
    1933    0.92   26.29   44.89   70.21   59.12   15.17   14.75   15.48    8.87    1.62    2.18    1.90    261.40     21.78
    1934    2.96   13.63   12.47    1.73    7.98   22.21   18.68    5.22    2.51    1.92    1.45    1.35     92.11      7.68
    1935    1.37    3.57    5.15    3.43    5.76   10.15    5.99    4.13    4.13    0.92    0.58    0.46     45.66      3.81
    1936    6.62   36.89   31.61   25.76   42.52   31.04   13.79    1.11    0.89    0.88    0.80    0.65    192.56     16.05
    1937    0.76    1.10    4.52   11.57   24.23   16.71   11.42   11.86    1.94    2.17    1.94    1.37     89.59      7.47
    1938    8.01    7.89    8.36   19.97   27.28   15.86    1.20    1.58    1.85    1.53    4.16    4.70    102.39      8.53
    1939   10.52   14.17    5.59    0.70    6.43   14.50   18.70   17.81    8.26    1.09    0.75   13.56    112.06      9.34
    1940   14.05    4.43   10.74   11.90   21.10   17.54    8.84    8.20    0.80    0.80    0.87    0.94    100.22      8.35
    1941    6.46    6.03    0.28   12.09   21.80   25.33   23.23    8.46    1.07    0.59    1.48    2.10    108.94      9.08
    1942    8.71   17.97   22.19   15.32    3.90    1.78   19.02   27.75   10.48    5.09   15.05   11.44    158.70     13.22
    1943   14.55   44.82   33.89    4.11   14.62   15.55    1.99    1.47    7.01    6.77    0.87    1.31    146.97     12.25
    1944    2.38    2.11    0.96    0.74    3.93   22.08   19.17    1.63    1.66    0.75    0.36    0.27     56.05      4.67
    1945    0.44    0.86    1.15    6.81    7.45   14.68   14.48    1.78    1.43    1.13    0.65    0.52     51.39      4.28
    1946    7.15    7.51    2.51    2.37    5.96    6.35    1.81    1.48    1.27    1.19    0.79    2.31     40.70      3.39
    1947    7.59    6.28    8.54   10.56    5.90   34.81   32.84    2.41    1.49    0.71    0.49    0.32    111.94      9.33
    1948    0.53    0.66    0.36    7.22   11.31    9.97    6.49    1.59    1.53    1.09    0.73    0.70     42.16      3.51
    1949    1.66    5.65    9.80    6.34   16.61   41.32   47.74   27.29    6.34    5.46   21.25   17.53    206.99     17.25
    1950    1.15    1.03    8.12   22.30   17.93    9.10    8.09    3.03    1.44    1.23    0.98    0.98     75.36      6.28
    1951   19.83   19.67    0.47    3.47   21.26   20.83    3.34    0.95    1.15    5.55    6.09    2.29    104.90      8.74
    1952    1.71    5.75    6.12    2.09   19.71   21.93   10.63    8.33    1.66    1.26    0.94    1.04     81.17      6.76
    1953    7.54   10.67    7.08    4.35   10.03   23.65   15.10    3.06    3.21    1.48    0.69    0.50     87.36      7.28
    1954    0.77    1.34    1.49   33.86   55.90   23.13    2.70    2.34    1.77    1.39    0.94    0.49    126.10     10.51
    1955    1.33    4.83   13.31   10.33   35.54   53.54   19.22    2.85    2.11    0.88    0.50    0.44    144.88     12.07
    1956    4.02    4.54   36.54   42.88    8.48    4.63    4.34    1.88    1.27    1.49    2.02   19.67    131.75     10.98
    1957   42.23   24.77    2.57   14.86   15.68    5.24    9.37   11.83    6.71    0.96    0.42    0.81    135.46     11.29
    1958    1.54    6.79   10.57    5.63    5.39    6.89   15.95   28.35   15.22    4.37    4.27    0.63    105.61      8.80
    1959    3.32    5.97   18.15   15.80   10.98   17.57   10.60    4.40    1.40    1.22    1.48    1.64     92.53      7.71
    1960    5.06   10.33    6.96    7.08    6.78   18.45   23.29    7.00    7.48    6.94    1.72    1.04    102.13      8.51
    1961    0.50   20.93   24.11    4.00   24.61   29.38    8.11    3.46    0.85    0.42    0.38    0.46    117.20      9.77
    1962    0.88   12.07   11.80   22.69   23.93   19.32   31.24   14.05    1.70    2.25    2.14    0.82    142.90     11.91
    1963    1.20   17.15   21.80    6.68    2.05   39.02   39.68    2.13    1.51    1.52    0.87    0.78    134.37     11.20
    1964   26.03   25.90    5.73    6.49    1.60    0.72    7.13    7.31    2.89    3.69    4.50    3.76     95.74      7.98
    1965    1.24    1.93    1.29   30.74   36.07    6.14    1.77    1.79    1.31    0.73    0.56    0.46     84.02      7.00
    1966    0.58    1.75    7.16   55.60   51.64    8.98   27.64   23.17    3.65    1.91    1.24    0.74    184.06     15.34
    1967    3.73    6.75    3.98    0.98    0.58   10.38   13.86   12.00    9.13    1.37    1.18    0.66     64.59      5.38
    1968    0.90    1.03    3.64    4.04    5.73   40.40   40.65   12.95    8.46    1.08    0.97    0.87    120.73     10.06
    1969   18.64   18.63    0.85    1.42    1.70    1.34    0.76    0.54    0.71    1.01    1.48    4.31     51.38      4.28
    1970    7.32    4.47    9.50   18.78   10.68    4.44    4.76    5.17    4.43    1.53    1.42    0.65     73.13      6.09
    1971    1.13    1.86   12.22   33.65   45.05   56.82   34.41    1.95    1.83    1.37    0.83    0.73    191.84     15.99
    1972    1.25    1.78    1.08    0.76   26.43   28.98    4.49    1.93    0.80    0.55    8.30    8.84     85.18      7.10
    1973    1.10    1.64    3.07   34.07   60.80   42.00   14.86    1.55    1.23    0.92    1.56    1.66    164.46     13.71
    1974    0.73   21.57   22.48    8.05   20.69   35.71   23.06    2.10    1.06    1.12    1.05   10.59    148.22     12.35
    1975   11.24   23.02   34.27   43.64   60.27   69.42   50.46   11.21    2.99    2.10    0.81   11.21    320.64     26.72
    1976   40.75   29.83    1.02   14.25   26.65   34.67   23.02    2.08    1.13    0.64    0.43    4.42    178.89     14.91
    1977   22.03   18.49    5.43   26.33   22.80   26.62   41.04   15.48    0.84    0.61    0.96    4.89    185.52     15.46
    1978    4.87    1.06   17.54   17.49    4.44    4.44    0.86    1.72    1.93    7.86   14.56    7.95     84.70      7.06
    1979    5.81    6.36    5.78    5.41    2.35    2.49    1.53    0.93    0.61    0.43    0.38    2.45     34.53      2.88
    1980    2.47    9.53    9.58   30.25   47.55   24.73    9.21    2.48    2.24    1.78   11.97   11.87    163.65     13.64
    1981    0.86    7.19    7.90    4.52    6.13    4.75   23.35   22.14    1.27    1.36    1.07    0.64     81.18      6.77
    1982   20.16   21.22    1.48    0.64    0.87    1.23    1.95    2.25    2.13    2.70    2.32    0.76     57.72      4.81
    1983    1.20    9.93   12.50    5.33    2.36    1.54    1.84    4.63    4.58    1.07    1.61    1.64     48.25      4.02
    1984    1.49    2.16    1.44    2.71   17.17   15.90    2.07    1.30    0.68    0.63    0.45    0.25     46.27      3.86
    1985   12.30   14.78   11.44    9.82    1.99    2.34    2.32    1.41    5.81    6.16    5.65    5.85     79.87      6.66
    1986   24.39   36.75   12.97    0.32    5.15    6.26    5.65    4.88    0.65    0.65    3.18   34.90    135.76     11.31
    1987   33.54    5.44    5.07    1.81   23.07   39.42   30.29   14.87    2.60    2.68    2.34    2.42    163.54     13.63
    1988   15.93   25.39   18.53   17.32   34.99   26.32    4.21    5.12    3.71    2.48    1.35    0.59    155.96     13.00
    1989    1.20   11.14   10.58    9.64   13.33   24.17   35.58   15.73    1.80    2.21    1.60    0.83    127.81     10.65
    1990    0.29    0.20    4.43   47.72   56.78   29.87   16.79    0.74    0.39    0.58    0.47    1.29    159.53     13.29
    1991   28.84   28.63    4.40    3.64    0.43    0.75    1.04    0.84    0.42    0.37    5.76    5.88     80.98      6.75
    1992    3.03    9.77    7.42    1.05   19.73   25.13   18.90   13.64    1.10    0.61    0.80    0.95    102.12      8.51
    1993   17.09   17.69    2.94   24.72   48.96   41.98   19.88    4.41    0.69    0.63    0.66    0.31    179.96     15.00
    1994    0.20    0.19    0.41    1.10    1.70    4.10    3.80    1.15    0.96    0.80    0.73    0.58     15.72      1.31
    1995    7.62    8.54    8.71   15.46   18.92   18.15    8.82    2.49    1.07    0.85    0.90    0.53     92.06      7.67
    1996   17.57   41.90   28.72   12.05    8.11   25.47   30.56    9.38    4.70    1.90    1.99    1.46    183.82     15.32
    1997    0.97    2.68    2.45    8.89   26.44   50.85   32.98    1.24    0.47    0.45    0.44    0.47    128.32     10.69
    1998    8.20   13.53    6.46   10.63   10.22    2.24    2.21    1.18    1.19    0.67    0.42    0.28     57.22      4.77
    1999    2.13    2.17   21.73   26.72   14.12   19.31   14.73    5.90    1.58    0.85    0.51    7.62    117.36      9.78
    2000    9.40    3.12    9.74   10.05    5.19    5.13   21.78   21.78    1.91    1.39   11.02   11.04    111.56      9.30
    2001    3.05   13.50   25.51   25.14   11.53    1.79    5.50   14.75   11.77    1.69   18.25   20.30    152.78     12.73
    2002    3.62    1.47    1.31    2.59    8.41   15.93   10.20    1.55    0.70    0.41    0.68    1.19     48.08      4.01
    2003    0.95    0.76    1.10    1.89    8.75   18.50   11.43    0.86    0.46    0.58    0.65    0.84     46.77      3.90
    2004    1.78    1.98    1.23   11.31   15.41    7.46    4.11    1.72    0.98    0.49    0.66    0.86     47.98      4.00
    2005   11.23   13.33    2.72   28.19   64.20   61.21   31.02    6.71    1.09    0.49    1.39    1.56    223.14     18.59
    2006    1.95    3.15    8.10    7.27    0.86    0.78    1.73    1.51    0.76    0.67    0.54    0.88     28.20      2.35
    2007   15.20   15.61    6.46   14.27   16.31   15.87    9.05    1.04    1.82    2.11    0.94    0.38     99.07      8.26
    2008    0.42    6.25   12.64   22.71   47.14   36.75    6.58    0.75    1.39    1.71    1.00    0.65    137.97     11.50
    2009    9.79   10.59    1.58   15.98   16.21    8.93    9.60    1.80    0.76    0.62    0.45    0.26     76.57      6.38
  
 AVERAGE    7.15   10.28    9.38   12.92   17.48   19.00   14.51    6.22    2.65    1.76    2.43    3.41    107.19      8.93
