    1920    2.50    1.74    0.73    0.60    1.82    9.40    9.47    2.95    2.20    1.22    0.61    0.98     34.22      2.85
    1921    1.68    2.93   11.43   10.34    1.93    1.65    0.88    0.89    2.64    3.21    2.20    1.52     41.30      3.44
    1922    2.16    7.41    6.54    1.97   10.17    9.80    2.24    2.28    2.00    2.60    2.83    1.77     51.77      4.31
    1923    1.17    1.67    1.29    1.25    2.42   19.97   19.15    1.05    0.96    1.01    0.93    3.74     54.61      4.55
    1924    4.56    5.71    5.62    1.60    4.92   20.90   21.43    7.43    3.33    1.71    1.06    1.74     80.03      6.67
    1925    2.87    2.17    0.90    1.30    2.07    7.93    7.52    1.13    1.35    1.47    0.96    1.22     30.89      2.57
    1926    2.61    2.94    1.70    0.93    2.02   24.33   23.43    0.97    0.67    1.38    2.29    1.88     65.15      5.43
    1927    2.23    1.81    2.75   14.53   13.44    2.96    2.28    0.97    0.64    0.82    0.96    0.99     44.40      3.70
    1928    1.93    1.98    1.49    2.37    2.02    6.65    6.85    1.55    2.82    3.71    2.85    7.30     41.51      3.46
    1929    7.12    1.71    2.53    2.24    1.70    3.84    4.46    2.71    1.55    1.00    1.11    1.26     31.23      2.60
    1930    1.23    1.04    0.72    1.32    2.65    4.46   25.75   23.68    1.22    2.50    2.93    1.05     68.54      5.71
    1931    1.05    6.64    6.05    0.80    3.20   10.26    8.20    1.17    1.33    1.04    0.64    0.95     41.34      3.44
    1932    1.25    1.40    1.44    0.71    0.69    1.44    1.70    1.37    1.16    1.24    1.14    0.99     14.53      1.21
    1933    0.88   21.08   33.39   60.61   51.20    7.36    8.44   10.72    7.14    1.88    2.23    1.87    206.79     17.23
    1934    2.00    7.76    7.24    1.28    3.22   13.41   12.72    3.37    2.68    2.00    1.54    1.36     58.59      4.88
    1935    1.26    1.84    2.28    1.84    2.29    3.36    2.53    2.36    2.52    1.25    0.73    0.54     22.80      1.90
    1936    2.66   28.11   26.66   19.69   32.04   22.53   10.36    1.22    0.98    0.99    0.91    0.72    146.87     12.24
    1937    0.74    0.91    1.76    3.74   14.18   12.12    8.30    8.85    2.11    2.22    1.99    1.39     58.31      4.86
    1938    3.91    3.74    2.86    8.72   16.82   11.15    1.15    1.51    1.81    1.61    2.77    3.33     59.36      4.95
    1939    6.39    6.61    1.99    0.55    2.02    6.31   12.04   12.81    6.38    1.40    0.90   10.56     67.97      5.66
    1940   10.97    2.07    3.32    3.45   13.29   12.98    5.55    5.18    1.03    0.93    0.99    0.98     60.72      5.06
    1941    2.54    2.15    0.27    6.40   11.51   16.72   16.27    5.89    1.29    0.73    1.51    2.01     67.28      5.61
    1942    4.77    8.91   11.29    7.49    1.64    1.48   15.77   22.54    8.74    2.85   10.73    9.55    105.77      8.81
    1943   10.89   36.16   27.14    1.69    9.97   10.76    1.80    1.47    4.36    4.36    1.20    1.27    111.06      9.26
    1944    2.08    1.72    0.73    0.53    1.74   16.07   15.42    1.66    1.66    0.86    0.47    0.35     43.30      3.61
    1945    0.44    0.72    0.85    1.93    2.54   10.28   10.27    1.81    1.48    1.23    0.77    0.58     32.90      2.74
    1946    3.10    3.35    1.55    1.36    1.98    2.45    1.70    1.42    1.32    1.29    0.91    1.54     21.95      1.83
    1947    3.08    2.46    2.87    3.37    2.42   29.93   29.91    2.36    1.51    0.83    0.61    0.40     79.75      6.65
    1948    0.52    0.57    0.28    2.11    3.43    3.61    2.89    1.64    1.56    1.20    0.85    0.75     19.41      1.62
    1949    1.45    2.39    2.86    2.26   11.61   32.93   41.79   22.38    3.99    3.21   17.20   16.01    158.07     13.17
    1950    1.23    0.86    2.56   11.13   10.53    3.52    3.74    2.45    1.60    1.34    1.10    1.02     41.07      3.42
    1951   15.65   15.50    0.43    1.22   14.54   14.92    2.01    1.05    1.22    3.09    3.78    2.43     75.83      6.32
    1952    1.58    2.09    2.34    1.56   14.40   15.21    6.19    5.69    1.85    1.38    1.05    1.07     54.41      4.53
    1953    3.49    4.32    2.70    1.89    5.17   14.70   11.04    2.46    2.70    1.70    0.83    0.58     51.59      4.30
    1954    0.74    1.09    1.10   28.33   46.02   18.56    2.40    2.16    1.76    1.48    1.06    0.57    105.26      8.77
    1955    1.17    2.34    5.40    4.67   31.42   45.51   15.28    2.75    2.18    1.06    0.63    0.51    112.91      9.41
    1956    1.75    2.21   30.98   32.09    2.96    2.56    2.71    1.88    1.33    1.57    2.04   16.11     98.20      8.18
    1957   35.02   20.73    1.79    8.99    9.46    2.66    4.62    6.60    4.49    1.27    0.56    0.83     97.01      8.08
    1958    1.39    2.43    3.13    2.20    2.23    2.88   11.81   23.09   13.36    2.79    2.72    0.92     68.94      5.75
    1959    1.45    2.66   10.78    9.93    6.28    9.14    5.33    2.80    1.63    1.35    1.56    1.61     54.53      4.54
    1960    2.34    3.26    2.33    2.23    2.09   14.07   15.89    4.06    5.18    4.80    2.06    1.13     59.45      4.95
    1961    0.52   15.65   16.71    1.72   19.84   21.23    3.68    2.55    1.07    0.55    0.49    0.53     84.54      7.05
    1962    0.83    6.75    6.50   16.79   17.64   14.80   24.01   11.38    1.90    2.28    2.16    0.90    105.93      8.83
    1963    1.07   11.39   12.04    2.41    1.60   35.83   36.65    2.16    1.60    1.59    0.98    0.83    108.16      9.01
    1964   22.27   22.15    1.71    2.30    1.25    0.60    3.75    4.07    2.42    3.32    3.45    2.51     69.81      5.82
    1965    1.26    1.55    0.98   25.34   26.95    2.53    1.68    1.69    1.34    0.85    0.68    0.55     65.40      5.45
    1966    0.57    1.35    2.42   47.62   47.34    4.13   21.11   20.28    3.28    2.15    1.38    0.82    152.45     12.70
    1967    1.63    2.81    1.83    0.74    0.43    6.30    7.96    8.21    7.34    1.67    1.31    0.75     40.98      3.41
    1968    0.83    0.87    1.39    1.73    2.12   34.41   35.19    7.88    6.65    1.39    1.11    0.94     94.53      7.88
    1969   14.60   14.57    0.68    1.01    1.27    1.09    0.70    0.58    0.80    1.12    1.54    2.54     40.50      3.37
    1970    3.31    2.22    3.87    7.62    5.16    2.33    2.77    3.26    2.79    1.82    1.54    0.73     37.43      3.12
    1971    1.00    1.50    6.03   21.70   34.86   49.61   31.67    1.95    1.83    1.46    0.95    0.79    153.35     12.78
    1972    1.14    1.45    0.82    0.54   21.67   22.78    2.89    1.93    0.88    0.68    5.85    6.38     67.01      5.58
    1973    1.19    1.17    1.90   28.18   51.55   33.61   10.94    1.61    1.29    1.04    1.59    1.63    135.70     11.31
    1974    0.73   16.26   16.89    2.60   11.01   27.46   19.41    2.16    1.20    1.24    1.16    7.43    107.54      8.96
    1975    7.94   17.60   22.80   32.52   51.15   63.30   45.30    8.71    3.07    2.15    0.93    8.11    263.59     21.97
    1976   34.24   26.79    0.96    8.50   16.26   26.40   19.44    2.07    1.19    0.76    0.55    1.91    139.07     11.59
    1977   15.77   14.81    1.95   17.44   17.14   22.50   34.06   12.96    0.96    0.75    1.05    2.46    141.85     11.82
    1978    2.47    1.02   11.48   11.45    1.66    1.80    0.89    1.62    1.88    5.39    9.88    5.97     55.52      4.63
    1979    2.40    2.76    2.38    1.98    1.67    1.88    1.39    0.94    0.70    0.55    0.49    1.55     18.67      1.56
    1980    1.58    4.57    4.53   24.74   37.24   16.14    5.55    2.54    2.28    1.83    9.68    9.63    120.30     10.02
    1981    0.95    2.31    2.83    2.06    2.48    2.61   20.16   19.65    1.40    1.47    1.18    0.71     57.81      4.82
    1982   16.08   16.86    1.20    0.47    0.66    1.01    1.69    2.08    2.08    2.55    2.29    0.90     47.87      3.99
    1983    1.08    4.67    5.06    2.24    1.43    1.30    1.59    2.48    2.71    1.42    1.67    1.62     27.27      2.27
    1984    1.44    1.83    1.11    1.25   11.33   11.38    1.89    1.25    0.79    0.77    0.58    0.33     33.96      2.83
    1985    8.31    9.44    4.71    4.16    1.54    1.87    1.98    1.33    3.05    3.61    3.19    3.23     46.42      3.87
    1986   20.50   27.47    7.94    0.35    1.56    2.71    3.04    2.46    0.92    0.79    2.12   31.93    101.79      8.48
    1987   31.62    2.69    2.22    1.34   18.11   30.44   23.22   12.24    2.72    2.68    2.35    2.19    131.83     10.99
    1988   11.55   15.99    8.39    6.94   25.33   22.15    2.67    3.38    3.48    2.66    1.48    0.68    104.70      8.73
    1989    1.06    5.84    5.33    4.22    5.27   17.78   28.93   13.11    1.95    2.24    1.69    0.89     88.31      7.36
    1990    0.33    0.27    1.30   40.38   48.12   21.23   13.04    0.64    0.48    0.69    0.58    1.22    128.29     10.69
    1991   24.95   24.74    1.93    1.30    0.37    0.64    0.94    0.84    0.50    0.47    3.02    3.19     62.88      5.24
    1992    1.73    3.56    2.61    0.78   14.53   16.20   12.07   10.85    1.32    0.75    0.91    1.00     66.32      5.53
    1993   12.88   13.30    1.81   18.09   38.93   33.60   14.08    2.56    0.94    0.76    0.78    0.39    138.12     11.51
    1994    0.27    0.21    0.30    0.78    1.31    2.09    2.04    1.25    1.05    0.92    0.85    0.66     11.74      0.98
    1995    3.55    4.22    3.14    4.70    9.06    9.64    4.60    2.35    1.22    1.02    1.07    0.63     45.20      3.77
    1996   13.41   32.53   20.23    3.69    2.95   21.38   23.44    4.93    3.40    2.24    2.07    1.48    131.75     10.98
    1997    0.92    1.61    1.37    3.61   16.29   43.28   30.21    0.89    0.57    0.57    0.55    0.54    100.40      8.37
    1998    4.40    5.70    2.44    4.94    4.66    1.54    1.60    1.22    1.24    0.78    0.54    0.36     29.43      2.45
    1999    1.28    1.31   15.64   16.93    6.36   11.11    8.03    3.04    1.78    0.99    0.64    4.22     71.32      5.94
    2000    5.32    2.31    3.99    4.06    2.37    2.65   18.85   19.04    2.09    1.51    8.54    8.60     79.32      6.61
    2001    2.14    7.54   14.37   13.68    6.21    1.51    2.83   10.59   10.26    2.00   16.10   17.26    104.49      8.71
    2002    2.75    1.32    0.97    1.53    3.42    7.71    6.46    1.61    0.78    0.53    0.78    1.20     29.04      2.42
    2003    0.91    0.64    0.81    1.28    4.01   10.16    7.66    0.98    0.55    0.70    0.77    0.88     29.35      2.45
    2004    1.56    1.60    0.92    5.51    6.69    3.01    2.55    1.76    1.05    0.60    0.76    0.92     26.93      2.24
    2005    7.13    7.97    1.42   22.63   55.22   54.22   24.38    3.74    1.31    0.63    1.40    1.53    181.58     15.13
    2006    1.46    2.19    2.57    2.01    0.68    0.66    1.51    1.41    0.83    0.78    0.66    0.91     15.68      1.31
    2007   10.73   11.01    2.33    5.05    6.66    7.56    5.28    1.14    1.81    2.11    1.05    0.46     55.20      4.60
    2008    0.44    1.88    3.18   11.95   37.64   28.96    2.72    0.88    1.42    1.76    1.11    0.72     92.64      7.72
    2009    5.83    6.40    1.25   10.05   10.33    4.81    5.50    1.81    0.87    0.77    0.58    0.34     48.56      4.05
  
 AVERAGE    5.17    6.80    5.26    8.05   12.08   13.81   11.04    4.87    2.30    1.61    2.11    2.79     75.89      6.32
