    1920    6.50    5.46    4.56    4.56    7.43   12.41    8.32    2.16    1.44    0.85    0.46    2.39     56.53      4.71
    1921    4.70    9.02   18.29   16.04    7.96    5.76    2.41    0.96    2.32    2.50    1.76    2.37     74.10      6.17
    1922    5.59   11.96   10.98    9.57   16.45   12.55    3.64    1.58    1.44    2.20    2.27    2.27     80.50      6.71
    1923    3.47    6.15    5.95    7.65   11.06   18.37   13.45    0.83    0.83    0.92    0.86    6.31     75.85      6.32
    1924    8.35    8.82   17.64   14.09   10.03   25.54   20.69    3.78    1.88    1.05    0.76    3.20    115.82      9.65
    1925    5.85    5.66    4.85   11.09   11.62   12.80   10.46    0.79    1.13    1.33    0.83    2.95     69.36      5.78
    1926    7.31   10.04   10.49    8.15    9.22   24.50   18.55    0.83    0.58    1.02    1.64    2.21     94.54      7.88
    1927    7.17    6.76   10.63   24.10   19.46    9.46    4.73    0.71    0.52    0.68    0.90    1.59     86.73      7.23
    1928    4.95    6.41    7.52   10.34    8.60   13.50   10.54    1.38    2.30    2.39    1.67   11.42     81.03      6.75
    1929   12.20    5.44   16.27   16.44    7.09    7.50    6.02    1.92    0.94    0.75    1.23    1.91     77.71      6.48
    1930    2.64    2.77    3.87    9.66   12.85   13.34   14.86    7.88    0.80    2.12    2.45    0.75     73.98      6.17
    1931    2.82   10.88   10.32    4.74   13.38   15.91    5.59    0.93    0.99    0.81    0.51    0.71     67.59      5.63
    1932    1.05    5.61   11.84    7.28    2.51    4.26    3.18    1.00    0.58    0.82    0.90    0.55     39.58      3.30
    1933    0.45   22.57   39.80   38.65   26.57   10.82    7.27    3.08    1.87    1.20    1.29    0.92    154.50     12.87
    1934    7.06   20.00   30.08   21.25    9.05   11.48    8.96    3.24    2.15    1.41    1.40    1.34    117.43      9.79
    1935    1.68    3.70    5.01   10.54   15.80   13.59    6.54    4.91    4.83    0.91    0.51    0.32     68.34      5.69
    1936    3.28   32.11   35.50   24.34   38.13   29.23    9.56    0.68    0.44    0.41    0.38    0.34    174.40     14.53
    1937    0.73    1.57    9.10   23.03   22.81    8.53    6.25    6.26    1.78    2.28    2.58    2.21     87.14      7.26
    1938    5.76    7.46   18.82   33.25   28.64   13.99    2.54    1.41    1.56    0.97    1.09    1.97    117.47      9.79
    1939    4.57   11.61   13.96    9.12    9.38    9.18    5.48   14.68   13.36    1.14    0.60   10.43    103.51      8.63
    1940   11.25    5.26   13.60   28.28   24.59    9.72    6.50    3.13    0.60    0.63    0.72    0.66    104.96      8.75
    1941    4.56    4.36    0.98   18.68   32.87   19.70    7.46    2.97    0.83    0.45    0.79    1.75     95.40      7.95
    1942    3.61   16.17   48.15   48.20   14.47    5.96   12.84   13.25    6.39    2.71   11.34   10.03    193.13     16.09
    1943   23.36   41.47   37.43   30.31   24.23   15.85    3.42    0.86    2.41    2.57    0.89    5.39    188.19     15.68
    1944    7.83    4.77    2.54    9.57   23.78   33.72   19.55    1.08    0.75    0.44    0.31    0.28    104.61      8.72
    1945    0.72    1.36    2.23    9.04   10.98   11.10    8.28    2.51    2.49    0.84    0.44    0.30     50.30      4.19
    1946    2.71   10.81   11.96    6.34    8.98   10.45    5.11    1.19    1.86    2.33    0.97    1.71     64.41      5.37
    1947    5.34   10.17   13.91   24.07   28.64   32.81   21.32    2.00    1.38    0.58    0.35    0.24    140.82     11.73
    1948    1.78    2.13    2.27   13.90   18.09    7.14    3.12    2.31    0.81    0.49    0.43    0.79     53.26      4.44
    1949    1.76    6.36   14.92   17.70   24.71   36.71   21.75    2.80    1.11    1.45   12.31   11.70    153.28     12.77
    1950    0.93    1.69    9.87   13.08    8.84    6.72    3.62    1.72    0.69    0.63    0.86    1.26     49.91      4.16
    1951    4.72    4.25    0.36   13.27   25.84   15.90    4.33    1.09    0.79    1.88    2.76    2.26     77.47      6.46
    1952    1.68    4.53   11.45   13.23   14.53   10.42    3.08    1.95    0.97    0.82    0.68    2.02     65.34      5.44
    1953    4.61    4.50    3.92   11.31   15.86   10.42    4.69    7.59    7.35    1.37    0.79    0.62     73.04      6.09
    1954    2.03    4.56    5.81   28.84   36.02   12.36    3.90    1.73    1.35    1.32    0.71    0.34     98.96      8.25
    1955    1.27    5.01   14.32   12.68   28.53   45.21   19.00    1.46    1.36    0.72    0.48    0.44    130.46     10.87
    1956    1.31    8.62   47.11   52.85   19.13    8.63    4.21    1.83    0.87    1.00    1.60   20.11    167.26     13.94
    1957   37.41   21.88   16.82   33.86   22.86    5.92    8.99    7.30    2.77    0.89    0.41    0.59    159.70     13.31
    1958    1.59   10.39   24.03   17.60    6.43    4.16    6.35   30.82   25.76    2.43    2.41    0.80    132.78     11.06
    1959    6.81   14.10   19.60   17.20   11.65   12.54    8.14    3.06    1.26    0.82    0.83    1.30     97.32      8.11
    1960    6.11   10.93   14.34   13.24    5.87   12.10   13.97    4.82    2.62    1.53    0.95    0.73     87.22      7.27
    1961    0.40   11.03   22.24   12.08   14.67   19.18    6.76    1.79    0.76    0.42    0.50    0.59     90.42      7.54
    1962    1.21    5.62    6.25   24.80   26.81   25.16   24.07    3.17    1.03    1.72    1.82    0.63    122.28     10.19
    1963    2.98   11.35   17.48   20.55   13.36   22.04   22.61    2.96    6.49    6.63    0.98    1.15    128.58     10.71
    1964   17.37   16.84    8.87   15.43    8.27    3.33    3.20    1.84    2.49    3.29    2.75    1.91     85.60      7.13
    1965    1.28    2.97    2.50   31.88   40.82    9.69    1.12    1.08    1.16    0.57    0.81    0.82     94.71      7.89
    1966    0.89    2.27   16.04   53.34   39.65   10.54   13.46    5.09    1.85    1.69    0.97    0.45    146.23     12.19
    1967    1.95    4.72    5.97    3.79    1.26    3.70    4.34    2.15    1.42    0.94    0.86    0.88     31.99      2.67
    1968    0.73    0.36    4.87    8.10    5.68   14.21   14.00    4.62    3.09    0.83    0.60    0.51     57.60      4.80
    1969    9.55    9.81   10.18   11.76    5.13    3.55    0.47    0.22    0.34    0.47    1.94    5.82     59.23      4.94
    1970    9.68    6.58    7.73   20.35   17.92    6.51    3.19    2.15    1.67    1.39    1.38    0.55     79.09      6.59
    1971    1.62    2.43    9.52   20.79   23.60   18.53    7.49    0.99    1.02    0.93    0.89    1.09     88.89      7.41
    1972    2.30    7.04    5.60    2.88   15.31   15.36    3.68    1.17    0.49    0.50    6.68    7.56     68.57      5.71
    1973    1.41    6.86   14.03   29.59   42.71   30.47   10.85    1.67    1.62    1.34    2.21    2.07    144.84     12.07
    1974    0.83   17.60   27.36   20.06   18.05   11.92    5.59    1.88    0.60    0.65    0.74   10.56    115.84      9.65
    1975   11.33   16.42   32.24   44.78   37.81   44.48   36.24    3.31    2.13    0.98    0.49    6.25    236.44     19.70
    1976   22.09   16.69    5.92   23.50   29.11   19.29    9.72    1.34    0.59    0.47    0.38    0.94    130.05     10.84
    1977    9.19   11.48    7.69   20.44   23.42   14.77   14.64    7.90    0.65    0.47    0.94    3.59    115.17      9.60
    1978    4.35    3.02   12.66   11.81   12.62   14.13    2.63    0.98    0.86    2.42    7.14    5.65     78.27      6.52
    1979    1.81    3.74   15.44   25.42   16.46    5.83    1.90    0.77    0.62    0.44    0.35    4.83     77.61      6.47
    1980    5.31    4.35    5.05   26.34   42.63   18.11    3.42    2.99    1.29    1.00    2.34    2.52    115.34      9.61
    1981    1.25    3.66    4.79    8.42    8.16    7.89    8.67    2.84    0.71    0.74    0.63    0.79     48.56      4.05
    1982    9.26    9.96    1.46    6.05    6.26    2.53    2.81    1.09    0.78    1.29    1.29    0.54     43.33      3.61
    1983    2.82   13.23   23.14   24.57   13.51    4.82    4.05    2.23    2.19    1.32    1.58    1.28     94.75      7.90
    1984    3.63    4.93    2.29    6.46   29.95   24.66    1.23    0.52    0.34    0.34    0.34    0.24     74.92      6.24
    1985   16.92   22.15   23.23   34.42   19.67    5.05    1.92    0.74    1.69    2.16    2.78    2.90    133.63     11.14
    1986   16.80   22.33    7.81    3.69    5.16    7.72    5.56    1.35    0.80    0.90    7.11   40.53    119.74      9.98
    1987   35.11    4.43    6.37   10.17   23.86   24.92    9.82    3.29    1.57    1.38    1.20    1.86    123.99     10.33
    1988    4.95    9.63   17.59   16.85   24.90   21.60    4.62    3.67    2.37    1.66    0.81    0.35    108.99      9.08
    1989    1.35   22.75   26.75   15.94   11.90   11.79   13.82    3.60    1.36    1.60    1.28    0.79    112.94      9.41
    1990    0.63    0.61    6.75   27.70   25.96    8.55    3.95    0.44    0.31    0.36    0.31    1.03     76.59      6.38
    1991   19.85   20.20   10.47   10.33    4.57    5.17    2.20    0.63    0.33    0.26    0.74    0.84     75.59      6.30
    1992    1.95    3.50    3.88    4.18    5.38    6.93    6.03    2.97    0.78    0.42    0.81    0.91     37.74      3.14
    1993   14.07   18.76   15.91   20.38   19.28   17.11    9.33    2.81    0.63    0.50    0.75    0.57    120.09     10.01
    1994    1.07    1.37    2.63   12.76   13.94   12.44    9.78    1.23    1.45    1.52    0.72    0.36     59.27      4.94
    1995    4.06    9.97   28.95   35.17   17.90    9.47    5.63    2.35    0.75    2.13    2.53    0.87    119.77      9.98
    1996    6.36   15.60   17.69   32.78   25.64   13.81   17.60    6.18    5.55    5.49    1.58    0.99    149.28     12.44
    1997    2.51    7.58    7.02   15.83   34.91   29.31    9.40    0.81    0.62    0.68    0.72    0.48    109.86      9.16
    1998    2.48   10.04   15.11   14.22   16.70   14.10    5.48    1.44    0.65    0.47    0.44    0.38     81.51      6.79
    1999    2.86    4.29   13.59   34.48   35.50   29.22   20.66    6.04    1.76    0.72    0.41    2.00    151.53     12.63
    2000    4.84    8.85   12.73   22.92   24.44   11.33    6.27    3.94    0.83    0.71    5.36    7.37    109.61      9.13
    2001   10.86   26.17   28.64   19.42   10.73    5.21    4.13    2.47    1.97    1.86    8.92    9.97    130.34     10.86
    2002    3.29    1.62    9.20   18.38   18.68   20.49   12.69    1.94    0.71    0.41    0.66    1.26     89.33      7.44
    2003    0.98    4.73    5.76    9.81   18.81   19.48    9.90    0.86    0.43    0.57    0.77    1.63     73.74      6.15
    2004    3.70    9.37    9.35   12.74   14.93   11.89    8.47    1.78    0.79    0.48    1.71    2.05     77.27      6.44
    2005    8.89   11.56    3.31   18.07   33.10   18.32    6.59    3.45    0.67    0.39    1.25    1.46    107.06      8.92
    2006    3.92   13.34   17.58   10.89    4.24    1.97    2.72    2.06    0.95    0.94    0.52    0.85     59.98      5.00
    2007   14.49   17.49   14.13   18.80   11.37   11.83   10.36    2.39    1.71    1.70    0.72    0.58    105.58      8.80
    2008    0.86    5.16   18.19   26.13   30.07   18.00    1.16    0.66    1.60    1.87    0.92    0.54    105.14      8.76
    2009   14.23   18.11    4.29   29.80   30.64    3.44    2.95    0.93    1.33    1.61    0.73    0.25    108.31      9.03
  
 AVERAGE    6.09    9.67   13.30   18.74   18.56   14.33    8.40    2.97    1.91    1.26    1.64    2.91     99.77      8.31
