    1920    5.29    3.51    1.51    2.72    8.05   23.98   11.12    4.01    2.40    1.34    0.75    2.74     67.42      5.62
    1921    5.14    4.92   12.89    7.70    4.24    3.30    1.28    0.97    3.22    3.61    3.13    2.85     53.24      4.44
    1922    4.05   18.40    7.13   11.69   27.20   11.67    5.29    6.30    6.36    5.67    3.43    2.24    109.44      9.12
    1923    2.59    3.80    1.67    6.42    5.92   41.84   15.03    1.72    1.52    1.56    1.35    4.59     88.01      7.33
    1924    6.40   10.02    9.95    6.32    9.38   46.06   34.92   19.45    6.55    2.22    1.55    4.35    157.16     13.10
    1925    4.50    3.80    3.01    2.93    5.96   19.96    7.27    1.79    2.56    2.26    1.17    2.46     57.67      4.81
    1926    4.12    4.93    3.68    3.29    3.87   51.45   17.48    1.27    0.95    1.90    2.18    2.02     97.15      8.10
    1927    5.69    3.62    8.25   22.03   10.27    7.70    4.67    1.65    1.15    1.40    1.37    2.19     70.00      5.83
    1928    7.07    4.94    5.54    6.35    5.04   18.86    6.82    4.18    6.17    5.49    3.25   41.80    115.49      9.62
    1929   15.25    4.04   27.36   13.77    3.98    8.50    6.94    3.12    1.80    1.42    3.20    2.04     91.41      7.62
    1930    2.60    1.26    3.83    6.72    9.57   14.68   31.97   10.57    1.29   16.32    7.13    1.01    106.96      8.91
    1931    4.06   10.10    4.50    2.77   10.34    9.91    3.49    1.51    1.63    1.31    0.79    2.26     52.67      4.39
    1932    2.27    3.79    6.74    2.72    1.32    3.33    2.50    1.43    1.25    1.69    1.40    0.86     29.29      2.44
    1933    0.59   27.48   19.72   49.45   18.54   15.13    7.62    3.56    2.24    2.27    2.36    1.84    150.80     12.57
    1934   19.37   12.40   15.64    6.71   10.05   16.25    7.06    4.53    3.39    1.90    3.74    2.42    103.46      8.62
    1935    2.21    3.71    5.10    5.27    6.72   12.31    6.14   12.74    5.86    2.14    1.24    0.75     64.19      5.35
    1936    7.13   35.57   17.95   17.19   29.34   24.52    6.33    1.75    1.40    1.20    0.87    0.52    143.77     11.98
    1937    0.65    0.38    8.44    9.68   16.86    6.18   15.31    7.61    3.74    4.78    4.31    2.91     80.82      6.74
    1938    9.53    5.14   33.35   61.28   39.92    9.02    1.48    3.94    2.85    2.05    2.09    2.28    172.93     14.41
    1939    9.90    9.05    3.83    2.65    7.61    7.47    8.83   12.16    5.14    1.83    1.26   25.71     95.45      7.95
    1940    9.80    3.24    7.19   20.26   19.79    8.60    7.00    3.38    1.16    2.20    1.73    2.05     86.41      7.20
    1941    6.23    2.58    0.87   11.79   11.38    9.79    6.82    3.23    1.37    0.84    2.39    3.75     61.05      5.09
    1942    6.10   16.15   57.28   25.80    4.24    4.50   23.36   28.40    9.07    3.54   11.75    5.02    195.21     16.27
    1943   31.36   57.49   55.95   19.55   13.40    8.73    2.73    1.95    5.05    3.38    1.19    3.77    204.53     17.04
    1944    4.13    3.69    1.13    4.18   13.91   20.36    6.49    2.12    1.52    0.91    0.63    0.51     59.58      4.96
    1945    1.02    3.33    3.52   10.57    4.74    9.29    6.11    6.84    4.10    1.74    0.87    1.22     53.37      4.45
    1946    5.14    4.78    3.42    2.06    6.27    3.45    1.81    1.42    2.63    2.48    1.27    4.96     39.67      3.31
    1947    7.45    4.81    8.32   12.34   11.45   41.86   14.78    3.51    2.15    1.15    0.82    0.52    109.17      9.10
    1948    2.47    1.36    0.78    2.92    3.15    3.02    2.86    3.30    2.19    1.41    0.91    1.05     25.41      2.12
    1949    2.63    6.40    5.39    3.81   13.56   30.66   14.17    4.89    2.65    3.27   20.43    7.93    115.79      9.65
    1950    2.10    1.20   11.54    7.85    5.92    7.91    7.14    3.19    2.09    1.81    1.67    3.71     56.13      4.68
    1951   20.03    6.59    0.27    7.71   13.94    7.19    3.42    2.16    3.89    4.97    3.91    4.27     78.35      6.53
    1952    2.82    5.27    4.17    3.48   17.74    9.87    6.53    3.97    1.82    1.03    1.28    3.08     61.06      5.09
    1953   11.12    6.38    5.57   12.97   12.92    9.64    4.61    4.39    3.27    1.88    1.04    1.21     75.00      6.25
    1954    1.79    1.87    3.05   38.91   39.62   13.52    6.56    4.34    3.03    2.16    1.27    0.72    116.83      9.74
    1955    3.70    8.84   13.23    4.46   38.26   39.66   14.53    6.34    3.28    2.15    1.27    1.30    137.02     11.42
    1956    3.16    7.98   37.26   20.20    9.87   10.71    5.53    2.24    1.59    2.12    5.11   45.06    150.84     12.57
    1957   51.54   19.56    9.63   27.25   10.18    3.88   10.23   15.02    5.85    1.38    0.83    1.94    157.28     13.11
    1958    3.24   11.16   17.97    7.23    7.18    5.33   17.03   31.41   10.47    6.06    3.64    0.91    121.63     10.14
    1959    5.57    5.73   20.27   15.41   13.48   17.05   10.37    5.30    3.18    2.00    2.52    2.77    103.65      8.64
    1960    7.56   11.45    9.51    6.82    4.11   38.81   18.65    6.42    6.31    4.01    2.40    1.29    117.34      9.78
    1961    0.63   17.84   17.27    7.51   41.80   19.82    5.89    2.79    1.26    0.84    0.94    1.06    117.65      9.80
    1962    1.50    9.49    5.70   36.62   15.90   39.43   26.35    6.81    2.22    4.57    3.93    1.66    154.18     12.85
    1963    5.73   21.62   13.71    7.06    4.05   24.80   13.74    3.87    5.43    3.61    1.58    1.81    107.02      8.92
    1964   32.76   11.62    4.99    6.46    2.99    4.60   10.95    4.70    4.97    4.65    3.72    2.12     94.54      7.88
    1965    3.36    3.32    1.71   42.37   20.30    3.52    2.19    2.11    1.67    1.15    1.23    0.80     83.74      6.98
    1966    1.40    5.32   12.21   60.78   25.02   16.82   29.01   12.51    5.30    3.04    1.61    0.91    173.92     14.49
    1967    3.02    5.16    2.99    1.80    1.10    8.13    5.89   10.07    4.92    3.15    2.14    1.69     50.07      4.17
    1968    1.94    1.40    8.20    3.50    9.51   45.67   20.32    6.23    3.08    1.52    1.78    1.35    104.49      8.71
    1969   13.59    5.36    3.64    4.80    3.74    1.83    0.98    0.95    1.74    1.86    3.13    6.28     47.90      3.99
    1970    7.09    3.64    9.60   13.51   13.00   19.10   12.96    7.59    3.45    2.80    2.47    1.08     96.29      8.02
    1971    4.80    3.80    2.58   19.67   33.55   31.67    8.93    2.59    2.98    2.20    1.19    1.39    115.36      9.61
    1972    2.35    2.29    1.10    1.69   11.55    8.01    4.48    2.67    1.49    1.33    5.66    3.87     46.49      3.87
    1973    1.26    4.29    7.94   21.16   60.11   28.92    5.83    3.30    3.10    1.90    5.02    2.94    145.77     12.15
    1974    1.76   20.41   10.12    8.38    8.00   25.70   13.26    3.67    2.12    2.23    1.66   27.49    124.79     10.40
    1975   13.03   10.51   34.40   60.72   61.12   75.94   25.94    5.51    3.03    1.64    0.90   17.39    310.13     25.84
    1976   45.71   14.18    2.86   15.24   11.69   15.60    6.38    2.16    1.72    1.31    0.87    3.40    121.12     10.09
    1977   14.49    6.35    7.20   13.74    7.86   24.88   31.31    8.93    1.10    0.96    1.53    6.05    124.39     10.37
    1978    4.39    1.49   20.91    7.12   13.63    6.63    1.74    2.24    1.77   11.02    9.23    3.80     83.97      7.00
    1979    3.70    2.82   10.53    8.51    7.60    4.34    1.97    1.17    1.06    1.00    0.88    3.67     47.24      3.94
    1980    1.81    7.96    4.03   28.60   40.45   13.68    4.33    3.48    3.39    2.17    9.77    4.72    124.40     10.37
    1981    2.15    3.81    3.73   10.29    7.21    6.96   21.02    7.77    3.19    4.26    2.34    1.33     74.06      6.17
    1982   15.32    7.54    1.23    1.60    0.97    3.69    4.17    3.25    2.42    3.46    2.16    1.11     46.92      3.91
    1983    3.56    9.29   11.28    9.10    3.98    3.75    2.75    5.45    3.92    1.93    2.99    1.69     59.69      4.97
    1984    3.65    3.37    1.61    4.61   26.07   10.27    2.68    1.49    1.51    1.33    0.79    0.49     57.88      4.82
    1985   32.73   15.48   15.10   11.19    5.48    3.05    2.16    1.15    2.58    2.29    4.09    3.05     98.33      8.19
    1986   20.85   19.98    5.68    1.04    5.42   12.74    7.40    2.38    1.31    1.56    5.05   49.14    132.55     11.05
    1987   19.72    5.61    4.65    2.87   29.36   35.06   16.08    5.66    2.85    2.28    1.67    5.92    131.73     10.98
    1988    6.02    5.63   10.64    8.61   28.60   12.27    6.24    4.82    3.61    2.77    1.61    0.98     91.79      7.65
    1989    1.93   23.31   10.75    8.19    3.15   28.19   14.88    3.56    4.24    3.72    2.29    1.12    105.35      8.78
    1990    0.85    0.39   10.51   26.71   27.79   11.61    2.52    0.61    0.74    0.93    0.76    3.28     86.70      7.22
    1991   44.62   15.79    2.38    1.38    3.63    4.12    2.61    1.23    0.68    0.58    2.36    1.53     80.93      6.74
    1992    4.58    4.06    1.17    1.64    5.60    6.11    6.80    3.68    1.72    1.09    2.41    1.44     40.28      3.36
    1993   92.83   36.01   19.63   33.25   16.39   14.97   10.39    3.49    1.24    1.61    1.89    0.93    232.63     19.39
    1994    1.43    1.07    2.08    7.23    4.67   26.60   11.35    3.45    2.15    1.36    0.91    1.41     63.74      5.31
    1995    4.19    4.24   20.56   21.54   10.34    5.02    6.00    3.24    1.40    5.65    4.30    1.81     88.28      7.36
    1996    4.45   18.08    8.94    9.78   14.98   15.59    7.46   17.62   16.57    8.32    3.95    1.60    127.34     10.61
    1997    2.10    4.39    2.03   11.41   50.59   35.38    8.68    3.04    2.00    1.87    1.56    1.36    124.40     10.37
    1998    3.81   50.23   27.26   21.05   12.98    8.85    5.23    2.48    1.26    1.03    0.95    0.68    135.81     11.32
    1999    2.40    1.68   19.59   33.47   22.71   46.98   17.53    5.11    3.12    1.62    1.39    5.63    161.23     13.44
    2000    5.64    4.55    7.65   10.59   10.21    7.24   27.81   11.43    3.37    4.16    9.46   14.48    116.59      9.72
    2001   20.97   35.95   24.05   25.04    9.45    3.10    4.91   27.82   11.46    3.92   33.66   15.08    215.39     17.95
    2002    3.01    0.98   12.43   10.72    6.19   12.41    5.87    1.67    0.89    0.70    1.80    1.79     58.46      4.87
    2003    1.52    1.98    1.12    9.70   11.77   22.07    9.01    1.82    1.09    1.38    1.90    3.41     66.77      5.56
    2004    3.08    3.31    4.79    4.54    2.90    3.01    1.85    2.08    1.82    1.29    1.72    1.10     31.50      2.62
    2005    4.13    9.37    3.17   28.38   38.67   20.20   19.54    9.58    2.93    1.14   16.51    7.49    161.11     13.43
    2006   15.13   35.49   13.66    2.99    1.37    5.19    7.38    3.56    2.33    1.74    1.24    2.24     92.31      7.69
    2007   21.59   23.11   19.47   13.00    9.86    8.44    4.63    2.93   14.04    6.49    1.38    0.60    125.54     10.46
    2008    0.91    9.33   60.31   38.64   45.77   13.95    1.19    0.99    3.68    3.10    1.80    0.84    180.51     15.04
    2009   67.91   25.14    8.34   35.85   17.86   13.25   11.29    4.61   13.11    6.26    1.31    0.47    205.40     17.12
  
 AVERAGE    9.81    9.99   11.02   14.30   14.85   16.39    9.71    5.42    3.39    2.71    3.19    4.78    105.55      8.80
