    1920    2.04    1.73    0.70    1.77   20.51   38.03   17.25    6.01    2.95    1.56    0.90    3.58     97.04      8.09
    1921    4.83    6.47   25.68   12.15    2.82    1.32    0.69    0.77    9.60    7.11    5.49    2.91     79.85      6.65
    1922    1.84   33.10   11.27   35.92   79.64   27.52    7.35   11.13   10.34    7.26    3.29    1.19    229.83     19.15
    1923    1.26    2.73    1.02   10.09    8.07   92.61   33.11    2.37    1.41    1.28    1.29    3.29    158.54     13.21
    1924    7.48   11.02   17.72   18.82   44.26  125.69   82.28   49.11   14.41    2.14    1.48    1.99    376.38     31.37
    1925    1.69    5.22    4.89    1.78    8.52   53.06   18.66    2.72    2.52    1.75    0.98    1.21    102.99      8.58
    1926    3.04    4.86    3.98    3.86    2.68   83.62   28.39    1.28    0.97    1.62    1.65    1.02    136.98     11.41
    1927    6.08    3.82   14.65   32.78   16.26   23.74    9.23    1.38    0.95    1.18    1.40    1.95    113.43      9.45
    1928    6.16    8.96   11.36    9.07    3.83   24.26    9.09    4.03    8.20   10.96    6.29   63.59    165.82     13.82
    1929   23.43    6.10   26.69   18.32    5.97    9.57   12.39    5.75    2.57    1.74    3.73    1.98    118.23      9.85
    1930    5.64    2.37    2.47   13.73   12.18   26.64   45.69   14.22    1.20   26.51   11.23    1.15    163.04     13.59
    1931   10.58   12.49    8.00    6.02   15.03    7.02    1.33    0.68    0.79    1.14    0.96    5.69     69.73      5.81
    1932    3.46    1.96    2.59    5.19    4.37    4.14    3.90    2.10    1.37    1.26    1.01    0.63     31.98      2.67
    1933    0.36   39.42   43.35   60.66   20.30   18.73    9.93    4.18    2.72    2.35    2.00    1.01    204.99     17.08
    1934   15.04   13.92   13.89    5.28    6.71   42.57   17.27   22.97    9.83    1.95    4.95    2.84    157.20     13.10
    1935    1.35    2.79    3.51    5.70    9.97   26.69   11.06    7.44    5.05    3.86    2.17    1.16     80.75      6.73
    1936   12.91   34.75   14.61   23.04   41.43   20.95    4.31    1.83    1.69    1.87    1.43    0.67    159.48     13.29
    1937    0.70    0.42    8.52    9.42   55.24   20.25   24.62   11.13    7.56    6.22    3.90    1.80    149.78     12.48
    1938    9.73   13.24   16.11   40.99   46.89   12.93    2.43    6.70    4.58    4.52    6.34    3.40    167.84     13.99
    1939   30.74   17.95    3.73    1.46    8.78   42.57   27.03   14.47    5.51    2.34    1.59   25.89    182.06     15.17
    1940   10.18    5.11   30.19   19.44   45.06   17.26    8.83    4.57    1.68    3.27    2.76    3.06    151.39     12.62
    1941    6.52    2.28    0.52   10.28   21.77   39.03   17.63    4.95    2.07    1.21    5.60    5.52    117.38      9.78
    1942   13.44   14.81   73.00   25.71    6.14   18.15   76.29   84.49   22.75    1.95    6.94    4.01    347.68     28.97
    1943   17.06   58.52   66.57   19.14    5.10   22.82    9.04    5.31    7.22    4.07    1.41    4.54    220.80     18.40
    1944    5.47    3.06    0.68    2.91    4.00   25.06    9.51    4.44    3.14    1.51    0.90    0.49     61.16      5.10
    1945    0.55    1.74    4.71   15.58    8.30   14.43    9.77   19.84    8.76    2.13    1.16    1.67     88.64      7.39
    1946   15.59    7.54    4.11    2.60    9.77    4.34    4.52    5.56    3.51    2.47    1.68   11.63     73.31      6.11
    1947   12.09    7.93   28.38   20.05   26.90   51.80   18.99    4.73    2.42    1.29    0.88    0.61    176.09     14.67
    1948    6.09    2.81    1.76    2.08    1.59   12.71    5.55    6.65    5.08    2.54    1.29    0.88     49.03      4.09
    1949    1.18   10.38   10.28    4.93    4.45   58.58   71.93   25.26    6.60    6.29   25.07   10.59    235.55     19.63
    1950    3.41    2.78   24.66   13.46    7.55   19.24   16.86    6.29    5.53    4.18    2.32    5.42    111.71      9.31
    1951   30.81   10.51    0.65    8.02    7.65    3.44    6.48    4.44    5.34   15.44    8.08    7.99    108.84      9.07
    1952    4.39    3.38    3.55    2.89   32.41   12.85   24.72   11.55    2.51    1.23    1.46    2.53    103.48      8.62
    1953   11.15    6.88    4.57    5.08   12.08   39.25   14.39    4.56    3.13    1.93    1.16    0.89    105.08      8.76
    1954    1.13    2.27    4.03   43.34   56.95   19.08   18.87    9.31    3.66    2.71    1.58    0.69    163.63     13.64
    1955    5.32   11.73   11.07    3.48   33.23   38.36   28.62   10.91    3.36    2.45    1.48    1.30    151.33     12.61
    1956    2.95    9.96   17.08   16.09   12.20   15.60    7.32    2.71    2.13    2.71    9.68   44.32    142.76     11.90
    1957   49.07   20.59    6.07   47.92   18.64    4.47   14.88   22.93    8.63    1.65    0.96    1.49    197.30     16.44
    1958    2.63   11.47   17.68    7.97   13.91   10.46   17.04   20.05    7.55   12.79    6.13    1.05    128.73     10.73
    1959    3.34    7.01   31.28   25.78   21.72   20.09   12.61    7.21    4.83    3.01    5.30    5.41    147.59     12.30
    1960    9.18   13.42   10.42    8.74    4.89   55.64   28.10   11.17   14.09    7.12    3.48    1.62    167.86     13.99
    1961    0.70   23.13   22.97    9.46   79.10   32.47    8.38    4.05    1.67    1.12    0.91    0.75    184.70     15.39
    1962    0.69   17.74    9.81   63.53   23.55   34.02   32.13   10.30    3.27    7.42    5.51    1.86    209.84     17.49
    1963    5.84   49.07   21.67    3.98    2.96   27.58   16.15    5.06    4.28    2.87    1.41    1.26    142.13     11.84
    1964   32.52   11.90    3.88    5.71    3.10    4.11   16.66    7.16    4.08    4.22    2.68    1.62     97.65      8.14
    1965    1.95    4.64    2.13   72.58   38.21    6.26    2.07    1.66    1.95    1.66    1.19    0.68    134.97     11.25
    1966    1.22    4.53   10.87   72.27   26.33   22.75   51.13   34.36   10.99    3.48    2.29    1.25    241.47     20.12
    1967    4.78    4.83    1.50    1.66    0.95   15.38   10.90    8.01    4.62    3.12    1.94    2.04     59.74      4.98
    1968    2.02    1.34    7.01    4.31   27.65   53.67   22.37    6.48    2.93    1.56    2.02    1.70    133.07     11.09
    1969   15.52    6.24    2.37    3.51    2.29    1.33    1.04    1.30    2.14    2.23    4.28    8.41     50.65      4.22
    1970    7.14    5.64   12.28    9.28   16.48   22.22   16.92    8.69    3.39    2.44    2.35    1.18    108.00      9.00
    1971    3.46    2.79    2.85   22.16   50.25   41.08   13.02    4.54    3.65    2.28    1.19    0.65    147.93     12.33
    1972    6.00    4.18    0.97    0.47   11.44   10.47    7.20    4.17    1.98    1.84    4.80    4.03     57.55      4.80
    1973    1.80    4.87    5.80   23.49  102.58   55.28   10.64    4.69    4.23    2.37    6.14    3.29    225.16     18.76
    1974    1.85   27.83   14.57    7.15    9.87   17.16    9.55    3.28    5.48    5.24    2.61   12.22    116.79      9.73
    1975    5.38    9.68   24.64   75.20   50.45   65.43   27.23    7.80    5.32    2.97    1.38    8.09    283.57     23.63
    1976   47.75   16.10    5.62   13.13    7.16   11.90    6.97    3.26    2.06    1.33    0.93    8.11    124.33     10.36
    1977   26.24    8.89   11.15   14.91    8.86   47.61   52.80   14.42    1.66    1.37    1.77    7.02    196.71     16.39
    1978    5.17    1.55   41.17   14.40   24.15   10.18    2.30    3.72    2.66   10.44   19.71    7.97    143.43     11.95
    1979   13.00    6.31    7.14    4.35   25.49   10.82    2.50    1.53    1.41    1.42    1.43    3.32     78.70      6.56
    1980    1.53    6.08    3.32   26.36   49.82   17.41    4.59    6.27    6.14    3.30   18.48    7.84    151.14     12.59
    1981    3.23    4.99    8.80    5.31    6.85    9.65   61.49   21.01    4.80    6.39    3.28    1.52    137.31     11.44
    1982   19.97   12.45    2.63    1.28    0.81    4.29   10.92    7.84    6.71    9.02    4.60    2.40     82.91      6.91
    1983    3.56   34.42   16.85    5.26    1.87    4.66    4.22    6.38    4.63    2.25    5.98    3.26     93.36      7.78
    1984    3.53    4.21    1.59    6.55   31.08   13.46    4.13    1.98    4.36    3.43    1.39    0.68     76.39      6.37
    1985   28.86   13.31   17.35   19.87    8.39    4.27    2.27    1.23    2.52    2.31    4.58    3.95    108.90      9.08
    1986   34.86   21.77    4.37    0.48    8.68    8.30    9.80    4.32    1.55    2.09    5.99   45.46    147.66     12.30
    1987   19.81    7.37    6.68    3.46   91.96   88.81   51.12   14.84    4.12    3.45    2.27   25.09    318.98     26.58
    1988   19.23    7.89   27.96   16.11   30.03   16.74   14.35    8.50    4.26    3.08    1.91    1.66    151.74     12.64
    1989    1.85   27.54   13.86    8.22    4.06   48.99   36.14    9.12   10.51    8.22    4.42    2.00    174.92     14.58
    1990    0.70    0.60    8.09   52.39   34.77   31.26    9.92    0.96    1.36    1.71    1.16    5.72    148.65     12.39
    1991   80.88   31.80    7.44    2.33    4.33    3.79    3.11    1.71    1.01    1.18    4.29    2.70    144.57     12.05
    1992    7.06    9.05    2.70    3.24   43.58   20.85   22.06    9.66    2.77    1.69    4.62    2.52    129.82     10.82
    1993   48.55   25.05   15.15   40.40   32.05   18.36    9.57    3.43    1.45    2.60    2.24    0.92    199.78     16.65
    1994    0.58    0.64    0.62    6.72    4.65   30.75   12.16    4.13    2.83    1.53    0.98    1.49     67.07      5.59
    1995    8.11    5.57   11.85   20.03   13.71    7.48   11.08    5.37    1.63    3.87    4.22    2.77     95.67      7.97
    1996    4.98   72.39   30.78    7.48    4.60   39.15   17.68   15.75   19.93   10.35    4.92    1.88    229.87     19.16
    1997    2.12    2.29    1.34   20.69   62.83   49.38   13.32    4.07    2.74    2.11    1.57    1.83    164.30     13.69
    1998    5.01   28.00   17.86    7.02    3.69    4.35    2.73    2.03    1.63    1.34    1.01    0.71     75.38      6.28
    1999    1.88    0.97   31.42   18.83   11.92   37.47   15.67    6.81    4.61    2.44    1.55    7.54    141.11     11.76
    2000    6.89    5.30    8.00    7.44    7.32   12.91   70.83   28.06    6.12    4.39    7.91   11.45    176.61     14.72
    2001   16.28   62.75   59.40   52.06   15.72    4.48    5.03   32.03   15.19    4.15   43.49   19.71    330.29     27.52
    2002    2.93    0.89   14.18   10.51    6.02    7.87    4.90    2.83    1.68    1.10    2.21    2.01     57.13      4.76
    2003    1.17    1.59    1.48   10.32   13.39   40.77   18.36    3.64    1.38    1.23    1.88    5.07    100.26      8.36
    2004    4.54    2.58    5.14    4.95    5.83   24.60   10.95    8.14    5.23    2.09    2.27    1.27     77.58      6.46
    2005    3.76    7.55    2.51   13.18   42.57   29.34   23.45   15.04    5.24    1.61   20.54    9.57    174.36     14.53
    2006   27.70   42.36   15.19    3.21    0.98    4.32    6.74    3.32    2.90    2.44    1.78    1.94    112.88      9.41
    2007   23.02   12.14   12.86   13.57    9.34    6.78    4.06    2.73   21.53    9.78    1.93    0.74    118.46      9.87
    2008    0.55    4.69   13.54    7.81   60.81   21.09    1.44    1.07    4.00    3.86    2.28    1.01    122.15     10.18
    2009   70.65   34.84    5.17   17.57   10.33    7.42    8.10    3.94    3.01    2.34    1.17    0.67    165.21     13.77
  
 AVERAGE   11.07   12.67   12.92   16.17   21.12   25.70   17.42    9.09    4.91    3.73    4.23    5.48    144.51     12.04
