    1920    4.83    1.83    0.81    1.26   11.01   33.86   12.47    2.25    1.04    0.52    0.34    0.63     70.85      5.90
    1921    0.74    4.73   13.50   19.58    6.40    1.23    0.59    0.63    1.09    1.02    0.98    0.59     51.10      4.26
    1922    0.95   12.16    5.68    2.40    2.31    2.14    2.48    2.39    3.91    3.15    1.83    0.81     40.20      3.35
    1923    0.58    1.31    1.07    2.05    5.50   28.42    9.64    0.77    0.51    0.44    0.37    3.48     54.13      4.51
    1924    7.40   21.69   18.39    5.00   10.79   40.66   28.57    7.63    1.98    0.96    0.49    0.65    144.21     12.02
    1925    1.21    2.53    1.16    1.49    5.13   12.93    4.62    0.79    0.74    0.63    0.38    1.37     32.98      2.75
    1926    5.98    7.43   10.16    4.42    6.87    9.62    3.57    0.75    0.41    1.07    1.36    0.72     52.34      4.36
    1927    5.32    2.38    8.42   12.16    9.30    7.59    3.15    0.93    0.48    0.36    0.31    0.43     50.83      4.24
    1928    1.76    2.00    5.53    8.71    3.21    8.53    3.82    1.44    4.88    3.42    1.60   16.67     61.58      5.13
    1929    6.80    7.38   18.59    6.85    2.46   25.44   12.27    2.55    0.93    0.54    0.47    0.39     84.67      7.06
    1930    0.40    0.42    0.90   10.82    7.65    3.36   23.54    8.60    0.80    1.01    0.92    0.38     58.80      4.90
    1931    0.49    1.28    1.17    0.80   16.95    9.17    2.04    0.64    0.45    0.36    0.27    0.28     33.88      2.82
    1932    0.32    0.96    1.57    0.71    1.07    2.37    1.94    1.18    0.77    0.67    0.48    0.28     12.32      1.03
    1933    0.22   29.66   25.98   46.35   15.15   12.98    8.49   12.80    5.09    2.16    2.73    1.42    163.02     13.59
    1934    1.61   30.04   14.68    6.52    2.90    6.26    3.48    1.83    1.27    0.69    0.52    0.43     70.22      5.85
    1935    0.65    0.82    0.95    1.01    1.19    4.15    2.37    2.16    1.79    0.87    0.41    0.21     16.58      1.38
    1936    1.58   33.25   12.51   19.99   17.05   11.80    3.89    0.80    0.43    0.35    0.29    0.36    102.30      8.53
    1937    0.66    0.58    0.79   11.92   28.70    8.74    3.66    2.62    2.40    1.99    2.14    1.51     65.73      5.48
    1938    2.18    1.18    1.60   19.70   33.89   10.10    1.17    1.67    1.42    1.37    1.89    1.34     77.52      6.46
    1939    1.95    9.60    4.03    1.07    8.70    4.39    6.71    4.54    2.27    1.20    0.61    2.40     47.47      3.96
    1940    1.48    1.43   11.43    9.68   14.52    5.28    3.63    2.04    0.66    0.51    0.43    0.72     51.82      4.32
    1941   10.01    3.69    0.18    7.50   12.11   19.25    8.52    2.59    1.19    0.59    1.54    1.36     68.54      5.71
    1942    2.05    5.83   14.80   17.97    5.37    5.22    9.25   12.82    4.83   10.76    5.57    1.44     95.91      7.99
    1943   16.16   30.73   34.77   10.11   11.69    7.62    2.08    1.17    3.21    2.30    0.86    1.31    122.00     10.17
    1944    5.21    9.11    2.91    0.77    9.43   19.17    6.76    1.67    1.05    0.56    0.33    0.19     57.16      4.76
    1945    0.32    0.39    0.31    2.77    2.26    3.75    2.39    2.32    1.81    0.86    0.42    0.24     17.85      1.49
    1946   16.55    6.76    1.05    0.95    2.07    2.92   10.85    4.56    0.97    0.64    0.44    1.06     48.83      4.07
    1947    4.29    3.89   18.12    7.13    1.61   30.47   14.66    2.96    1.00    0.52    0.34    0.21     85.19      7.10
    1948    0.94    0.97    0.35    8.37    4.32    3.95    2.42    1.45    1.15    0.79    0.48    0.45     25.64      2.14
    1949    1.57    6.11   13.38   11.85    5.63   31.33   28.06   14.84    4.42    1.40    4.31    2.35    125.25     10.44
    1950    1.14    0.80    9.97   11.13    9.76    4.87    3.02    2.67    1.83    1.01    0.86    0.68     47.74      3.98
    1951   21.29    7.54    0.67    5.35   11.84    5.26    1.74    0.95    0.57    0.89    0.93    0.60     57.63      4.80
    1952    0.79    1.73    2.63    1.34   21.29    8.32    2.04    2.06    1.39    0.71    0.45    0.33     43.08      3.59
    1953    7.75    4.37    4.09    8.46   12.49   17.92    5.99    1.73    1.82    1.23    0.58    0.39     66.83      5.57
    1954    0.42    1.25    1.53   17.53   33.94   10.20    2.31    2.88    2.02    1.08    0.56    0.26     73.97      6.16
    1955    0.82    9.32   13.39    4.64   10.68   13.80    6.02    8.68    3.97    0.95    0.47    0.40     73.14      6.10
    1956   10.72    8.65   47.64   27.79   11.72   11.72    6.49    2.33    1.26    1.56    1.93   31.21    163.01     13.58
    1957   53.60   16.15    7.76   14.45    5.14    2.11   10.07    5.37    1.85    0.84    0.40    0.77    118.51      9.88
    1958    0.97    1.10    2.83    2.27    1.36    1.15    7.07   19.63    7.13    2.13    1.46    0.57     47.66      3.97
    1959    1.93    5.20   14.39    5.43   18.63   24.16   18.33    5.68    1.34    0.85    0.95    1.25     98.15      8.18
    1960    1.87    8.00   10.79   14.00    5.10   13.34   17.09    9.19    8.74    4.28    1.56    1.10     95.04      7.92
    1961    0.58   19.92    8.66    2.17   37.39   26.10   12.75    4.07    0.92    0.46    0.41    0.37    113.80      9.48
    1962    0.72    6.79    2.68   14.60    6.59    5.55   14.65    6.30    2.07    1.64    1.04    0.47     63.09      5.26
    1963    0.86    5.27    3.11    1.81    1.79   19.39    7.87    1.38    1.06    0.88    0.77    0.93     45.12      3.76
    1964   10.90    4.41    5.63   10.29    3.66    0.52    5.36    2.83    0.97    1.17    1.16    0.73     47.65      3.97
    1965    0.59    1.08    0.61   28.76   15.38    3.47    1.68    1.28    1.02    0.73    0.48    0.37     55.44      4.62
    1966    0.77    1.64    9.14   48.36   47.83   17.70   12.72    6.78    2.46    1.01    0.52    0.36    149.29     12.44
    1967    1.36    1.84    1.76    0.72    0.24    9.46    8.19    8.03    3.47    1.12    0.89    0.57     37.64      3.14
    1968    0.86    0.73    2.20    1.34    2.42   18.18    7.83   10.14    4.62    1.13    0.63    0.39     50.45      4.20
    1969    8.71    3.59    3.14    2.30    1.09    0.86    0.78    0.71    0.88    1.34    1.45    1.49     26.35      2.20
    1970    1.96    1.39    9.07   16.63    6.32    2.08    2.51    3.08    2.00    1.08    0.66    0.35     47.13      3.93
    1971    0.53    0.85    1.11    7.54   17.40   25.44    8.24    1.55    1.21    0.91    0.55    0.31     65.63      5.47
    1972    1.00    1.81    0.81    0.25   13.98    5.89    2.13    1.45    0.67    0.62    5.38    3.44     37.44      3.12
    1973    1.11    0.71    1.52   24.82   13.43    9.70    4.84    1.86    0.99    0.63    0.55    0.42     60.58      5.05
    1974    0.40   25.71    9.13   12.13   16.46   18.63    6.24    1.51    0.99    0.84    0.77    7.23    100.06      8.34
    1975    3.90   12.62   15.84   14.00   18.91   27.69   12.31    3.40    1.70    1.00    0.51    2.14    114.02      9.50
    1976   17.50    9.42    2.39    6.51    3.27   15.59    5.99    0.74    0.47    0.36    0.29    1.28     63.80      5.32
    1977   10.04    4.34    3.36   22.59    8.65   24.14   22.51    5.96    0.91    0.64    0.68    1.15    104.96      8.75
    1978    1.56    0.85   12.69    5.55    1.51    1.03    0.84    1.35    1.28    3.54   18.41    7.31     55.93      4.66
    1979    2.76    4.78    3.64    1.78    5.33    2.95    1.07    0.66    0.45    0.34    0.28    7.63     31.66      2.64
    1980    3.26    5.45    2.54   33.26   19.35    8.72    3.81    1.56    1.32    1.08    2.04    1.64     84.02      7.00
    1981    0.77    1.98    9.35    5.50    1.93    1.42   16.87    6.58    0.99    0.94    0.74    0.56     47.61      3.97
    1982   11.17    5.60    1.34    0.62    1.28    2.01    2.47    2.10    1.54    1.65    1.15    0.62     31.55      2.63
    1983    2.55   10.23    7.33    6.09    2.37    1.79    1.87    1.78    1.26    0.70    1.16    0.92     38.05      3.17
    1984    1.80    2.88    1.53    1.11    6.39    3.16    0.99    0.54    0.35    0.31    0.25    0.19     19.50      1.62
    1985    1.20    1.81    7.41    3.36    3.92    2.39    2.34    1.67    1.70    1.52    1.39    1.12     29.83      2.49
    1986   16.53   13.48    3.67    0.67    0.95    3.74    4.10    2.00    0.71    0.65    2.00   33.99     82.49      6.87
    1987   12.16    3.32   10.97    6.76   29.07   40.48   18.71    4.65    1.90    1.50    1.01    1.21    131.73     10.98
    1988    8.71    4.53    2.28    7.03   18.93    7.53    3.48    3.53    3.24    2.11    0.99    0.40     62.77      5.23
    1989    0.75    8.76    3.67    1.11    1.79   16.67   21.79    6.78    1.47    1.26    1.34    0.76     66.14      5.51
    1990    0.36    0.18    1.18   43.02   42.27   32.72    8.49    0.58    0.52    0.56    0.37    1.06    131.33     10.94
    1991   28.61   10.40    1.85    1.15    1.59    2.27    1.66    0.79    0.39    0.29    1.80    1.45     52.24      4.35
    1992    1.10    9.56    3.47    0.67    8.48    4.01    1.75    1.23    0.70    0.46    0.49    0.48     32.41      2.70
    1993   14.35    6.12    3.27   10.37   10.64   10.73    7.68    3.11    1.14    0.69    0.52    0.31     68.92      5.74
    1994    0.27    0.36    0.41    0.57    0.78    9.26    4.26    1.41    0.90    0.51    0.39    0.28     19.41      1.62
    1995    2.90    7.45   11.11    8.31   17.51    6.95    2.63    2.61    1.60    1.76    1.67    0.91     65.42      5.45
    1996    8.14   23.65    7.91    5.80    3.00   17.21   13.69    8.43    3.69    1.68    0.98    0.66     94.85      7.90
    1997    0.83    1.39    1.42    5.37    6.14   11.39    4.28    0.70    0.38    0.33    0.28    0.35     32.87      2.74
    1998    0.75   18.01    7.99    2.10    1.36    5.95    3.21    1.56    1.07    0.77    0.56    0.37     43.71      3.64
    1999    1.09    0.86    1.54    2.08    3.19   13.70    7.60    3.04    1.79    1.02    0.54    0.86     37.31      3.11
    2000    5.15    4.85    4.80    1.78    1.98    7.14   15.55    5.73    1.14    0.79    2.49    1.88     53.31      4.44
    2001   12.30    7.82   11.79   22.77    7.52    2.19    3.01    7.14    3.91    1.36    5.79    3.64     89.25      7.44
    2002    1.62    0.65    1.02    1.39    9.71   17.23    5.71    0.80    0.42    0.31    0.44    0.55     39.84      3.32
    2003    0.80    1.38    1.38   12.02   11.57   23.07    7.88    0.87    0.58    0.61    0.65    0.85     61.66      5.14
    2004    1.06    0.62    2.63   29.40   14.39   13.19    5.97    2.06    1.03    0.51    0.48    0.47     71.84      5.99
    2005    4.38   10.19    3.33   30.79   51.97   22.35    5.46    2.85    1.64    0.73    4.99    2.48    141.15     11.76
    2006    3.07   11.72    9.87    2.71    0.42    0.62    1.33    1.08    0.80    0.67    0.42    0.98     33.67      2.81
    2007   16.42    6.44    1.34    7.95    3.62    2.08    1.70    1.92    2.70    1.96    0.89    0.36     47.38      3.95
    2008    0.15    1.06    1.21   11.41   35.32   16.15    2.92    0.99    3.53    2.64    1.17    0.47     77.00      6.42
    2009    9.88    5.45    1.29   53.44   19.47    6.82   10.87    4.17    0.83    0.45    0.30    0.19    113.16      9.43
  
 AVERAGE    4.93    6.65    6.51   10.14   10.73   11.48    7.09    3.44    1.74    1.18    1.29    1.98     67.16      5.60
