    1920    1.75    0.96    0.56    0.80    5.99   24.72    9.29    1.79    0.89    0.45    0.31    0.50     48.01      4.00
    1921    0.57    1.60    7.68   12.22    4.23    0.90    0.44    0.50    0.87    0.83    0.79    0.48     31.10      2.59
    1922    0.71    7.34    3.62    1.58    1.51    1.46    1.75    1.74    2.36    2.41    1.56    0.67     26.71      2.23
    1923    0.45    0.90    0.70    1.23    2.20   20.49    7.28    0.65    0.44    0.38    0.33    1.63     36.68      3.06
    1924    4.16   14.66   11.57    3.19    6.06   30.42   21.06    5.79    1.63    0.81    0.43    0.53    100.29      8.36
    1925    0.90    1.56    0.75    0.98    1.95    8.47    3.40    0.67    0.61    0.53    0.34    1.04     21.19      1.77
    1926    2.79    3.28    4.91    2.55    3.03    5.13    2.31    0.64    0.36    0.86    1.07    0.57     27.50      2.29
    1927    2.44    1.29    4.04    6.23    4.60    3.76    1.99    0.78    0.41    0.32    0.28    0.35     26.49      2.21
    1928    1.28    1.38    1.78    3.68    1.74    4.66    2.37    1.16    2.54    2.40    1.38   11.61     35.98      3.00
    1929    4.89    3.56   11.37    4.51    1.65   18.35    7.88    1.69    0.82    0.48    0.41    0.33     55.92      4.66
    1930    0.32    0.31    0.58    5.58    3.52    2.17   17.09    6.41    0.71    0.84    0.75    0.32     38.61      3.22
    1931    0.38    0.89    0.77    0.51   11.28    5.50    1.35    0.57    0.39    0.32    0.24    0.24     22.43      1.87
    1932    0.26    0.67    1.03    0.45    0.72    1.55    1.42    0.92    0.63    0.56    0.41    0.24      8.85      0.74
    1933    0.18   21.39   17.22   34.01   11.28    8.36    4.88    8.84    3.95    1.80    2.13    1.10    115.14      9.60
    1934    1.18   21.40    8.54    2.24    1.49    2.99    2.09    1.44    1.01    0.58    0.44    0.36     43.76      3.65
    1935    0.50    0.58    0.62    0.64    0.78    1.75    1.47    1.68    1.39    0.72    0.36    0.19     10.67      0.89
    1936    1.14   24.00    8.98   12.77   10.71    7.06    2.56    0.67    0.37    0.31    0.26    0.30     69.15      5.76
    1937    0.51    0.42    0.52    6.76   20.03    6.39    1.78    1.85    1.98    1.61    1.67    1.16     44.68      3.72
    1938    1.56    0.88    1.06   12.47   24.09    7.45    0.90    1.26    1.11    1.09    1.46    1.03     54.37      4.53
    1939    1.42    4.97    2.30    0.71    4.38    2.64    3.52    3.05    1.85    1.00    0.52    1.49     27.84      2.32
    1940    1.08    1.03    6.32    4.48    9.01    3.64    1.93    1.43    0.61    0.45    0.38    0.57     30.93      2.58
    1941    5.90    2.30    0.13    3.43    6.65   12.92    5.62    1.98    1.03    0.52    1.21    1.05     42.74      3.56
    1942    1.51    2.54    8.76   11.29    3.56    2.19    5.37    8.79    3.72    7.62    4.26    1.20     60.82      5.07
    1943   11.37   21.93   24.51    7.15    6.99    4.18    1.35    0.98    2.12    1.84    0.78    1.01     84.19      7.02
    1944    2.31    4.53    1.60    0.52    4.92   12.69    4.88    1.33    0.84    0.48    0.29    0.17     34.55      2.88
    1945    0.26    0.29    0.21    1.18    1.39    1.88    1.59    1.78    1.40    0.71    0.36    0.21     11.25      0.94
    1946   11.70    4.86    0.74    0.61    1.35    1.93    7.27    3.32    0.85    0.56    0.39    0.82     34.39      2.87
    1947    1.95    2.17   11.63    4.70    1.10   22.19    9.61    1.99    0.88    0.46    0.30    0.19     57.17      4.76
    1948    0.70    0.69    0.24    4.01    2.50    2.01    1.60    1.17    0.92    0.66    0.41    0.37     15.29      1.27
    1949    1.31    2.70    7.58    6.19    2.90   23.41   20.65   10.64    3.42    1.22    2.05    1.47     83.55      6.96
    1950    0.91    0.58    5.08    5.46    4.97    2.97    2.28    2.04    1.43    0.82    0.70    0.54     27.80      2.32
    1951   15.08    5.43    0.48    1.72    6.44    3.45    1.32    0.73    0.47    0.73    0.76    0.49     37.09      3.09
    1952    0.59    1.19    1.55    0.84   14.46    5.81    1.52    1.53    1.08    0.59    0.39    0.28     29.83      2.49
    1953    4.28    2.76    1.87    3.91    7.33   11.94    4.26    1.36    1.42    0.99    0.49    0.33     40.96      3.41
    1954    0.33    0.86    1.00   11.21   24.30    7.54    1.73    2.24    1.61    0.89    0.48    0.22     52.43      4.37
    1955    0.62    4.86    7.16    2.76    5.89    8.65    4.17    5.98    3.00    0.87    0.42    0.34     44.74      3.73
    1956    6.57    4.29   35.37   19.11    6.59    7.23    4.06    1.75    1.10    1.27    1.51   23.39    112.23      9.35
    1957   41.46   12.49    3.46    8.34    3.38    1.51    6.23    3.81    1.53    0.71    0.35    0.60     83.87      6.99
    1958    0.73    0.77    1.41    1.39    0.92    0.80    3.68   14.16    5.57    1.79    1.19    0.47     32.88      2.74
    1959    1.32    2.10    8.47    3.50   12.23   16.70   12.70    4.25    1.14    0.73    0.78    0.97     64.88      5.41
    1960    1.36    3.86    5.25    8.04    3.28    8.72   11.65    5.94    6.00    3.36    1.34    0.88     59.69      4.97
    1961    0.45   13.43    5.77    1.45   27.49   18.22    8.21    2.87    0.81    0.42    0.36    0.32     79.81      6.65
    1962    0.55    3.06    1.35    9.08    4.33    2.39    9.65    4.67    1.70    1.33    0.85    0.39     39.35      3.28
    1963    0.64    1.97    1.60    1.20    1.17   13.05    5.54    1.11    0.86    0.73    0.63    0.73     29.24      2.44
    1964    6.58    2.83    2.01    4.87    2.08    0.40    2.52    1.74    0.85    0.97    0.94    0.59     26.38      2.20
    1965    0.46    0.75    0.40   20.13    9.28    2.10    1.27    0.97    0.81    0.60    0.41    0.31     37.50      3.12
    1966    0.58    1.13    4.27   35.65   35.72   11.71    8.50    4.70    1.98    0.93    0.47    0.31    105.97      8.83
    1967    1.00    1.27    1.15    0.46    0.16    5.39    4.48    4.95    2.57    1.00    0.75    0.47     23.66      1.97
    1968    0.64    0.52    1.20    0.82    1.35   12.45    5.64    6.75    3.39    1.01    0.55    0.34     34.67      2.89
    1969    5.03    2.25    1.38    1.34    0.75    0.60    0.57    0.55    0.70    1.07    1.13    1.13     16.51      1.38
    1970    1.41    0.97    4.34   10.01    4.19    1.49    1.79    2.32    1.62    0.91    0.56    0.30     29.92      2.49
    1971    0.41    0.60    0.72    3.18   10.80   17.94    6.07    1.24    0.97    0.75    0.47    0.27     43.42      3.62
    1972    0.74    1.25    0.54    0.16    8.94    3.98    1.59    1.09    0.54    0.52    2.82    2.30     24.48      2.04
    1973    0.90    0.51    0.99   16.61    7.69    5.36    3.28    1.47    0.80    0.54    0.46    0.35     38.97      3.25
    1974    0.32   18.09    6.46    6.71   10.33   12.52    4.51    1.21    0.80    0.70    0.64    4.09     66.37      5.53
    1975    2.59    7.82    9.54    7.82   12.13   19.80    7.98    2.34    1.42    0.84    0.44    1.44     74.17      6.18
    1976   12.19    5.65    1.39    2.62    1.64   10.61    4.26    0.63    0.41    0.32    0.26    0.97     40.94      3.41
    1977    6.14    2.84    1.57   15.10    5.99   17.06   15.89    4.49    0.80    0.56    0.57    0.89     71.90      5.99
    1978    1.15    0.61    7.15    3.37    1.03    0.71    0.61    1.01    0.99    1.98   13.81    5.71     38.13      3.18
    1979    1.98    2.25    1.99    1.20    1.96    1.55    0.84    0.52    0.38    0.30    0.25    4.40     17.62      1.47
    1980    2.09    2.21    1.24   23.79   12.33    4.59    2.49    1.24    1.05    0.88    1.56    1.25     54.72      4.56
    1981    0.59    1.27    4.68    2.83    1.25    1.02   11.46    4.71    0.86    0.79    0.62    0.46     30.53      2.54
    1982    6.86    3.69    0.94    0.39    0.85    1.37    1.73    1.53    1.19    1.30    0.92    0.50     21.28      1.77
    1983    1.44    5.70    3.34    2.26    1.17    1.28    1.34    1.32    0.98    0.58    0.92    0.72     21.06      1.75
    1984    1.29    1.78    1.00    0.73    2.64    1.71    0.77    0.43    0.30    0.27    0.23    0.17     11.33      0.94
    1985    0.87    1.24    3.04    1.67    1.67    1.43    1.71    1.24    1.30    1.20    1.10    0.87     17.33      1.44
    1986   11.14    7.86    2.16    0.46    0.63    1.73    2.43    1.57    0.65    0.57    1.54   25.62     56.34      4.70
    1987    9.23    1.74    5.85    3.35   21.04   30.35   13.27    3.41    1.57    1.22    0.83    0.94     92.79      7.73
    1988    4.90    2.89    1.54    2.81   12.06    5.28    2.29    2.62    2.64    1.75    0.83    0.34     39.95      3.33
    1989    0.57    4.50    2.10    0.74    1.18   10.82   15.28    5.11    1.24    1.04    1.07    0.61     44.24      3.69
    1990    0.29    0.14    0.77   31.57   30.89   23.87    6.35    0.50    0.44    0.48    0.33    0.81     96.45      8.04
    1991   20.94    7.67    1.25    0.73    1.05    1.55    1.18    0.60    0.32    0.26    1.37    1.10     38.02      3.17
    1992    0.82    5.03    1.95    0.46    4.23    2.37    1.32    0.94    0.56    0.40    0.42    0.39     18.88      1.57
    1993    9.82    4.30    1.67    5.36    5.58    6.12    4.24    2.13    0.98    0.59    0.45    0.27     41.50      3.46
    1994    0.22    0.26    0.27    0.36    0.51    5.08    2.71    1.13    0.73    0.44    0.34    0.25     12.32      1.03
    1995    1.38    3.64    5.62    3.52   11.09    4.82    1.94    1.93    1.23    1.38    1.30    0.72     38.57      3.21
    1996    4.53   16.03    5.55    2.03    1.44   11.51    8.77    5.29    2.75    1.45    0.83    0.54     60.71      5.06
    1997    0.63    0.97    0.93    1.70    2.22    6.98    2.99    0.60    0.33    0.30    0.25    0.30     18.19      1.52
    1998    0.57   11.73    5.14    1.40    0.92    2.61    1.89    1.25    0.86    0.64    0.48    0.32     27.80      2.32
    1999    0.81    0.62    1.00    1.32    1.69    9.11    4.82    2.28    1.51    0.86    0.47    0.68     25.16      2.10
    2000    2.23    2.32    2.11    0.92    1.28    3.71   10.42    4.22    0.99    0.68    1.71    1.46     32.07      2.67
    2001    8.19    4.37    6.80   14.86    5.17    1.66    2.21    4.43    2.83    1.20    3.33    2.48     57.51      4.79
    2002    1.26    0.48    0.67    0.89    5.07   11.10    4.06    0.68    0.36    0.28    0.38    0.45     25.67      2.14
    2003    0.61    0.96    0.90    6.44    6.13   16.08    5.82    0.73    0.49    0.52    0.54    0.67     39.88      3.32
    2004    0.79    0.45    1.22   20.70    8.69    8.44    4.31    1.61    0.83    0.44    0.41    0.39     48.28      4.02
    2005    1.75    5.33    1.96   21.92   39.09   15.42    3.63    2.26    1.35    0.62    2.63    1.57     97.54      8.13
    2006    1.64    7.24    4.90    1.31    0.30    0.44    0.96    0.81    0.64    0.56    0.36    0.76     19.92      1.66
    2007   10.98    4.43    0.92    3.50    1.94    1.48    1.22    1.42    2.02    1.53    0.73    0.31     30.48      2.54
    2008    0.13    0.73    0.79    6.02   25.38   10.54    1.80    0.82    2.00    2.04    1.06    0.41     51.71      4.31
    2009    5.95    3.49    0.92   40.49   14.72    3.58    6.94    3.05    0.74    0.41    0.27    0.18     80.74      6.73
  
 AVERAGE    3.28    4.17    3.85    6.32    6.90    7.67    4.80    2.49    1.34    0.95    0.97    1.45     44.18      3.68
