    1920    2.24    0.67    0.07    0.41    2.12   27.63    9.15    0.40    0.32    0.27    0.22    0.20     43.69      3.64
    1921    0.17    3.67   14.63   12.43    3.28    0.30    0.26    0.24    0.26    0.24    0.20    0.15     35.80      2.98
    1922    0.23    4.65    3.09    2.36    1.97    0.70    0.52    0.28    0.27    0.30    0.22    0.15     14.73      1.23
    1923    0.12    0.63    0.24    2.71    1.61   24.49    8.07    0.27    0.24    0.21    0.18    1.65     40.42      3.37
    1924    1.32    8.62    8.50    2.39    1.96   56.09   27.85    3.66    0.67    0.57    0.49    0.44    112.55      9.38
    1925    0.40    0.33    0.27    1.25    1.96    3.13    1.02    0.25    0.22    0.19    0.16    0.27      9.44      0.79
    1926    0.88    1.46    1.55    1.36    0.92    6.40    2.28    0.18    0.15    0.16    0.17    0.11     15.61      1.30
    1927    0.66    0.25    4.33   10.58    4.34    2.16    0.73    0.23    0.19    0.17    0.15    0.13     23.92      1.99
    1928    0.83    1.35    3.58    6.15    1.85    4.55    1.75    0.26    0.34    0.38    0.29    2.08     23.41      1.95
    1929    0.86    2.08    5.96    3.15    0.95   18.46    6.57    0.46    0.37    0.32    0.28    0.24     39.70      3.31
    1930    0.20    0.16    0.76    6.90    4.15    1.93   30.26    9.97    0.41    0.43    0.38    0.29     55.84      4.65
    1931    0.25    3.76    1.54    0.68    2.15    1.42    0.32    0.17    0.15    0.13    0.11    0.10     10.76      0.90
    1932    0.08    0.38    1.42    0.47    0.20    0.68    0.31    0.09    0.07    0.06    0.05    0.03      3.84      0.32
    1933    0.02   27.38   14.42   62.78   20.51    5.68    2.37    9.71    3.49    0.67    0.62    0.47    148.14     12.34
    1934    0.64   13.05    5.52    1.98    1.17    1.68    0.75    0.41    0.36    0.30    0.26    0.21     26.33      2.19
    1935    0.18    1.82    2.64    1.28    0.46    3.96    1.53    0.28    0.23    0.17    0.14    0.11     12.79      1.07
    1936    0.96   15.36    8.16   13.35    9.65    2.87    0.42    0.36    0.31    0.28    0.24    0.21     52.16      4.35
    1937    0.18    0.15    0.95    3.05   11.84    3.79    1.19    0.53    0.28    0.25    0.23    0.17     22.61      1.88
    1938    1.35    0.50    2.04    9.69   18.29    5.23    0.29    0.28    0.26    0.25    0.32    0.22     38.73      3.23
    1939    1.35    3.02    1.11    0.55    1.79    1.72    1.24    0.53    0.30    0.23    0.18    0.40     12.39      1.03
    1940    0.17    1.38    3.66    5.75    5.46    1.51    0.98    0.43    0.20    0.18    0.15    0.13     20.00      1.67
    1941    2.02    0.74    0.09    5.86    5.61   11.86    4.25    0.44    0.34    0.29    0.30    0.26     32.05      2.67
    1942    1.13    4.26    6.21    9.64    2.89    1.46   14.74   15.09    3.80    5.74    2.43    0.56     67.94      5.66
    1943    6.22   35.40   24.06    5.36    4.95    2.19    0.52    0.48    0.55    0.54    0.39    0.36     81.03      6.75
    1944    0.91    1.66    0.48    0.92    3.20   13.62    4.45    0.32    0.28    0.24    0.21    0.17     26.47      2.21
    1945    0.15    0.23    0.16   10.50    4.19    5.70    2.12    0.42    0.33    0.25    0.20    0.17     24.41      2.03
    1946    3.17    1.74    0.64    0.87    1.50    1.76    8.82    3.08    0.28    0.24    0.20    0.18     22.50      1.87
    1947    1.97    1.29    7.26    4.29    0.84   37.80   13.18    0.53    0.42    0.36    0.31    0.26     68.49      5.71
    1948    0.22    0.19    0.15    3.72    1.49    0.81    0.32    0.16    0.16    0.14    0.10    0.08      7.55      0.63
    1949    0.44    1.25    3.40    2.33    1.88   18.03   31.94   15.29    2.56    0.59    0.65    0.47     78.83      6.57
    1950    0.36    0.30    5.81    6.16    1.94    0.83    0.89    0.38    0.30    0.25    0.22    0.18     17.60      1.47
    1951    6.00    2.18    0.15    2.16    4.25    1.68    0.23    0.17    0.15    0.16    0.15    0.11     17.39      1.45
    1952    0.09    1.53    2.33    0.84    8.68    3.30    4.97    1.90    0.28    0.23    0.20    0.16     24.51      2.04
    1953    1.19    1.99    2.74    2.60    6.09   17.91    5.55    0.39    0.36    0.30    0.25    0.21     39.58      3.30
    1954    0.18    0.34    0.85   18.74   21.75    5.39    0.53    0.41    0.35    0.32    0.26    0.20     49.32      4.11
    1955    0.17    1.85    3.72    1.37    7.06   12.80    3.92    0.52    0.43    0.34    0.28    0.24     32.70      2.72
    1956    1.93    1.37   36.45   16.06    3.81    1.62    0.78    0.40    0.37    0.36    0.36   26.10     89.60      7.47
    1957   50.37   15.13    3.39    9.44    3.10    0.95    1.30    0.75    0.55    0.43    0.36    0.33     86.09      7.17
    1958    0.29    0.92    2.70    2.08    0.65    0.66    2.01   11.27    3.92    0.48    0.38    0.27     25.62      2.13
    1959    0.36    1.58    8.81    3.17    3.06    4.06    1.60    0.38    0.31    0.28    0.26    0.22     24.09      2.01
    1960    0.84    1.42    3.07    3.42    0.96    3.21    6.38    2.21    0.61    0.54    0.36    0.26     23.26      1.94
    1961    0.20    4.47    2.02    0.57   24.45    8.98    0.65    0.35    0.28    0.25    0.21    0.18     42.62      3.55
    1962    0.15    4.68    1.73    6.01    2.68    1.88   12.56    4.38    0.45    0.39    0.31    0.24     35.49      2.96
    1963    0.21    5.18    2.80    0.65    0.53   24.34    8.22    0.36    0.35    0.32    0.25    0.21     43.42      3.62
    1964    6.80    2.48    3.53    3.78    0.95    0.18    0.98    0.42    0.18    0.19    0.16    0.11     19.76      1.65
    1965    0.11    0.76    0.25    8.63    4.85    0.85    0.16    0.14    0.12    0.11    0.09    0.07     16.15      1.35
    1966    0.06    0.25    2.76   47.98   38.24    8.28    9.52    4.26    0.64    0.49    0.42    0.36    113.26      9.44
    1967    0.78    1.38    1.12    0.35    0.18    3.07    1.78    0.84    0.40    0.29    0.27    0.19     10.65      0.89
    1968    0.27    0.13    2.77    1.13    0.99    5.87    2.27    2.16    0.89    0.28    0.22    0.18     17.14      1.43
    1969    2.03    0.73    1.59    2.53    0.76    0.12    0.11    0.10    0.10    0.12    0.12    0.13      8.44      0.70
    1970    0.58    0.45    4.71    7.36    3.09    0.54    0.30    0.30    0.20    0.15    0.12    0.09     17.89      1.49
    1971    0.08    0.23    1.34    4.79   16.18   28.49    7.99    0.44    0.40    0.35    0.29    0.24     60.82      5.07
    1972    0.45    1.17    0.36    0.13    4.21    1.63    0.21    0.15    0.12    0.12    0.40    0.31      9.26      0.77
    1973    0.11    0.18    1.24   26.31   10.21    1.68    0.65    0.29    0.24    0.21    0.18    0.15     41.46      3.46
    1974    0.13   12.32    4.38   11.19    7.11   10.96    3.63    0.44    0.38    0.35    0.30    0.90     52.07      4.34
    1975    0.40    4.92    8.84   10.93   20.70   24.13    9.63    1.41    0.67    0.57    0.48    0.55     83.22      6.93
    1976    5.16    2.29    0.75    2.85    1.16    7.00    2.55    0.31    0.27    0.24    0.21    0.98     23.78      1.98
    1977    1.37    0.75    2.33   20.90    7.42   23.24   21.65    5.02    0.51    0.46    0.42    0.38     84.46      7.04
    1978    0.34    0.27    4.36    4.28    1.21    0.22    0.21    0.22    0.20    0.38    9.44    3.39     24.49      2.04
    1979    0.91    3.29    1.74    0.99    1.11    0.45    0.18    0.15    0.13    0.12    0.10    2.04     11.22      0.93
    1980    0.79    4.06    1.66   18.37    9.17    2.10    0.55    0.32    0.29    0.25    0.36    0.21     38.13      3.18
    1981    0.15    0.95    3.61    2.16    0.66    0.27    8.65    3.09    0.23    0.22    0.18    0.14     20.32      1.69
    1982    3.85    3.81    1.00    0.13    0.11    0.11    0.15    0.12    0.12    0.16    0.13    0.07      9.75      0.81
    1983    0.50    4.93    3.08    2.25    0.64    0.62    0.27    0.22    0.16    0.10    0.14    0.09     13.00      1.08
    1984    1.14    1.76    0.78    0.60    2.54    1.14    0.17    0.09    0.08    0.07    0.06    0.04      8.47      0.71
    1985    0.68    0.99    5.88    2.20    0.48    0.39    0.48    0.21    0.21    0.17    0.22    0.15     12.04      1.00
    1986    6.03    4.69    1.13    0.13    0.85    1.78    1.15    0.33    0.15    0.14    0.25   36.76     53.40      4.45
    1987   12.07    2.77    3.82    1.43   17.57   33.58   16.38    2.75    0.68    0.61    0.53    0.48     92.67      7.72
    1988    5.59    2.37    1.98    3.56   15.98    5.85    0.53    0.56    0.54    0.44    0.36    0.29     38.05      3.17
    1989    0.25    3.41    1.55    3.52    1.98    9.84   15.94    4.62    0.48    0.43    0.38    0.30     42.70      3.56
    1990    0.25    0.20    0.65   30.99   12.72   25.68    8.40    0.44    0.41    0.38    0.33    0.42     80.86      6.74
    1991   11.66    4.21    1.75    0.57    0.22    0.19    0.18    0.15    0.13    0.12    0.46    0.22     19.85      1.65
    1992    0.48    3.93    1.36    0.35    4.24    1.85    0.39    0.17    0.13    0.11    0.10    0.08     13.19      1.10
    1993    5.28    2.32    1.41    5.05    6.33    3.77    1.12    0.31    0.25    0.23    0.20    0.16     26.43      2.20
    1994    0.13    0.11    0.22    0.91    0.69    1.67    0.67    0.14    0.11    0.09    0.08    0.06      4.87      0.41
    1995    1.11    1.44    4.41    6.50   13.05    4.34    0.69    0.44    0.35    0.36    0.33    0.23     33.23      2.77
    1996    4.63   21.43    7.22    2.21    0.93   11.67    7.52    2.29    0.67    0.57    0.46    0.37     59.97      5.00
    1997    0.31    1.26    1.34    3.97    2.49   10.61    3.66    0.29    0.26    0.23    0.20    0.17     24.79      2.07
    1998    0.29    9.05    5.42    3.14    0.89    1.20    0.47    0.22    0.20    0.16    0.13    0.10     21.25      1.77
    1999    0.09    0.07    1.41    2.09    1.16    3.52    1.49    0.29    0.23    0.17    0.13    0.26     10.91      0.91
    2000    0.34    1.06    3.44    1.24    1.08    1.62    9.60    3.34    0.31    0.26    0.33    0.23     22.84      1.90
    2001    2.73    3.14   15.80   10.67    2.18    0.39    0.44    0.65    0.43    0.32    0.57    0.38     37.70      3.14
    2002    0.25    0.17    2.04    1.44    3.90    7.70    2.48    0.27    0.23    0.20    0.18    0.16     19.02      1.59
    2003    0.13    0.63    0.94    3.01    3.63   11.67    3.81    0.26    0.24    0.22    0.20    0.17     24.91      2.08
    2004    0.15    0.11    2.57   16.54    9.08    5.64    1.77    0.43    0.35    0.29    0.26    0.22     37.40      3.12
    2005    0.88    2.80    0.90   14.32   39.18   13.02    1.07    0.60    0.48    0.40    0.49    0.33     74.47      6.21
    2006    0.89    4.10    5.34    1.48    0.22    0.19    0.19    0.18    0.16    0.14    0.12    0.11     13.12      1.09
    2007    2.56    1.36    1.47    4.58    1.85    1.53    0.63    0.30    0.32    0.24    0.17    0.12     15.14      1.26
    2008    0.10    3.22    1.40    7.33   39.27   12.48    0.36    0.33    0.39    0.42    0.30    0.22     65.81      5.48
    2009    3.22    2.82    0.89   55.22   19.05    1.40    1.18    0.44    0.35    0.31    0.26    0.22     85.37      7.11
  
 AVERAGE    1.97    3.39    3.67    6.96    6.03    7.20    4.22    1.44    0.45    0.34    0.39    1.02     37.08      3.09
