    1920    3.68    1.76    0.42    0.38    2.11   37.71   15.02    3.09    1.73    0.92    0.57    0.64     68.03      5.67
    1921    0.59    2.52   17.91   15.06    4.78    1.15    0.48    0.68    1.67    1.74    1.23    0.63     48.44      4.04
    1922    0.88    3.41    2.62    1.97    2.50    2.18    2.79    2.70    2.96    3.04    2.09    0.86     27.99      2.33
    1923    0.44    0.86    0.45    1.42    1.97   34.20   12.40    1.11    0.70    0.61    0.51    3.05     57.71      4.81
    1924    3.87   15.15    7.83    1.92    2.32   68.66   36.46    8.32    2.83    1.33    0.72    0.79    150.20     12.52
    1925    1.30    1.00    0.37    0.78    2.24    6.75    3.53    1.22    0.94    0.79    0.56    1.34     20.81      1.73
    1926    2.55    2.48    1.66    1.25    1.51   14.22    5.94    0.98    0.57    1.15    1.59    0.90     34.79      2.90
    1927    1.48    0.86    1.94   11.47    6.02    4.13    3.23    1.55    0.76    0.59    0.54    0.48     33.03      2.75
    1928    1.68    2.11    2.47    3.66    1.91    9.74    4.81    2.04    3.51    3.77    2.43    6.39     44.51      3.71
    1929    3.73    2.45    3.58    2.55    1.74   27.34   12.05    2.93    1.50    0.87    0.78    0.57     60.08      5.01
    1930    0.44    0.34    0.58    3.89    4.15    4.05   39.05   14.20    1.24    2.15    1.96    0.75     72.80      6.07
    1931    0.72    2.90    1.64    0.79    2.31    3.08    1.70    0.88    0.74    0.63    0.49    0.56     16.44      1.37
    1932    0.47    0.66    1.08    0.42    0.53    1.62    1.85    1.32    0.97    0.85    0.63    0.40     10.82      0.90
    1933    0.24   36.01   15.05   71.79   25.10   12.00    7.29   15.40    7.13    2.94    2.58    1.24    196.77     16.40
    1934    1.58   20.46    8.09    1.67    1.77    3.25    3.46    2.86    2.13    1.38    1.00    0.69     48.34      4.03
    1935    0.76    1.84    2.10    1.28    1.04    8.90    4.69    2.78    2.11    1.12    0.62    0.34     27.59      2.30
    1936    1.58   22.68    9.64   17.20   15.41    6.24    2.43    1.26    0.75    0.68    0.59    0.62     79.09      6.59
    1937    0.59    0.43    0.69    1.88   19.88    7.41    3.33    3.17    2.28    1.75    1.64    1.05     44.09      3.67
    1938    2.29    1.34    1.27    9.70   24.84    8.43    1.03    1.37    1.35    1.52    3.02    2.03     58.19      4.85
    1939    2.54    3.48    1.59    0.67    2.04    3.37    4.69    4.41    2.81    1.48    0.77    1.62     29.48      2.46
    1940    1.09    1.36    2.32    3.50    8.78    3.95    3.34    2.59    1.12    0.82    0.71    0.75     30.35      2.53
    1941    3.01    1.55    0.21    2.25    7.71   19.15    9.06    3.17    1.54    0.86    1.96    1.65     52.13      4.34
    1942    2.35    3.73    4.06   10.37    3.96    2.33   22.98   21.88    7.08   10.58    8.10    3.03    100.44      8.37
    1943   12.54   44.04   30.32    7.12    7.17    4.71    1.68    1.14    3.68    3.48    1.47    1.36    118.71      9.89
    1944    2.55    2.64    0.89    0.65    3.00   21.57    8.28    1.42    1.01    0.72    0.52    0.31     43.57      3.63
    1945    0.25    0.47    0.33    9.10    4.85   12.71    6.10    3.54    2.65    1.33    0.70    0.41     42.44      3.54
    1946    3.97    2.93    1.10    0.82    1.91    3.38   16.40    7.23    1.64    0.98    0.68    1.11     42.16      3.51
    1947    3.41    2.70    4.51    3.19    1.49   48.84   20.10    3.54    1.52    0.82    0.56    0.33     91.03      7.59
    1948    0.68    0.57    0.17    1.61    1.50    2.02    1.70    1.58    1.62    1.35    0.86    0.59     14.25      1.19
    1949    1.31    1.84    2.32    1.92    2.44   26.57   40.09   20.70    6.02    2.74    4.16    2.56    112.66      9.39
    1950    0.95    0.59    2.63    3.79    2.59    2.43    3.77    3.27    1.94    1.17    1.01    0.71     24.85      2.07
    1951   13.15    5.17    0.40    1.17    5.06    3.63    1.89    1.04    0.76    1.55    1.58    0.98     36.39      3.03
    1952    0.74    1.60    1.86    0.94   15.26    7.00   11.16    5.70    1.69    0.88    0.68    0.53     48.04      4.00
    1953    2.00    2.71    2.36    2.09   11.13   24.85    8.62    1.96    1.74    1.20    0.69    0.37     59.73      4.98
    1954    0.23    0.53    0.76   23.24   28.67    8.37    2.76    2.76    2.01    1.59    1.06    0.50     72.49      6.04
    1955    0.62    1.81    2.56    1.31   11.98   19.92    7.94    4.01    2.76    1.36    0.72    0.52     55.52      4.63
    1956    2.68    2.50   43.53   17.07    4.36    3.88    3.95    2.53    1.81    1.98    2.40   34.98    121.67     10.14
    1957   60.18   18.30    2.76    9.65    4.19    2.25    4.11    5.21    3.30    1.41    0.68    1.11    113.14      9.43
    1958    1.14    1.35    1.87    1.70    1.25    1.86    9.00   16.85    6.92    3.37    2.34    0.93     48.59      4.05
    1959    1.17    1.99    7.51    3.23    2.99   10.30    6.45    2.89    1.61    1.28    1.42    1.20     42.06      3.50
    1960    2.07    2.29    2.34    2.50    1.33    5.27   12.42    6.96    5.27    4.27    2.23    0.91     47.86      3.99
    1961    0.30    2.52    1.74    0.79   33.83   14.01    3.61    2.12    1.01    0.64    0.51    0.41     61.49      5.12
    1962    0.53    3.06    1.64    2.80    2.70    3.54   19.88    9.20    2.85    2.02    1.24    0.55     50.01      4.17
    1963    0.78    4.40    2.73    0.91    1.04   34.34   13.68    2.07    2.03    1.85    1.11    0.66     65.58      5.46
    1964   14.67    5.77    1.95    2.55    1.26    0.41    2.67    2.43    1.52    1.68    1.52    0.85     37.28      3.11
    1965    0.79    1.19    0.48    5.11    4.66    2.44    1.28    0.83    0.82    0.79    0.60    0.36     19.34      1.61
    1966    0.48    0.65    1.56   56.65   47.37   12.11   16.04    9.70    3.89    1.62    0.78    0.47    151.32     12.61
    1967    1.54    2.10    1.34    0.54    0.25    3.23    4.80    5.74    3.73    1.82    1.56    0.96     27.61      2.30
    1968    1.05    0.66    1.45    0.90    1.41   13.66    7.14    7.11    4.46    1.73    1.01    0.65     41.22      3.44
    1969    2.72    1.51    1.02    1.73    1.07    0.75    0.75    0.76    1.02    1.60    1.70    1.52     16.15      1.35
    1970    1.97    1.41    2.43    5.20    3.74    2.02    2.12    2.97    2.25    1.30    0.79    0.43     26.62      2.22
    1971    0.53    0.65    1.02    2.63   23.69   37.32   12.02    2.05    1.56    1.27    0.80    0.44     83.99      7.00
    1972    1.15    1.76    0.65    0.16    2.68    2.36    1.97    1.39    0.79    0.81    2.54    2.78     19.03      1.59
    1973    1.26    0.56    0.90   32.97   13.57    3.87    3.51    2.15    1.12    0.75    0.76    0.66     62.10      5.17
    1974    0.46   16.72    6.28   11.28    9.67   17.25    7.14    1.97    1.40    1.22    0.98    2.59     76.95      6.41
    1975    2.09    3.89    7.32   12.35   27.08   31.56   15.04    5.11    2.54    1.52    0.80    1.88    111.18      9.26
    1976   12.01    5.59    1.15    1.74    1.58   14.94    6.41    1.13    0.69    0.58    0.49    2.39     48.70      4.06
    1977    3.73    2.26    1.76   26.88   10.63   31.36   28.59    7.97    1.30    0.90    0.92    1.22    117.52      9.79
    1978    1.29    0.62    1.93    2.78    1.80    0.91    0.93    1.72    1.67    3.21   15.95    6.90     39.70      3.31
    1979    2.64    3.57    2.01    1.07    1.64    1.62    1.22    0.88    0.67    0.57    0.49    3.93     20.31      1.69
    1980    2.27    2.75    1.61   22.20   12.45    4.64    3.17    2.04    1.70    1.36    2.50    1.81     58.51      4.88
    1981    0.68    1.04    2.20    1.82    1.34    1.30   17.43    7.35    1.43    1.25    0.96    0.70     37.50      3.13
    1982    7.63    5.46    1.57    0.27    0.26    0.67    1.41    1.49    1.51    2.26    1.75    0.74     25.02      2.09
    1983    1.29    4.86    3.01    1.91    0.88    1.40    1.51    2.22    1.96    1.12    1.53    1.12     22.80      1.90
    1984    2.04    2.52    1.26    0.69    2.50    2.57    1.55    0.83    0.66    0.65    0.51    0.31     16.09      1.34
    1985    1.30    1.70    3.11    1.73    1.13    1.42    2.49    1.86    2.17    2.05    2.22    1.74     22.92      1.91
    1986   13.18    7.31    1.70    0.32    1.05    3.08    4.38    2.79    1.14    0.87    2.17   46.97     84.96      7.08
    1987   16.65    2.71    2.79    1.44   25.91   42.50   22.58    6.65    2.59    1.86    1.33    1.50    128.53     10.71
    1988   12.50    5.72    1.69    2.30   23.59   10.20    3.22    3.64    3.34    2.13    1.14    0.52     69.98      5.83
    1989    0.63    2.64    1.64    2.14    2.41   18.06   22.87    7.88    2.12    1.62    1.48    0.82     64.31      5.36
    1990    0.35    0.24    0.40   37.51   15.82   32.62   11.60    0.82    0.73    0.83    0.60    1.62    103.13      8.59
    1991   20.27    7.75    1.41    0.51    0.29    0.58    0.67    0.54    0.43    0.39    2.30    1.81     36.95      3.08
    1992    1.52    3.33    1.55    0.49    4.42    3.50    2.67    1.86    1.05    0.73    0.87    0.65     22.63      1.89
    1993   10.89    5.07    1.48    2.84   11.31    8.50    4.58    2.17    0.94    0.80    0.72    0.42     49.73      4.14
    1994    0.34    0.27    0.28    0.69    1.17    2.90    2.66    1.83    1.22    0.82    0.72    0.54     13.44      1.12
    1995    1.87    2.26    2.81    3.68   19.68    8.38    3.57    3.98    2.58    2.93    2.53    1.21     55.49      4.62
    1996    9.90   28.40    9.35    1.66    1.42   20.55   14.09    7.20    4.59    2.92    1.82    1.07    102.98      8.58
    1997    0.80    1.44    1.30    2.40    2.94   18.78    7.27    0.90    0.56    0.56    0.50    0.54     37.99      3.17
    1998    1.15   13.64    6.42    2.48    1.34    2.29    1.92    2.15    1.82    1.04    0.61    0.35     35.20      2.93
    1999    0.57    0.32    0.75    1.44    1.71    8.45    5.33    3.08    2.15    1.28    0.74    1.39     27.22      2.27
    2000    1.81    1.80    2.30    1.14    1.49    3.05   17.53    7.83    2.10    1.36    2.49    1.91     44.80      3.73
    2001    3.88    3.96   20.23   10.85    2.66    1.57    2.52    4.56    3.92    1.98    3.11    3.18     62.42      5.20
    2002    1.86    0.63    1.06    1.14    4.18   14.16    6.30    1.55    0.76    0.56    0.71    0.79     33.71      2.81
    2003    0.78    1.04    0.96    1.89    3.69   18.96    7.64    1.27    0.90    1.06    1.11    1.11     40.41      3.37
    2004    1.15    0.63    1.37   21.32   14.72   10.72    5.31    2.48    1.42    0.82    0.70    0.61     61.24      5.10
    2005    1.80    3.09    1.26   14.57   47.80   17.98    4.49    3.71    2.25    1.09    2.60    1.89    102.53      8.54
    2006    1.98    3.81    3.89    1.39    0.39    0.50    1.43    1.32    1.07    0.94    0.63    0.90     18.26      1.52
    2007    4.19    2.76    1.49    2.65    2.22    3.01    2.81    3.08    3.60    2.56    1.25    0.53     30.16      2.51
    2008    0.24    2.04    1.38    4.67   48.15   17.52    1.83    1.25    3.31    3.60    1.92    0.72     86.63      7.22
    2009    4.02    3.78    1.47   63.96   23.30    3.52    4.70    3.15    1.41    0.81    0.55    0.31    110.99      9.25
  
 AVERAGE    3.61    4.50    3.52    7.09    8.06   11.23    7.85    3.90    2.08    1.57    1.51    2.08     57.00      4.75
