    1920    1.95    0.96    0.24    0.21    1.13   19.86    7.95    1.68    0.94    0.50    0.30    0.33     36.07      3.01
    1921    0.31    1.34   10.06    8.76    2.75    0.64    0.27    0.36    0.88    0.92    0.66    0.34     27.29      2.27
    1922    0.47    2.12    1.53    1.10    1.39    1.20    1.52    1.47    1.59    1.64    1.13    0.47     15.64      1.30
    1923    0.24    0.46    0.25    0.77    1.08   18.02    6.56    0.60    0.37    0.32    0.27    1.59     30.53      2.54
    1924    2.08    8.47    4.82    1.24    1.27   35.61   19.35    4.49    1.52    0.72    0.39    0.42     80.38      6.70
    1925    0.69    0.55    0.21    0.43    1.22    3.93    1.99    0.66    0.50    0.42    0.29    0.70     11.60      0.97
    1926    1.36    1.35    0.93    0.71    0.84    7.76    3.23    0.53    0.30    0.60    0.84    0.49     18.93      1.58
    1927    0.79    0.47    1.05    6.70    3.43    2.25    1.78    0.86    0.41    0.31    0.28    0.25     18.58      1.55
    1928    0.89    1.15    1.37    2.22    1.09    5.28    2.61    1.10    1.87    2.02    1.32    3.59     24.49      2.04
    1929    2.06    1.34    1.97    1.45    0.99   14.49    6.41    1.60    0.82    0.47    0.41    0.30     32.31      2.69
    1930    0.23    0.19    0.32    2.51    2.39    2.22   20.61    7.50    0.67    1.12    1.04    0.41     39.21      3.27
    1931    0.38    1.56    0.91    0.45    1.25    1.68    0.95    0.48    0.39    0.33    0.25    0.29      8.93      0.74
    1932    0.25    0.36    0.59    0.24    0.29    0.87    1.01    0.72    0.52    0.45    0.33    0.21      5.84      0.49
    1933    0.13   18.75    8.18   37.31   13.07    6.67    3.98    8.33    3.84    1.56    1.38    0.68    103.87      8.66
    1934    0.85   11.09    4.38    0.94    0.99    1.77    1.90    1.57    1.16    0.74    0.54    0.37     26.29      2.19
    1935    0.41    0.99    1.16    0.73    0.59    4.95    2.58    1.49    1.14    0.60    0.33    0.18     15.15      1.26
    1936    0.83   12.22    5.22    9.74    8.75    3.45    1.34    0.70    0.41    0.36    0.31    0.32     43.65      3.64
    1937    0.32    0.23    0.38    1.03   10.86    4.04    1.77    1.71    1.24    0.94    0.88    0.57     23.96      2.00
    1938    1.22    0.73    0.70    5.68   13.56    4.55    0.57    0.73    0.72    0.80    1.60    1.10     31.95      2.66
    1939    1.37    1.90    0.90    0.39    1.11    1.83    2.37    2.25    1.49    0.79    0.41    0.85     15.65      1.30
    1940    0.59    0.74    1.27    1.95    5.20    2.28    1.80    1.41    0.61    0.44    0.37    0.40     17.06      1.42
    1941    1.60    0.85    0.12    1.21    4.55   10.53    4.91    1.73    0.85    0.46    1.03    0.88     28.71      2.39
    1942    1.26    2.39    2.35    6.21    2.34    1.25   12.29   11.69    3.77    5.62    4.30    1.64     55.12      4.59
    1943    6.82   23.32   16.58    3.99    4.13    2.66    0.93    0.62    1.94    1.85    0.80    0.72     64.35      5.36
    1944    1.37    1.45    0.50    0.36    1.60   11.68    4.48    0.77    0.54    0.38    0.27    0.16     23.57      1.96
    1945    0.13    0.25    0.18    5.18    2.72    7.03    3.35    1.90    1.43    0.72    0.38    0.22     23.49      1.96
    1946    2.25    1.63    0.62    0.47    1.04    1.84    9.03    3.95    0.88    0.53    0.36    0.58     23.16      1.93
    1947    1.82    1.48    2.90    1.91    0.85   25.37   10.85    2.02    0.82    0.44    0.30    0.18     48.93      4.08
    1948    0.36    0.31    0.09    0.87    0.83    1.09    0.93    0.85    0.86    0.72    0.46    0.31      7.68      0.64
    1949    0.69    1.00    1.28    1.08    1.35   14.19   21.19   11.07    3.23    1.46    2.22    1.39     60.16      5.01
    1950    0.53    0.33    1.43    2.10    1.47    1.34    2.05    1.78    1.06    0.63    0.54    0.38     13.64      1.14
    1951    7.04    2.78    0.22    0.64    3.05    2.07    1.04    0.57    0.41    0.81    0.84    0.53     19.99      1.67
    1952    0.40    0.86    1.03    0.54    8.27    3.79    6.20    3.12    0.91    0.47    0.36    0.28     26.22      2.19
    1953    1.06    1.47    1.31    1.18    6.31   13.44    4.63    1.06    0.94    0.65    0.37    0.20     32.59      2.72
    1954    0.12    0.28    0.42   12.65   15.54    4.52    1.50    1.50    1.09    0.86    0.57    0.27     39.32      3.28
    1955    0.33    0.98    1.41    0.75    6.60   10.88    4.31    2.16    1.50    0.74    0.39    0.28     30.32      2.53
    1956    1.42    1.37   23.08    9.12    2.42    2.15    2.17    1.40    0.98    1.06    1.28   18.28     64.74      5.39
    1957   31.44    9.62    1.54    5.72    2.46    1.22    2.57    2.89    1.77    0.77    0.36    0.59     60.95      5.08
    1958    0.62    0.74    1.03    0.96    0.71    1.02    5.06    9.09    3.69    1.79    1.26    0.51     26.46      2.21
    1959    0.63    1.08    4.52    1.91    1.62    5.86    3.58    1.58    0.88    0.69    0.76    0.65     23.75      1.98
    1960    1.11    1.26    1.30    1.40    0.76    3.03    6.95    3.79    2.81    2.31    1.22    0.50     26.43      2.20
    1961    0.16    1.33    0.96    0.45   17.78    7.41    1.98    1.17    0.55    0.34    0.27    0.22     32.63      2.72
    1962    0.28    1.61    0.85    1.26    1.35    1.90   10.80    4.96    1.53    1.09    0.67    0.30     26.60      2.22
    1963    0.41    2.64    1.58    0.52    0.57   17.99    7.21    1.13    1.09    0.99    0.59    0.35     35.07      2.92
    1964    7.82    3.09    1.07    1.43    0.72    0.23    1.39    1.30    0.81    0.89    0.81    0.46     20.03      1.67
    1965    0.42    0.64    0.27    3.04    2.62    1.35    0.72    0.46    0.43    0.41    0.31    0.19     10.87      0.91
    1966    0.25    0.35    0.85   29.85   25.16    6.48    8.80    5.22    1.99    0.83    0.41    0.25     80.45      6.70
    1967    0.81    1.14    0.75    0.31    0.14    1.84    2.62    3.36    2.08    0.97    0.84    0.52     15.39      1.28
    1968    0.56    0.36    0.79    0.51    0.77    7.47    3.89    4.01    2.44    0.93    0.54    0.35     22.62      1.89
    1969    1.44    0.82    0.56    0.96    0.61    0.42    0.41    0.41    0.53    0.83    0.90    0.81      8.71      0.73
    1970    1.06    0.77    1.33    3.39    2.23    1.12    1.16    1.60    1.22    0.70    0.43    0.23     15.24      1.27
    1971    0.28    0.35    0.56    1.45   12.88   19.86    6.39    1.12    0.84    0.68    0.43    0.24     45.08      3.76
    1972    0.61    0.96    0.36    0.08    1.58    1.32    1.07    0.76    0.42    0.43    1.33    1.49     10.40      0.87
    1973    0.69    0.31    0.50   17.65    7.29    2.12    1.93    1.19    0.61    0.40    0.40    0.35     33.44      2.79
    1974    0.24    8.96    3.38    6.42    5.67    9.52    3.88    1.07    0.76    0.65    0.52    1.37     42.44      3.54
    1975    1.13    2.40    4.54    7.32   14.72   16.88    8.33    2.84    1.36    0.82    0.43    0.99     61.76      5.15
    1976    6.62    3.06    0.65    0.97    0.89    8.10    3.45    0.62    0.37    0.30    0.26    1.25     26.53      2.21
    1977    1.99    1.25    0.98   14.62    5.78   16.59   15.31    4.27    0.70    0.48    0.48    0.65     63.11      5.26
    1978    0.70    0.34    1.05    1.54    1.02    0.51    0.51    0.91    0.89    1.68    8.60    3.72     21.47      1.79
    1979    1.43    1.95    1.13    0.61    0.90    0.89    0.67    0.48    0.36    0.30    0.25    2.14     11.12      0.93
    1980    1.23    1.47    0.89   12.11    7.12    2.62    1.74    1.12    0.92    0.73    1.32    0.97     32.25      2.69
    1981    0.37    0.56    1.20    1.03    0.76    0.71    9.33    3.93    0.77    0.67    0.51    0.37     20.21      1.68
    1982    4.21    2.99    0.88    0.16    0.14    0.36    0.76    0.80    0.80    1.19    0.93    0.40     13.62      1.13
    1983    0.68    2.94    1.76    1.07    0.50    0.75    0.82    1.19    1.05    0.60    0.81    0.60     12.78      1.07
    1984    1.08    1.38    0.71    0.39    1.35    1.41    0.86    0.46    0.35    0.34    0.27    0.16      8.76      0.73
    1985    0.68    0.92    1.71    0.98    0.63    0.78    1.35    1.02    1.15    1.09    1.19    0.94     12.44      1.04
    1986    7.17    3.98    0.95    0.19    0.56    1.65    2.38    1.53    0.63    0.46    1.14   24.38     45.02      3.75
    1987    8.68    1.48    1.55    0.83   13.79   22.43   12.22    3.64    1.39    1.00    0.72    0.80     68.53      5.71
    1988    6.83    3.10    0.94    1.29   12.77    5.50    1.77    1.98    1.81    1.15    0.62    0.28     38.02      3.17
    1989    0.34    1.42    0.91    1.19    1.34    9.81   12.38    4.24    1.14    0.87    0.79    0.44     34.87      2.91
    1990    0.19    0.12    0.22   19.87    8.80   17.36    6.13    0.45    0.38    0.43    0.32    0.85     55.11      4.59
    1991   10.45    4.03    0.78    0.29    0.16    0.31    0.36    0.29    0.22    0.20    1.18    0.95     19.24      1.60
    1992    0.81    1.79    0.85    0.28    2.60    1.97    1.46    1.02    0.57    0.39    0.46    0.34     12.54      1.04
    1993    5.85    2.74    0.83    1.57    6.50    5.01    2.57    1.19    0.51    0.42    0.38    0.22     27.79      2.32
    1994    0.18    0.14    0.15    0.39    0.64    1.56    1.46    1.00    0.66    0.44    0.38    0.28      7.29      0.61
    1995    0.99    1.23    1.55    2.58   10.92    4.56    1.95    2.16    1.41    1.56    1.36    0.66     30.93      2.58
    1996    5.41   15.32    5.05    0.93    0.80   10.98    7.82    3.92    2.35    1.51    0.97    0.58     55.64      4.64
    1997    0.43    0.78    0.73    1.34    1.62   10.23    3.95    0.49    0.30    0.29    0.26    0.28     20.70      1.73
    1998    0.61    7.51    3.54    1.40    0.77    1.24    1.05    1.16    0.98    0.56    0.32    0.18     19.32      1.61
    1999    0.30    0.17    0.41    0.79    0.95    4.79    2.95    1.67    1.17    0.69    0.40    0.73     15.03      1.25
    2000    0.97    0.98    1.27    0.65    0.81    1.65    9.22    4.13    1.13    0.73    1.32    1.03     23.91      1.99
    2001    2.31    2.22   11.28    6.51    1.64    0.86    1.37    2.45    2.12    1.08    1.65    1.71     35.21      2.93
    2002    1.02    0.35    0.58    0.64    2.56    7.90    3.45    0.85    0.41    0.30    0.37    0.42     18.86      1.57
    2003    0.42    0.57    0.54    1.04    2.05    9.97    4.03    0.69    0.48    0.56    0.58    0.59     21.52      1.79
    2004    0.62    0.35    0.75   11.77    8.36    6.13    2.94    1.35    0.77    0.44    0.37    0.32     34.18      2.85
    2005    0.96    1.67    0.70    8.04   25.25    9.83    2.54    2.01    1.23    0.59    1.37    1.01     55.20      4.60
    2006    1.06    1.91    2.04    0.78    0.22    0.27    0.76    0.71    0.57    0.50    0.33    0.47      9.63      0.80
    2007    2.46    1.57    0.83    1.47    1.25    1.64    1.54    1.67    1.94    1.39    0.68    0.29     16.73      1.39
    2008    0.13    1.08    0.76    2.94   25.40    9.23    1.01    0.68    1.75    1.92    1.04    0.39     46.33      3.86
    2009    2.29    2.09    0.83   33.41   12.24    1.93    2.57    1.73    0.77    0.44    0.29    0.17     58.77      4.90
  
 AVERAGE    1.93    2.44    1.95    3.90    4.41    6.04    4.24    2.11    1.12    0.84    0.80    1.10     30.89      2.57
