    1920    0.50    0.19    0.02    0.05    3.46    8.60    2.79    0.17    0.19    0.18    0.16    0.14     16.44      1.37
    1921    0.11    4.71   12.10    5.43    0.76    0.18    0.16    0.14    0.25    0.11    0.12    0.10     24.17      2.01
    1922    0.18    3.43    1.27    4.38   22.50    6.94    0.25    0.22    0.22    0.21    0.20    0.17     39.99      3.33
    1923    0.15    0.46    0.16    2.13    1.56   47.17   15.21    0.28    0.26    0.23    0.20    0.21     68.01      5.67
    1924    0.69    3.91    3.98    2.49    2.41   69.34   49.06    8.91    0.56    0.53    0.49    0.44    142.80     11.90
    1925    0.39    0.33    0.27    0.22    1.08    4.11    1.32    0.20    0.18    0.16    0.14    0.12      8.54      0.71
    1926    0.78    1.60    0.69    0.46    0.44   32.75   10.61    0.23    0.20    0.18    0.16    0.14     48.25      4.02
    1927    2.76    1.05    2.78   12.50    4.05    2.13    1.08    0.20    0.20    0.18    0.16    0.13     27.21      2.27
    1928    0.21    1.92    0.98    3.19    1.10    4.49    1.58    0.13    0.13    0.14    0.15    8.00     22.04      1.84
    1929    2.80    0.56    9.05    3.34    0.34    2.78    1.86    0.32    0.24    0.22    0.20    0.17     21.87      1.82
    1930    0.14    0.12    0.11    1.18    1.21    1.08   22.67    7.36    0.25    0.22    0.20    0.18     34.71      2.89
    1931    0.24    8.72    3.03    0.58    3.29    3.16    0.73    0.17    0.16    0.14    0.12    0.10     20.45      1.70
    1932    0.09    0.10    0.57    0.18    0.04    0.52    0.19    0.04    0.03    0.03    0.03    0.02      1.83      0.15
    1933    0.02   24.73   12.32   51.47   16.94    1.42    0.81    4.54    1.48    0.38    0.35    0.30    114.76      9.56
    1934    1.36    4.80    2.43    0.88    0.97    5.24    2.10    0.25    0.26    0.25    0.23    0.20     18.95      1.58
    1935    0.16    2.16    6.23    2.00    0.52    2.41    0.78    0.15    0.14    0.13    0.11    0.10     14.88      1.24
    1936    0.78    8.84    5.13   17.35   10.80    2.51    0.29    0.28    0.25    0.23    0.20    0.17     46.85      3.90
    1937    0.15    0.27    2.40    2.66    3.90    1.18    7.17    2.50    0.20    0.19    0.18    0.15     20.95      1.75
    1938    1.64    0.62    2.15    5.99    5.50    1.32    0.17    0.15    0.14    0.12    0.13    0.10     18.03      1.50
    1939    7.38    6.39    1.52    0.15    0.65    2.05    1.09    0.19    0.17    0.16    0.14    0.87     20.76      1.73
    1940    0.29    1.51    3.81    5.61   23.80    7.36    0.67    0.25    0.24    0.22    0.19    0.17     44.13      3.68
    1941    1.02    0.34    0.10    7.76    3.86    4.14    1.51    0.20    0.19    0.17    0.15    0.13     19.57      1.63
    1942    1.25    3.61    4.14    2.91    0.70    0.83   24.63   19.84    4.10    0.40    5.93    1.96     70.30      5.86
    1943    3.42   19.85   11.76    2.44    1.65    0.79    0.35    0.33    0.30    0.28    0.25    0.22     41.63      3.47
    1944    0.32    0.40    0.13    1.18    1.80    7.67    2.49    0.17    0.15    0.13    0.12    0.10     14.67      1.22
    1945    0.08    0.14    0.25   15.53    5.43    8.83    3.06    0.40    0.23    0.23    0.21    0.18     34.57      2.88
    1946    2.01    0.72    0.28    0.97    4.99    1.87    1.14    0.36    0.16    0.15    0.13    0.11     12.89      1.07
    1947    1.36    0.66    6.18    3.16    0.65   45.06   15.06    0.32    0.32    0.29    0.26    0.22     73.56      6.13
    1948    0.19    0.15    0.12    2.59    1.11    1.11    0.35    0.10    0.09    0.08    0.07    0.06      6.01      0.50
    1949    0.08    0.90    1.86    0.80    1.25   21.68   42.51   19.56    2.79    0.42    3.97    1.32     97.15      8.10
    1950    0.34    0.28    4.36    4.34    1.62    1.59    0.67    0.21    0.20    0.18    0.16    0.14     14.09      1.17
    1951    2.57    0.90    0.10    2.22    2.12    1.09    0.21    0.10    0.09    0.22    0.07    0.07      9.77      0.81
    1952    0.07    1.28    1.94    0.93   19.05    6.31    7.80    2.75    0.25    0.23    0.20    0.17     40.99      3.42
    1953    1.32    1.44    2.69    1.19    2.87   22.55    7.13    0.28    0.26    0.23    0.20    0.17     40.32      3.36
    1954    0.15    0.30    0.69   24.10   25.29    5.92    0.88    0.28    0.29    0.26    0.23    0.20     58.59      4.88
    1955    0.23    1.33    3.15    1.21   36.35   29.24    6.03    0.39    0.37    0.34    0.31    0.27     79.21      6.60
    1956    1.26    0.63   14.45    8.82    1.99    1.34    0.53    0.23    0.22    0.20    0.18   12.71     42.56      3.55
    1957   24.70    7.35    0.70    6.93    2.41    0.33    0.41    0.42    0.25    0.24    0.22    0.19     44.16      3.68
    1958    0.16    3.18    3.40    1.80    0.85    0.72    0.91    0.37    0.15    0.15    0.15    0.13     11.97      1.00
    1959    0.28    1.04    6.38    2.29    0.36    6.03    2.57    0.18    0.19    0.17    0.15    0.13     19.77      1.65
    1960    1.02    2.65    2.57    1.21    0.38    2.83   11.15    3.62    4.52    1.53    0.31    0.27     32.07      2.67
    1961    0.23    5.40    4.14    0.97   18.64    7.49    0.66    0.29    0.27    0.24    0.21    0.18     38.71      3.23
    1962    0.15    8.28    2.89   10.54    4.14    3.24   26.18    8.40    0.41    0.39    0.35    0.30     65.28      5.44
    1963    0.26   16.95    6.70    0.37    0.31    6.95    2.61    0.26    0.25    0.23    0.21    0.18     35.25      2.94
    1964    4.45    2.07    2.80    1.41    0.18    0.12    1.39    0.47    0.11    0.10    0.09    0.08     13.29      1.11
    1965    0.07    0.58    0.20   44.24   16.50    0.77    0.20    0.18    0.16    0.14    0.13    0.11     63.27      5.27
    1966    0.09    0.49    2.34   25.21    9.35    1.31   33.11   12.10    0.46    0.42    0.38    0.33     85.59      7.13
    1967    0.68    0.30    0.46    0.29    0.15    2.40   17.46    6.82    0.44    0.29    0.26    0.23     29.77      2.48
    1968    0.19    0.16    5.70    2.04    3.88   24.69   23.58    8.37    1.07    0.39    0.36    0.31     70.76      5.90
    1969    7.00    2.46    0.25    1.49    0.49    0.17    0.15    0.13    0.12    0.10    0.09    0.26     12.70      1.06
    1970    0.51    0.28    5.03    4.19    2.73    0.96    0.31    0.33    0.13    0.13    0.12    0.10     14.82      1.24
    1971    0.15    0.07    0.25   14.22   46.41   31.11    5.88    0.38    0.35    0.32    0.29    0.25     99.68      8.31
    1972    0.22    0.33    0.14    0.12    7.38    2.67    0.19    0.14    0.13    0.11    0.23    0.19     11.85      0.99
    1973    0.08    0.25    0.76   33.56   35.85    9.28    0.52    0.31    0.29    0.26    0.23    0.20     81.60      6.80
    1974    0.17    4.06    1.86    7.17   17.06    6.86    0.75    0.30    0.28    0.26    0.23    0.20     39.21      3.27
    1975    0.17    9.07   10.43   31.69   16.30   21.84   10.10    1.22    0.53    0.49    0.44    0.54    102.80      8.57
    1976   25.45    8.45    0.46    5.28    4.44   24.46    7.95    0.45    0.42    0.38    0.34    2.28     80.34      6.69
    1977    2.75    1.24    0.88    4.32    2.29   20.80   22.51    5.41    0.42    0.38    0.35    0.30     61.66      5.14
    1978    0.26    0.22   10.68    3.94    2.46    0.79    0.19    0.18    0.17    0.17    2.62    0.89     22.58      1.88
    1979    1.66    0.96    0.78    0.32    1.64    0.70    0.10    0.09    0.08    0.07    0.06    0.44      6.91      0.58
    1980    0.15    4.19    1.57   17.55   12.77    3.27    0.41    0.24    0.23    0.22    5.90    2.08     48.57      4.05
    1981    0.21    1.40    3.36    1.15    0.52    0.47   25.32    8.27    0.27    0.26    0.23    0.20     41.65      3.47
    1982    2.43    2.69    0.68    0.14    0.12    0.14    0.15    0.08    0.08    0.18    0.07    0.07      6.85      0.57
    1983    0.27    3.84    2.00    1.09    0.32    0.38    0.13    0.45    0.15    0.07    0.18    0.06      8.94      0.74
    1984    0.44    0.90    0.33    0.48    1.42    1.16    0.26    0.06    0.09    0.05    0.05    0.04      5.28      0.44
    1985    2.63    3.60    5.15    2.75    0.74    1.43    0.46    0.11    0.10    0.09    0.08    0.08     17.25      1.44
    1986    3.37   10.19    3.09    0.16    0.37    0.27    0.68    0.21    0.10    0.09    0.10   32.84     51.49      4.29
    1987   10.69    3.32    1.41    0.24   40.86   28.43   12.74    2.72    0.47    0.44    0.40    0.35    102.08      8.51
    1988    4.33    1.68    2.10    1.35   14.04    5.04    0.34    0.29    0.28    0.27    0.24    0.21     30.17      2.51
    1989    0.17    2.34    1.07    2.67    2.05   20.80   14.71    2.79    0.35    0.32    0.29    0.25     47.83      3.99
    1990    0.22    0.18    2.01   18.57   17.59   29.90    8.63    0.42    0.39    0.35    0.31    0.27     78.84      6.57
    1991   16.91    6.12    1.16    0.34    0.22    0.19    0.17    0.16    0.14    0.12    0.11    0.09     25.73      2.14
    1992    0.18    1.67    0.57    0.20    1.06    0.60    0.23    0.05    0.05    0.04    0.04    0.03      4.73      0.39
    1993    6.16    3.07    2.25   20.45   12.66    2.61    0.26    0.24    0.22    0.20    0.17    0.15     48.43      4.04
    1994    0.12    0.10    0.08    1.13    0.93   13.50    4.43    0.18    0.16    0.14    0.12    0.11     21.00      1.75
    1995    1.24    1.22   21.01   12.45   26.03    8.77    0.50    0.37    0.34    0.32    0.28    0.25     72.78      6.06
    1996    0.97    4.60    2.54    2.02    0.63   18.40    6.22    0.29    0.30    0.30    0.29    0.26     36.83      3.07
    1997    0.23    0.56    0.44    4.65   20.80   26.57    6.72    0.37    0.34    0.31    0.27    0.24     61.49      5.12
    1998    2.25    5.13    4.44    2.67    0.60    0.19    0.17    0.15    0.13    0.12    0.10    0.09     16.04      1.34
    1999    0.07    0.06   17.54   10.36    2.52    7.31    2.80    0.26    0.25    0.23    0.20    0.17     41.76      3.48
    2000    0.21    1.74    6.28    2.17    0.16    5.57   13.95    4.26    0.34    0.33    0.30    0.27     35.57      2.96
    2001    1.48   35.13   18.93   13.01    4.28    0.38    0.37    0.59    0.31    0.31    3.55    1.25     79.58      6.63
    2002    0.27    0.23    4.92    3.00    0.62    1.63    0.52    0.16    0.14    0.13    0.11    0.09     11.82      0.98
    2003    0.08    0.27    0.22    0.90    0.67    3.00    1.07    0.08    0.08    0.07    0.06    0.05      6.56      0.55
    2004    0.04    0.03    0.73    6.93    3.42    0.95    0.41    0.10    0.10    0.09    0.08    0.07     12.96      1.08
    2005    0.77    0.34    0.04    8.02   17.56    7.57    4.55    1.25    0.31    0.28    0.90    0.30     41.90      3.49
    2006    0.20    0.81    0.27    0.12    0.10    0.08    0.36    0.12    0.06    0.05    0.05    0.06      2.29      0.19
    2007    0.38    1.87    1.85    0.78    1.82    2.28    0.61    0.09    0.09    0.10    0.10    0.08     10.05      0.84
    2008    0.07   20.56    7.63   17.33   17.55    4.11    0.32    0.29    0.26    0.24    0.21    0.18     68.74      5.73
    2009   23.98    8.48    0.38    8.21    6.77    1.91    1.00    0.28    0.29    0.27    0.24    0.21     52.01      4.33
  
 AVERAGE    2.09    3.46    3.41    6.30    6.88    8.22    5.69    1.64    0.37    0.23    0.43    0.87     39.61      3.30
