    1920    0.32    0.13    0.02    0.02    1.95    3.06    1.11    0.24    0.13    0.11    0.09    0.08      7.27      0.61
    1921    0.07    2.68    6.88    3.11    0.45    0.12    0.11    0.10    0.22    0.18    0.10    0.07     14.11      1.18
    1922    0.12    1.96    0.75    2.47   10.40    3.31    0.22    0.20    0.22    0.21    0.16    0.13     20.15      1.68
    1923    0.11    0.26    0.09    1.20    0.90   29.93    9.78    0.24    0.22    0.20    0.18    0.17     43.27      3.61
    1924    0.44    2.29    2.29    1.43    1.40   47.07   31.41    5.69    0.51    0.46    0.43    0.40     93.84      7.82
    1925    0.37    0.32    0.28    0.25    0.60    2.39    0.82    0.21    0.19    0.17    0.15    0.14      5.87      0.49
    1926    0.47    0.96    0.39    0.24    0.24   18.87    6.27    0.20    0.18    0.17    0.17    0.14     28.31      2.36
    1927    1.65    0.64    1.60    7.13    2.40    1.25    0.73    0.18    0.15    0.14    0.13    0.11     16.10      1.34
    1928    0.14    1.12    0.55    1.80    0.63    2.60    1.00    0.12    0.16    0.23    0.17    1.99     10.51      0.88
    1929    0.76    0.34    5.14    1.93    0.19    1.63    1.12    0.33    0.18    0.15    0.14    0.12     12.04      1.00
    1930    0.10    0.09    0.07    0.66    0.70    0.66   11.72    3.97    0.18    0.21    0.19    0.14     18.69      1.56
    1931    0.16    5.01    1.80    0.32    1.90    1.89    0.50    0.13    0.12    0.11    0.10    0.09     12.13      1.01
    1932    0.08    0.06    0.30    0.10    0.04    0.31    0.15    0.06    0.05    0.04    0.04    0.02      1.25      0.10
    1933    0.02   14.20    7.08   32.15   10.65    0.87    0.57    0.67    0.36    0.32    0.29    0.25     67.41      5.62
    1934    0.80    2.82    1.38    0.48    0.54    2.54    1.15    0.27    0.24    0.20    0.19    0.16     10.78      0.90
    1935    0.14    1.26    3.55    1.16    0.29    1.43    0.52    0.16    0.14    0.11    0.09    0.08      8.92      0.74
    1936    0.46    5.07    2.95   10.08    5.70    1.31    0.22    0.20    0.19    0.17    0.15    0.13     26.64      2.22
    1937    0.12    0.15    1.36    1.50    2.25    0.72    1.88    0.78    0.17    0.17    0.14    0.11      9.36      0.78
    1938    0.97    0.38    1.22    3.39    3.17    0.82    0.12    0.13    0.12    0.11    0.16    0.10     10.69      0.89
    1939    3.23    3.36    0.90    0.11    0.36    1.21    0.73    0.26    0.15    0.12    0.10    0.55     11.09      0.92
    1940    0.22    0.88    2.15    3.17   11.25    3.59    0.47    0.22    0.18    0.17    0.16    0.13     22.60      1.88
    1941    0.61    0.22    0.09    4.39    2.23    2.11    0.88    0.16    0.13    0.12    0.13    0.11     11.20      0.93
    1942    0.75    2.09    2.36    1.65    0.41    0.49   13.32    9.86    2.08    0.43    0.66    0.41     34.51      2.88
    1943    2.03    8.63    5.97    1.40    0.93    0.48    0.33    0.31    0.34    0.31    0.24    0.22     21.21      1.77
    1944    0.22    0.24    0.14    0.64    1.05    2.90    1.01    0.14    0.13    0.12    0.10    0.09      6.78      0.57
    1945    0.08    0.08    0.13    8.95    3.21    3.25    1.26    0.39    0.23    0.18    0.15    0.13     18.05      1.50
    1946    1.19    0.44    0.15    0.52    2.86    1.15    0.76    0.35    0.14    0.12    0.10    0.10      7.88      0.66
    1947    0.84    0.41    3.50    1.80    0.37   28.45    9.67    0.34    0.27    0.24    0.22    0.19     46.31      3.86
    1948    0.17    0.15    0.13    1.49    0.63    0.65    0.25    0.11    0.11    0.10    0.08    0.06      3.93      0.33
    1949    0.07    0.53    1.05    0.46    0.72   10.25   26.69   10.39    1.14    0.45    0.70    0.42     52.88      4.41
    1950    0.36    0.32    2.54    2.53    0.93    0.94    0.48    0.25    0.22    0.20    0.17    0.15      9.09      0.76
    1951    1.57    0.55    0.11    1.27    1.25    0.66    0.19    0.10    0.09    0.24    0.18    0.11      6.32      0.53
    1952    0.07    0.75    1.10    0.52    8.54    2.98    1.80    0.74    0.18    0.16    0.14    0.12     17.08      1.42
    1953    0.77    0.83    1.53    0.66    1.64   10.67    3.52    0.22    0.20    0.18    0.15    0.13     20.49      1.71
    1954    0.11    0.16    0.37   14.46   11.80    2.63    0.61    0.28    0.23    0.22    0.19    0.16     31.23      2.60
    1955    0.14    0.75    1.80    0.67   21.35   14.94    3.06    0.38    0.32    0.28    0.25    0.22     44.18      3.68
    1956    0.74    0.38    8.34    5.10    1.15    0.80    0.39    0.21    0.20    0.20    0.20    4.56     22.27      1.86
    1957   12.18    4.00    0.40    3.98    1.39    0.24    0.30    0.38    0.26    0.20    0.17    0.16     23.66      1.97
    1958    0.14    1.85    1.95    1.01    0.48    0.43    0.61    0.38    0.16    0.20    0.14    0.10      7.45      0.62
    1959    0.18    0.59    3.62    1.32    0.20    2.85    1.41    0.25    0.14    0.14    0.14    0.11     10.95      0.91
    1960    0.61    1.54    1.47    0.67    0.22    1.65    3.08    1.16    0.50    0.36    0.26    0.21     11.73      0.98
    1961    0.19    3.11    2.40    0.55    8.67    3.81    0.52    0.24    0.21    0.19    0.17    0.14     20.20      1.68
    1962    0.13    4.74    1.71    6.01    2.43    1.94   13.78    4.66    0.36    0.35    0.29    0.24     36.65      3.05
    1963    0.22    8.96    3.68    0.22    0.20    3.24    1.34    0.23    0.24    0.22    0.17    0.14     18.86      1.57
    1964    2.60    1.24    1.61    0.78    0.11    0.11    0.86    0.36    0.11    0.12    0.11    0.07      8.09      0.67
    1965    0.06    0.32    0.11   28.79   10.63    0.51    0.18    0.16    0.16    0.14    0.12    0.10     41.29      3.44
    1966    0.09    0.27    1.33   14.51    5.49    0.82   19.41    6.77    0.43    0.35    0.32    0.28     50.06      4.17
    1967    0.40    0.22    0.25    0.16    0.15    1.43    7.81    2.93    0.32    0.26    0.24    0.20     14.37      1.20
    1968    0.18    0.15    3.26    1.18    2.26   12.21   11.69    3.24    0.43    0.33    0.30    0.26     35.48      2.96
    1969    3.46    1.23    0.20    0.81    0.28    0.15    0.14    0.12    0.12    0.13    0.12    0.22      6.98      0.58
    1970    0.36    0.19    2.85    2.38    1.58    0.59    0.25    0.33    0.19    0.11    0.09    0.07      8.99      0.75
    1971    0.10    0.05    0.13    8.15   28.08   16.35    2.94    0.32    0.30    0.28    0.24    0.21     57.15      4.76
    1972    0.18    0.19    0.14    0.12    4.25    1.64    0.19    0.14    0.12    0.11    0.20    0.21      7.51      0.63
    1973    0.08    0.15    0.42   20.45   19.94    5.17    0.42    0.28    0.25    0.22    0.22    0.18     47.77      3.98
    1974    0.15    2.35    1.06    4.09    6.77    3.12    0.57    0.22    0.22    0.23    0.18    0.17     19.14      1.59
    1975    0.14    5.20    5.96   16.98    8.03   10.59    4.15    0.53    0.46    0.40    0.35    0.35     53.16      4.43
    1976   13.54    4.69    0.31    3.03    2.55   12.05    4.16    0.36    0.33    0.30    0.27    1.36     42.94      3.58
    1977    1.69    0.77    0.49    2.48    1.31    9.61   10.93    2.85    0.32    0.30    0.28    0.26     31.29      2.61
    1978    0.22    0.19    6.10    2.31    1.40    0.48    0.18    0.19    0.16    0.21    0.53    0.25     12.22      1.02
    1979    1.01    0.58    0.43    0.17    0.95    0.42    0.09    0.08    0.07    0.07    0.06    0.29      4.22      0.35
    1980    0.12    2.38    0.91   10.22    6.32    1.62    0.34    0.22    0.22    0.17    1.23    0.50     24.25      2.02
    1981    0.13    0.79    1.89    0.64    0.29    0.29   13.96    4.74    0.23    0.26    0.21    0.17     23.59      1.97
    1982    1.46    1.60    0.40    0.12    0.11    0.09    0.13    0.11    0.10    0.23    0.16    0.06      4.57      0.38
    1983    0.18    2.20    1.15    0.61    0.18    0.23    0.11    0.35    0.21    0.08    0.19    0.11      5.61      0.47
    1984    0.28    0.53    0.19    0.25    0.81    0.70    0.22    0.06    0.13    0.12    0.07    0.04      3.40      0.28
    1985    1.53    2.08    2.93    1.56    0.43    0.85    0.33    0.09    0.10    0.09    0.12    0.10     10.20      0.85
    1986    1.99    4.98    1.53    0.11    0.20    0.17    0.45    0.21    0.08    0.08    0.14   19.46     29.40      2.45
    1987    6.46    1.95    0.80    0.16   24.97   14.43    4.38    0.89    0.40    0.38    0.34    0.31     55.48      4.62
    1988    2.28    0.92    1.17    0.74    6.43    2.51    0.30    0.29    0.27    0.23    0.19    0.16     15.49      1.29
    1989    0.14    1.36    0.60    1.52    1.20    9.55    5.37    0.91    0.28    0.28    0.23    0.19     21.65      1.80
    1990    0.17    0.15    1.13   10.84    7.52   16.18    5.11    0.32    0.31    0.29    0.26    0.24     42.50      3.54
    1991    7.39    2.88    0.66    0.19    0.18    0.17    0.16    0.14    0.13    0.11    0.11    0.09     12.23      1.02
    1992    0.12    0.98    0.33    0.10    0.61    0.37    0.19    0.10    0.06    0.05    0.05    0.04      2.99      0.25
    1993    3.28    1.72    1.28   11.86    6.55    1.30    0.21    0.18    0.16    0.15    0.14    0.11     26.95      2.25
    1994    0.10    0.08    0.07    0.63    0.53    4.54    1.63    0.13    0.12    0.10    0.09    0.07      8.10      0.67
    1995    0.73    0.72   12.43    7.27   12.82    4.52    0.40    0.31    0.26    0.25    0.23    0.19     40.14      3.35
    1996    0.58    2.67    1.46    1.12    0.36    8.15    2.98    0.29    0.30    0.31    0.27    0.20     18.70      1.56
    1997    0.17    0.31    0.24    2.64    9.16   12.92    3.59    0.28    0.26    0.24    0.22    0.19     30.23      2.52
    1998    1.32    3.00    2.57    1.51    0.35    0.15    0.14    0.14    0.12    0.11    0.09    0.08      9.57      0.80
    1999    0.07    0.06   10.20    5.99    1.49    2.77    1.22    0.22    0.18    0.17    0.15    0.13     22.65      1.89
    2000    0.15    1.01    3.57    1.26    0.10    2.91    5.45    1.85    0.31    0.26    0.28    0.23     17.38      1.45
    2001    0.89   19.78   10.76    7.51    2.50    0.32    0.31    0.44    0.35    0.27    0.92    0.46     44.52      3.71
    2002    0.22    0.19    2.82    1.72    0.35    0.95    0.36    0.14    0.12    0.11    0.10    0.09      7.19      0.60
    2003    0.08    0.16    0.11    0.51    0.38    1.76    0.72    0.09    0.07    0.06    0.06    0.05      4.04      0.34
    2004    0.04    0.03    0.41    3.90    1.97    0.59    0.32    0.15    0.09    0.07    0.07    0.05      7.68      0.64
    2005    0.47    0.21    0.04    4.52    7.12    3.28    1.28    0.41    0.21    0.19    0.61    0.27     18.60      1.55
    2006    0.15    0.46    0.15    0.10    0.09    0.08    0.24    0.13    0.06    0.06    0.05    0.07      1.62      0.14
    2007    0.25    1.08    1.05    0.44    1.04    1.35    0.43    0.15    0.20    0.15    0.07    0.06      6.27      0.52
    2008    0.05   11.53    4.34   10.10    7.42    1.52    0.22    0.21    0.22    0.20    0.17    0.14     36.12      3.01
    2009   12.86    4.68    0.23    4.69    3.93    1.17    0.69    0.31    0.25    0.21    0.18    0.15     29.35      2.45
  
 AVERAGE    1.13    1.93    1.95    3.69    3.64    4.38    3.01    0.87    0.24    0.20    0.21    0.47     21.72      1.81
