    1920    0.42    0.18    0.03    0.03    2.55    3.98    1.44    0.31    0.16    0.12    0.11    0.10      9.42      0.78
    1921    0.09    3.48    8.96    4.04    0.59    0.15    0.14    0.13    0.29    0.23    0.13    0.09     18.32      1.53
    1922    0.16    2.55    0.97    3.22   13.87    4.41    0.29    0.25    0.27    0.27    0.20    0.16     26.61      2.22
    1923    0.14    0.34    0.12    1.56    1.17   38.55   12.58    0.29    0.27    0.24    0.22    0.21     55.68      4.64
    1924    0.58    2.98    2.98    1.86    1.83   60.18   40.38    7.30    0.61    0.53    0.50    0.48    120.21     10.02
    1925    0.44    0.38    0.34    0.29    0.78    3.09    1.06    0.25    0.22    0.20    0.18    0.16      7.38      0.62
    1926    0.62    1.25    0.51    0.32    0.32   24.54    8.14    0.25    0.22    0.21    0.21    0.17     36.76      3.06
    1927    2.14    0.83    2.07    9.27    3.11    1.64    0.95    0.23    0.19    0.17    0.16    0.13     20.88      1.74
    1928    0.18    1.45    0.72    2.35    0.83    3.39    1.29    0.15    0.20    0.29    0.22    2.57     13.63      1.14
    1929    0.99    0.44    6.68    2.51    0.26    2.12    1.46    0.42    0.22    0.18    0.17    0.15     15.61      1.30
    1930    0.13    0.11    0.09    0.86    0.91    0.86   15.42    5.20    0.22    0.25    0.23    0.18     24.46      2.04
    1931    0.20    6.51    2.33    0.42    2.47    2.46    0.65    0.17    0.15    0.14    0.12    0.11     15.73      1.31
    1932    0.09    0.08    0.39    0.13    0.05    0.40    0.20    0.07    0.06    0.06    0.05    0.03      1.62      0.13
    1933    0.02   18.40    9.19   41.49   13.74    1.13    0.74    0.87    0.45    0.39    0.36    0.30     87.09      7.26
    1934    1.04    3.66    1.81    0.63    0.71    3.30    1.49    0.34    0.30    0.24    0.24    0.20     13.97      1.16
    1935    0.17    1.65    4.62    1.51    0.38    1.86    0.68    0.20    0.17    0.14    0.12    0.10     11.58      0.97
    1936    0.60    6.59    3.84   13.10    7.41    1.71    0.27    0.26    0.23    0.22    0.19    0.17     34.59      2.88
    1937    0.15    0.20    1.77    1.96    2.93    0.94    2.44    1.01    0.21    0.21    0.18    0.14     12.13      1.01
    1938    1.27    0.50    1.59    4.41    4.13    1.06    0.15    0.16    0.15    0.14    0.21    0.13     13.90      1.16
    1939    4.20    4.37    1.17    0.13    0.47    1.58    0.95    0.34    0.18    0.15    0.12    0.71     14.39      1.20
    1940    0.29    1.14    2.80    4.13   14.97    4.77    0.61    0.28    0.22    0.21    0.20    0.17     29.80      2.48
    1941    0.80    0.28    0.11    5.72    2.91    2.75    1.14    0.20    0.16    0.15    0.16    0.14     14.53      1.21
    1942    0.98    2.72    3.08    2.15    0.53    0.64   17.44   13.00    2.75    0.53    0.86    0.48     45.15      3.76
    1943    2.64   11.36    7.78    1.82    1.22    0.63    0.42    0.40    0.43    0.40    0.31    0.28     27.69      2.31
    1944    0.28    0.32    0.18    0.83    1.37    3.78    1.31    0.18    0.16    0.14    0.13    0.11      8.79      0.73
    1945    0.09    0.10    0.17   11.64    4.16    4.23    1.64    0.51    0.30    0.22    0.19    0.17     23.42      1.95
    1946    1.55    0.58    0.20    0.68    3.72    1.49    0.99    0.45    0.17    0.15    0.13    0.13     10.24      0.85
    1947    1.09    0.54    4.56    2.35    0.49   36.66   12.46    0.42    0.33    0.30    0.27    0.24     59.71      4.98
    1948    0.21    0.18    0.16    1.93    0.82    0.85    0.32    0.13    0.14    0.13    0.10    0.08      5.05      0.42
    1949    0.09    0.69    1.37    0.60    0.94   13.63   34.39   13.59    1.56    0.53    0.91    0.52     68.81      5.73
    1950    0.45    0.40    3.30    3.30    1.21    1.23    0.63    0.31    0.28    0.26    0.22    0.20     11.79      0.98
    1951    2.04    0.72    0.14    1.66    1.62    0.86    0.24    0.13    0.12    0.30    0.23    0.14      8.21      0.68
    1952    0.08    0.97    1.44    0.69   11.10    3.87    2.33    0.95    0.22    0.20    0.18    0.16     22.19      1.85
    1953    1.01    1.09    1.99    0.86    2.14   14.17    4.66    0.28    0.26    0.22    0.19    0.17     27.04      2.25
    1954    0.14    0.22    0.48   18.75   15.71    3.53    0.79    0.36    0.29    0.28    0.24    0.20     41.00      3.42
    1955    0.19    0.99    2.34    0.88   27.75   19.67    4.04    0.47    0.39    0.35    0.32    0.28     57.67      4.81
    1956    0.96    0.49   10.84    6.64    1.50    1.05    0.51    0.26    0.25    0.25    0.25    6.30     29.31      2.44
    1957   16.10    5.23    0.53    5.17    1.81    0.31    0.39    0.50    0.33    0.25    0.22    0.20     31.04      2.59
    1958    0.18    2.40    2.54    1.33    0.63    0.57    0.79    0.49    0.21    0.26    0.18    0.12      9.69      0.81
    1959    0.24    0.78    4.71    1.72    0.27    3.71    1.84    0.32    0.18    0.17    0.18    0.14     14.25      1.19
    1960    0.80    2.01    1.91    0.88    0.28    2.16    4.44    1.66    0.64    0.44    0.31    0.26     15.80      1.32
    1961    0.25    4.06    3.14    0.71   11.28    4.95    0.67    0.31    0.27    0.24    0.22    0.19     26.31      2.19
    1962    0.17    6.17    2.22    7.82    3.17    2.53   18.06    6.08    0.46    0.44    0.37    0.32     47.79      3.98
    1963    0.29   11.65    4.79    0.28    0.25    4.22    1.74    0.30    0.31    0.28    0.22    0.19     24.52      2.04
    1964    3.39    1.61    2.11    1.02    0.14    0.14    1.13    0.47    0.14    0.16    0.14    0.09     10.54      0.88
    1965    0.08    0.42    0.15   37.05   13.70    0.66    0.23    0.21    0.20    0.18    0.15    0.13     53.15      4.43
    1966    0.11    0.36    1.73   18.81    7.11    1.06   25.16    8.74    0.53    0.43    0.39    0.35     64.78      5.40
    1967    0.52    0.28    0.33    0.21    0.19    1.86   10.46    3.89    0.39    0.32    0.29    0.25     18.99      1.58
    1968    0.23    0.20    4.24    1.54    2.94   16.14   15.42    4.25    0.53    0.42    0.41    0.37     46.69      3.89
    1969    4.55    1.60    0.29    1.06    0.36    0.21    0.19    0.18    0.17    0.17    0.16    0.29      9.24      0.77
    1970    0.46    0.24    3.72    3.11    2.07    0.77    0.33    0.42    0.24    0.14    0.12    0.09     11.72      0.98
    1971    0.13    0.07    0.17   10.60   36.34   21.45    3.90    0.39    0.37    0.34    0.30    0.26     74.32      6.19
    1972    0.23    0.25    0.17    0.15    5.53    2.13    0.24    0.18    0.15    0.13    0.26    0.27      9.69      0.81
    1973    0.10    0.20    0.55   26.43   26.08    6.77    0.54    0.34    0.30    0.28    0.27    0.23     62.07      5.17
    1974    0.19    3.05    1.39    5.32    8.80    4.04    0.74    0.28    0.27    0.29    0.23    0.22     24.81      2.07
    1975    0.18    6.76    7.75   22.00   10.42   14.07    5.49    0.66    0.57    0.50    0.45    0.46     69.32      5.78
    1976   17.77    6.14    0.40    3.95    3.32   15.93    5.47    0.47    0.42    0.38    0.34    1.77     56.36      4.70
    1977    2.20    1.01    0.65    3.22    1.71   12.81   14.45    3.75    0.40    0.37    0.35    0.32     41.23      3.44
    1978    0.27    0.23    7.93    3.00    1.83    0.63    0.22    0.23    0.20    0.27    0.69    0.32     15.83      1.32
    1979    1.32    0.75    0.57    0.22    1.24    0.55    0.11    0.10    0.09    0.08    0.07    0.38      5.49      0.46
    1980    0.16    3.10    1.18   13.28    8.21    2.11    0.45    0.28    0.27    0.22    1.59    0.65     31.49      2.62
    1981    0.17    1.03    2.47    0.84    0.38    0.38   18.25    6.17    0.29    0.32    0.25    0.21     30.75      2.56
    1982    1.90    2.08    0.53    0.15    0.13    0.12    0.17    0.13    0.12    0.30    0.20    0.08      5.91      0.49
    1983    0.23    2.87    1.50    0.80    0.24    0.30    0.15    0.45    0.27    0.10    0.24    0.13      7.29      0.61
    1984    0.37    0.69    0.24    0.33    1.05    0.91    0.28    0.07    0.17    0.16    0.09    0.05      4.42      0.37
    1985    1.99    2.71    3.81    2.03    0.56    1.11    0.43    0.11    0.12    0.12    0.16    0.12     13.28      1.11
    1986    2.59    6.48    1.99    0.13    0.27    0.22    0.59    0.27    0.10    0.10    0.18   25.20     38.11      3.18
    1987    8.35    2.54    1.05    0.20   32.31   19.02    6.07    1.26    0.49    0.46    0.41    0.39     72.53      6.04
    1988    2.97    1.20    1.53    0.97    8.35    3.26    0.39    0.36    0.33    0.28    0.24    0.20     20.09      1.67
    1989    0.18    1.77    0.79    1.98    1.56   12.74    7.38    1.29    0.35    0.33    0.28    0.24     28.89      2.41
    1990    0.21    0.18    1.47   14.08    9.77   21.20    6.66    0.39    0.38    0.36    0.32    0.29     55.31      4.61
    1991    9.94    3.84    0.86    0.25    0.22    0.21    0.20    0.18    0.16    0.14    0.14    0.11     16.25      1.35
    1992    0.16    1.27    0.43    0.13    0.80    0.48    0.25    0.13    0.07    0.06    0.06    0.04      3.88      0.32
    1993    4.27    2.24    1.67   15.40    8.51    1.69    0.26    0.23    0.20    0.20    0.17    0.14     34.98      2.92
    1994    0.12    0.10    0.09    0.83    0.69    6.29    2.23    0.17    0.14    0.12    0.11    0.09     10.98      0.92
    1995    0.95    0.94   16.14    9.44   16.96    5.95    0.52    0.38    0.33    0.31    0.29    0.25     52.46      4.37
    1996    0.76    3.48    1.91    1.47    0.47   10.94    3.97    0.37    0.38    0.38    0.34    0.24     24.71      2.06
    1997    0.21    0.41    0.31    3.44   12.30   17.11    4.70    0.35    0.32    0.30    0.27    0.24     39.95      3.33
    1998    1.72    3.90    3.34    1.97    0.45    0.19    0.17    0.17    0.15    0.13    0.11    0.10     12.41      1.03
    1999    0.08    0.07   13.25    7.78    1.95    3.60    1.59    0.28    0.22    0.21    0.18    0.17     29.38      2.45
    2000    0.19    1.32    4.64    1.64    0.13    3.79    7.47    2.52    0.39    0.31    0.33    0.28     23.01      1.92
    2001    1.16   25.78   14.01    9.76    3.25    0.41    0.39    0.58    0.45    0.35    1.20    0.60     57.94      4.83
    2002    0.28    0.23    3.66    2.24    0.46    1.24    0.47    0.18    0.16    0.14    0.13    0.12      9.32      0.78
    2003    0.10    0.20    0.15    0.67    0.50    2.29    0.93    0.12    0.08    0.08    0.07    0.06      5.25      0.44
    2004    0.05    0.04    0.53    5.08    2.57    0.77    0.41    0.19    0.11    0.09    0.08    0.07      9.98      0.83
    2005    0.61    0.27    0.05    5.89    9.26    4.27    1.67    0.52    0.25    0.23    0.80    0.35     24.15      2.01
    2006    0.19    0.60    0.20    0.13    0.11    0.10    0.31    0.16    0.08    0.07    0.06    0.09      2.10      0.17
    2007    0.33    1.41    1.37    0.57    1.35    1.76    0.56    0.19    0.26    0.19    0.09    0.07      8.16      0.68
    2008    0.06   14.96    5.63   13.12    9.65    1.97    0.28    0.26    0.28    0.26    0.21    0.18     46.87      3.91
    2009   16.88    6.13    0.30    6.10    5.11    1.53    0.89    0.40    0.31    0.27    0.22    0.19     38.33      3.19
  
 AVERAGE    1.48    2.51    2.54    4.79    4.75    5.72    3.94    1.14    0.30    0.25    0.27    0.60     28.29      2.36
