    1920    0.05    0.02    0.00    0.05    3.17    2.39    0.82    0.12    0.06    0.06    0.06    0.06      6.87      0.57
    1921    0.05    1.51    2.89    1.20    0.14    0.07    0.06    0.05    0.32    0.11    0.05    0.04      6.49      0.54
    1922    0.04    5.37    1.83   11.16   14.91    3.83    0.22    0.20    0.20    0.20    0.19    0.17     38.32      3.19
    1923    0.16    0.29    0.12    0.78    0.52   29.60    9.62    0.23    0.22    0.20    0.18    0.16     42.08      3.51
    1924    0.15    0.77    2.58    2.14    6.07   39.23   28.45   19.32    4.86    0.48    0.48    0.47    105.01      8.75
    1925    0.45    0.41    0.36    0.34    0.77    3.10    0.95    0.27    0.24    0.22    0.20    0.18      7.50      0.63
    1926    0.16    1.32    1.10    0.44    0.12   23.81    7.78    0.22    0.20    0.19    0.17    0.15     35.67      2.97
    1927    1.79    0.61    0.41    3.46    1.25    0.76    0.27    0.11    0.10    0.09    0.08    0.07      9.01      0.75
    1928    0.14    0.74    0.27    3.97    1.39    1.36    0.47    0.08    0.14    0.07    0.07    1.43     10.12      0.84
    1929    0.51    0.15   11.73    6.24    0.85    0.49    0.39    0.15    0.15    0.13    0.12    0.11     21.03      1.75
    1930    0.09    0.08    0.07    1.08    1.19    1.24    7.55    2.47    0.14    0.25    0.13    0.13     14.43      1.20
    1931    0.93    3.06    0.99    0.12    0.58    0.37    0.09    0.09    0.08    0.07    0.06    0.16      6.60      0.55
    1932    0.06    0.04    0.05    0.05    0.03    0.18    0.10    0.02    0.02    0.02    0.02    0.01      0.59      0.05
    1933    0.01    1.69    7.03   16.78    5.45    0.47    0.15    0.15    0.14    0.13    0.12    0.11     32.25      2.69
    1934    1.81    1.89    1.60    0.43    0.56    3.16    1.15    0.20    0.11    0.12    0.11    0.11     11.26      0.94
    1935    0.10    0.51    0.69    0.17    0.38    2.85    0.97    0.23    0.08    0.08    0.08    0.07      6.21      0.52
    1936    0.69    8.58    3.03    3.69    4.66    1.76    0.18    0.16    0.15    0.13    0.12    0.11     23.26      1.94
    1937    0.09    0.08    0.21    1.50    1.57    0.38    0.86    0.29    0.07    0.07    0.07    0.06      5.25      0.44
    1938    0.34    1.41    1.20    6.91    7.12    1.74    0.16    0.14    0.13    0.13    0.25    0.10     19.64      1.64
    1939    0.53    2.01    0.66    0.10    1.56    5.36    1.78    0.14    0.13    0.13    0.12    0.64     13.16      1.10
    1940    0.21    2.55    2.88    2.61   11.18    3.58    0.20    0.19    0.17    0.16    0.14    0.13     23.99      2.00
    1941    0.23    0.09    0.09    0.93    0.64    1.61    1.07    0.19    0.08    0.08    0.07    0.07      5.15      0.43
    1942    0.73    0.75    2.74    1.18    0.20    0.19   27.62   16.56    2.62    0.26    0.61    0.27     53.72      4.48
    1943    2.09    8.32    7.50    2.66    0.93    0.31    0.30    0.28    0.26    0.24    0.22    1.72     24.82      2.07
    1944    0.59    0.17    0.15    0.13    0.95    3.60    1.17    0.13    0.12    0.11    0.10    0.09      7.31      0.61
    1945    0.08    0.06    0.11    3.84    1.56    0.92    0.51    0.26    0.08    0.08    0.08    0.07      7.67      0.64
    1946    0.17    0.06    0.09    0.14    1.05    0.37    0.52    0.23    0.05    0.05    0.04    0.40      3.17      0.26
    1947    1.21    0.68    3.96    4.08    1.68   43.61   14.41    0.27    0.27    0.26    0.24    0.23     70.90      5.91
    1948    0.20    0.18    0.16    0.13    0.25    1.53    0.50    0.11    0.10    0.09    0.08    0.07      3.39      0.28
    1949    0.06    0.67    0.32    0.05    0.09   14.73   18.94   10.11    1.94    0.29    0.41    0.31     47.93      3.99
    1950    0.32    0.29    1.49    1.16    1.39    0.71    0.20    0.19    0.17    0.16    0.14    0.12      6.35      0.53
    1951    4.19    1.48    0.13    0.49    5.81    2.02    0.14    0.13    0.12    1.68    0.58    0.33     17.10      1.43
    1952    0.11    0.14    0.90    0.30    6.79    2.34    0.63    0.21    0.13    0.12    0.11    0.09     11.87      0.99
    1953    0.52    0.26    0.18    0.11    2.24    8.32    2.58    0.14    0.13    0.12    0.11    0.10     14.82      1.23
    1954    0.09    0.08    0.38   14.53    9.20    1.66    0.44    0.16    0.16    0.15    0.14    0.12     27.09      2.26
    1955    0.11    1.12    1.42    0.41   14.73   26.45    7.12    0.28    0.26    0.25    0.23    0.22     52.60      4.38
    1956    0.19    2.00    4.18    1.97    0.67    0.38    0.15    0.14    0.13    0.12    0.33    9.31     19.55      1.63
    1957   19.07    5.48    0.57    4.79    1.65    0.26    0.24    0.22    0.21    0.20    0.18    0.16     33.02      2.75
    1958    0.14    2.96    3.38    2.17    0.72    0.26    0.56    0.20    0.12    0.11    0.10    0.09     10.82      0.90
    1959    0.08    0.39    7.66    2.81    1.41    2.14    0.97    0.13    0.13    0.12    0.11    0.11     16.05      1.34
    1960    0.87    0.57    0.27    0.14    0.09    8.74    3.56    0.25    0.14    0.16    0.17    0.17     15.12      1.26
    1961    0.16    1.96    4.42    1.35    4.55    2.16    0.81    0.21    0.16    0.15    0.14    0.12     16.20      1.35
    1962    0.11    3.62    1.66    9.90    3.45    5.28    3.79    0.70    0.22    0.21    0.20    0.19     29.33      2.44
    1963    0.17    6.28    2.46    0.18    0.16    4.00    1.48    0.17    0.17    0.14    0.14    0.13     15.47      1.29
    1964    2.23    0.78    2.03    1.40    0.30    0.11    1.83    0.64    0.10    0.09    0.08    0.08      9.67      0.81
    1965    0.07    0.20    0.07   26.96    9.81    0.37    0.17    0.15    0.14    0.12    0.11    0.10     38.28      3.19
    1966    0.09    0.07    1.83    9.23    3.12    1.44   17.98    9.29    1.23    0.29    0.28    0.27     45.10      3.76
    1967    0.24    0.22    0.21    0.18    0.16    2.65   10.68    3.45    0.23    0.22    0.20    0.19     18.63      1.55
    1968    0.18    0.16    1.55    0.53    2.75    4.22    2.15    0.35    0.17    0.16    0.15    0.15     12.52      1.04
    1969    1.96    0.67    0.12    0.11    0.09    0.08    0.08    0.07    0.06    0.06    0.05    0.30      3.65      0.30
    1970    0.25    0.05    1.01    2.07    2.66    1.07    0.34    0.25    0.07    0.07    0.07    0.07      7.99      0.67
    1971    0.07    0.05    0.37    5.97   17.96   22.10    5.55    0.27    0.25    0.24    0.22    0.20     53.26      4.44
    1972    0.44    0.16    0.14    0.13    1.64    0.65    0.10    0.10    0.09    0.08    0.12    0.08      3.72      0.31
    1973    0.06    0.05    1.44   18.04   20.11    6.80    0.80    0.24    0.23    0.22    0.21    0.19     48.39      4.03
    1974    0.17    2.08    1.28    0.43    3.09    1.90    0.64    0.13    0.13    0.12    0.12    0.15     10.24      0.85
    1975    0.10    1.67    8.03   12.31    4.73   14.21    4.99    0.30    0.30    0.29    0.27    0.28     47.47      3.96
    1976    3.61    1.20    0.30    2.14    1.43    2.20    0.66    0.18    0.16    0.15    0.14    1.33     13.51      1.13
    1977    1.71    0.45    1.09    1.27    0.91    6.44    8.23    2.17    0.21    0.20    0.19    0.17     23.03      1.92
    1978    0.16    0.14    2.04    1.02    0.68    0.20    0.15    0.09    0.08    0.08    3.48    1.23      9.35      0.78
    1979    0.45    0.56    0.19    1.09    7.28    2.40    0.14    0.13    0.12    0.11    0.10    0.15     12.71      1.06
    1980    0.07    0.91    0.55    5.47    4.42    1.21    0.11    0.11    0.10    0.10    1.48    0.51     15.05      1.25
    1981    0.10    0.35    0.97    0.36    0.08    0.14    2.29    0.80    0.08    0.08    0.07    0.07      5.40      0.45
    1982    1.46    1.25    0.31    0.07    0.07    0.06    0.10    0.05    0.04    0.31    0.10    0.04      3.86      0.32
    1983    0.04    1.20    2.36    1.03    0.12    0.46    0.15    0.07    0.05    0.05    0.27    0.09      5.88      0.49
    1984    0.86    0.96    0.24    0.20    1.24    0.98    0.20    0.05    0.12    0.04    0.04    0.04      4.97      0.41
    1985    2.49    1.69    3.19    1.96    0.44    0.82    0.26    0.08    0.07    0.07    0.06    0.05     11.16      0.93
    1986    4.24    3.64    0.84    0.10    1.44    0.58    0.13    0.08    0.08    0.07    0.12   13.10     24.41      2.03
    1987    4.37    3.48    1.30    0.16   66.83   49.43   10.60    0.61    0.38    0.37    0.36    0.45    138.35     11.53
    1988    2.71    1.00    1.77    3.43   18.70    6.07    0.43    0.32    0.31    0.29    0.26    0.24     35.52      2.96
    1989    0.22    1.23    0.55    0.73    0.85    4.69    2.32    0.26    0.17    0.16    0.15    0.14     11.48      0.96
    1990    0.13    0.12    0.55   14.44    7.94    5.99    1.73    0.22    0.21    0.19    0.18    0.16     31.86      2.65
    1991   11.54    4.10    0.52    0.18    0.17    0.15    0.14    0.12    0.11    0.10    0.09    0.08     17.29      1.44
    1992    0.34    0.46    0.11    0.35    1.60    0.80    0.24    0.05    0.05    0.05    0.04    0.04      4.13      0.34
    1993    1.46    1.09    0.58   12.94    8.77    1.78    0.16    0.15    0.14    0.13    0.12    0.10     27.42      2.28
    1994    0.09    0.08    0.07    0.33    0.22    2.16    0.75    0.07    0.06    0.05    0.05    0.04      3.97      0.33
    1995    0.40    0.49    9.53    7.56    5.97    1.90    0.20    0.16    0.15    0.14    0.13    0.12     26.75      2.23
    1996    0.10    3.94    2.54    1.04    0.33    4.57    1.62    0.14    0.13    0.12    0.12    0.11     14.76      1.23
    1997    0.10    0.16    0.11    2.07   11.22    5.24    0.61    0.16    0.15    0.14    0.13    0.12     20.21      1.68
    1998    0.40    0.99    1.15    2.08    0.65    0.09    0.08    0.07    0.07    0.06    0.05    0.05      5.74      0.48
    1999    0.04    0.04    5.74    4.81    1.54    1.21    0.44    0.10    0.09    0.09    0.08    0.07     14.24      1.19
    2000    0.06    1.40    2.15    0.83    0.28    5.56   24.20    7.34    0.25    0.25    0.25    0.25     42.83      3.57
    2001    1.03   20.32   10.49    7.97    2.46    0.33    0.31    0.56    0.27    0.26    1.37    0.46     45.83      3.82
    2002    0.22    0.20    1.46    1.42    0.52    2.09    0.69    0.14    0.13    0.12    0.11    0.09      7.19      0.60
    2003    0.08    0.07    0.06    0.30    0.28    1.44    0.56    0.05    0.05    0.05    0.04    0.04      3.03      0.25
    2004    0.03    0.03    0.17    2.02    0.92    0.79    0.46    0.07    0.05    0.04    0.04    0.04      4.65      0.39
    2005    0.03    0.03    0.03    6.28    4.65    2.59    1.39    0.27    0.12    0.12    0.27    0.11     15.89      1.32
    2006    0.11    0.31    0.17    0.08    0.07    0.06    0.05    0.05    0.04    0.04    0.03    0.05      1.06      0.09
    2007    0.14    0.82    1.67    2.07    1.14    0.82    0.32    0.06    0.06    0.06    0.05    0.05      7.25      0.60
    2008    0.05    3.70    1.42    3.14   14.23    4.40    0.18    0.17    0.15    0.14    0.13    0.12     27.82      2.32
    2009    1.37    1.89    0.59    9.11    3.11    0.73    3.46    1.21    0.18    0.18    0.17    0.17     22.17      1.85
  
 AVERAGE    0.95    1.50    1.74    3.24    4.01    4.79    2.87    0.97    0.25    0.16    0.22    0.45     21.18      1.76
