    1920    0.00    0.01    0.00    0.01    1.28    1.22    0.35    0.03    0.03    0.03    0.03    0.03      2.99      0.25
    1921    0.02    0.61    2.19    0.73    0.05    0.04    0.04    0.03    0.14    0.05    0.03    0.02      3.94      0.33
    1922    0.02    1.94    0.67    8.07    9.91    2.50    0.15    0.14    0.14    0.13    0.12    0.11     23.93      1.99
    1923    0.11    0.09    0.09    0.48    0.26   17.63    5.78    0.17    0.16    0.15    0.13    0.12     25.16      2.10
    1924    0.11    0.24    1.34    1.00    3.23   37.10   19.19   10.10    2.68    0.35    0.34    0.33     76.01      6.33
    1925    0.32    0.30    0.29    0.27    0.64    2.22    0.67    0.22    0.20    0.18    0.16    0.15      5.61      0.47
    1926    0.13    0.11    0.18    0.10    0.08   19.11    6.25    0.18    0.16    0.15    0.13    0.12     26.68      2.22
    1927    0.35    0.12    0.44    1.83    0.62    0.28    0.09    0.07    0.06    0.05    0.05    0.04      4.00      0.33
    1928    0.07    0.32    0.14    1.49    0.53    0.57    0.20    0.04    0.05    0.03    0.04    1.24      4.70      0.39
    1929    0.44    0.05    4.34    2.68    0.45    0.17    0.11    0.10    0.10    0.09    0.08    0.07      8.69      0.72
    1930    0.06    0.05    0.05    0.74    0.61    0.62    3.92    1.30    0.09    0.22    0.07    0.08      7.82      0.65
    1931    0.13    0.92    0.39    0.07    0.13    0.06    0.06    0.05    0.05    0.04    0.04    0.11      2.04      0.17
    1932    0.04    0.03    0.02    0.06    0.02    0.07    0.04    0.01    0.01    0.01    0.01    0.01      0.32      0.03
    1933    0.01    0.73    5.35   10.06    3.12    0.49    0.12    0.11    0.10    0.09    0.08    0.07     20.34      1.69
    1934    1.24    0.96    0.51    0.12    0.10    1.08    0.39    0.07    0.06    0.06    0.05    0.05      4.68      0.39
    1935    0.05    0.14    0.14    0.04    0.18    1.84    0.63    0.23    0.08    0.05    0.05    0.04      3.44      0.29
    1936    0.29    3.79    1.37    1.34    2.49    0.86    0.09    0.09    0.08    0.07    0.07    0.06     10.61      0.88
    1937    0.05    0.05    0.28    0.63    1.49    0.48    0.23    0.07    0.05    0.04    0.04    0.04      3.44      0.29
    1938    0.20    0.51    0.63    3.31    4.70    1.28    0.11    0.10    0.09    0.08    0.07    0.07     11.14      0.93
    1939    0.22    0.58    0.17    0.05    0.84    2.62    0.89    0.08    0.08    0.07    0.07    0.28      5.95      0.50
    1940    0.09    0.54    0.79    1.24    3.84    1.23    0.10    0.09    0.08    0.07    0.07    0.06      8.19      0.68
    1941    0.07    0.04    0.04    0.65    0.37    0.58    0.41    0.08    0.04    0.03    0.03    0.03      2.38      0.20
    1942    0.30    0.19    1.88    0.73    0.06    0.12   18.49   16.18    3.39    0.22    0.21    0.21     41.99      3.50
    1943    0.31    3.18    3.90    1.24    0.30    0.21    0.20    0.18    0.17    0.16    0.14    0.64     10.61      0.88
    1944    0.23    0.11    0.09    0.08    0.10    1.16    0.39    0.07    0.06    0.06    0.05    0.04      2.44      0.20
    1945    0.04    0.03    0.06    1.51    0.64    0.33    0.24    0.14    0.03    0.04    0.03    0.03      3.13      0.26
    1946    0.17    0.06    0.03    0.03    0.49    0.17    0.10    0.04    0.02    0.02    0.02    0.23      1.38      0.12
    1947    0.41    0.15    1.68    1.56    0.78   16.47    5.43    0.16    0.15    0.14    0.13    0.12     27.19      2.27
    1948    0.11    0.10    0.09    0.08    0.06    0.37    0.12    0.05    0.05    0.04    0.04    0.03      1.14      0.10
    1949    0.03    0.22    0.23    0.06    0.08    3.44    2.63    2.88    0.85    0.12    0.13    0.14     10.80      0.90
    1950    0.15    0.15    0.97    0.60    0.36    0.35    0.13    0.12    0.11    0.10    0.09    0.08      3.19      0.27
    1951    2.06    0.73    0.08    0.06    1.00    0.34    0.06    0.05    0.05    0.21    0.07    0.15      4.87      0.41
    1952    0.05    0.05    0.14    0.05    2.04    0.73    0.32    0.11    0.06    0.05    0.05    0.04      3.68      0.31
    1953    0.09    0.14    0.14    0.05    1.06    9.31    2.99    0.11    0.10    0.09    0.09    0.08     14.24      1.19
    1954    0.07    0.06    0.05   10.48    4.70    0.50    0.16    0.11    0.11    0.10    0.09    0.08     16.52      1.38
    1955    0.07    0.23    0.33    0.13    1.92    7.19    2.31    0.12    0.12    0.11    0.10    0.09     12.72      1.06
    1956    0.08    0.63    1.50    1.04    0.33    0.25    0.07    0.06    0.06    0.05    0.09    1.66      5.82      0.48
    1957    1.55    0.49    0.24    1.29    0.43    0.08    0.08    0.17    0.07    0.07    0.07    0.06      4.61      0.38
    1958    0.05    0.82    1.11    0.57    0.28    0.18    0.21    0.07    0.04    0.04    0.04    0.03      3.43      0.29
    1959    0.03    0.06    3.23    1.33    0.89    0.77    0.27    0.06    0.06    0.05    0.05    0.05      6.84      0.57
    1960    0.19    0.50    0.27    0.07    0.04    5.79    2.09    0.09    0.09    0.09    0.09    0.09      9.42      0.79
    1961    0.09    0.92    2.22    0.68    4.23    1.71    0.21    0.12    0.11    0.10    0.09    0.08     10.59      0.88
    1962    0.07    2.32    0.96    5.77    2.04    2.27    1.41    0.21    0.12    0.12    0.11    0.10     15.50      1.29
    1963    0.14    5.00    1.84    0.13    0.12    0.32    0.11    0.09    0.08    0.07    0.07    0.06      8.00      0.67
    1964    1.29    0.46    0.25    0.21    0.05    0.04    0.53    0.18    0.04    0.03    0.03    0.03      3.14      0.26
    1965    0.03    0.06    0.02    8.67    3.65    0.28    0.09    0.08    0.07    0.06    0.06    0.05     13.12      1.09
    1966    0.04    0.04    0.83    6.12    2.25    1.06    9.83    4.64    0.51    0.19    0.18    0.18     25.87      2.16
    1967    0.17    0.16    0.15    0.15    0.13    0.80    1.01    0.26    0.11    0.10    0.09    0.09      3.23      0.27
    1968    0.08    0.07    0.76    0.26    0.99    3.23    1.19    0.09    0.09    0.08    0.08    0.07      6.97      0.58
    1969    0.82    0.28    0.06    0.06    0.05    0.04    0.04    0.04    0.03    0.03    0.02    0.15      1.63      0.14
    1970    0.06    0.02    0.59    0.67    0.78    0.37    0.36    0.22    0.04    0.04    0.04    0.04      3.22      0.27
    1971    0.05    0.03    0.22    1.18    8.08   15.09    4.15    0.19    0.18    0.16    0.15    0.14     29.62      2.47
    1972    0.19    0.11    0.11    0.09    0.86    0.30    0.07    0.06    0.06    0.05    0.05    0.04      1.99      0.17
    1973    0.04    0.04    1.14   12.99   26.51    8.61    0.50    0.22    0.21    0.20    0.19    0.17     50.82      4.23
    1974    0.16    1.68    0.61    0.13    0.88    0.60    0.32    0.10    0.09    0.09    0.08    0.07      4.82      0.40
    1975    0.07    0.44    3.30    5.21    2.59    9.70    3.35    0.20    0.19    0.18    0.17    0.16     25.57      2.13
    1976    0.73    0.23    0.13    1.01    0.37    0.34    0.11    0.10    0.09    0.08    0.07    0.38      3.65      0.30
    1977    0.75    0.21    1.07    1.01    0.52    1.74    1.53    0.34    0.09    0.08    0.08    0.07      7.48      0.62
    1978    0.07    0.06    0.86    0.34    0.33    0.11    0.05    0.04    0.04    0.04    0.39    0.13      2.45      0.20
    1979    0.29    0.21    0.04    0.51    3.02    1.00    0.07    0.06    0.06    0.05    0.05    0.04      5.40      0.45
    1980    0.04    0.18    0.08    2.11    1.13    0.16    0.04    0.06    0.04    0.03    0.77    0.27      4.91      0.41
    1981    0.04    0.03    0.16    0.05    0.03    0.13    0.74    0.25    0.04    0.03    0.03    0.03      1.56      0.13
    1982    0.38    0.55    0.15    0.03    0.03    0.03    0.04    0.02    0.02    0.14    0.05    0.02      1.46      0.12
    1983    0.02    0.58    1.08    0.34    0.04    0.14    0.05    0.03    0.03    0.03    0.09    0.03      2.44      0.20
    1984    0.35    0.40    0.10    0.12    1.00    0.47    0.04    0.03    0.08    0.03    0.02    0.02      2.65      0.22
    1985    0.80    0.72    2.11    1.95    0.49    0.33    0.11    0.05    0.05    0.04    0.04    0.03      6.71      0.56
    1986    3.19    1.49    0.14    0.06    0.75    0.30    0.05    0.05    0.04    0.04    0.04    3.17      9.31      0.78
    1987    1.10    0.93    0.33    0.06   48.49   29.63    5.05    0.26    0.27    0.26    0.24    0.80     87.41      7.28
    1988    1.35    0.37    1.09    1.38    5.27    1.78    0.20    0.20    0.19    0.18    0.16    0.15     12.32      1.03
    1989    0.13    0.46    0.21    0.09    0.10    1.49    0.97    0.16    0.08    0.07    0.07    0.06      3.89      0.32
    1990    0.06    0.05    0.18    7.45    4.95    2.28    0.50    0.12    0.11    0.10    0.09    0.11     16.01      1.33
    1991    4.63    1.63    0.47    0.15    0.09    0.08    0.08    0.07    0.06    0.06    0.05    0.04      7.42      0.62
    1992    0.06    0.15    0.04    0.32    0.55    0.26    0.11    0.03    0.02    0.02    0.02    0.02      1.59      0.13
    1993    0.31    0.52    0.20    2.95    2.03    0.39    0.06    0.05    0.04    0.04    0.04    0.03      6.66      0.56
    1994    0.03    0.02    0.02    0.13    0.05    0.37    0.13    0.02    0.01    0.01    0.01    0.01      0.83      0.07
    1995    0.04    0.22    3.25    4.47    2.42    0.50    0.17    0.07    0.07    0.06    0.06    0.05     11.36      0.95
    1996    0.05    1.88    1.12    0.21    0.06    2.46    0.87    0.07    0.06    0.06    0.05    0.05      6.93      0.58
    1997    0.05    0.07    0.04    0.51    6.78    2.93    0.25    0.10    0.09    0.08    0.07    0.06     11.03      0.92
    1998    0.06    0.42    0.66    0.99    0.30    0.05    0.04    0.04    0.03    0.03    0.03    0.02      2.68      0.22
    1999    0.02    0.02    1.80    1.64    0.40    0.15    0.08    0.03    0.03    0.03    0.02    0.02      4.23      0.35
    2000    0.02    0.79    0.53    0.18    0.45    1.54   17.82    5.67    0.16    0.15    0.15    0.14     27.61      2.30
    2001    0.38   12.86    5.12    3.74    1.19    0.22    0.20    0.34    0.16    0.16    0.88    0.29     25.53      2.13
    2002    0.13    0.12    0.36    0.46    0.13    0.98    0.33    0.08    0.08    0.07    0.06    0.05      2.86      0.24
    2003    0.05    0.04    0.04    0.14    0.33    1.18    0.40    0.04    0.03    0.03    0.03    0.02      2.33      0.19
    2004    0.02    0.02    0.06    0.34    0.23    0.17    0.06    0.02    0.01    0.01    0.01    0.01      0.96      0.08
    2005    0.01    0.02    0.01    6.13    4.08    0.97    0.71    0.21    0.08    0.07    0.09    0.07     12.45      1.04
    2006    0.07    0.10    0.05    0.05    0.05    0.04    0.04    0.03    0.03    0.03    0.02    0.02      0.52      0.04
    2007    0.02    0.17    0.67    0.83    0.54    0.14    0.10    0.03    0.02    0.02    0.02    0.02      2.57      0.21
    2008    0.02    0.76    0.35    0.29    3.16    1.06    0.05    0.05    0.04    0.04    0.04    0.03      5.89      0.49
    2009    0.85    0.61    0.12    3.39    1.16    0.14    0.30    0.08    0.06    0.05    0.05    0.04      6.85      0.57
  
 AVERAGE    0.33    0.65    0.79    1.57    2.16    2.64    1.45    0.55    0.16    0.08    0.10    0.16     10.65      0.89
