    1920    0.00    0.01    0.00    0.01    1.82    1.74    0.50    0.04    0.04    0.04    0.03    0.03      4.27      0.36
    1921    0.03    0.88    3.11    1.03    0.06    0.05    0.05    0.04    0.21    0.07    0.03    0.03      5.60      0.47
    1922    0.03    2.76    0.95   11.33   15.16    3.89    0.20    0.19    0.18    0.17    0.16    0.15     35.18      2.93
    1923    0.14    0.12    0.11    0.69    0.38   24.46    7.98    0.22    0.20    0.18    0.16    0.15     34.79      2.90
    1924    0.13    0.36    1.90    1.42    4.56   48.79   26.34   14.29    3.75    0.42    0.41    0.40    102.76      8.56
    1925    0.38    0.35    0.33    0.31    0.92    3.15    0.95    0.25    0.23    0.21    0.19    0.17      7.43      0.62
    1926    0.15    0.12    0.27    0.15    0.08   26.28    8.56    0.21    0.19    0.17    0.16    0.14     36.47      3.04
    1927    0.51    0.17    0.64    2.59    0.88    0.40    0.14    0.08    0.07    0.07    0.06    0.05      5.67      0.47
    1928    0.11    0.46    0.20    2.12    0.74    0.82    0.28    0.05    0.07    0.04    0.05    2.08      7.03      0.59
    1929    0.75    0.08    6.12    3.80    0.65    0.26    0.16    0.14    0.13    0.12    0.11    0.09     12.40      1.03
    1930    0.08    0.07    0.06    1.06    0.88    0.90    6.89    2.27    0.12    0.33    0.11    0.11     12.87      1.07
    1931    0.20    1.32    0.57    0.09    0.19    0.09    0.07    0.07    0.06    0.05    0.05    0.16      2.91      0.24
    1932    0.05    0.03    0.03    0.09    0.03    0.11    0.06    0.02    0.01    0.01    0.01    0.01      0.46      0.04
    1933    0.01    1.05    7.56   14.13    4.37    0.72    0.18    0.14    0.13    0.12    0.11    0.10     28.61      2.38
    1934    1.77    1.37    0.75    0.18    0.15    1.54    0.55    0.11    0.07    0.07    0.07    0.06      6.70      0.56
    1935    0.06    0.21    0.20    0.05    0.26    2.62    0.89    0.33    0.11    0.07    0.06    0.06      4.92      0.41
    1936    0.43    5.36    1.94    1.91    3.53    1.23    0.13    0.12    0.11    0.10    0.09    0.08     15.02      1.25
    1937    0.07    0.06    0.40    0.91    2.13    0.68    0.33    0.11    0.08    0.05    0.05    0.05      4.93      0.41
    1938    0.29    0.74    0.90    4.69    6.65    1.80    0.14    0.13    0.12    0.11    0.10    0.09     15.76      1.31
    1939    0.32    0.84    0.25    0.07    1.19    3.72    1.26    0.10    0.10    0.10    0.09    0.42      8.47      0.71
    1940    0.14    0.78    1.13    1.77    5.43    1.73    0.13    0.12    0.11    0.10    0.09    0.08     11.60      0.97
    1941    0.11    0.06    0.05    0.93    0.54    0.83    0.60    0.11    0.05    0.05    0.04    0.04      3.40      0.28
    1942    0.44    0.29    2.68    1.04    0.10    0.18   25.21   22.12    4.60    0.27    0.25    0.25     57.42      4.78
    1943    0.45    4.45    5.48    1.76    0.44    0.25    0.24    0.22    0.20    0.19    0.17    0.92     14.77      1.23
    1944    0.33    0.13    0.11    0.09    0.15    1.65    0.56    0.08    0.07    0.07    0.06    0.05      3.36      0.28
    1945    0.05    0.04    0.09    2.14    0.92    0.48    0.36    0.21    0.05    0.05    0.05    0.04      4.46      0.37
    1946    0.25    0.08    0.04    0.03    0.71    0.25    0.15    0.07    0.03    0.03    0.03    0.33      2.01      0.17
    1947    0.60    0.21    2.39    2.23    1.12   23.06    7.58    0.21    0.20    0.18    0.17    0.15     38.10      3.17
    1948    0.13    0.12    0.11    0.09    0.08    0.55    0.17    0.06    0.06    0.05    0.05    0.04      1.51      0.13
    1949    0.04    0.33    0.33    0.09    0.12    4.87    5.29    5.32    1.46    0.18    0.18    0.19     18.39      1.53
    1950    0.19    0.19    1.40    0.86    0.53    0.51    0.15    0.15    0.14    0.12    0.11    0.10      4.45      0.37
    1951    2.92    1.04    0.10    0.08    1.42    0.49    0.09    0.07    0.06    0.31    0.10    0.22      6.91      0.58
    1952    0.07    0.06    0.21    0.07    2.90    1.02    0.47    0.16    0.08    0.07    0.06    0.06      5.23      0.44
    1953    0.14    0.20    0.20    0.08    1.51   14.05    4.48    0.15    0.14    0.13    0.12    0.10     21.29      1.77
    1954    0.09    0.08    0.07   14.59    6.57    0.72    0.23    0.14    0.14    0.13    0.11    0.10     22.98      1.92
    1955    0.09    0.34    0.49    0.19    2.72   11.37    3.63    0.16    0.16    0.15    0.13    0.12     19.56      1.63
    1956    0.11    0.91    2.14    1.48    0.48    0.36    0.10    0.09    0.08    0.07    0.14    3.82      9.77      0.81
    1957    2.70    0.71    0.35    1.85    0.62    0.11    0.11    0.25    0.10    0.10    0.09    0.08      7.08      0.59
    1958    0.07    1.18    1.59    0.82    0.41    0.26    0.31    0.10    0.06    0.05    0.05    0.05      4.93      0.41
    1959    0.04    0.09    4.57    1.89    1.28    1.10    0.39    0.08    0.08    0.07    0.06    0.06      9.72      0.81
    1960    0.28    0.72    0.40    0.11    0.05    8.52    3.06    0.13    0.13    0.13    0.13    0.12     13.77      1.15
    1961    0.12    1.31    3.15    0.97    5.97    2.41    0.32    0.16    0.15    0.14    0.12    0.11     14.91      1.24
    1962    0.10    3.28    1.36    8.13    2.86    3.21    2.00    0.30    0.17    0.16    0.15    0.14     21.86      1.82
    1963    0.20    7.05    2.58    0.17    0.15    0.46    0.16    0.11    0.10    0.10    0.09    0.08     11.25      0.94
    1964    1.83    0.65    0.37    0.31    0.07    0.05    0.76    0.26    0.05    0.05    0.04    0.04      4.48      0.37
    1965    0.03    0.09    0.03   12.14    5.13    0.40    0.11    0.10    0.09    0.08    0.07    0.06     18.36      1.53
    1966    0.06    0.04    1.19    8.63    3.17    1.51   14.45    7.60    1.04    0.25    0.24    0.23     38.42      3.20
    1967    0.22    0.20    0.19    0.18    0.16    1.15    1.45    0.38    0.13    0.13    0.12    0.11      4.42      0.37
    1968    0.10    0.09    1.08    0.37    1.41    4.57    1.68    0.12    0.12    0.11    0.10    0.09      9.82      0.82
    1969    1.17    0.40    0.09    0.07    0.07    0.06    0.05    0.05    0.04    0.04    0.03    0.23      2.28      0.19
    1970    0.10    0.03    0.85    0.96    1.12    0.53    0.52    0.33    0.06    0.06    0.06    0.05      4.65      0.39
    1971    0.08    0.05    0.33    1.68   11.66   21.08    5.72    0.24    0.22    0.21    0.19    0.18     41.63      3.47
    1972    0.28    0.14    0.13    0.11    1.22    0.43    0.10    0.08    0.07    0.06    0.06    0.05      2.72      0.23
    1973    0.05    0.06    1.63   17.98   36.18   11.79    0.72    0.27    0.26    0.24    0.23    0.22     69.62      5.80
    1974    0.20    2.36    0.87    0.16    1.27    0.88    0.46    0.12    0.12    0.11    0.10    0.09      6.74      0.56
    1975    0.08    0.64    4.67    7.36    3.67   14.54    4.98    0.26    0.26    0.24    0.23    0.21     37.15      3.10
    1976    1.05    0.34    0.17    1.45    0.53    0.50    0.17    0.13    0.12    0.10    0.09    0.56      5.20      0.43
    1977    1.07    0.30    1.53    1.44    0.75    2.48    3.47    0.96    0.13    0.12    0.11    0.10     12.46      1.04
    1978    0.10    0.09    1.23    0.49    0.49    0.16    0.06    0.06    0.05    0.05    0.56    0.19      3.51      0.29
    1979    0.43    0.31    0.07    0.73    4.28    1.41    0.09    0.09    0.08    0.07    0.06    0.05      7.67      0.64
    1980    0.05    0.27    0.12    3.00    1.61    0.24    0.06    0.10    0.05    0.05    1.10    0.39      7.01      0.58
    1981    0.05    0.05    0.24    0.08    0.04    0.20    1.06    0.35    0.05    0.04    0.04    0.04      2.24      0.19
    1982    0.56    0.79    0.22    0.04    0.04    0.03    0.07    0.03    0.03    0.20    0.07    0.03      2.11      0.18
    1983    0.03    0.84    1.54    0.49    0.05    0.21    0.07    0.04    0.04    0.03    0.13    0.04      3.52      0.29
    1984    0.50    0.58    0.14    0.17    1.44    0.67    0.07    0.04    0.12    0.04    0.03    0.03      3.83      0.32
    1985    1.14    1.04    3.00    2.78    0.70    0.49    0.16    0.07    0.06    0.06    0.05    0.04      9.59      0.80
    1986    4.51    2.12    0.21    0.07    1.07    0.43    0.06    0.06    0.06    0.05    0.05    5.77     14.47      1.21
    1987    1.97    1.34    0.47    0.09   62.80   39.86    7.04    0.32    0.33    0.31    0.30    1.14    115.98      9.66
    1988    1.93    0.53    1.55    1.98    7.40    2.51    0.29    0.25    0.24    0.23    0.20    0.19     17.31      1.44
    1989    0.17    0.67    0.31    0.13    0.15    2.11    1.38    0.23    0.10    0.09    0.09    0.08      5.51      0.46
    1990    0.07    0.06    0.26   10.47    6.98    3.23    0.71    0.16    0.15    0.14    0.12    0.16     22.53      1.88
    1991    7.84    2.71    0.68    0.22    0.13    0.11    0.10    0.09    0.08    0.07    0.07    0.06     12.18      1.01
    1992    0.09    0.22    0.06    0.46    0.79    0.38    0.17    0.04    0.03    0.03    0.03    0.02      2.31      0.19
    1993    0.46    0.75    0.30    4.18    2.89    0.55    0.08    0.07    0.06    0.05    0.05    0.04      9.48      0.79
    1994    0.04    0.03    0.03    0.20    0.07    0.54    0.19    0.02    0.02    0.02    0.02    0.01      1.19      0.10
    1995    0.06    0.32    4.60    6.33    3.43    0.71    0.25    0.09    0.09    0.08    0.08    0.07     16.11      1.34
    1996    0.06    2.66    1.60    0.31    0.09    3.49    1.23    0.09    0.09    0.08    0.07    0.07      9.83      0.82
    1997    0.06    0.10    0.06    0.74    9.56    4.13    0.36    0.13    0.11    0.10    0.09    0.09     15.54      1.30
    1998    0.07    0.61    0.95    1.42    0.44    0.06    0.06    0.05    0.04    0.04    0.04    0.03      3.81      0.32
    1999    0.03    0.02    2.55    2.34    0.57    0.22    0.12    0.04    0.04    0.04    0.03    0.03      6.03      0.50
    2000    0.03    1.14    0.77    0.27    0.65    2.20   24.85    7.88    0.20    0.19    0.18    0.17     38.54      3.21
    2001    0.55   17.77    7.08    5.26    1.68    0.27    0.25    0.50    0.20    0.20    1.51    0.50     35.77      2.98
    2002    0.17    0.15    0.52    0.67    0.20    1.38    0.47    0.10    0.09    0.08    0.08    0.07      3.98      0.33
    2003    0.06    0.05    0.04    0.21    0.48    1.68    0.57    0.05    0.04    0.04    0.04    0.03      3.29      0.27
    2004    0.03    0.02    0.09    0.50    0.33    0.25    0.09    0.02    0.02    0.02    0.02    0.01      1.40      0.12
    2005    0.01    0.04    0.01    8.65    5.77    1.37    1.03    0.30    0.11    0.10    0.14    0.09     17.62      1.47
    2006    0.09    0.15    0.07    0.07    0.06    0.05    0.05    0.04    0.04    0.03    0.03    0.04      0.71      0.06
    2007    0.02    0.25    0.96    1.19    0.78    0.21    0.15    0.04    0.03    0.03    0.03    0.03      3.72      0.31
    2008    0.02    1.09    0.51    0.42    4.48    1.49    0.07    0.07    0.06    0.05    0.05    0.04      8.36      0.70
    2009    1.21    0.88    0.18    4.80    1.64    0.21    0.44    0.12    0.07    0.07    0.06    0.06      9.74      0.81
  
 AVERAGE    0.49    0.92    1.12    2.22    2.99    3.69    2.09    0.80    0.22    0.11    0.13    0.26     15.04      1.25
