    1920    0.00    0.00    0.00    0.00    0.11    5.60    2.83    0.34    0.14    0.17    0.17    0.15      9.52      0.79
    1921    0.13    0.10    0.08    0.06    0.05    0.04    0.04    0.03    0.03    0.02    0.02    0.02      0.62      0.05
    1922    0.01    0.49    0.17    0.01    5.03    1.72    0.06    0.05    0.05    0.05    0.05    0.04      7.74      0.65
    1923    0.04    0.03    0.02    0.02    0.01   23.04    7.56    0.18    0.17    0.16    0.14    0.12     31.49      2.62
    1924    0.10    0.16    1.35    0.47    0.36   13.76   15.25   12.10    3.00    0.58    0.53    0.47     48.14      4.01
    1925    0.40    0.33    0.26    0.20    0.16    0.17    0.12    0.11    0.09    0.08    0.07    0.06      2.07      0.17
    1926    0.05    0.14    0.05    0.03    0.02    0.81    0.29    0.02    0.02    0.02    0.02    0.01      1.48      0.12
    1927    0.12    0.04    0.05    0.21    0.07    0.21    0.08    0.01    0.01    0.01    0.01    0.03      0.85      0.07
    1928    0.02    0.00    0.00    0.08    0.03    2.73    0.93    0.04    0.03    0.03    0.03    3.69      7.62      0.63
    1929    1.29    0.09    0.65    1.15    0.38    0.06    0.05    0.04    0.04    0.03    0.04    0.03      3.85      0.32
    1930    0.02    0.04    0.01    1.05    0.36    0.14    0.21    0.05    0.02    0.02    0.02    0.02      1.95      0.16
    1931    0.01    0.54    0.19    0.01    0.20    0.07    0.01    0.01    0.01    0.01    0.01    0.05      1.11      0.09
    1932    0.02    0.00    0.00    0.00    0.00    0.03    0.05    0.01    0.00    0.00    0.00    0.00      0.13      0.01
    1933    0.00    0.04    0.38    1.85    1.73    0.73    0.17    0.04    0.03    0.03    0.03    0.03      5.05      0.42
    1934    0.12    0.32    0.22    0.06    0.04    1.05    0.44    0.53    0.18    0.09    0.11    0.12      3.28      0.27
    1935    0.10    0.08    0.06    0.05    0.04    0.99    0.35    0.15    0.05    0.04    0.04    0.04      1.99      0.17
    1936    0.12    1.91    0.65    0.13    0.16    0.04    0.02    0.02    0.02    0.02    0.01    0.01      3.13      0.26
    1937    0.01    0.01    0.23    0.09    1.27    0.43    0.02    0.02    0.01    0.01    0.02    0.02      2.13      0.18
    1938    0.02    0.05    0.02    0.87    1.41    0.40    0.03    0.02    0.02    0.02    0.38    0.13      3.38      0.28
    1939    0.05    0.04    0.04    0.03    0.03    6.97    2.36    0.09    0.09    0.08    0.07    0.06      9.92      0.83
    1940    0.05    0.08    0.03    0.48    8.87    2.93    0.73    0.24    0.10    0.09    0.08    0.08     13.78      1.15
    1941    0.07    0.05    0.04    0.03    0.06    0.53    0.19    0.02    0.02    0.02    0.02    0.02      1.07      0.09
    1942    1.00    0.45    0.48    0.16    0.02    0.66    9.54    3.20    0.16    0.18    0.27    0.17     16.29      1.36
    1943    0.15    2.47    1.36    0.17    0.35    0.35    0.08    0.06    0.05    0.05    0.04    0.07      5.21      0.43
    1944    0.03    0.03    0.02    0.02    0.01    0.16    0.05    0.01    0.01    0.01    0.01    0.01      0.37      0.03
    1945    0.01    0.00    0.00    0.15    0.09    0.31    0.29   11.15    3.73    0.18    0.17    0.15     16.23      1.35
    1946    0.12    0.10    0.08    0.06    0.05    0.04    0.03    0.03    0.03    0.02    0.02    0.02      0.59      0.05
    1947    0.02    0.01    0.15    0.06    5.33   31.84   10.02    0.27    0.26    0.24    0.21    0.18     48.57      4.05
    1948    0.15    0.12    0.09    0.07    0.05    0.11    0.04    0.04    0.03    0.03    0.03    0.02      0.78      0.07
    1949    0.02    0.02    0.01    0.02    1.16    1.26    6.11    2.32    0.17    0.17    0.15    0.14     11.55      0.96
    1950    0.12    0.09    0.65    0.28    0.05    0.04    0.04    0.03    0.03    0.03    0.02    0.02      1.40      0.12
    1951    0.02    0.01    0.01    0.01    1.40    0.48    0.02    0.02    0.02    0.12    0.04    0.03      2.17      0.18
    1952    0.03    0.08    0.03    0.02    1.74    0.60    0.91    0.33    0.04    0.04    0.04    0.03      3.89      0.32
    1953    0.03    0.71    0.58    0.13    0.02    4.71    1.61    0.07    0.06    0.06    0.05    0.05      8.07      0.67
    1954    0.04    0.03    0.02    0.16    6.61    2.25    0.30    0.10    0.07    0.07    0.07    0.06      9.77      0.81
    1955    0.05    0.43    0.20    0.06    0.02    1.73    0.62    0.04    0.04    0.04    0.03    0.03      3.29      0.27
    1956    0.02    0.02    0.58    0.21    0.06    0.80    0.28    0.02    0.28    0.10    0.07    0.07      2.51      0.21
    1957    0.13    0.09    0.29    1.93    0.66    0.06    0.05    0.43    0.14    0.05    0.04    0.04      3.92      0.33
    1958    0.04    0.05    0.53    0.20    0.15    0.05    0.06    0.79    0.28    0.05    0.06    0.06      2.33      0.19
    1959    0.05    0.04    0.63    0.23    0.24    0.29    0.11    0.02    0.02    0.02    0.02    0.02      1.71      0.14
    1960    0.06    0.03    0.02    0.07    0.02    4.19    1.44    0.06    0.07    0.09    0.11    0.10      6.25      0.52
    1961    0.08    0.37    0.35    0.07    0.71    0.45    0.10    0.03    0.03    0.03    0.02    0.02      2.27      0.19
    1962    0.02    2.88    0.98   13.76    4.58    1.46    1.33    0.28    0.13    0.13    0.12    0.10     25.77      2.15
    1963    0.08    1.52    0.53    0.06    0.05    0.04    0.03    0.03    0.02    0.02    0.02    0.02      2.42      0.20
    1964    0.02    0.01    0.03    0.08    0.02    0.01    1.46    0.50    0.03    0.05    0.04    0.05      2.31      0.19
    1965    0.04    0.03    0.03    0.40    0.44    0.11    0.02    0.02    0.01    0.01    0.01    0.01      1.13      0.09
    1966    0.01    0.01    0.04    1.24    0.72    0.43    1.97    0.84    0.11    0.13    0.12    0.10      5.70      0.48
    1967    0.08    0.07    0.05    0.04    0.03    1.94    1.28    0.23    0.06    0.07    0.07    0.06      3.98      0.33
    1968    0.05    0.04    0.13    0.04    0.32    0.29    1.30    0.44    0.04    0.05    0.05    0.04      2.79      0.23
    1969    0.53    0.18    0.03    0.02    0.02    0.01    0.01    0.01    0.01    0.01    0.01    0.01      0.86      0.07
    1970    0.02    0.02    0.36    0.56    0.60    0.24    0.21    0.08    0.02    0.03    0.03    0.03      2.19      0.18
    1971    0.15    0.05    0.02    1.28    0.76    2.09    0.73    0.05    0.05    0.04    0.04    0.03      5.29      0.44
    1972    0.03    0.02    0.02    0.01    0.10    0.08    0.32    0.11    0.01    0.01    0.02    0.02      0.75      0.06
    1973    0.01    0.01    0.48    7.41   44.61   37.62    7.91    0.61    0.42    0.39    2.79    0.93    103.20      8.60
    1974    0.31    0.25    0.19    0.15    1.34    1.15    0.24    0.10    0.09    0.08    0.07    0.06      4.05      0.34
    1975    0.05    0.45    2.16    2.53    8.17   22.57    7.18    0.31    0.31    0.28    0.25    0.21     44.48      3.71
    1976    0.20    0.16    0.13    0.18    1.71    0.76    0.08    0.07    0.07    0.06    0.05    0.05      3.52      0.29
    1977    0.04    0.03    0.29    0.32    0.13    0.74    0.53    0.10    0.03    0.03    0.03    0.09      2.36      0.20
    1978    0.03    0.02    0.02    0.01    0.34    0.12    0.01    0.04    0.01    0.01    0.02    0.02      0.67      0.06
    1979    0.03    0.04    0.02    0.02    0.12    0.20    0.06    0.01    0.01    0.01    0.01    0.01      0.53      0.04
    1980    0.01    0.21    0.08    1.17    3.47    1.27    0.08    0.05    0.04    0.04    3.84    1.34     11.60      0.97
    1981    0.09    0.08    0.14    0.05    0.04    0.03    0.07    0.03    0.03    0.03    0.03    0.03      0.64      0.05
    1982    0.19    0.16    0.03    0.02    0.01    0.02    0.01    0.01    0.01    0.01    0.01    0.01      0.49      0.04
    1983    0.01    0.47    0.28    0.04    0.01    0.01    0.01    0.01    0.01    0.01    0.11    0.04      1.00      0.08
    1984    0.96    0.34    0.02    0.05    0.58    0.21    0.02    0.01    0.01    0.01    0.01    0.01      2.22      0.19
    1985    0.59    0.21    0.53    0.24    0.02    0.01    0.01    0.01    0.01    0.01    0.01    0.01      1.64      0.14
    1986    0.05    0.06    0.01    0.00    0.62    0.22    0.01    0.01    0.01    0.01    0.01    1.21      2.22      0.18
    1987    0.43    0.31    0.11    0.03   40.55   15.45    2.04    0.42    0.31    0.30    0.27    0.22     60.43      5.04
    1988    0.20    0.17    4.73    2.74    4.36    1.54    0.15    0.14    0.13    0.11    0.10    0.08     14.45      1.20
    1989    0.07    0.05    0.04    0.03    0.09    0.13    0.39    0.13    0.02    0.03    0.03    0.03      1.04      0.09
    1990    0.03    0.02    0.02    7.31    2.61    4.07    1.41    0.11    0.10    0.09    0.08    0.07     15.90      1.32
    1991   43.28   14.04    0.23    0.19    0.15    0.15    0.11    0.10    0.09    0.08    0.07    0.06     58.54      4.88
    1992    0.13    0.04    0.03    0.02    0.74    0.26    0.02    0.02    0.02    0.02    0.01    0.01      1.34      0.11
    1993    2.08    0.74    1.03    1.37    3.16    1.17    0.07    0.06    0.05    0.05    0.04    0.03      9.85      0.82
    1994    0.03    0.02    0.02    0.03    0.01    0.98    0.34    0.02    0.02    0.02    0.01    0.01      1.50      0.13
    1995    0.01    0.06    0.45    0.15    0.57    0.20    0.01    0.01    0.01    0.01    0.01    0.01      1.52      0.13
    1996    0.01    1.14    1.31    0.49    0.07    3.07    1.06    0.05    0.06    0.07    0.08    0.08      7.49      0.62
    1997    0.07    0.05    0.04    0.15    0.33    0.88    0.28    0.03    0.03    0.03    0.02    0.02      1.94      0.16
    1998    0.02    0.02    0.01    0.01    0.01    0.01    0.00    0.00    0.00    0.00    0.00    0.00      0.09      0.01
    1999    0.00    0.00    2.57    2.16    0.70    1.30    3.47    1.09    0.11    0.12    0.12    1.90     13.54      1.13
    2000    0.66    0.10    0.08    0.06    0.05    0.04    1.36    0.49    0.06    0.07    0.07    0.19      3.24      0.27
    2001    0.07    2.34    2.75    0.92    0.07    0.06    0.05    0.12    0.06    0.05    3.34    1.20     11.03      0.92
    2002    0.13    0.11    1.58    0.55    0.15    0.15    0.05    0.05    0.04    0.04    0.03    0.03      2.91      0.24
    2003    0.02    0.05    0.02    0.08    0.32    0.61    0.66    0.18    0.03    0.03    0.03    0.37      2.38      0.20
    2004    0.22    0.05    0.08    0.05    0.42    0.30    0.06    0.02    0.01    0.01    0.01    0.01      1.26      0.10
    2005    0.01    0.01    0.01    2.05    1.20    0.23    0.90    0.33    0.05    0.06    0.07    0.08      4.99      0.42
    2006    0.07    0.06    0.05    0.04    0.03    0.03    0.11    0.03    0.02    0.02    0.02    0.01      0.49      0.04
    2007    0.01    0.01    0.46    0.17    0.43    0.47    0.12    0.11    0.04    0.02    0.03    0.03      1.89      0.16
    2008    0.03    0.11    0.04    0.21    1.93    0.65    0.03    0.03    0.02    0.02    0.02    0.02      3.11      0.26
    2009    0.02    0.02    0.01    0.13    3.04    1.73    0.48    0.07    0.05    0.05    0.05    0.04      5.71      0.48
  
 AVERAGE    0.62    0.41    0.37    0.66    1.88    2.42    1.13    0.45    0.14    0.07    0.17    0.17      8.49      0.71
