    1920    0.00    0.00    0.00    0.00    0.32    1.50    9.15    2.91    0.15    0.15    0.16    0.17     14.51      1.21
    1921    0.17    0.56    0.19    0.12    0.11    0.10    0.09    0.08    0.07    0.06    0.05    0.05      1.65      0.14
    1922    0.04    0.04    0.03    0.03    0.34    0.12    0.02    0.02    0.02    0.02    0.02    0.02      0.71      0.06
    1923    0.01    0.01    0.01    0.01    0.01    2.06    0.71    0.03    0.03    0.03    0.03    0.02      2.96      0.25
    1924    0.02    0.02    0.02    0.01    0.38    3.61    1.43    0.09    0.09    0.11    0.13    0.15      6.06      0.51
    1925    0.15    0.13    0.12    0.11    0.09    0.08    0.07    0.07    0.06    0.05    0.05    0.04      1.02      0.09
    1926    0.04    0.03    0.03    0.02    0.02    0.02    0.02    0.01    0.01    0.01    0.01    0.01      0.23      0.02
    1927    0.01    0.01    0.01    0.08    0.03    2.90    1.01    0.04    0.04    0.04    0.04    0.03      4.23      0.35
    1928    0.03    0.03    0.02    0.02    0.02    0.29    0.10    0.02    0.02    0.02    0.02    1.02      1.61      0.13
    1929    0.37    0.06    0.06    0.35    0.28    0.16    0.05    0.05    0.04    0.04    0.03    0.03      1.52      0.13
    1930    0.03    0.02    0.02    0.09    0.03    0.08    0.03    0.01    0.01    0.01    0.01    0.01      0.36      0.03
    1931    0.01    0.01    0.49    0.17    0.07    0.02    0.01    0.01    0.01    0.01    0.01    0.03      0.84      0.07
    1932    0.01    0.01    0.00    0.00    0.00    0.00    0.00    0.00    0.00    0.00    0.00    0.00      0.04      0.00
    1933    0.00    0.36    0.16    1.14    0.54    0.16    0.05    0.02    0.02    0.02    0.01    0.01      2.50      0.21
    1934    0.02    0.19    0.08    0.01    0.35    0.15    0.01    0.80    0.29    0.05    0.07    0.08      2.10      0.17
    1935    0.09    0.09    0.09    0.08    0.07    0.13    0.05    0.05    0.05    0.04    0.04    0.03      0.81      0.07
    1936    0.03    0.02    0.02    0.02    0.04    0.01    0.01    0.01    0.01    0.01    0.01    0.01      0.21      0.02
    1937    0.01    0.01    0.48    0.18    0.10    0.03    0.01    0.01    0.01    0.01    0.01    0.01      0.85      0.07
    1938    0.02    0.01    0.01    0.88    1.47    0.41    0.03    0.03    0.02    0.02    2.79    0.97      6.65      0.55
    1939    0.25    0.08    0.08    0.07    0.07    2.94    1.03    0.09    0.08    0.08    0.07    0.07      4.92      0.41
    1940    0.06    0.06    0.05    0.20    2.62    0.89    0.06    0.06    0.05    0.05    0.04    0.04      4.18      0.35
    1941    0.03    0.03    0.02    0.02    0.06    0.24    0.08    0.02    0.02    0.01    0.01    0.01      0.56      0.05
    1942    0.18    0.06    0.01    0.01    0.01    0.03    0.68    0.24    0.02    0.02    0.02    0.02      1.30      0.11
    1943    0.02    2.13    0.83    0.04    0.04    2.41    0.84    0.06    0.05    0.05    0.04    0.04      6.53      0.54
    1944    0.04    0.03    0.03    0.02    0.02    0.26    0.09    0.02    0.02    0.01    0.01    0.01      0.56      0.05
    1945    0.01    0.01    0.01    0.01    0.01    0.01    0.02    0.41    0.15    0.02    0.03    0.03      0.73      0.06
    1946    0.08    0.04    0.04    0.03    0.03    0.02    0.02    0.02    0.02    0.02    0.01    0.05      0.39      0.03
    1947    0.03    0.01    0.52    0.22    2.07    1.03    0.66    0.19    0.05    0.05    0.05    0.05      4.92      0.41
    1948    0.05    0.04    0.04    0.03    0.03    0.02    0.02    0.14    0.05    0.02    0.02    0.02      0.47      0.04
    1949    0.02    0.01    0.01    0.01    1.54    1.69    1.09    0.40    0.09    0.12    0.13    0.11      5.22      0.44
    1950    0.10    0.09    0.08    0.07    0.06    0.06    0.05    0.04    0.04    0.04    0.03    0.03      0.69      0.06
    1951    0.02    0.02    0.02    0.02    1.63    0.60    0.03    0.03    0.03    0.02    0.02    0.02      2.45      0.20
    1952    0.02    0.02    0.06    0.02    0.66    0.23    0.06    0.02    0.02    0.01    0.01    0.01      1.15      0.10
    1953    0.01    0.54    0.28    0.03    0.01    1.60    0.57    0.03    0.03    0.03    0.03    0.03      3.20      0.27
    1954    0.03    0.02    0.02    0.06    0.02    0.16    0.09    0.01    0.01    0.01    0.01    0.01      0.47      0.04
    1955    0.01    0.22    0.17    0.05    0.02    0.45    0.16    0.01    0.01    0.01    0.01    0.01      1.13      0.09
    1956    0.01    0.16    0.36    0.12    0.05    0.17    0.05    0.01    0.01    0.01    0.01    0.01      0.96      0.08
    1957    0.01    0.01    0.39    0.43    0.11    0.01    0.01    0.25    0.09    0.01    0.01    0.01      1.34      0.11
    1958    0.01    0.01    0.51    0.18    0.07    0.02    0.01    0.01    0.01    0.01    0.01    0.01      0.87      0.07
    1959    0.01    0.01    0.01    0.01    0.00    0.32    0.11    0.01    0.01    0.01    0.01    0.01      0.50      0.04
    1960    0.01    0.01    0.01    0.01    0.01    5.76    2.01    0.07    0.08    0.09    0.11    0.13      8.29      0.69
    1961    0.12    0.10    0.09    0.08    0.30    0.10    0.06    0.05    0.05    0.04    0.04    0.03      1.04      0.09
    1962    0.03    0.06    0.02    6.76    2.27    1.78    0.72    0.09    0.08    0.08    0.07    0.07     12.03      1.00
    1963    0.08    0.08    0.05    0.04    0.04    0.03    0.03    0.03    0.02    0.02    0.02    0.02      0.46      0.04
    1964    0.01    0.01    0.06    0.02    0.01    0.01    0.22    0.08    0.01    0.21    0.07    0.02      0.73      0.06
    1965    0.02    0.02    0.02    0.02    0.02    0.02    0.02    0.01    0.01    0.01    0.01    0.01      0.21      0.02
    1966    0.01    0.01    0.01    0.30    0.11    0.05    0.36    0.13    0.01    0.02    0.02    0.02      1.03      0.09
    1967    0.02    0.02    0.02    0.02    0.01    0.15    0.05    0.01    0.01    0.01    0.01    0.01      0.33      0.03
    1968    0.01    0.01    0.01    0.00    0.18    0.07    0.27    0.10    0.01    0.01    0.01    0.01      0.68      0.06
    1969    0.01    0.01    0.01    0.01    0.02    0.01    0.00    0.00    0.00    0.00    0.05    0.02      0.14      0.01
    1970    0.01    0.01    0.11    0.05    0.38    0.14    0.02    0.01    0.01    0.01    0.01    0.01      0.76      0.06
    1971    0.01    0.01    0.01    0.37    0.13    2.02    0.71    0.04    0.04    0.03    0.03    0.03      3.44      0.29
    1972    0.03    0.02    0.02    0.02    0.05    0.78    0.27    0.02    0.02    0.02    0.02    0.02      1.29      0.11
    1973    0.02    0.01    0.03    0.37    5.10   28.26    8.70    0.23    0.23    0.23    0.26    0.19     43.65      3.64
    1974    0.18    0.15    0.14    0.12    0.20    1.14    0.36    0.09    0.08    0.08    0.07    0.06      2.69      0.22
    1975    0.06    0.05    1.36    2.53    1.69   12.48    4.07    0.18    0.17    0.16    0.15    0.14     23.04      1.92
    1976    0.63    0.21    0.11    0.09    2.24    0.82    0.09    0.24    0.08    0.08    0.07    0.07      4.73      0.39
    1977    0.06    0.05    0.13    0.05    0.04    0.04    0.03    0.03    0.02    0.02    0.02    0.02      0.51      0.04
    1978    0.01    0.01    0.07    0.02    0.31    0.11    0.01    0.01    0.01    0.01    0.01    0.01      0.59      0.05
    1979    0.16    0.06    0.01    0.01    0.01    0.17    0.06    0.01    0.01    0.01    0.01    0.01      0.50      0.04
    1980    0.00    0.01    0.03    0.30    1.39    0.57    0.04    0.02    0.02    0.02    0.19    0.06      2.68      0.22
    1981    0.04    0.02    0.02    0.02    0.02    0.02    0.65    0.23    0.02    0.02    0.02    0.02      1.11      0.09
    1982    0.02    0.02    0.02    0.02    0.01    0.01    0.01    0.01    0.01    0.01    0.01    0.01      0.15      0.01
    1983    0.01    0.07    0.08    0.02    0.01    0.01    0.05    0.02    0.01    0.01    0.01    0.01      0.29      0.02
    1984    0.01    0.01    0.01    0.57    0.29    0.04    0.01    0.01    0.01    0.01    0.01    0.01      0.98      0.08
    1985    0.10    0.06    1.75    0.99    0.15    0.03    0.02    0.02    0.02    0.02    0.02    0.01      3.18      0.27
    1986    0.04    0.02    0.01    0.01    0.04    0.01    0.01    0.01    0.01    0.01    0.01    0.18      0.34      0.03
    1987    0.07    0.75    0.27    0.02   19.92    7.22    0.39    0.15    0.15    0.15    0.14    0.13     29.36      2.45
    1988    0.12    0.11    3.38    1.71    1.86    0.59    0.11    0.10    0.09    0.09    0.08    0.07      8.31      0.69
    1989    0.06    0.23    0.08    0.04    0.04    0.03    0.03    0.03    0.02    0.02    0.02    0.02      0.62      0.05
    1990    0.02    0.01    0.01    1.15    0.40    0.10    0.03    0.02    0.02    0.02    0.01    0.01      1.81      0.15
    1991   24.87    8.08    0.15    0.14    0.13    0.24    0.10    0.10    0.09    0.08    0.07    0.06     34.10      2.84
    1992    0.05    0.38    0.13    0.04    0.03    0.03    0.03    0.02    0.02    0.02    0.02    0.02      0.79      0.07
    1993    0.30    0.13    0.01    0.70    0.44    0.07    0.02    0.02    0.02    0.01    0.01    0.01      1.76      0.15
    1994    0.01    0.01    0.01    0.01    0.01    0.04    0.01    0.00    0.00    0.00    0.00    0.00      0.10      0.01
    1995    0.00    0.00    0.58    0.20    0.06    0.02    0.01    0.01    0.01    0.01    0.00    0.00      0.90      0.08
    1996    0.00    0.55    0.25    0.55    0.20    2.49    0.86    0.04    0.04    0.04    0.04    0.04      5.10      0.43
    1997    0.04    0.03    0.03    0.03    0.02    0.59    0.21    0.02    0.02    0.02    0.02    0.02      1.04      0.09
    1998    0.01    0.07    0.02    0.05    0.02    0.15    0.05    0.02    0.01    0.01    0.01    0.01      0.44      0.04
    1999    0.01    0.01    2.08    0.94    0.73    0.36    0.04    0.03    0.03    0.03    0.02    0.43      4.71      0.39
    2000    0.15    0.29    0.13    0.02    0.02    1.41    1.17    0.25    0.05    0.05    0.05    0.58      4.19      0.35
    2001    0.19    4.38    2.17    0.84    0.20    0.09    0.08    0.07    0.06    0.06    0.26    0.09      8.51      0.71
    2002    0.06    0.06    0.59    0.20    0.15    0.18    0.04    0.04    0.04    0.03    0.03    0.03      1.44      0.12
    2003    0.02    0.02    0.02    0.01    0.10    0.15    0.29    0.09    0.02    0.02    0.01    0.41      1.16      0.10
    2004    0.18    0.02    0.10    0.04    0.55    0.21    0.02    0.02    0.02    0.02    0.02    0.01      1.20      0.10
    2005    0.01    0.01    0.01    0.01    3.04    1.03    0.28    0.10    0.04    0.04    0.04    0.05      4.67      0.39
    2006    0.05    0.05    0.04    0.04    0.03    0.03    0.03    0.02    0.02    0.02    0.02    0.01      0.36      0.03
    2007    0.01    0.01    1.12    0.53    0.08    0.02    0.03    0.05    0.02    0.02    0.02    0.02      1.95      0.16
    2008    0.02    0.02    0.02    0.02    0.29    0.10    0.02    0.01    0.01    0.01    0.01    0.01      0.55      0.05
    2009    0.26    0.09    0.01    0.73    1.39    6.10    1.94    0.10    0.09    0.09    0.08    0.08     10.96      0.91
  
 AVERAGE    0.34    0.24    0.23    0.29    0.65    1.12    0.48    0.10    0.04    0.04    0.07    0.07      3.67      0.31
