    1920    0.00    0.00    0.00    0.00    0.33    1.61    8.03    2.57    0.15    0.16    0.17    0.18     13.22      1.10
    1921    0.19    0.59    0.20    0.15    0.14    0.12    0.11    0.10    0.09    0.08    0.07    0.06      1.89      0.16
    1922    0.05    0.05    0.04    0.04    0.36    0.12    0.03    0.03    0.02    0.02    0.02    0.02      0.80      0.07
    1923    0.02    0.02    0.01    0.01    0.01    2.24    0.77    0.04    0.03    0.03    0.03    0.03      3.25      0.27
    1924    0.02    0.02    0.02    0.02    0.40    3.96    1.56    0.09    0.10    0.11    0.13    0.14      6.57      0.55
    1925    0.15    0.15    0.14    0.12    0.11    0.10    0.09    0.08    0.07    0.06    0.06    0.05      1.18      0.10
    1926    0.04    0.04    0.03    0.03    0.03    0.02    0.02    0.02    0.02    0.01    0.01    0.01      0.29      0.02
    1927    0.01    0.01    0.01    0.08    0.03    3.18    1.10    0.05    0.04    0.04    0.04    0.04      4.63      0.39
    1928    0.04    0.03    0.03    0.03    0.02    0.30    0.11    0.02    0.02    0.02    0.02    1.10      1.73      0.14
    1929    0.40    0.06    0.07    0.36    0.28    0.16    0.06    0.06    0.05    0.05    0.04    0.04      1.64      0.14
    1930    0.03    0.03    0.03    0.09    0.03    0.08    0.03    0.02    0.01    0.01    0.01    0.01      0.39      0.03
    1931    0.01    0.01    0.51    0.18    0.07    0.02    0.01    0.01    0.01    0.01    0.01    0.02      0.88      0.07
    1932    0.01    0.01    0.01    0.00    0.00    0.00    0.00    0.00    0.00    0.00    0.00    0.00      0.05      0.00
    1933    0.00    0.38    0.17    1.22    0.57    0.16    0.04    0.02    0.02    0.02    0.02    0.01      2.64      0.22
    1934    0.01    0.20    0.07    0.01    0.36    0.15    0.01    0.86    0.31    0.05    0.07    0.08      2.19      0.18
    1935    0.09    0.10    0.10    0.10    0.09    0.13    0.07    0.06    0.06    0.05    0.05    0.04      0.94      0.08
    1936    0.04    0.03    0.03    0.02    0.04    0.02    0.02    0.02    0.01    0.01    0.01    0.01      0.26      0.02
    1937    0.01    0.01    0.50    0.19    0.10    0.03    0.01    0.01    0.01    0.01    0.01    0.01      0.89      0.07
    1938    0.02    0.01    0.01    0.94    1.58    0.45    0.03    0.03    0.03    0.03    1.01    0.36      4.49      0.37
    1939    0.26    0.09    0.08    0.08    0.07    3.23    1.15    0.11    0.10    0.10    0.09    0.08      5.43      0.45
    1940    0.08    0.07    0.06    0.21    2.87    0.99    0.07    0.07    0.06    0.05    0.05    0.04      4.63      0.39
    1941    0.04    0.04    0.03    0.03    0.06    0.25    0.08    0.02    0.02    0.02    0.02    0.01      0.60      0.05
    1942    0.19    0.06    0.01    0.01    0.01    0.02    0.73    0.26    0.02    0.02    0.02    0.02      1.38      0.12
    1943    0.02    2.32    0.90    0.05    0.04    2.64    0.92    0.06    0.06    0.05    0.05    0.05      7.16      0.60
    1944    0.04    0.04    0.03    0.03    0.02    0.27    0.09    0.02    0.02    0.02    0.02    0.01      0.62      0.05
    1945    0.01    0.01    0.01    0.01    0.01    0.01    0.02    0.43    0.15    0.03    0.03    0.04      0.76      0.06
    1946    0.08    0.04    0.05    0.04    0.03    0.03    0.03    0.03    0.02    0.02    0.02    0.05      0.44      0.04
    1947    0.02    0.01    0.55    0.23    2.25    1.10    0.70    0.20    0.06    0.06    0.06    0.05      5.29      0.44
    1948    0.05    0.05    0.04    0.04    0.03    0.03    0.03    0.14    0.05    0.02    0.02    0.02      0.52      0.04
    1949    0.02    0.02    0.02    0.01    1.67    1.83    1.17    0.42    0.10    0.12    0.14    0.15      5.65      0.47
    1950    0.17    0.16    0.15    0.14    0.12    0.11    0.10    0.09    0.08    0.07    0.06    0.06      1.31      0.11
    1951    0.05    0.04    0.04    0.03    1.78    0.66    0.04    0.04    0.04    0.03    0.03    0.03      2.81      0.23
    1952    0.03    0.03    0.06    0.02    0.70    0.25    0.06    0.02    0.02    0.02    0.02    0.02      1.24      0.10
    1953    0.01    0.57    0.29    0.03    0.02    1.74    0.62    0.04    0.03    0.03    0.03    0.03      3.45      0.29
    1954    0.03    0.03    0.02    0.06    0.02    0.16    0.09    0.01    0.01    0.01    0.01    0.01      0.48      0.04
    1955    0.01    0.22    0.17    0.05    0.01    0.47    0.17    0.01    0.01    0.01    0.01    0.01      1.17      0.10
    1956    0.01    0.16    0.38    0.13    0.04    0.17    0.05    0.01    0.01    0.01    0.01    0.01      0.98      0.08
    1957    0.01    0.01    0.41    0.45    0.11    0.01    0.01    0.26    0.09    0.01    0.01    0.01      1.39      0.12
    1958    0.01    0.01    0.54    0.19    0.07    0.02    0.01    0.01    0.01    0.01    0.01    0.01      0.92      0.08
    1959    0.01    0.01    0.01    0.01    0.01    0.33    0.12    0.01    0.01    0.01    0.01    0.01      0.52      0.04
    1960    0.01    0.01    0.01    0.01    0.01    5.66    2.00    0.08    0.08    0.10    0.12    0.13      8.21      0.68
    1961    0.14    0.14    0.13    0.11    0.30    0.10    0.08    0.07    0.07    0.06    0.05    0.05      1.30      0.11
    1962    0.04    0.06    0.03    7.49    2.53    1.95    0.77    0.10    0.10    0.09    0.09    0.08     13.33      1.11
    1963    0.08    0.07    0.06    0.05    0.05    0.04    0.04    0.03    0.03    0.03    0.02    0.02      0.51      0.04
    1964    0.02    0.02    0.05    0.02    0.01    0.01    0.23    0.08    0.01    0.21    0.07    0.02      0.75      0.06
    1965    0.02    0.03    0.03    0.03    0.03    0.02    0.02    0.02    0.02    0.01    0.01    0.01      0.25      0.02
    1966    0.01    0.01    0.01    0.31    0.11    0.04    0.37    0.13    0.02    0.02    0.02    0.02      1.07      0.09
    1967    0.02    0.02    0.02    0.02    0.02    0.15    0.05    0.01    0.01    0.01    0.01    0.01      0.36      0.03
    1968    0.01    0.01    0.01    0.01    0.19    0.07    0.28    0.10    0.01    0.01    0.01    0.01      0.70      0.06
    1969    0.01    0.01    0.01    0.01    0.02    0.01    0.01    0.00    0.00    0.00    0.05    0.02      0.14      0.01
    1970    0.01    0.01    0.11    0.05    0.40    0.14    0.02    0.01    0.01    0.01    0.01    0.01      0.78      0.07
    1971    0.01    0.01    0.01    0.39    0.14    2.20    0.77    0.04    0.04    0.04    0.04    0.03      3.73      0.31
    1972    0.03    0.03    0.02    0.02    0.05    0.83    0.29    0.02    0.02    0.02    0.02    0.02      1.38      0.11
    1973    0.02    0.02    0.03    0.38    5.63   31.86    9.86    0.29    0.29    0.28    0.27    0.26     49.18      4.10
    1974    0.24    0.21    0.19    0.17    0.20    1.24    0.39    0.12    0.11    0.10    0.09    0.08      3.14      0.26
    1975    0.08    0.07    1.48    2.76    1.84   11.87    3.91    0.20    0.19    0.18    0.17    0.17     22.91      1.91
    1976    0.67    0.22    0.13    0.11    2.46    0.89    0.11    0.25    0.09    0.09    0.08    0.08      5.17      0.43
    1977    0.07    0.06    0.13    0.05    0.04    0.04    0.03    0.03    0.03    0.03    0.02    0.02      0.56      0.05
    1978    0.02    0.02    0.06    0.02    0.32    0.11    0.01    0.01    0.01    0.01    0.01    0.01      0.62      0.05
    1979    0.16    0.06    0.01    0.01    0.01    0.17    0.06    0.01    0.01    0.01    0.01    0.01      0.51      0.04
    1980    0.01    0.01    0.03    0.30    1.50    0.61    0.04    0.02    0.02    0.02    0.20    0.07      2.83      0.24
    1981    0.03    0.03    0.02    0.02    0.02    0.02    0.70    0.25    0.02    0.02    0.02    0.02      1.19      0.10
    1982    0.02    0.02    0.02    0.02    0.02    0.01    0.01    0.01    0.01    0.01    0.01    0.01      0.18      0.01
    1983    0.01    0.07    0.07    0.02    0.01    0.01    0.05    0.02    0.01    0.01    0.01    0.01      0.28      0.02
    1984    0.01    0.01    0.01    0.61    0.31    0.03    0.01    0.01    0.01    0.01    0.01    0.01      1.03      0.09
    1985    0.10    0.05    1.89    1.06    0.15    0.03    0.03    0.02    0.02    0.02    0.02    0.02      3.42      0.29
    1986    0.04    0.02    0.01    0.01    0.03    0.01    0.01    0.01    0.01    0.01    0.01    0.19      0.34      0.03
    1987    0.07    0.80    0.28    0.02   20.97    7.65    0.41    0.19    0.18    0.17    0.17    0.16     31.07      2.59
    1988    0.15    0.13    3.73    1.87    2.03    0.64    0.13    0.12    0.11    0.10    0.09    0.08      9.19      0.77
    1989    0.07    0.23    0.08    0.05    0.05    0.04    0.04    0.03    0.03    0.03    0.02    0.02      0.69      0.06
    1990    0.02    0.02    0.01    1.24    0.43    0.10    0.03    0.02    0.02    0.02    0.02    0.01      1.95      0.16
    1991   28.18    9.20    0.20    0.18    0.17    0.24    0.13    0.13    0.11    0.10    0.09    0.08     38.83      3.24
    1992    0.07    0.39    0.13    0.05    0.05    0.04    0.04    0.03    0.03    0.03    0.02    0.02      0.90      0.08
    1993    0.32    0.13    0.02    0.75    0.47    0.07    0.02    0.02    0.02    0.02    0.01    0.01      1.87      0.16
    1994    0.01    0.01    0.01    0.01    0.01    0.03    0.01    0.00    0.00    0.00    0.00    0.00      0.11      0.01
    1995    0.00    0.00    0.62    0.21    0.05    0.02    0.01    0.01    0.01    0.01    0.01    0.01      0.95      0.08
    1996    0.00    0.58    0.25    0.58    0.21    2.72    0.94    0.05    0.05    0.05    0.04    0.04      5.51      0.46
    1997    0.04    0.04    0.03    0.03    0.03    0.62    0.22    0.03    0.02    0.02    0.02    0.02      1.12      0.09
    1998    0.02    0.07    0.02    0.04    0.01    0.16    0.05    0.02    0.01    0.01    0.01    0.01      0.43      0.04
    1999    0.01    0.01    2.27    1.01    0.78    0.37    0.04    0.04    0.03    0.03    0.03    0.45      5.07      0.42
    2000    0.16    0.30    0.13    0.02    0.02    1.53    1.26    0.27    0.06    0.06    0.06    0.62      4.47      0.37
    2001    0.21    4.84    2.37    0.89    0.21    0.11    0.10    0.09    0.08    0.07    0.27    0.09      9.32      0.78
    2002    0.07    0.07    0.62    0.21    0.15    0.18    0.05    0.05    0.04    0.04    0.04    0.03      1.54      0.13
    2003    0.03    0.02    0.02    0.02    0.10    0.15    0.30    0.09    0.02    0.02    0.02    0.43      1.21      0.10
    2004    0.18    0.02    0.09    0.04    0.59    0.21    0.03    0.02    0.02    0.02    0.02    0.02      1.26      0.11
    2005    0.01    0.01    0.01    0.01    3.33    1.14    0.29    0.10    0.05    0.04    0.05    0.05      5.10      0.43
    2006    0.05    0.05    0.05    0.04    0.04    0.04    0.03    0.03    0.03    0.02    0.02    0.02      0.41      0.03
    2007    0.02    0.01    1.21    0.57    0.08    0.02    0.03    0.04    0.02    0.02    0.02    0.02      2.07      0.17
    2008    0.02    0.03    0.02    0.02    0.30    0.10    0.02    0.02    0.02    0.01    0.01    0.01      0.60      0.05
    2009    0.27    0.09    0.02    0.77    1.49    4.81    1.52    0.10    0.09    0.09    0.08    0.08      9.42      0.78
  
 AVERAGE    0.38    0.27    0.25    0.31    0.69    1.18    0.49    0.11    0.05    0.04    0.06    0.07      3.91      0.33
