    1920    0.00    0.00    0.00    0.00    0.13    0.72    0.67    0.16    0.04    0.04    0.05    0.05      1.86      0.15
    1921    0.06    0.09    0.05    0.05    0.04    0.04    0.03    0.03    0.03    0.02    0.02    0.02      0.49      0.04
    1922    0.02    0.55    0.20    0.02    0.51    0.18    0.02    0.02    0.02    0.02    0.02    0.02      1.58      0.13
    1923    0.02    0.02    0.02    0.01    0.01    5.56    1.89    0.08    0.07    0.07    0.06    0.06      7.86      0.65
    1924    0.06    0.05    0.04    0.04    0.05   13.49    6.91    0.90    0.26    0.29    0.32    0.34     22.74      1.90
    1925    0.35    0.35    0.32    0.28    0.25    0.22    0.20    0.18    0.16    0.15    0.13    0.12      2.72      0.23
    1926    0.10    0.09    0.08    0.07    0.06    0.05    0.05    0.04    0.04    0.03    0.03    0.03      0.67      0.06
    1927    0.02    0.02    0.02    0.10    0.03    0.12    0.04    0.01    0.01    0.01    0.01    0.02      0.41      0.03
    1928    0.01    0.01    0.01    0.01    0.01    0.19    0.07    0.01    0.01    0.01    0.01    0.75      1.06      0.09
    1929    0.27    0.03    0.03    0.03    0.03    0.03    0.03    0.03    0.03    0.02    0.02    0.02      0.58      0.05
    1930    0.02    0.01    0.01    0.02    0.01    0.07    0.02    0.01    0.01    0.01    0.01    0.01      0.21      0.02
    1931    0.01    0.01    0.33    0.12    0.04    0.01    0.01    0.01    0.01    0.00    0.00    0.02      0.56      0.05
    1932    0.01    0.00    0.00    0.00    0.00    0.00    0.00    0.00    0.00    0.00    0.00    0.00      0.03      0.00
    1933    0.00    0.04    0.02    1.17    0.77    0.16    0.02    0.02    0.02    0.02    0.02    0.01      2.27      0.19
    1934    0.02    0.05    0.04    0.01    0.01    0.34    0.13    0.28    0.10    0.04    0.05    0.06      1.13      0.09
    1935    0.07    0.07    0.07    0.07    0.06    0.21    0.07    0.04    0.04    0.04    0.03    0.03      0.80      0.07
    1936    0.03    0.03    0.02    0.02    0.02    0.02    0.01    0.01    0.01    0.01    0.01    0.01      0.19      0.02
    1937    0.01    0.01    0.04    0.01    0.91    0.32    0.02    0.01    0.01    0.01    0.01    0.01      1.37      0.11
    1938    0.02    0.01    0.01    0.67    2.42    0.76    0.04    0.04    0.04    0.03    0.22    0.07      4.34      0.36
    1939    0.04    0.04    0.04    0.04    0.05    3.21    1.11    0.08    0.07    0.07    0.06    0.06      4.87      0.41
    1940    0.06    0.05    0.05    0.19    1.09    0.37    0.21    0.07    0.04    0.04    0.04    0.03      2.24      0.19
    1941    0.03    0.03    0.03    0.02    0.02    0.08    0.02    0.02    0.01    0.01    0.01    0.01      0.29      0.02
    1942    0.35    0.13    0.09    0.03    0.01    0.14    0.83    0.28    0.04    0.04    0.04    0.05      2.02      0.17
    1943    0.05    1.31    0.55    0.06    0.05    1.17    0.41    0.05    0.05    0.04    0.04    0.04      3.83      0.32
    1944    0.03    0.03    0.02    0.02    0.02    0.05    0.02    0.01    0.01    0.01    0.01    0.01      0.25      0.02
    1945    0.01    0.01    0.01    0.01    0.01    0.03    0.01    5.34    1.82    0.09    0.09    0.09      7.51      0.63
    1946    0.09    0.09    0.09    0.08    0.07    0.07    0.06    0.05    0.05    0.04    0.04    0.03      0.76      0.06
    1947    0.03    0.03    0.02    0.02    1.70    8.84    3.02    0.14    0.15    0.15    0.15    0.15     14.39      1.20
    1948    0.14    0.13    0.11    0.10    0.09    0.08    0.07    0.06    0.05    0.05    0.04    0.04      0.95      0.08
    1949    0.03    0.03    0.03    0.02    1.34    2.20    0.85    0.21    0.09    0.11    0.13    0.13      5.18      0.43
    1950    0.12    0.10    0.12    0.08    0.07    0.06    0.06    0.05    0.04    0.04    0.03    0.03      0.81      0.07
    1951    0.03    0.02    0.02    0.02    2.20    0.76    0.04    0.04    0.03    0.03    0.03    0.03      3.24      0.27
    1952    0.03    0.02    0.02    0.02    0.99    0.35    0.10    0.03    0.02    0.02    0.02    0.02      1.64      0.14
    1953    0.02    0.89    0.45    0.05    0.02    2.64    0.91    0.05    0.05    0.04    0.04    0.04      5.19      0.43
    1954    0.03    0.03    0.03    0.02    0.12    0.04    0.02    0.02    0.01    0.01    0.01    0.01      0.35      0.03
    1955    0.01    0.04    0.02    0.14    0.05    0.15    0.05    0.01    0.01    0.01    0.01    0.01      0.50      0.04
    1956    0.01    0.00    0.11    0.04    0.05    0.08    0.02    0.00    0.00    0.00    0.00    0.00      0.34      0.03
    1957    0.01    0.01    0.05    1.13    0.39    0.02    0.02    0.08    0.03    0.01    0.01    0.01      1.76      0.15
    1958    0.01    0.01    0.18    0.07    0.01    0.01    0.01    0.01    0.01    0.01    0.01    0.01      0.34      0.03
    1959    0.01    0.01    0.01    0.01    0.01    0.10    0.04    0.01    0.01    0.01    0.02    0.01      0.22      0.02
    1960    0.01    0.01    0.01    0.01    0.01    2.01    0.69    0.03    0.03    0.04    0.05    0.06      2.95      0.25
    1961    0.06    0.06    0.06    0.06    0.40    0.13    0.04    0.04    0.04    0.03    0.03    0.02      0.97      0.08
    1962    0.02    0.14    0.05    7.74    2.61    0.59    0.24    0.08    0.08    0.07    0.06    0.06     11.73      0.98
    1963    0.05    0.22    0.07    0.04    0.03    0.03    0.02    0.02    0.02    0.02    0.02    0.02      0.56      0.05
    1964    0.01    0.01    0.01    0.03    0.01    0.01    0.19    0.07    0.01    0.12    0.04    0.02      0.54      0.04
    1965    0.02    0.02    0.02    0.02    0.10    0.03    0.02    0.02    0.01    0.01    0.01    0.01      0.30      0.03
    1966    0.01    0.01    0.01    1.10    0.83    0.37    1.00    0.35    0.06    0.08    0.09    0.09      4.00      0.33
    1967    0.10    0.10    0.09    0.08    0.07    0.30    0.10    0.05    0.05    0.04    0.04    0.03      1.04      0.09
    1968    0.03    0.03    0.02    0.02    0.08    0.11    0.17    0.05    0.02    0.01    0.01    0.01      0.55      0.05
    1969    0.01    0.01    0.01    0.01    0.01    0.01    0.01    0.01    0.01    0.00    0.01    0.01      0.10      0.01
    1970    0.01    0.01    0.03    0.01    0.44    0.15    0.07    0.02    0.01    0.01    0.01    0.01      0.78      0.07
    1971    0.07    0.02    0.01    0.30    0.11    1.51    0.53    0.03    0.03    0.03    0.02    0.02      2.68      0.22
    1972    0.02    0.02    0.02    0.01    0.09    0.12    0.03    0.01    0.01    0.01    0.01    0.01      0.36      0.03
    1973    0.01    0.01    0.04    0.70   21.16   37.50    9.95    0.36    0.35    0.35    0.64    0.29     71.36      5.95
    1974    0.28    0.25    0.22    0.19    0.16    0.29    0.13    0.13    0.11    0.10    0.09    0.08      2.02      0.17
    1975    0.07    0.06    1.04    0.75    1.31    3.15    1.10    0.10    0.11    0.11    0.11    0.10      8.02      0.67
    1976    0.17    0.08    0.07    0.06    1.19    0.42    0.06    0.05    0.05    0.05    0.04    0.04      2.28      0.19
    1977    0.03    0.03    0.03    0.08    0.03    0.11    0.04    0.02    0.01    0.01    0.01    0.01      0.41      0.03
    1978    0.01    0.01    0.07    0.03    0.08    0.03    0.01    0.02    0.01    0.02    0.01    0.01      0.29      0.02
    1979    0.02    0.02    0.02    0.02    0.02    0.15    0.05    0.02    0.01    0.01    0.01    0.01      0.36      0.03
    1980    0.01    0.01    0.01    0.10    3.07    1.26    0.08    0.04    0.04    0.04    0.66    0.23      5.55      0.46
    1981    0.06    0.05    0.05    0.05    0.04    0.04    0.22    0.07    0.03    0.03    0.03    0.03      0.69      0.06
    1982    0.03    0.02    0.02    0.02    0.02    0.02    0.01    0.01    0.01    0.01    0.01    0.01      0.20      0.02
    1983    0.01    0.01    0.08    0.02    0.01    0.01    0.01    0.01    0.00    0.00    0.00    0.00      0.16      0.01
    1984    0.06    0.02    0.01    0.17    0.27    0.08    0.01    0.01    0.01    0.01    0.01    0.01      0.66      0.05
    1985    0.13    0.05    0.30    0.20    0.04    0.01    0.01    0.01    0.01    0.01    0.00    0.00      0.75      0.06
    1986    0.02    0.01    0.00    0.00    0.10    0.04    0.00    0.00    0.00    0.00    0.00    0.42      0.61      0.05
    1987    0.15    0.16    0.05    0.01   10.83    3.81    0.13    0.12    0.12    0.11    0.10    0.10     15.69      1.31
    1988    0.09    0.08    2.73    1.00    3.40    1.21    0.11    0.10    0.09    0.09    0.08    0.07      9.06      0.76
    1989    0.06    0.11    0.05    0.04    0.04    0.03    0.03    0.03    0.02    0.02    0.02    0.02      0.48      0.04
    1990    0.02    0.02    0.01    1.30    0.51    0.87    0.31    0.03    0.03    0.03    0.03    0.02      3.17      0.26
    1991   13.75    4.57    0.14    0.13    0.12    0.11    0.09    0.09    0.08    0.07    0.06    0.06     19.27      1.61
    1992    0.05    0.04    0.04    0.03    0.03    0.03    0.02    0.02    0.02    0.02    0.01    0.01      0.32      0.03
    1993    0.08    0.03    0.01    0.78    0.73    0.19    0.02    0.02    0.02    0.02    0.01    0.01      1.92      0.16
    1994    0.01    0.01    0.01    0.01    0.01    0.01    0.00    0.00    0.00    0.00    0.00    0.00      0.07      0.01
    1995    0.00    0.00    0.45    0.21    0.10    0.03    0.01    0.01    0.01    0.01    0.00    0.00      0.82      0.07
    1996    0.00    0.40    0.16    0.33    0.12    1.40    0.49    0.03    0.03    0.03    0.03    0.03      3.05      0.25
    1997    0.03    0.02    0.02    0.02    0.02    0.20    0.07    0.01    0.01    0.01    0.01    0.01      0.43      0.04
    1998    0.01    0.02    0.01    0.01    0.01    0.02    0.01    0.00    0.00    0.00    0.00    0.00      0.09      0.01
    1999    0.00    0.00    0.92    0.49    0.48    0.30    0.06    0.02    0.02    0.02    0.02    0.10      2.44      0.20
    2000    0.03    0.03    0.01    0.01    0.01    0.40    0.49    0.13    0.02    0.03    0.03    0.32      1.53      0.13
    2001    0.11    0.90    2.32    0.81    0.06    0.06    0.05    0.05    0.04    0.04    0.04    0.04      4.51      0.38
    2002    0.04    0.03    0.88    0.31    0.11    0.05    0.03    0.03    0.03    0.02    0.02    0.02      1.57      0.13
    2003    0.02    0.01    0.01    0.01    0.08    0.03    0.56    0.20    0.02    0.02    0.02    0.10      1.07      0.09
    2004    0.03    0.02    0.02    0.02    0.02    0.01    0.01    0.01    0.01    0.01    0.01    0.01      0.19      0.02
    2005    0.01    0.01    0.01    0.01    5.18    1.75    0.13    0.06    0.06    0.06    0.06    0.07      7.41      0.62
    2006    0.07    0.07    0.07    0.06    0.05    0.05    0.04    0.04    0.04    0.03    0.03    0.03      0.58      0.05
    2007    0.02    0.02    1.07    0.47    0.05    0.02    0.02    0.02    0.02    0.02    0.02    0.02      1.77      0.15
    2008    0.02    0.02    0.02    0.02    0.58    0.21    0.02    0.02    0.02    0.02    0.01    0.01      0.97      0.08
    2009    0.02    0.01    0.01    0.58    0.32    0.67    0.23    0.02    0.02    0.02    0.02    0.02      1.95      0.16
  
 AVERAGE    0.20    0.14    0.16    0.26    0.76    1.14    0.40    0.12    0.06    0.04    0.05    0.06      3.40      0.28
