    1920    0.00    0.00    0.00    0.00    0.21    1.87    0.71    0.03    0.04    0.04    0.04    0.04      3.00      0.25
    1921    0.03    0.02    0.05    0.03    0.01    0.01    0.01    0.01    0.01    0.01    0.00    0.00      0.19      0.02
    1922    0.00    0.30    0.10    0.00    2.59    0.88    0.03    0.03    0.03    0.02    0.02    0.02      4.03      0.34
    1923    0.02    0.01    0.01    0.01    0.01    3.76    1.27    0.05    0.04    0.04    0.04    0.03      5.30      0.44
    1924    0.03    0.18    1.31    0.44    0.03    0.98    0.55    0.28    0.07    0.09    0.10    0.10      4.16      0.35
    1925    0.09    0.07    0.05    0.04    0.03    0.29    0.10    0.02    0.02    0.02    0.01    0.01      0.74      0.06
    1926    0.01    0.01    0.01    0.00    0.00    0.06    0.02    0.00    0.00    0.00    0.00    0.00      0.12      0.01
    1927    0.00    0.00    0.04    0.17    0.05    0.20    0.07    0.00    0.00    0.00    0.00    0.03      0.58      0.05
    1928    0.01    0.01    0.00    0.01    0.00    1.25    0.43    0.02    0.02    0.02    0.04    0.59      2.40      0.20
    1929    0.20    0.04    0.34    0.36    0.09    0.03    0.02    0.02    0.02    0.02    0.01    0.01      1.18      0.10
    1930    0.01    0.05    0.02    0.42    0.16    0.18    0.07    0.01    0.01    0.01    0.01    0.01      0.94      0.08
    1931    0.01    0.11    0.04    0.00    0.34    0.12    0.01    0.01    0.00    0.00    0.00    0.03      0.67      0.06
    1932    0.01    0.00    0.00    0.00    0.00    0.00    0.01    0.00    0.00    0.00    0.00    0.00      0.03      0.00
    1933    0.00    0.02    0.09    0.18    0.33    0.21    0.07    0.01    0.01    0.01    0.01    0.01      0.94      0.08
    1934    0.14    0.64    0.28    0.03    0.01    0.46    0.19    0.18    0.06    0.03    0.04    0.04      2.11      0.18
    1935    0.04    0.04    0.02    0.02    0.01    0.33    0.12    0.01    0.01    0.01    0.01    0.01      0.64      0.05
    1936    0.01    1.58    0.54    0.03    0.29    0.10    0.01    0.01    0.01    0.01    0.01    0.01      2.61      0.22
    1937    0.01    0.00    0.01    0.00    0.60    0.21    0.02    0.01    0.01    0.01    0.01    0.01      0.89      0.07
    1938    0.01    0.01    0.01    0.05    0.38    0.13    0.01    0.01    0.01    0.01    0.10    0.03      0.72      0.06
    1939    0.07    0.04    0.01    0.01    0.01    1.47    0.50    0.02    0.02    0.02    0.02    0.01      2.20      0.18
    1940    0.01    0.05    0.02    0.39    4.08    1.33    0.30    0.10    0.04    0.04    0.04    0.03      6.44      0.54
    1941    0.03    0.02    0.02    0.01    0.01    0.05    0.02    0.01    0.01    0.00    0.00    0.00      0.19      0.02
    1942    0.69    0.30    0.19    0.06    0.01    0.19    5.71    1.90    0.09    0.09    0.09    0.09      9.42      0.78
    1943    0.08    1.57    0.74    0.06    0.17    0.41    0.12    0.03    0.03    0.03    0.02    0.03      3.30      0.28
    1944    0.03    0.01    0.01    0.07    0.02    0.02    0.01    0.00    0.00    0.00    0.00    0.00      0.19      0.02
    1945    0.00    0.00    0.00    0.00    0.00    0.04    0.16    0.52    0.17    0.06    0.07    0.07      1.10      0.09
    1946    0.06    0.05    0.03    0.03    0.02    0.02    0.01    0.01    0.01    0.01    0.01    0.01      0.26      0.02
    1947    0.01    0.00    0.05    0.02    1.32   13.31    4.26    0.12    0.11    0.10    0.09    0.07     19.45      1.62
    1948    0.06    0.05    0.03    0.03    0.02    0.03    0.01    0.01    0.01    0.01    0.01    0.01      0.28      0.02
    1949    0.01    0.00    0.00    0.00    0.35    0.82    2.03    0.91    0.09    0.07    0.07    0.06      4.42      0.37
    1950    0.05    0.04    0.35    0.13    0.02    0.02    0.01    0.01    0.01    0.01    0.01    0.01      0.67      0.06
    1951    0.01    0.00    0.00    0.00    0.24    0.08    0.00    0.00    0.00    0.00    0.00    0.01      0.37      0.03
    1952    0.01    0.03    0.01    0.00    1.13    0.39    0.20    0.07    0.01    0.01    0.01    0.01      1.88      0.16
    1953    0.01    0.03    0.14    0.05    0.00    3.39    1.15    0.04    0.04    0.04    0.03    0.03      4.94      0.41
    1954    0.02    0.02    0.01    0.15    0.48    0.18    0.12    0.04    0.01    0.01    0.01    0.01      1.06      0.09
    1955    0.01    0.05    0.03    0.01    0.04    0.21    0.07    0.01    0.00    0.00    0.00    0.00      0.44      0.04
    1956    0.00    0.00    0.15    0.05    0.04    0.14    0.05    0.00    0.20    0.07    0.04    0.05      0.79      0.07
    1957    0.07    0.04    0.08    1.91    0.65    0.03    0.03    0.11    0.04    0.02    0.02    0.02      3.01      0.25
    1958    0.02    0.01    0.32    0.13    0.22    0.08    0.01    0.18    0.06    0.01    0.02    0.02      1.07      0.09
    1959    0.01    0.01    0.09    0.03    0.01    0.07    0.02    0.00    0.00    0.00    0.01    0.00      0.27      0.02
    1960    0.01    0.00    0.01    0.00    0.00    0.96    0.34    0.01    0.01    0.02    0.03    0.03      1.42      0.12
    1961    0.03    0.02    0.02    0.01    0.24    0.10    0.01    0.01    0.01    0.01    0.01    0.00      0.46      0.04
    1962    0.00    1.32    0.45    2.95    1.00    0.50    1.18    0.36    0.05    0.05    0.05    0.04      7.99      0.67
    1963    0.04    0.26    0.09    0.02    0.01    0.01    0.01    0.01    0.01    0.01    0.01    0.01      0.48      0.04
    1964    0.01    0.00    0.00    0.01    0.00    0.00    0.60    0.21    0.01    0.02    0.01    0.01      0.90      0.08
    1965    0.01    0.01    0.01    0.32    0.21    0.04    0.01    0.01    0.01    0.00    0.00    0.00      0.63      0.05
    1966    0.00    0.00    0.03    0.40    0.26    0.31    0.52    0.20    0.03    0.04    0.04    0.03      1.86      0.16
    1967    0.03    0.02    0.01    0.01    0.01    0.79    0.74    0.17    0.03    0.03    0.03    0.03      1.90      0.16
    1968    0.02    0.02    0.01    0.01    0.33    0.22    0.85    0.29    0.03    0.03    0.03    0.02      1.85      0.15
    1969    0.02    0.01    0.01    0.01    0.02    0.01    0.00    0.00    0.00    0.00    0.01    0.01      0.10      0.01
    1970    0.01    0.01    0.22    0.70    0.31    0.05    0.06    0.02    0.01    0.01    0.01    0.01      1.40      0.12
    1971    0.01    0.01    0.01    0.17    0.06    0.51    0.18    0.01    0.01    0.01    0.01    0.01      0.97      0.08
    1972    0.01    0.00    0.00    0.00    0.11    0.07    0.26    0.09    0.01    0.01    0.01    0.01      0.57      0.05
    1973    0.01    0.00    0.31    6.06   14.76   24.46    6.70    0.25    0.23    0.21    0.29    0.17     53.44      4.45
    1974    0.15    0.12    0.09    0.07    0.57    0.62    0.15    0.04    0.04    0.04    0.03    0.03      1.93      0.16
    1975    0.02    0.11    1.73    2.33    4.00    3.46    0.97    0.10    0.10    0.09    0.08    0.07     13.08      1.09
    1976    0.06    0.05    0.04    0.18    0.50    0.25    0.03    0.02    0.02    0.02    0.01    0.01      1.18      0.10
    1977    0.01    0.01    0.01    0.12    0.05    0.06    0.08    0.02    0.00    0.00    0.00    0.01      0.38      0.03
    1978    0.00    0.00    0.00    0.00    0.03    0.01    0.01    0.02    0.00    0.00    0.02    0.01      0.12      0.01
    1979    0.02    0.06    0.02    0.01    0.09    0.26    0.08    0.01    0.01    0.01    0.00    0.00      0.56      0.05
    1980    0.00    0.05    0.02    0.40    1.31    0.47    0.03    0.02    0.02    0.01    0.25    0.09      2.66      0.22
    1981    0.02    0.02    0.09    0.03    0.01    0.01    0.04    0.01    0.01    0.01    0.01    0.01      0.25      0.02
    1982    0.06    0.05    0.01    0.01    0.00    0.00    0.00    0.00    0.00    0.00    0.00    0.00      0.14      0.01
    1983    0.00    0.28    0.19    0.03    0.00    0.00    0.01    0.00    0.00    0.00    0.04    0.01      0.57      0.05
    1984    0.29    0.10    0.01    0.01    0.42    0.15    0.01    0.01    0.01    0.01    0.00    0.00      1.00      0.08
    1985    0.17    0.07    0.18    0.07    0.00    0.00    0.00    0.00    0.00    0.00    0.00    0.00      0.51      0.04
    1986    0.00    0.00    0.00    0.00    0.32    0.11    0.00    0.00    0.00    0.00    0.00    0.12      0.58      0.05
    1987    0.04    0.15    0.06    0.00   19.23    6.53    0.73    0.21    0.12    0.12    0.11    0.09     27.38      2.28
    1988    0.08    0.06    1.43    0.74    2.35    0.81    0.06    0.05    0.05    0.04    0.03    0.03      5.73      0.48
    1989    0.02    0.02    0.01    0.01    0.10    0.17    0.15    0.04    0.01    0.01    0.01    0.01      0.55      0.05
    1990    0.01    0.01    0.01    1.22    0.49    1.96    0.67    0.04    0.03    0.03    0.03    0.02      4.50      0.37
    1991    2.53    0.87    0.04    0.03    0.03    0.11    0.04    0.02    0.01    0.01    0.01    0.01      3.71      0.31
    1992    0.02    0.01    0.00    0.00    0.20    0.07    0.00    0.00    0.00    0.00    0.00    0.00      0.33      0.03
    1993    0.35    0.12    0.08    0.40    0.49    0.17    0.01    0.01    0.01    0.01    0.01    0.01      1.66      0.14
    1994    0.00    0.00    0.00    0.01    0.00    0.87    0.30    0.01    0.01    0.01    0.01    0.01      1.24      0.10
    1995    0.01    0.02    0.19    0.06    0.19    0.07    0.00    0.00    0.00    0.02    0.01    0.01      0.59      0.05
    1996    0.01    0.08    0.44    0.18    0.01    2.11    0.72    0.03    0.03    0.03    0.03    0.03      3.69      0.31
    1997    0.02    0.02    0.01    0.06    0.02    0.16    0.06    0.01    0.01    0.01    0.00    0.00      0.38      0.03
    1998    0.00    0.11    0.04    0.01    0.00    0.00    0.00    0.08    0.03    0.00    0.01    0.01      0.29      0.02
    1999    0.01    0.00    0.74    0.30    0.06    1.22    1.77    0.49    0.06    0.06    0.06    0.43      5.20      0.43
    2000    0.14    0.04    0.03    0.02    0.02    0.09    0.49    0.16    0.02    0.02    0.02    0.30      1.37      0.11
    2001    0.12    0.47    0.33    0.47    0.15    0.03    0.01    0.01    0.01    0.01    0.14    0.05      1.81      0.15
    2002    0.02    0.02    1.56    0.54    0.02    0.02    0.02    0.02    0.01    0.01    0.01    0.01      2.27      0.19
    2003    0.01    0.03    0.01    0.08    0.07    0.04    0.06    0.02    0.00    0.00    0.00    0.08      0.41      0.03
    2004    0.08    0.02    0.06    0.03    0.08    0.04    0.01    0.00    0.00    0.00    0.00    0.00      0.34      0.03
    2005    0.00    0.01    0.00    0.91    1.41    0.41    0.36    0.14    0.03    0.04    0.06    0.06      3.43      0.29
    2006    0.05    0.04    0.03    0.02    0.02    0.01    0.14    0.05    0.01    0.01    0.01    0.01      0.38      0.03
    2007    0.01    0.01    0.34    0.13    0.04    0.14    0.05    0.30    0.12    0.03    0.04    0.03      1.23      0.10
    2008    0.02    0.03    0.01    0.09    0.61    0.20    0.01    0.01    0.01    0.01    0.01    0.01      1.04      0.09
    2009    0.06    0.02    0.01    0.32    0.69    0.84    0.24    0.02    0.02    0.02    0.02    0.01      2.27      0.19
  
 AVERAGE    0.07    0.11    0.16    0.27    0.72    0.92    0.41    0.09    0.03    0.02    0.03    0.04      2.89      0.24
