    1920    0.00    0.00    0.00    0.00    0.12    1.04    0.39    0.02    0.02    0.02    0.02    0.02      1.66      0.14
    1921    0.02    0.01    0.02    0.02    0.01    0.01    0.00    0.00    0.00    0.00    0.00    0.00      0.10      0.01
    1922    0.00    0.16    0.06    0.00    1.45    0.49    0.02    0.01    0.01    0.01    0.01    0.01      2.25      0.19
    1923    0.01    0.01    0.01    0.01    0.00    2.12    0.72    0.03    0.02    0.02    0.02    0.02      2.98      0.25
    1924    0.01    0.10    0.73    0.24    0.02    0.55    0.30    0.15    0.04    0.04    0.05    0.05      2.28      0.19
    1925    0.05    0.04    0.03    0.02    0.02    0.16    0.05    0.01    0.01    0.01    0.01    0.01      0.40      0.03
    1926    0.01    0.00    0.00    0.00    0.00    0.03    0.01    0.00    0.00    0.00    0.00    0.00      0.06      0.01
    1927    0.00    0.00    0.02    0.09    0.03    0.11    0.04    0.00    0.00    0.00    0.00    0.01      0.31      0.03
    1928    0.01    0.00    0.00    0.01    0.00    0.69    0.24    0.01    0.01    0.01    0.02    0.33      1.33      0.11
    1929    0.11    0.02    0.19    0.20    0.05    0.02    0.01    0.01    0.01    0.01    0.01    0.01      0.65      0.05
    1930    0.01    0.02    0.01    0.23    0.09    0.10    0.04    0.00    0.00    0.00    0.00    0.00      0.51      0.04
    1931    0.00    0.06    0.02    0.00    0.18    0.06    0.00    0.00    0.00    0.00    0.00    0.02      0.37      0.03
    1932    0.01    0.00    0.00    0.00    0.00    0.00    0.00    0.00    0.00    0.00    0.00    0.00      0.02      0.00
    1933    0.00    0.01    0.05    0.10    0.18    0.12    0.04    0.00    0.00    0.00    0.00    0.00      0.50      0.04
    1934    0.08    0.35    0.15    0.01    0.01    0.25    0.10    0.10    0.03    0.02    0.02    0.02      1.14      0.10
    1935    0.02    0.02    0.01    0.01    0.01    0.18    0.06    0.01    0.01    0.01    0.01    0.01      0.35      0.03
    1936    0.01    0.88    0.30    0.01    0.16    0.05    0.01    0.01    0.01    0.01    0.00    0.00      1.45      0.12
    1937    0.00    0.00    0.01    0.00    0.33    0.11    0.01    0.00    0.00    0.00    0.00    0.00      0.49      0.04
    1938    0.00    0.00    0.00    0.02    0.21    0.07    0.00    0.00    0.00    0.00    0.05    0.02      0.39      0.03
    1939    0.03    0.02    0.01    0.01    0.00    0.82    0.28    0.01    0.01    0.01    0.01    0.01      1.23      0.10
    1940    0.01    0.03    0.01    0.22    2.29    0.75    0.16    0.05    0.02    0.02    0.02    0.02      3.61      0.30
    1941    0.02    0.01    0.01    0.01    0.01    0.03    0.01    0.00    0.00    0.00    0.00    0.00      0.10      0.01
    1942    0.38    0.17    0.10    0.03    0.00    0.10    2.60    0.87    0.04    0.04    0.05    0.05      4.45      0.37
    1943    0.05    0.88    0.41    0.03    0.09    0.23    0.07    0.02    0.02    0.02    0.01    0.02      1.84      0.15
    1944    0.02    0.01    0.01    0.04    0.01    0.01    0.00    0.00    0.00    0.00    0.00    0.00      0.10      0.01
    1945    0.00    0.00    0.00    0.00    0.00    0.02    0.09    0.28    0.09    0.03    0.03    0.04      0.59      0.05
    1946    0.04    0.03    0.02    0.02    0.01    0.01    0.01    0.01    0.01    0.01    0.01    0.01      0.18      0.02
    1947    0.00    0.00    0.02    0.01    0.73    7.08    2.28    0.07    0.06    0.06    0.06    0.05     10.44      0.87
    1948    0.04    0.03    0.02    0.02    0.01    0.02    0.01    0.01    0.01    0.01    0.01    0.00      0.18      0.01
    1949    0.00    0.00    0.00    0.00    0.19    0.45    0.87    0.41    0.05    0.06    0.05    0.05      2.15      0.18
    1950    0.04    0.03    0.19    0.07    0.01    0.01    0.01    0.01    0.01    0.01    0.01    0.00      0.40      0.03
    1951    0.00    0.00    0.00    0.00    0.13    0.05    0.00    0.00    0.00    0.00    0.00    0.00      0.20      0.02
    1952    0.00    0.01    0.00    0.00    0.63    0.22    0.11    0.04    0.01    0.01    0.01    0.01      1.04      0.09
    1953    0.01    0.02    0.07    0.03    0.00    1.91    0.65    0.02    0.02    0.02    0.02    0.01      2.77      0.23
    1954    0.01    0.01    0.01    0.08    0.26    0.10    0.06    0.02    0.01    0.01    0.01    0.01      0.57      0.05
    1955    0.01    0.03    0.01    0.00    0.02    0.11    0.04    0.00    0.00    0.00    0.00    0.00      0.23      0.02
    1956    0.00    0.00    0.08    0.03    0.02    0.08    0.02    0.00    0.11    0.04    0.02    0.02      0.42      0.04
    1957    0.03    0.03    0.04    1.07    0.37    0.02    0.02    0.06    0.02    0.01    0.01    0.01      1.69      0.14
    1958    0.01    0.01    0.17    0.07    0.12    0.04    0.00    0.10    0.03    0.01    0.01    0.01      0.58      0.05
    1959    0.01    0.01    0.05    0.02    0.00    0.03    0.01    0.00    0.00    0.00    0.01    0.00      0.14      0.01
    1960    0.00    0.00    0.00    0.00    0.00    0.53    0.19    0.01    0.01    0.01    0.01    0.01      0.78      0.07
    1961    0.01    0.01    0.01    0.01    0.13    0.05    0.01    0.00    0.00    0.00    0.00    0.00      0.25      0.02
    1962    0.00    0.74    0.25    1.66    0.56    0.28    0.66    0.20    0.03    0.03    0.03    0.03      4.46      0.37
    1963    0.02    0.14    0.05    0.01    0.01    0.01    0.01    0.00    0.00    0.00    0.00    0.00      0.26      0.02
    1964    0.01    0.00    0.00    0.01    0.00    0.00    0.33    0.12    0.01    0.01    0.01    0.01      0.50      0.04
    1965    0.01    0.01    0.00    0.17    0.12    0.02    0.00    0.00    0.00    0.00    0.00    0.00      0.35      0.03
    1966    0.00    0.00    0.02    0.22    0.14    0.17    0.29    0.11    0.01    0.02    0.02    0.02      1.01      0.08
    1967    0.02    0.01    0.01    0.01    0.01    0.44    0.41    0.09    0.02    0.02    0.02    0.02      1.06      0.09
    1968    0.01    0.01    0.01    0.01    0.18    0.12    0.47    0.16    0.01    0.01    0.01    0.01      1.02      0.08
    1969    0.01    0.01    0.01    0.00    0.01    0.00    0.00    0.00    0.00    0.00    0.00    0.00      0.06      0.00
    1970    0.00    0.00    0.12    0.39    0.17    0.02    0.03    0.01    0.01    0.01    0.01    0.01      0.76      0.06
    1971    0.00    0.00    0.00    0.09    0.03    0.28    0.10    0.01    0.00    0.00    0.00    0.00      0.53      0.04
    1972    0.00    0.00    0.00    0.00    0.06    0.04    0.14    0.05    0.00    0.00    0.00    0.00      0.30      0.03
    1973    0.00    0.00    0.17    3.41    7.82   13.77    3.84    0.15    0.15    0.13    0.16    0.10     29.71      2.48
    1974    0.09    0.07    0.05    0.04    0.32    0.34    0.08    0.02    0.02    0.02    0.02    0.01      1.09      0.09
    1975    0.01    0.06    0.97    1.30    2.25    1.94    0.54    0.05    0.06    0.05    0.05    0.04      7.32      0.61
    1976    0.03    0.03    0.02    0.10    0.27    0.13    0.02    0.01    0.01    0.01    0.01    0.01      0.65      0.05
    1977    0.01    0.00    0.00    0.07    0.02    0.03    0.04    0.01    0.00    0.00    0.00    0.01      0.20      0.02
    1978    0.00    0.00    0.00    0.00    0.02    0.01    0.01    0.01    0.00    0.00    0.01    0.00      0.06      0.00
    1979    0.01    0.03    0.01    0.00    0.05    0.14    0.04    0.00    0.00    0.00    0.00    0.00      0.30      0.03
    1980    0.00    0.03    0.01    0.22    0.73    0.26    0.01    0.01    0.01    0.01    0.13    0.05      1.47      0.12
    1981    0.01    0.01    0.05    0.02    0.01    0.00    0.02    0.01    0.00    0.01    0.00    0.00      0.13      0.01
    1982    0.03    0.02    0.00    0.00    0.00    0.00    0.00    0.00    0.00    0.00    0.00    0.00      0.07      0.01
    1983    0.00    0.15    0.10    0.02    0.00    0.00    0.00    0.00    0.00    0.00    0.02    0.01      0.31      0.03
    1984    0.16    0.06    0.00    0.00    0.23    0.08    0.00    0.00    0.00    0.00    0.00    0.00      0.55      0.05
    1985    0.09    0.04    0.09    0.04    0.00    0.00    0.00    0.00    0.00    0.00    0.00    0.00      0.27      0.02
    1986    0.00    0.00    0.00    0.00    0.18    0.06    0.00    0.00    0.00    0.00    0.00    0.06      0.31      0.03
    1987    0.02    0.08    0.03    0.00   10.67    3.63    0.40    0.12    0.07    0.07    0.06    0.05     15.21      1.27
    1988    0.05    0.04    0.80    0.41    1.32    0.45    0.03    0.03    0.03    0.02    0.02    0.02      3.21      0.27
    1989    0.01    0.01    0.01    0.01    0.05    0.09    0.08    0.02    0.00    0.01    0.01    0.01      0.30      0.02
    1990    0.00    0.00    0.00    0.68    0.27    1.09    0.37    0.02    0.02    0.02    0.01    0.01      2.51      0.21
    1991    1.42    0.49    0.02    0.02    0.01    0.06    0.02    0.01    0.01    0.01    0.01    0.00      2.08      0.17
    1992    0.01    0.00    0.00    0.00    0.11    0.04    0.00    0.00    0.00    0.00    0.00    0.00      0.18      0.01
    1993    0.19    0.07    0.04    0.22    0.27    0.09    0.01    0.01    0.00    0.00    0.00    0.00      0.91      0.08
    1994    0.00    0.00    0.00    0.00    0.00    0.48    0.17    0.01    0.01    0.01    0.00    0.00      0.68      0.06
    1995    0.00    0.01    0.10    0.03    0.11    0.04    0.00    0.00    0.00    0.01    0.00    0.00      0.32      0.03
    1996    0.00    0.04    0.24    0.10    0.01    1.18    0.40    0.02    0.02    0.02    0.02    0.01      2.05      0.17
    1997    0.01    0.01    0.01    0.03    0.01    0.09    0.03    0.00    0.00    0.00    0.00    0.00      0.20      0.02
    1998    0.00    0.06    0.02    0.00    0.00    0.00    0.00    0.04    0.02    0.00    0.00    0.00      0.15      0.01
    1999    0.00    0.00    0.41    0.16    0.03    0.68    0.89    0.24    0.03    0.03    0.03    0.24      2.74      0.23
    2000    0.08    0.02    0.02    0.01    0.01    0.05    0.27    0.09    0.01    0.01    0.01    0.16      0.75      0.06
    2001    0.06    0.26    0.18    0.26    0.08    0.01    0.01    0.01    0.01    0.01    0.08    0.03      0.99      0.08
    2002    0.01    0.01    0.87    0.30    0.01    0.01    0.01    0.01    0.01    0.01    0.01    0.01      1.27      0.11
    2003    0.00    0.02    0.01    0.04    0.04    0.02    0.03    0.01    0.00    0.00    0.00    0.04      0.22      0.02
    2004    0.04    0.01    0.03    0.02    0.04    0.02    0.00    0.00    0.00    0.00    0.00    0.00      0.18      0.01
    2005    0.00    0.00    0.00    0.50    0.78    0.23    0.20    0.07    0.02    0.02    0.03    0.03      1.89      0.16
    2006    0.03    0.03    0.02    0.01    0.01    0.01    0.08    0.03    0.01    0.01    0.01    0.01      0.24      0.02
    2007    0.01    0.01    0.19    0.07    0.02    0.07    0.02    0.16    0.06    0.01    0.02    0.02      0.67      0.06
    2008    0.02    0.01    0.01    0.05    0.34    0.11    0.01    0.01    0.01    0.01    0.01    0.01      0.58      0.05
    2009    0.03    0.01    0.00    0.18    0.38    0.47    0.13    0.01    0.01    0.01    0.01    0.01      1.25      0.10
  
 AVERAGE    0.04    0.06    0.09    0.15    0.40    0.51    0.22    0.05    0.02    0.01    0.02    0.02      1.58      0.13
