    1920    0.00    0.00    0.00    0.00    0.88    2.20   11.33    3.61    0.17    0.16    0.16    0.15     18.65      1.55
    1921    0.13    0.56    0.72    1.00    0.27    0.12    0.11    0.10    0.09    0.08    0.07    0.06      3.31      0.28
    1922    0.05    2.89    1.01    1.66    1.23    0.34    0.07    0.07    0.06    0.06    0.06    0.06      7.56      0.63
    1923    0.05    0.05    0.04    0.04    0.04   22.64    7.48    0.22    0.21    0.19    0.17    0.15     31.29      2.61
    1924    0.14    0.13    0.94    0.40    2.60   43.91   14.80    0.68    0.37    0.38    0.38    0.38     65.11      5.43
    1925    0.37    0.35    0.34    0.34    0.33    0.94    0.32    0.28    0.25    0.23    0.21    0.19      4.15      0.35
    1926    0.16    0.26    0.12    0.11    0.09    0.32    0.10    0.07    0.07    0.06    0.05    0.05      1.46      0.12
    1927    0.04    0.04    0.04    0.66    0.23    0.15    0.05    0.02    0.02    0.02    0.02    0.10      1.38      0.12
    1928    0.03    0.02    0.01    0.29    0.10    1.07    0.37    0.08    0.04    0.03    0.03    5.64      7.73      0.64
    1929    1.94    0.11    0.27    1.11    0.39    0.63    0.20    0.11    0.11    0.10    0.09    0.08      5.14      0.43
    1930    0.07    0.06    0.06    0.11    0.13    0.22    0.36    0.10    0.04    0.04    0.03    0.03      1.25      0.10
    1931    0.03    0.02    1.10    0.39    0.85    0.30    0.04    0.03    0.03    0.03    0.03    0.62      3.47      0.29
    1932    0.22    0.03    0.02    0.02    0.02    0.21    0.10    0.02    0.02    0.01    0.01    0.01      0.69      0.06
    1933    0.01    1.37    2.29    6.52    2.14    1.25    0.42    0.10    0.09    0.09    0.08    0.07     14.44      1.20
    1934    0.13    0.32    0.42    0.11    0.05    1.31    0.47    0.85    0.29    0.07    0.07    0.07      4.16      0.35
    1935    0.07    0.06    0.06    0.06    0.06    0.11    0.05    0.06    0.05    0.04    0.04    0.04      0.69      0.06
    1936    0.27    1.00    0.33    0.18    0.13    0.03    0.03    0.03    0.03    0.02    0.02    0.02      2.09      0.17
    1937    0.02    0.01    0.75    0.26    0.77    0.28    0.02    0.02    0.02    0.02    0.02    0.02      2.21      0.18
    1938    0.34    0.15    0.06    1.32    1.68    0.45    0.04    0.04    0.04    0.03    0.49    0.17      4.81      0.40
    1939    0.04    0.04    0.04    0.07    0.51    7.05    2.37    0.13    0.12    0.12    0.11    0.10     10.69      0.89
    1940    0.09    0.38    0.13    1.06    4.66    1.56    1.31    0.43    0.12    0.11    0.11    0.10     10.07      0.84
    1941    0.09    0.08    0.08    0.15    0.10    1.80    0.64    0.08    0.07    0.06    0.06    0.05      3.26      0.27
    1942    0.49    0.31    0.10    0.04    0.04    0.60    8.46   10.38    2.67    0.23    0.22    0.23     23.77      1.98
    1943    0.22    6.09    2.29    0.34    0.25    1.32    0.44    0.23    0.21    0.19    0.18    0.15     11.91      0.99
    1944    0.40    0.13    0.11    0.10    0.09    0.12    0.07    0.07    0.06    0.06    0.05    0.04      1.29      0.11
    1945    0.04    0.03    0.03    0.14    0.10    0.30    0.25   24.33    7.99    0.23    0.21    0.20     33.85      2.82
    1946    1.64    0.55    0.18    0.16    0.28    0.14    0.14    0.13    0.12    0.11    0.10    0.10      3.65      0.30
    1947    0.08    0.06    1.78    0.65    0.78    6.96    2.43    0.14    0.13    0.12    0.12    0.11     13.36      1.11
    1948    0.10    0.09    0.08    0.07    0.07    0.06    0.05    0.05    0.04    0.04    0.03    0.03      0.70      0.06
    1949    0.03    0.02    0.02    0.08    2.75    4.90    2.36   23.77    7.80    0.34    0.34    0.33     42.73      3.56
    1950    0.33    0.32    1.81    0.74    0.30    0.28    0.27    0.25    0.23    0.21    0.19    0.17      5.08      0.42
    1951    0.14    0.13    0.11    0.10    0.66    0.22    0.07    0.07    0.06    0.53    0.18    0.10      2.35      0.20
    1952    0.05    0.05    0.67    0.23    2.47    0.88    0.30    0.10    0.08    0.07    0.07    0.06      5.02      0.42
    1953    0.05    1.89    1.08    0.15    0.06    3.77    1.32    0.09    0.08    0.08    0.07    0.06      8.71      0.73
    1954    0.06    0.05    0.04    0.06    4.08    2.02    0.35    0.08    0.08    0.07    0.06    0.06      7.00      0.58
    1955    0.05    0.22    0.08    0.09    0.10    0.93    0.33    0.04    0.04    0.03    0.03    0.03      1.99      0.17
    1956    0.02    0.06    0.49    0.31    0.12    0.23    0.07    0.02    0.02    0.02    0.02    0.04      1.42      0.12
    1957    0.02    0.01    0.02    5.64    1.92    0.08    0.07    0.36    0.12    0.06    0.05    0.15      8.50      0.71
    1958    0.06    0.13    0.27    0.12    0.08    0.05    0.11    0.40    0.13    0.04    0.04    0.04      1.45      0.12
    1959    0.03    0.03    0.03    0.03    0.05    0.28    0.10    0.03    0.03    0.03    0.05    0.02      0.72      0.06
    1960    0.04    0.02    0.49    0.20    0.02    2.56    0.90    0.11    0.05    0.06    0.06    0.06      4.59      0.38
    1961    0.06    0.19    0.38    0.16    2.23    0.86    0.10    0.09    0.08    0.08    0.07    0.06      4.37      0.36
    1962    0.05    1.10    0.40   11.03    3.71    6.97    2.47    0.20    0.18    0.17    0.15    0.14     26.58      2.22
    1963    1.02    0.99    0.23    0.11    0.10    0.09    0.09    0.07    0.06    0.06    0.05    0.05      2.93      0.24
    1964    0.04    0.04    0.33    0.55    0.16    0.03    1.02    0.36    0.04    0.04    0.04    0.03      2.67      0.22
    1965    0.03    0.46    0.16    0.05    0.20    0.06    0.03    0.02    0.02    0.02    0.02    0.02      1.10      0.09
    1966    0.01    0.01    0.20    3.00    1.63    0.55    8.33    3.10    0.15    0.17    0.17    0.17     17.50      1.46
    1967    0.17    0.16    0.16    0.16    0.15    0.18    0.24    0.13    0.13    0.11    0.10    0.09      1.79      0.15
    1968    0.08    0.07    0.06    0.05    0.05    0.55    0.41    0.08    0.04    0.04    0.03    0.03      1.48      0.12
    1969    0.21    0.07    0.03    0.02    0.02    0.02    0.02    0.02    0.04    0.02    0.18    0.06      0.72      0.06
    1970    0.02    0.02    0.74    0.55    0.31    0.17    0.38    0.12    0.05    0.05    0.05    0.05      2.52      0.21
    1971    0.14    0.05    0.04    0.25    1.71    3.02    0.98    0.09    0.08    0.08    0.07    0.07      6.57      0.55
    1972    0.06    0.06    0.05    0.05    0.95    0.41    0.04    0.04    0.04    0.04    0.03    0.03      1.80      0.15
    1973    0.03    0.02    0.40    3.58   15.53   58.57   17.49    0.74    0.41    0.42   14.65    5.16    116.97      9.75
    1974    0.52    0.49    0.47    0.45    0.42    0.39    0.38    0.35    0.32    0.30    0.27    0.24      4.60      0.38
    1975    0.22    0.18    4.48    3.08    3.94   57.61   19.02    0.46    0.45    0.43    0.40    0.36     90.61      7.55
    1976    1.08    0.41    0.31    0.29    1.65    0.65    0.24    0.22    0.20    0.18    0.16    0.14      5.54      0.46
    1977    0.13    0.11    0.12    0.08    0.15    1.36    0.53    0.07    0.07    0.06    0.06    0.05      2.79      0.23
    1978    0.05    0.04    0.38    0.13    0.68    0.24    0.03    0.36    0.12    0.09    0.05    0.04      2.20      0.18
    1979    0.04    0.04    0.04    0.04    0.54    0.26    0.04    0.04    0.04    0.04    0.03    0.03      1.17      0.10
    1980    0.03    0.09    0.03    0.45    7.30    3.35    0.34    0.10    0.09    0.09    8.30    2.86     23.03      1.92
    1981    0.18    0.17    0.14    0.14    0.14    0.12    0.67    0.21    0.12    0.11    0.10    0.10      2.21      0.18
    1982    0.08    0.14    0.07    0.07    0.06    0.05    0.05    0.05    0.05    0.14    0.05    0.04      0.85      0.07
    1983    0.04    0.16    0.15    0.03    0.03    0.03    0.09    0.03    0.03    0.02    0.09    0.03      0.72      0.06
    1984    0.45    0.16    0.02    0.09    2.11    0.75    0.04    0.04    0.03    0.03    0.03    0.03      3.78      0.32
    1985    0.76    0.45    2.41    2.25    0.53    0.06    0.05    0.05    0.04    0.04    0.04    0.03      6.73      0.56
    1986    0.57    0.34    0.05    0.03    0.37    0.13    0.02    0.02    0.02    0.02    0.02    1.78      3.35      0.28
    1987    0.62    0.67    0.23    0.05   35.94   12.00    0.44    0.26    0.25    0.24    0.23    0.26     51.20      4.27
    1988    0.19    0.18    1.99    0.94    3.68    1.30    0.39    0.16    0.15    0.14    0.13    0.11      9.36      0.78
    1989    0.10    1.00    0.34    0.08    0.14    0.66    0.25    0.06    0.05    0.05    0.05    0.04      2.81      0.23
    1990    0.04    0.03    0.26    9.24    3.10   14.87    5.02    0.24    0.22    0.20    0.18    0.16     33.55      2.80
    1991   11.24    3.85    0.22    0.20    0.18    0.29    0.14    0.13    0.12    0.11    0.09    0.09     16.66      1.39
    1992    0.08    0.06    0.06    0.05    0.93    0.39    0.19    0.05    0.04    0.04    0.03    0.03      1.95      0.16
    1993    0.85    0.78    0.17    1.15    1.27    0.39    0.05    0.05    0.04    0.04    0.03    0.03      4.86      0.40
    1994    0.03    0.02    0.02    0.02    0.17    1.64    0.55    0.03    0.03    0.03    0.02    0.02      2.58      0.21
    1995    0.02    0.02   18.67    6.55    0.47    0.14    0.14    0.12    0.11    0.10    0.09    0.08     26.53      2.21
    1996    0.07    2.20    1.24    0.30    0.08    0.75    0.32    0.38    0.12    0.06    0.06    0.06      5.65      0.47
    1997    0.06    0.05    0.05    0.05    0.48    0.54    0.14    0.05    0.05    0.04    0.04    0.03      1.57      0.13
    1998    0.03    4.16    1.43    0.07    0.06    0.05    0.05    0.04    0.04    0.03    0.03    0.03      6.01      0.50
    1999    0.02    0.02    2.84    1.47    0.46    0.29    0.07    0.04    0.04    0.04    0.03    1.18      6.50      0.54
    2000    0.42    0.86    0.37    0.39    0.12    0.13    7.98    2.70    0.13    0.12    0.12    0.64     14.01      1.17
    2001    0.21    1.51    3.81    7.86    2.39    0.41    0.18    0.18    0.16    0.15   22.01    7.34     46.20      3.85
    2002    0.30    0.27    0.67    0.38    0.20    0.20    0.18    0.17    0.16    0.15    0.14    0.12      2.95      0.25
    2003    0.11    0.09    0.08    0.12    0.06    1.58   20.14    6.51    0.23    0.21    0.20    2.82     32.14      2.68
    2004    0.98    0.19    0.97    0.44    0.16    0.15    0.14    0.12    0.11    0.11    0.10    0.09      3.56      0.30
    2005    0.08    0.07    0.07    1.57   12.99    5.15   11.41    3.91    0.32    0.31    0.68    0.29     36.85      3.07
    2006    0.30    0.29    0.28    0.61    0.25    0.42    0.23    0.22    0.20    0.18    0.16    0.15      3.29      0.27
    2007    0.13    0.11    3.69    1.32    0.40    0.13    0.09    0.29    0.13    0.08    0.08    0.07      6.52      0.54
    2008    0.07    0.06    0.06    0.09    7.15    2.44    0.13    0.12    0.12    0.10    0.09    0.09     10.52      0.88
    2009    0.64    0.29    0.07    0.82    2.12    1.75    5.60    1.85    0.16    0.15    0.14    0.13     13.70      1.14
  
 AVERAGE    0.34    0.46    0.75    0.95    1.65    3.27    1.84    1.03    0.31    0.11    0.60    0.40     11.72      0.98
