    1920    0.00    0.00    0.00    0.00    0.23    1.37    3.46    1.07    0.10    0.12    0.13    0.14      6.61      0.55
    1921    0.13    0.11    0.11    0.09    0.08    0.07    0.06    0.06    0.05    0.05    0.04    0.04      0.89      0.07
    1922    0.03    0.44    0.16    0.37    0.65    0.23    0.03    0.03    0.03    0.02    0.02    0.02      2.03      0.17
    1923    0.02    0.02    0.01    0.01    0.01   19.60    6.39    0.14    0.13    0.12    0.11    0.10     26.67      2.22
    1924    0.09    0.08    0.53    0.42    0.58   20.86   14.12    3.58    0.36    0.34    0.36    0.35     41.68      3.47
    1925    0.32    0.29    0.27    0.24    0.22    0.25    0.17    0.16    0.15    0.14    0.12    0.11      2.45      0.20
    1926    0.10    0.11    0.07    0.07    0.06    0.51    0.17    0.05    0.04    0.04    0.04    0.03      1.29      0.11
    1927    0.04    0.02    0.08    0.33    0.11    0.08    0.03    0.02    0.02    0.01    0.01    0.03      0.79      0.07
    1928    0.01    0.08    0.03    0.32    0.12    0.47    0.17    0.01    0.01    0.01    0.01    2.95      4.21      0.35
    1929    1.02    0.06    0.85    0.70    0.20    0.06    0.05    0.05    0.04    0.04    0.03    0.03      3.13      0.26
    1930    0.03    0.02    0.02    0.49    0.18    0.12    0.09    0.02    0.02    0.02    0.02    0.02      1.04      0.09
    1931    0.02    0.20    0.33    0.09    0.62    0.22    0.02    0.02    0.02    0.01    0.01    0.17      1.73      0.14
    1932    0.06    0.01    0.01    0.01    0.01    0.03    0.02    0.01    0.01    0.01    0.00    0.00      0.17      0.01
    1933    0.00    0.10    0.72    3.25    1.30    0.33    0.09    0.04    0.04    0.04    0.04    0.03      5.99      0.50
    1934    0.08    0.41    0.37    0.08    0.02    0.54    0.20    0.26    0.09    0.04    0.05    0.05      2.19      0.18
    1935    0.06    0.05    0.05    0.04    0.04    0.06    0.03    0.03    0.02    0.02    0.02    0.02      0.44      0.04
    1936    0.26    2.40    0.81    0.65    0.45    0.08    0.04    0.04    0.04    0.03    0.03    0.03      4.84      0.40
    1937    0.02    0.02    0.45    0.24    0.59    0.20    0.02    0.02    0.02    0.02    0.02    0.01      1.63      0.14
    1938    0.09    0.08    0.08    0.61    1.48    0.45    0.03    0.03    0.03    0.02    0.09    0.03      3.03      0.25
    1939    0.02    0.02    0.02    0.02    0.09    2.27    0.80    0.04    0.04    0.04    0.04    0.04      3.46      0.29
    1940    0.04    0.11    0.04    0.16    4.41    1.48    0.28    0.09    0.06    0.06    0.06    0.05      6.84      0.57
    1941    0.05    0.04    0.04    0.12    0.11    0.41    0.15    0.03    0.03    0.02    0.02    0.02      1.04      0.09
    1942    0.46    0.17    0.68    0.24    0.02    0.21    9.45    5.96    1.01    0.18    0.19    0.19     18.77      1.56
    1943    0.17    1.80    0.77    0.19    0.12    0.33    0.10    0.10    0.09    0.08    0.07    0.10      3.93      0.33
    1944    0.06    0.06    0.05    0.04    0.04    0.05    0.03    0.03    0.02    0.02    0.02    0.02      0.44      0.04
    1945    0.02    0.01    0.01    0.23    0.33    0.14    0.23    6.58    2.19    0.11    0.11    0.11     10.06      0.84
    1946    0.12    0.08    0.08    0.07    0.32    0.11    0.05    0.05    0.04    0.04    0.03    0.03      1.02      0.08
    1947    0.03    0.02    0.30    0.19    1.21    9.20    3.03    0.12    0.12    0.11    0.11    0.10     14.53      1.21
    1948    0.09    0.08    0.07    0.06    0.05    0.05    0.04    0.04    0.03    0.03    0.03    0.03      0.58      0.05
    1949    0.02    0.02    0.02    0.01    0.73    2.25    2.40    4.72    1.48    0.16    0.14    0.13     12.08      1.01
    1950    0.12    0.11    1.75    0.66    0.09    0.08    0.07    0.07    0.06    0.06    0.05    0.04      3.16      0.26
    1951    0.04    0.03    0.03    0.03    0.29    0.10    0.02    0.02    0.02    1.31    0.46    0.04      2.40      0.20
    1952    0.04    0.04    0.04    0.04    0.42    0.14    0.25    0.08    0.03    0.03    0.03    0.02      1.17      0.10
    1953    0.02    0.75    0.52    0.10    0.09    2.60    0.89    0.05    0.05    0.05    0.04    0.04      5.19      0.43
    1954    0.04    0.03    0.03    0.60    2.39    0.81    0.05    0.05    0.04    0.04    0.04    0.04      4.14      0.35
    1955    0.03    0.22    0.09    0.02    0.03    0.93    0.34    0.03    0.03    0.03    0.03    0.02      1.79      0.15
    1956    0.02    0.02    0.66    0.27    0.02    0.25    0.09    0.02    0.02    0.02    0.08    0.07      1.53      0.13
    1957    0.12    0.04    0.19    3.09    1.04    0.06    0.05    0.32    0.11    0.04    0.04    0.04      5.13      0.43
    1958    0.04    0.08    0.79    0.37    0.22    0.06    0.04    0.11    0.03    0.03    0.03    0.03      1.83      0.15
    1959    0.03    0.02    0.08    0.03    0.02    0.22    0.09    0.02    0.02    0.02    0.01    0.02      0.56      0.05
    1960    0.05    0.02    0.11    0.05    0.01    1.17    0.41    0.11    0.04    0.04    0.04    0.05      2.08      0.17
    1961    0.05    0.35    0.34    0.07    1.24    0.46    0.05    0.04    0.04    0.03    0.03    0.03      2.75      0.23
    1962    0.02    1.27    0.45    6.62    2.23    3.27    1.35    0.12    0.12    0.12    0.11    0.11     15.78      1.32
    1963    0.09    0.71    0.23    0.08    0.07    0.06    0.05    0.05    0.04    0.04    0.04    0.03      1.49      0.12
    1964    0.03    0.03    0.16    0.15    0.04    0.02    0.20    0.07    0.02    0.02    0.02    0.02      0.76      0.06
    1965    0.01    0.01    0.01    0.12    0.39    0.13    0.01    0.01    0.01    0.01    0.01    0.01      0.73      0.06
    1966    0.01    0.02    0.07    1.54    1.15    0.47    1.63    0.73    0.09    0.12    0.12    0.11      6.06      0.51
    1967    0.10    0.09    0.08    0.07    0.06    0.40    0.43    0.10    0.05    0.05    0.04    0.04      1.50      0.12
    1968    0.04    0.03    0.17    0.06    0.08    0.28    0.27    0.06    0.02    0.02    0.02    0.02      1.08      0.09
    1969    0.24    0.08    0.02    0.02    0.01    0.01    0.01    0.01    0.02    0.01    0.01    0.01      0.45      0.04
    1970    0.01    0.01    0.12    0.37    0.36    0.16    0.34    0.12    0.02    0.03    0.03    0.03      1.60      0.13
    1971    0.33    0.11    0.03    0.09    1.84    2.31    0.62    0.06    0.06    0.06    0.06    0.05      5.63      0.47
    1972    0.05    0.04    0.04    0.03    0.32    0.11    0.02    0.02    0.02    0.02    0.02    0.02      0.71      0.06
    1973    0.02    0.03    0.35    6.13   23.96   26.08    6.20    0.41    0.29    0.28    8.21    2.88     74.83      6.24
    1974    0.29    0.25    0.23    0.21    0.18    0.19    0.15    0.15    0.13    0.12    0.11    0.10      2.13      0.18
    1975    0.09    0.14    0.74    1.21    2.11   24.39    8.17    0.23    0.24    0.22    0.21    0.19     37.94      3.16
    1976    0.18    0.15    0.14    0.12    0.21    0.29    0.09    0.09    0.08    0.07    0.06    0.06      1.54      0.13
    1977    0.05    0.05    0.13    0.12    0.05    0.53    0.29    0.04    0.03    0.03    0.03    0.02      1.36      0.11
    1978    0.02    0.02    0.19    0.07    0.19    0.07    0.02    0.07    0.02    0.01    0.02    0.02      0.73      0.06
    1979    0.02    0.02    0.02    0.02    0.43    0.20    0.02    0.02    0.01    0.01    0.01    0.01      0.78      0.06
    1980    0.01    0.13    0.05    0.28    2.04    0.89    0.08    0.03    0.03    0.03    2.68    0.94      7.19      0.60
    1981    0.08    0.08    0.09    0.06    0.06    0.06    0.10    0.04    0.04    0.04    0.04    0.04      0.73      0.06
    1982    0.04    0.12    0.04    0.03    0.03    0.04    0.02    0.02    0.02    0.06    0.02    0.02      0.45      0.04
    1983    0.02    0.15    0.21    0.05    0.02    0.02    0.01    0.01    0.01    0.01    0.07    0.02      0.61      0.05
    1984    0.12    0.04    0.01    0.01    0.39    0.16    0.01    0.01    0.01    0.01    0.01    0.01      0.78      0.07
    1985    0.53    0.21    1.07    1.01    0.25    0.03    0.02    0.02    0.02    0.02    0.02    0.02      3.22      0.27
    1986    0.31    0.31    0.07    0.02    0.12    0.04    0.01    0.01    0.01    0.01    0.01    0.59      1.53      0.13
    1987    0.21    0.41    0.14    0.03   34.97   11.89    0.40    0.17    0.18    0.17    0.17    0.38     49.12      4.09
    1988    0.14    0.14    0.37    0.32    0.98    0.31    0.09    0.08    0.08    0.07    0.06    0.06      2.70      0.22
    1989    0.05    0.08    0.04    0.03    0.40    0.24    0.07    0.03    0.03    0.03    0.02    0.02      1.04      0.09
    1990    0.02    0.02    0.04    1.45    0.60    1.94    0.67    0.05    0.05    0.04    0.04    0.03      4.94      0.41
    1991   16.37    5.36    0.13    0.12    0.11    0.10    0.09    0.08    0.08    0.07    0.06    0.06     22.63      1.89
    1992    0.05    0.04    0.04    0.03    0.80    0.49    0.22    0.05    0.04    0.03    0.03    0.03      1.85      0.15
    1993    0.52    0.23    0.08    0.62    1.66    0.57    0.04    0.04    0.04    0.03    0.03    0.03      3.90      0.33
    1994    0.02    0.02    0.02    0.02    0.01    0.14    0.05    0.01    0.01    0.01    0.01    0.01      0.33      0.03
    1995    0.01    0.01    2.00    0.71    0.09    0.05    0.03    0.02    0.02    0.02    0.02    0.02      2.99      0.25
    1996    0.01    1.33    0.95    0.64    0.17    0.71    0.27    0.06    0.04    0.04    0.04    0.04      4.30      0.36
    1997    0.04    0.04    0.03    0.03    0.32    1.05    0.34    0.03    0.03    0.03    0.03    0.03      2.00      0.17
    1998    0.02    0.61    0.25    0.02    0.02    0.02    0.02    0.01    0.01    0.01    0.01    0.01      1.02      0.09
    1999    0.01    0.01    1.19    0.90    0.29    0.35    0.19    0.03    0.03    0.02    0.02    0.20      3.23      0.27
    2000    0.07    0.28    0.12    0.02    0.02    0.03    1.02    0.36    0.04    0.04    0.05    0.09      2.12      0.18
    2001    0.05    2.92    2.52    2.41    0.67    0.09    0.08    0.08    0.07    0.06    5.28    1.82     16.07      1.34
    2002    0.12    0.12    0.33    0.13    0.09    0.08    0.08    0.07    0.06    0.06    0.05    0.05      1.23      0.10
    2003    0.04    0.04    0.03    0.11    0.11    0.34    0.37    0.09    0.03    0.03    0.03    0.10      1.32      0.11
    2004    0.04    0.02    0.06    0.11    0.07    0.05    0.01    0.01    0.01    0.01    0.01    0.01      0.44      0.04
    2005    0.01    0.01    0.01    3.31   10.73    3.71    0.97    0.27    0.17    0.18    0.63    0.21     20.23      1.69
    2006    0.17    0.15    0.13    0.29    0.10    0.11    0.09    0.08    0.07    0.07    0.06    0.05      1.37      0.11
    2007    0.05    0.04    3.71    1.30    0.06    0.06    0.06    0.10    0.05    0.05    0.05    0.05      5.57      0.46
    2008    0.05    0.04    0.04    0.03    1.94    0.68    0.05    0.04    0.04    0.04    0.03    0.03      3.00      0.25
    2009    0.31    0.14    0.02    0.40    1.04    0.86    2.38    0.78    0.08    0.08    0.08    0.07      6.24      0.52
  
 AVERAGE    0.28    0.28    0.32    0.51    1.25    1.70    0.80    0.33    0.11    0.07    0.24    0.16      6.03      0.50
