    1920    0.00    0.00    0.01    0.00   30.67   11.74   11.61    3.80    0.24    0.21    0.17    0.13     58.59      4.88
    1921    0.08    0.08    0.03    0.88    0.30    0.01    0.01    0.01    0.01    0.02    0.02    0.01      1.44      0.12
    1922    0.01    0.52    0.18    0.00    3.74    1.26    0.02    0.02    0.02    0.01    0.01    0.01      5.79      0.48
    1923    0.00    0.18    0.06    0.00    0.07    0.02    0.00    0.00    0.00    0.01    0.00    0.00      0.35      0.03
    1924    0.00    0.00    0.00    0.00    1.72    2.40    0.63    0.27    0.62    0.24    0.04    0.03      5.95      0.50
    1925    0.02    0.01    0.01    0.00    0.00    0.01    0.01    0.02    0.02    0.02    0.02    0.02      0.17      0.01
    1926    0.02    0.01    0.00    0.00    0.00    0.00    0.04    0.02    0.00    0.00    0.00    0.00      0.09      0.01
    1927    0.00    0.00    0.01    0.00    0.00    9.35    3.11    0.07    0.06    0.05    0.03    0.03     12.70      1.06
    1928    0.01    0.01    0.00    0.00    0.00    0.69    0.24    0.03    0.13    0.05    0.15    0.36      1.66      0.14
    1929    0.11    0.00    0.02    0.01    0.01    0.00    0.00    0.00    0.00    0.00    0.01    0.00      0.18      0.01
    1930    0.02    0.01    0.00    0.10    0.03    0.04    0.04    0.01    0.00    0.00    0.00    0.00      0.25      0.02
    1931    0.00    0.00    0.00    0.00    0.77    0.26    0.00    0.07    0.06    0.01    0.00    0.00      1.18      0.10
    1932    0.00    0.00    0.00    0.00    0.00    0.00    0.00    0.00    0.00    0.00    0.00    0.00      0.00      0.00
    1933    0.00    0.63    0.21    0.10    0.07    0.25    0.08    0.00    0.00    0.00    0.00    0.00      1.35      0.11
    1934    0.06    0.28    0.09    0.00    0.04    0.01    0.03    0.02    0.04    0.01    0.00    0.00      0.60      0.05
    1935    0.00    0.01    0.00    0.00    0.00    0.00    0.01    0.00    0.00    0.00    0.00    0.01      0.04      0.00
    1936    0.00    0.04    0.06    0.08    0.07    0.02    0.00    0.00    0.00    0.00    0.00    0.00      0.28      0.02
    1937    0.00    0.00    1.81    0.64    0.01    0.00    0.49    0.17    0.01    0.01    0.00    0.00      3.15      0.26
    1938    0.00    0.01    0.00    0.91    1.02    0.25    0.01    0.03    0.01    0.00   24.78    8.08     35.10      2.93
    1939    0.10    0.04    0.01    0.03    2.01    1.12    0.16    0.02    0.02    0.02    0.01    0.01      3.55      0.30
    1940    0.01    0.00    0.00    0.13    0.05    0.00    0.03    0.05    0.04    0.01    0.04    0.01      0.37      0.03
    1941    0.00    0.00    0.00    0.00    0.00    0.00    0.03    0.01    0.01    0.00    0.00    0.00      0.06      0.00
    1942    0.77    0.26    0.17    0.06    0.00    0.00    0.00    0.00    0.00    0.00    0.72    0.24      2.21      0.18
    1943    0.01    0.41    0.14    0.00    0.00    0.27    0.09    0.00    0.00    0.00    0.02    0.03      0.98      0.08
    1944    0.01    0.00    0.00    0.00    0.00    0.14    0.05    0.00    0.02    0.07    0.02    0.00      0.31      0.03
    1945    0.01    0.00    0.00    0.00    0.01    0.01    0.36    0.12    0.00    0.00    0.00    0.01      0.52      0.04
    1946    0.00    0.00    0.00    0.00    0.00    1.31    0.44    0.12    0.04    0.01    0.01    0.01      1.94      0.16
    1947    0.01    0.00    0.00    0.00    0.05    1.80    0.61    0.02    0.01    0.01    0.01    0.01      2.53      0.21
    1948    0.02    0.01    0.00    0.00    0.00    0.06    0.02    0.00    0.00    0.00    0.00    0.00      0.10      0.01
    1949    0.00    0.10    0.03    0.00    0.00    3.21    1.94    0.41    0.03    0.03    0.03    1.21      7.00      0.58
    1950    0.42    0.11    0.04    0.00    0.01    0.00    0.00    0.00    0.03    0.01    0.00    0.00      0.62      0.05
    1951    0.00    0.00    0.00    0.00    0.53    0.18    0.00    0.00    0.00   15.94    5.44    0.12     22.22      1.85
    1952    0.09    0.98    0.33    0.01    1.71    0.68    0.07    0.04    0.05    0.11    0.05    0.05      4.17      0.35
    1953    0.04    0.22    3.82    1.25    0.01    1.37    0.98    0.73    0.20    0.03    0.02    0.02      8.68      0.72
    1954    0.01    0.00    0.00    0.09    0.03    0.07    0.26    0.09    0.05    0.01    0.01    0.00      0.64      0.05
    1955    0.00    1.17    0.39    0.02    0.01    0.82    0.28    0.01    0.03    0.01    0.00    0.00      2.73      0.23
    1956    0.01    0.04    0.10    0.03    0.30    0.12    0.01    0.00    0.01    0.10    0.03    0.00      0.76      0.06
    1957    0.00    0.00    0.08    0.03    0.00    0.00    0.05    0.11    0.03    0.00    0.00    0.00      0.31      0.03
    1958    0.00    0.18    0.06    0.00    0.06    0.02    0.00    2.19    0.74    0.02    0.02    0.01      3.32      0.28
    1959    0.01    0.00    0.00    0.00    0.00    0.00    0.00    0.00    0.00    0.00    0.00    0.00      0.01      0.00
    1960    0.00    0.00    0.02    0.01    0.00   14.68    7.25    0.86    1.51   27.64    8.94    0.28     61.19      5.10
    1961    0.19    0.08    0.02    0.00    0.00    0.00    0.00    0.00    1.58    0.55    0.03    0.02      2.48      0.21
    1962    0.01    0.00    0.00    0.07    0.02    0.00    0.00    0.00    0.00    0.00    0.01    0.00      0.13      0.01
    1963    0.00    0.09    0.03    0.00    0.00    0.00    0.00    0.00    0.08    0.03    0.00    0.65      0.88      0.07
    1964    0.22    0.54    0.18    0.00    0.00    0.21    0.92    0.29    0.01    0.01    0.01    0.00      2.41      0.20
    1965    0.00    0.02    0.01    0.01    0.01    0.15    0.05    0.00    0.00    0.00    0.00    0.00      0.26      0.02
    1966    0.00    0.00    0.00    0.00    0.01    0.64    0.27    0.97    0.65    0.12    0.02    0.02      2.70      0.23
    1967    0.01    0.01    0.00    0.00    0.00    0.13    0.05    1.55    0.54    0.03    0.02    0.01      2.36      0.20
    1968    0.31    0.10    0.00    0.00    0.33    0.12    0.03    0.01    0.00    0.00    0.00    0.00      0.90      0.08
    1969    0.00    0.00    0.00    0.00    0.00    0.00    0.00    0.01    0.04    0.02    0.02    0.01      0.11      0.01
    1970    0.00    0.00    0.00    0.00    0.03    0.10    0.04    0.00    0.00    1.07    0.37    0.01      1.63      0.14
    1971    0.01    0.00    0.00    0.25    0.08    0.11    0.04    0.00    0.00    0.00    0.00    0.00      0.51      0.04
    1972    0.00    0.00    0.00    0.00    0.01    2.02    0.84    0.06    0.02    0.29    0.10    0.01      3.35      0.28
    1973    0.02    0.01    0.11    0.37    2.86    1.49    0.21    0.02    0.18    0.06    0.37    0.13      5.80      0.48
    1974    0.01    0.00    0.00    0.37    0.14    0.28    0.10    0.44    0.15    0.01    0.01    0.00      1.51      0.13
    1975    0.00    0.00    1.17    8.07    2.91    0.61    0.24    0.07    0.03    0.02    0.02    0.01     13.16      1.10
    1976    0.01    0.15    0.05    0.00    1.03    0.37    1.68    0.63    0.03    0.02    0.09    0.04      4.10      0.34
    1977    0.01    0.00    0.02    0.02    0.00    0.02    0.01    0.00    0.00    0.00    0.01    0.00      0.10      0.01
    1978    0.00    0.00    0.00    0.00    0.00    0.00    0.00    0.00    0.15    0.05    0.00    0.00      0.21      0.02
    1979    0.00    0.00    0.00    0.00    0.00    0.44    0.15    0.00    0.05    0.02    9.52   14.59     24.77      2.06
    1980    3.78    1.80    0.60    0.05    0.02    3.06    1.05    0.04    0.03    0.03    1.31    0.46     12.22      1.02
    1981    0.05    0.02    0.00    0.00    0.00    0.00    1.65    0.56    0.02    0.01    0.01    0.02      2.35      0.20
    1982    0.02    0.02    0.00    0.00    0.00    0.00    0.00    0.08    0.03    0.00    0.00    0.00      0.16      0.01
    1983    0.00    0.00    0.00    0.00    0.00    0.06    0.04    0.01    0.00    0.00    0.00    0.00      0.12      0.01
    1984    0.15    0.05    0.00    0.22    0.08    0.00    0.00    0.02    0.01    0.00    0.00    0.00      0.53      0.04
    1985    0.00    0.46    0.98    0.28    0.00    0.16    0.30    0.08    1.71    0.59    0.02    0.02      4.60      0.38
    1986    0.01    0.00    0.00    0.00    0.00    0.00    0.14    0.05    0.00    0.01    0.00    0.35      0.57      0.05
    1987    0.12    0.00    0.00    0.00    0.00    4.41    1.84    0.13    0.04    0.03    0.02    0.02      6.60      0.55
    1988    0.01    0.00    0.44    0.15    0.02    0.01    0.13    0.05    0.00    0.00    0.00    0.00      0.81      0.07
    1989    0.00    0.00    0.00    0.00    0.01    0.01    1.20    0.41    0.01    0.01    0.01    0.01      1.68      0.14
    1990    0.00    0.00    0.00    0.02    0.01    0.00    0.00    0.00    0.08    0.04    0.01    0.09      0.25      0.02
    1991    2.02    0.67    0.00    0.00    0.00    0.01    0.00    0.00    0.00    0.00    0.00    0.00      2.71      0.23
    1992    0.00    0.00    0.00    0.00    0.00    0.00    0.01    0.07    0.03    0.00    0.00    0.00      0.12      0.01
    1993    0.00    0.00    0.00    0.00    0.01    1.71    0.58    0.01    0.02    0.01    0.01    0.01      2.35      0.20
    1994    0.00    0.00    0.00    0.05    0.02    0.50    0.17    0.21    0.07    0.01    0.08    0.03      1.14      0.09
    1995    0.01    0.06    4.01    1.33    0.01    0.00    0.00    0.00    0.00    0.59    0.23    0.01      6.25      0.52
    1996    0.27    2.63    0.85    0.00    0.00    5.09    1.71    0.14    0.61    0.19    0.03    0.02     11.54      0.96
    1997    0.02    0.01    0.00    0.04    0.44    0.22    0.03    0.08    0.03    0.00    0.11    0.06      1.03      0.09
    1998    0.01    0.54    0.19    0.00    0.00    0.00    0.00    0.00    0.00    0.00    0.00    0.00      0.74      0.06
    1999    0.01    0.00    6.41    2.14    6.63    9.01    2.30    0.09    0.07    0.06    0.05    0.03     26.81      2.23
    2000    0.02    0.01    0.00    0.00    0.00    0.22    0.54    0.18    0.01    1.11    0.38    0.07      2.54      0.21
    2001    0.02    0.44    0.15    0.00    0.00    0.02    0.01    0.40    0.14    0.02    0.02    0.01      1.22      0.10
    2002    0.01    0.00    0.09    0.03    0.00    0.00    0.00    0.02    0.01    0.00    0.00    0.00      0.16      0.01
    2003    0.00    0.00    0.00    0.00    0.00    0.31    2.38    0.77    0.03    0.02    0.02    0.01      3.54      0.30
    2004    0.01    0.00    0.00    0.01    0.00    0.00    0.01    0.05    0.02    0.00    0.00    0.00      0.10      0.01
    2005    0.00    0.00    0.00    0.00    0.35    0.12    0.02    2.93    1.00    0.04    0.26    0.09      4.80      0.40
    2006    0.02    0.01    0.00    0.00    0.00    0.00    0.01    0.01    0.02    0.02    0.01    0.01      0.11      0.01
    2007    0.01    0.00    2.66    0.89    0.16    0.32    0.09    0.08    0.03    0.66    0.34    0.04      5.28      0.44
    2008    0.01    0.00    0.00    0.00    0.07    0.47    1.39    0.43    0.03    0.02    0.02    0.02      2.47      0.21
    2009    0.01    0.01    0.03    0.01    0.00    0.02    0.01    0.00    0.00    0.00    0.00    0.00      0.09      0.01
  
 AVERAGE    0.10    0.15    0.29    0.21    0.65    0.94    0.55    0.23    0.13    0.56    0.60    0.31      4.70      0.39
