    1920    0.00    0.00    0.00    0.00   11.98    4.56    3.66    1.19    0.06    0.05    0.03    0.02     21.55      1.80
    1921    0.00    0.02    0.01    0.32    0.11    0.00    0.00    0.00    0.00    0.00    0.00    0.00      0.47      0.04
    1922    0.00    0.19    0.06    0.00    1.41    0.47    0.01    0.00    0.00    0.00    0.00    0.00      2.15      0.18
    1923    0.00    0.07    0.02    0.00    0.02    0.01    0.00    0.00    0.00    0.00    0.00    0.00      0.12      0.01
    1924    0.00    0.00    0.01    0.00    0.06    1.19    0.40    0.08    2.24    0.75    0.02    0.01      4.77      0.40
    1925    0.00    0.00    0.00    0.00    0.00    0.00    0.00    0.00    0.00    0.00    0.00    0.00      0.01      0.00
    1926    0.00    0.00    0.00    0.00    0.00    0.00    0.09    0.03    0.00    0.00    0.00    0.00      0.13      0.01
    1927    0.00    0.00    0.00    0.00    0.00    5.86    1.99    0.03    0.02    0.02    0.01    0.01      7.93      0.66
    1928    0.00    0.00    0.00    0.00    0.00    0.49    0.17    0.01    0.07    0.03    0.10    0.18      1.04      0.09
    1929    0.05    0.00    0.01    0.00    0.00    0.00    0.00    0.00    0.00    0.00    0.00    0.00      0.07      0.01
    1930    0.00    0.00    0.00    0.01    0.00    0.05    0.02    0.00    0.00    0.01    0.00    0.00      0.10      0.01
    1931    0.00    0.00    0.00    0.00    0.62    0.21    0.00    0.02    0.02    0.01    0.00    0.00      0.87      0.07
    1932    0.00    0.00    0.00    0.00    0.00    0.00    0.00    0.00    0.00    0.00    0.00    0.00      0.00      0.00
    1933    0.00    0.09    0.03    0.01    0.01    0.04    0.01    0.00    0.00    0.00    0.00    0.00      0.19      0.02
    1934    0.02    0.21    0.07    0.00    0.00    0.00    0.00    0.01    0.01    0.00    0.00    0.00      0.32      0.03
    1935    0.00    0.00    0.00    0.00    0.00    0.01    0.00    0.00    0.00    0.00    0.00    0.01      0.04      0.00
    1936    0.00    0.02    0.01    0.00    0.07    0.02    0.00    0.00    0.00    0.00    0.00    0.00      0.13      0.01
    1937    0.00    0.00    0.19    0.08    0.00    0.00    0.07    0.03    0.00    0.00    0.00    0.00      0.37      0.03
    1938    0.00    0.00    0.00    0.06    0.08    0.02    0.00    0.01    0.00    0.00    7.74    2.54     10.46      0.87
    1939    0.01    0.00    0.00    0.00    0.26    0.11    0.01    0.00    0.00    0.00    0.00    0.00      0.40      0.03
    1940    0.00    0.00    0.00    0.00    0.01    0.00    0.02    0.05    0.06    0.02    0.01    0.00      0.17      0.01
    1941    0.00    0.00    0.00    0.00    0.00    0.00    0.01    0.00    0.07    0.03    0.00    0.00      0.12      0.01
    1942    0.12    0.04    0.02    0.01    0.00    0.00    0.00    0.01    0.00    0.00    0.19    0.07      0.46      0.04
    1943    0.00    0.13    0.04    0.00    0.00    0.15    0.05    0.01    0.00    0.00    0.02    0.02      0.43      0.04
    1944    0.01    0.00    0.00    0.00    0.00    0.17    0.06    0.00    0.02    0.06    0.02    0.00      0.32      0.03
    1945    0.00    0.00    0.00    0.00    0.05    0.02    0.05    0.02    0.00    0.00    0.00    0.02      0.15      0.01
    1946    0.01    0.00    0.00    0.00    0.00    0.28    0.10    0.05    0.02    0.00    0.00    0.00      0.45      0.04
    1947    0.00    0.00    0.00    0.00    0.02    0.84    0.28    0.00    0.00    0.00    0.00    0.00      1.16      0.10
    1948    0.01    0.00    0.00    0.00    0.00    0.00    0.00    0.00    0.00    0.00    0.00    0.00      0.01      0.00
    1949    0.00    0.06    0.02    0.00    0.00    0.42    0.33    0.11    0.01    0.00    0.00    0.17      1.14      0.09
    1950    0.06    0.03    0.01    0.00    0.00    0.00    0.00    0.00    0.03    0.01    0.00    0.00      0.13      0.01
    1951    0.00    0.00    0.00    0.00    0.08    0.03    0.00    0.00    0.00    2.07    1.22    0.19      3.59      0.30
    1952    0.01    0.20    0.06    0.00    0.28    0.09    0.01    0.00    0.01    0.03    0.01    0.01      0.71      0.06
    1953    0.00    0.06    0.50    0.16    0.00    0.10    0.18    0.20    0.05    0.01    0.01    0.01      1.28      0.11
    1954    0.00    0.00    0.00    0.01    0.00    0.02    0.04    0.01    0.04    0.02    0.01    0.00      0.15      0.01
    1955    0.01    0.23    0.07    0.00    0.00    0.27    0.09    0.00    0.02    0.01    0.00    0.00      0.71      0.06
    1956    0.00    0.00    0.01    0.00    0.19    0.07    0.00    0.01    0.14    0.08    0.01    0.00      0.52      0.04
    1957    0.00    0.00    0.03    0.01    0.00    0.00    0.00    0.05    0.02    0.00    0.00    0.00      0.11      0.01
    1958    0.02    0.30    0.10    0.00    0.00    0.02    0.01    1.34    0.45    0.01    0.01    0.00      2.26      0.19
    1959    0.00    0.00    0.00    0.00    0.00    0.00    0.00    0.00    0.00    0.00    0.00    0.00      0.00      0.00
    1960    0.00    0.00    0.04    0.01    0.00    1.50    2.41    0.65    2.00   10.94    3.37    0.07     20.99      1.75
    1961    0.02    0.00    0.00    0.00    0.00    0.00    0.00    0.01    1.15    0.41    0.04    0.03      1.65      0.14
    1962    0.01    0.00    0.00    0.04    0.01    0.00    0.01    0.00    0.00    0.00    0.01    0.00      0.10      0.01
    1963    0.00    0.00    0.00    0.00    0.00    0.00    0.00    0.00    0.02    0.01    0.00    0.09      0.13      0.01
    1964    0.03    0.05    0.02    0.00    0.00    0.04    0.16    0.05    0.00    0.00    0.00    0.00      0.35      0.03
    1965    0.00    0.00    0.00    0.00    0.00    0.05    0.02    0.00    0.00    0.00    0.00    0.00      0.07      0.01
    1966    0.00    0.00    0.00    0.00    0.00    0.87    0.33    0.32    0.32    0.08    0.01    0.00      1.93      0.16
    1967    0.00    0.00    0.00    0.00    0.00    0.11    0.04    0.56    0.20    0.01    0.01    0.00      0.93      0.08
    1968    0.03    0.01    0.00    0.00    0.19    0.06    0.01    0.00    0.00    0.00    0.00    0.00      0.30      0.03
    1969    0.00    0.00    0.00    0.00    0.00    0.00    0.00    0.01    0.07    0.03    0.00    0.00      0.11      0.01
    1970    0.00    0.00    0.00    0.00    0.12    0.04    0.00    0.00    0.00    0.29    0.10    0.00      0.57      0.05
    1971    0.00    0.00    0.00    0.12    0.04    0.00    0.00    0.00    0.00    0.00    0.00    0.00      0.16      0.01
    1972    0.00    0.00    0.00    0.00    0.02    0.85    0.36    0.03    0.00    0.14    0.05    0.00      1.46      0.12
    1973    0.00    0.00    0.05    0.09    0.07    0.32    0.10    0.00    0.10    0.03    0.23    0.08      1.07      0.09
    1974    0.00    0.00    0.00    0.45    0.16    0.14    0.05    0.19    0.06    0.00    0.00    0.00      1.05      0.09
    1975    0.00    0.00    0.14    4.69    1.62    0.08    0.07    0.02    0.06    0.02    0.00    0.00      6.69      0.56
    1976    0.00    0.16    0.05    0.00    0.06    0.03    0.65    0.33    0.08    0.02    0.01    0.01      1.40      0.12
    1977    0.00    0.00    0.00    0.00    0.00    0.01    0.01    0.00    0.00    0.00    0.00    0.00      0.03      0.00
    1978    0.00    0.00    0.00    0.00    0.00    0.00    0.00    0.00    0.10    0.04    0.00    0.00      0.14      0.01
    1979    0.00    0.00    0.00    0.00    0.00    0.03    0.01    0.00    0.06    0.02   15.74   14.37     30.24      2.52
    1980    2.95    1.82    0.58    0.00    0.00    0.46    0.15    0.00    0.00    0.01    0.08    0.03      6.07      0.51
    1981    0.00    0.00    0.00    0.00    0.00    0.00    0.42    0.14    0.01    0.00    0.00    0.00      0.58      0.05
    1982    0.01    0.01    0.00    0.00    0.00    0.00    0.00    0.26    0.09    0.00    0.00    0.01      0.39      0.03
    1983    0.00    0.00    0.00    0.00    0.00    0.00    0.03    0.05    0.01    0.00    0.00    0.01      0.12      0.01
    1984    0.02    0.01    0.00    0.30    0.10    0.00    0.00    0.01    0.00    0.00    0.00    0.00      0.45      0.04
    1985    0.00    0.03    0.04    0.01    0.00    0.04    0.22    0.07    0.96    0.33    0.01    0.01      1.70      0.14
    1986    0.00    0.00    0.00    0.00    0.00    0.00    0.12    0.04    0.02    0.01    0.00    0.10      0.29      0.02
    1987    0.03    0.00    0.00    0.00    0.00    0.09    0.14    0.04    0.00    0.00    0.01    0.00      0.31      0.03
    1988    0.00    0.00    0.01    0.00    0.00    0.00    0.21    0.07    0.00    0.00    0.00    0.00      0.30      0.02
    1989    0.00    0.00    0.00    0.00    0.00    0.00    0.35    0.13    0.01    0.02    0.01    0.00      0.53      0.04
    1990    0.00    0.00    0.00    0.01    0.00    0.02    0.01    0.00    0.20    0.12    0.02    0.07      0.43      0.04
    1991    0.34    0.10    0.00    0.00    0.00    0.00    0.00    0.00    0.01    0.00    0.00    0.00      0.45      0.04
    1992    0.01    0.00    0.00    0.00    0.00    0.00    0.10    0.05    0.03    0.06    0.02    0.00      0.27      0.02
    1993    0.00    0.00    0.00    0.00    0.00    0.13    0.04    0.00    0.11    0.04    0.00    0.00      0.33      0.03
    1994    0.00    0.00    0.00    0.00    0.00    0.00    0.00    0.06    0.02    0.00    0.01    0.01      0.10      0.01
    1995    0.01    0.01    0.23    0.08    0.00    0.00    0.00    0.00    0.00    0.58    0.30    0.07      1.27      0.11
    1996    0.12    1.70    0.54    0.00    0.00    0.28    0.09    0.06    0.55    0.18    0.01    0.01      3.54      0.29
    1997    0.00    0.00    0.00    0.00    0.00    0.01    0.00    0.26    0.09    0.01    0.01    0.01      0.39      0.03
    1998    0.00    0.32    0.11    0.00    0.00    0.00    0.00    0.00    0.00    0.00    0.00    0.00      0.43      0.04
    1999    0.00    0.00    1.07    0.35    1.48    1.11    0.21    0.01    0.00    0.08    0.03    0.00      4.35      0.36
    2000    0.00    0.00    0.00    0.00    0.00    0.08    0.04    0.01    0.00    1.02    0.35    0.01      1.51      0.13
    2001    0.01    0.08    0.02    0.00    0.00    0.00    0.00    0.50    0.17    0.05    0.02    0.00      0.85      0.07
    2002    0.00    0.00    0.01    0.00    0.00    0.00    0.00    0.00    0.00    0.00    0.08    0.03      0.13      0.01
    2003    0.00    0.00    0.00    0.00    0.00    0.10    0.23    0.07    0.00    0.00    0.00    0.00      0.40      0.03
    2004    0.00    0.00    0.00    0.00    0.00    0.00    0.01    0.00    0.00    0.00    0.00    0.00      0.02      0.00
    2005    0.00    0.00    0.00    0.00    0.00    0.00    0.00    1.24    0.42    0.01    0.02    0.01      1.71      0.14
    2006    0.00    0.00    0.00    0.00    0.00    0.00    0.00    0.00    0.07    0.19    0.06    0.00      0.32      0.03
    2007    0.00    0.00    0.07    0.02    0.01    0.47    0.16    0.03    0.02    0.13    0.12    0.03      1.06      0.09
    2008    0.00    0.00    0.00    0.00    0.00    0.00    0.15    0.05    0.10    0.04    0.01    0.00      0.36      0.03
    2009    0.00    0.00    0.00    0.00    0.00    0.01    0.00    0.02    0.01    0.00    0.00    0.00      0.05      0.00
  
 AVERAGE    0.04    0.07    0.05    0.08    0.21    0.25    0.16    0.10    0.12    0.20    0.34    0.20      1.81      0.15
