    1920    0.00    0.00    0.06    0.02    7.26    3.31    1.91    0.57    0.06    0.05    0.04    0.02     13.31      1.11
    1921    0.01    0.50    0.37    0.17    0.03    0.00    0.00    0.00    0.00    0.00    0.00    0.00      1.11      0.09
    1922    0.00    0.23    0.08    0.00    0.06    0.02    0.00    0.00    0.00    0.00    0.00    0.00      0.39      0.03
    1923    0.00    0.03    0.01    0.00    0.10    0.03    0.00    0.00    0.00    0.00    0.00    0.00      0.18      0.02
    1924    0.00    0.00    0.31    0.10    0.05    0.06    0.02    0.00    0.02    0.05    0.01    0.02      0.65      0.05
    1925    0.01    0.00    0.00    0.00    0.00    0.00    0.00    0.00    0.00    0.00    0.00    0.00      0.01      0.00
    1926    0.00    0.00    0.00    0.00    0.00    0.00    0.00    0.00    0.00    0.00    0.00    0.00      0.00      0.00
    1927    0.00    0.00    0.00    0.00    0.00    2.30    0.78    0.02    0.01    0.01    0.01    0.00      3.13      0.26
    1928    0.00    0.00    0.00    0.00    0.00    0.53    0.18    0.00    0.00    0.06    0.12    0.10      1.00      0.08
    1929    0.02    0.00    0.04    0.02    1.29    0.43    0.01    0.00    0.00    0.00    0.00    0.00      1.83      0.15
    1930    0.00    0.00    0.00    0.29    0.10    0.24    0.08    0.00    0.00    0.03    0.01    0.00      0.76      0.06
    1931    0.00    0.00    0.19    0.06    0.07    0.02    0.00    0.07    0.03    0.00    0.00    0.02      0.46      0.04
    1932    0.01    0.00    0.00    0.00    0.00    0.00    0.00    0.00    0.00    0.00    0.00    0.00      0.01      0.00
    1933    0.00    0.76    0.26    0.07    0.16    0.17    0.04    0.00    0.00    0.00    0.00    0.00      1.47      0.12
    1934    0.02    0.39    0.13    0.00    0.18    0.06    0.05    0.40    0.15    0.01    0.00    0.00      1.39      0.12
    1935    0.00    0.00    0.00    0.00    0.00    0.06    0.02    0.00    0.00    0.00    0.00    0.00      0.09      0.01
    1936    0.11    0.08    0.02    0.01    0.11    0.04    0.00    0.00    0.00    0.00    0.00    0.00      0.36      0.03
    1937    0.00    0.00    1.94    0.65    0.00    0.14    0.05    0.00    0.00    0.00    0.00    0.00      2.79      0.23
    1938    0.00    0.01    0.00    0.05    2.05    0.68    0.01    0.01    0.01    0.00    0.99    0.34      4.14      0.34
    1939    0.01    0.00    0.00    0.02    0.44    0.23    0.03    0.00    0.00    0.00    0.00    0.01      0.75      0.06
    1940    0.00    0.00    0.00    0.35    0.13    0.01    1.10    0.37    0.01    0.01    0.16    0.06      2.20      0.18
    1941    0.04    0.01    0.00    0.00    0.00    0.01    0.00    0.00    0.00    0.00    0.00    0.00      0.07      0.01
    1942    0.10    0.03    0.00    0.00    0.00    0.00    0.01    0.00    0.00    0.00    0.01    0.00      0.17      0.01
    1943    0.00    0.47    0.16    0.00    0.00    0.08    0.03    0.01    0.01    0.00    0.00    0.00      0.76      0.06
    1944    0.00    0.00    0.00    0.00    0.00    0.12    0.04    0.00    0.00    0.01    0.00    0.00      0.18      0.01
    1945    0.00    0.00    0.00    0.00    0.00    0.07    0.11    0.03    0.00    0.00    0.00    0.00      0.22      0.02
    1946    0.00    0.00    0.00    0.00    0.00    0.22    0.07    0.02    0.01    0.00    0.00    0.00      0.32      0.03
    1947    0.00    0.00    0.00    0.00    0.50    1.29    0.45    0.02    0.01    0.01    0.01    0.00      2.30      0.19
    1948    0.00    0.00    0.00    0.00    0.00    0.00    0.00    0.00    0.00    0.00    0.00    0.00      0.01      0.00
    1949    0.00    0.03    0.01    0.00    0.02    0.88    0.32    0.30    0.10    0.01    0.01    0.81      2.48      0.21
    1950    0.27    0.10    0.03    0.00    0.02    0.01    0.00    0.00    0.00    0.00    0.00    0.00      0.43      0.04
    1951    0.00    0.00    0.00    0.00    1.05    0.35    0.01    0.00    0.00    0.25    0.09    0.00      1.76      0.15
    1952    0.00    0.02    0.01    0.00    0.04    0.21    0.07    0.00    0.00    0.00    0.00    0.00      0.35      0.03
    1953    0.02    0.01    0.34    0.11    0.00    1.78    0.66    0.07    0.02    0.01    0.01    0.00      3.03      0.25
    1954    0.00    0.06    0.02    0.01    0.01    0.01    0.02    0.01    0.00    0.00    0.00    0.00      0.14      0.01
    1955    0.00    0.06    0.02    0.08    0.04    1.21    0.41    0.01    0.01    0.01    0.00    0.00      1.86      0.16
    1956    0.01    0.06    0.09    0.03    0.01    0.02    0.01    0.00    0.00    0.00    0.00    0.02      0.25      0.02
    1957    0.01    0.00    0.02    0.01    0.00    0.00    0.00    0.32    0.11    0.00    0.00    0.00      0.48      0.04
    1958    0.00    0.00    0.01    0.00    0.03    0.01    0.00    0.00    0.00    0.00    0.00    0.00      0.06      0.00
    1959    0.00    0.00    0.00    0.00    0.00    0.14    0.05    0.00    0.00    0.00    0.00    0.00      0.19      0.02
    1960    0.00    0.00    0.00    0.00    0.00   12.97    5.70    0.50    0.10    0.23    0.07    0.06     19.63      1.64
    1961    0.03    0.01    0.00    0.00    0.00    0.01    0.01    0.01    0.02    0.03    0.03    0.02      0.17      0.01
    1962    0.02    0.02    0.01    0.21    0.07    0.01    0.01    0.00    0.00    0.00    0.00    0.00      0.35      0.03
    1963    0.02    0.16    0.06    0.00    0.01    0.00    0.00    0.00    0.00    0.00    0.00    0.17      0.41      0.03
    1964    0.06    0.01    0.00    0.00    0.00    0.60    0.67    0.17    0.01    0.01    0.00    0.00      1.54      0.13
    1965    0.00    0.04    0.01    0.00    0.00    0.00    0.00    0.00    0.00    0.00    0.00    0.00      0.05      0.00
    1966    0.00    0.00    0.00    0.00    0.00    0.13    0.14    0.93    0.32    0.01    0.01    0.01      1.55      0.13
    1967    0.00    0.00    0.00    0.00    0.00    0.40    0.14    0.10    0.03    0.01    0.01    0.01      0.69      0.06
    1968    0.00    0.00    0.00    0.00    0.81    0.45    0.06    0.00    0.00    0.00    0.00    0.00      1.34      0.11
    1969    0.01    0.00    0.00    0.00    0.00    0.00    0.00    0.12    0.04    0.00    0.29    0.10      0.57      0.05
    1970    0.00    0.00    0.01    0.00    0.03    0.02    0.01    0.00    0.00    0.17    0.22    0.06      0.51      0.04
    1971    0.00    0.00    0.00    0.33    0.11    0.22    0.08    0.00    0.00    0.00    0.00    0.00      0.76      0.06
    1972    0.00    0.00    0.00    0.00    0.00    4.56    1.60    0.03    0.03    0.02    0.02    0.01      6.26      0.52
    1973    0.40    0.13    0.02    2.68    8.56    3.04    0.20    0.04    0.03    0.03    0.02    0.01     15.17      1.26
    1974    0.01    0.07    0.02    0.00    0.00    0.59    0.20    0.01    0.00    0.00    0.00    0.00      0.92      0.08
    1975    0.00    0.00    0.06    1.65    1.91    3.70    1.10    0.07    0.03    0.02    0.02    0.01      8.58      0.71
    1976    0.15    0.05    0.00    0.00    0.52    0.28    0.33    0.11    0.01    0.00    0.00    0.00      1.46      0.12
    1977    0.00    0.00    0.12    0.05    0.00    0.00    0.00    0.00    0.00    0.00    0.00    0.00      0.18      0.02
    1978    0.00    0.00    0.00    0.00    0.04    0.01    0.00    0.00    0.00    0.01    0.00    0.00      0.07      0.01
    1979    0.00    0.00    0.00    0.00    0.00    0.00    0.00    0.00    0.00    0.00    0.00    0.00      0.01      0.00
    1980    0.00    0.01    0.00    0.05    0.02    0.93    0.31    0.05    0.02    0.00    1.00    0.34      2.74      0.23
    1981    0.17    0.06    0.00    0.00    0.00    0.00    1.59    0.54    0.01    0.01    0.01    0.00      2.40      0.20
    1982    0.08    0.03    0.00    0.00    0.00    0.00    0.00    0.00    0.00    0.00    0.00    0.00      0.11      0.01
    1983    0.00    0.01    0.00    0.00    0.00    0.01    0.00    0.00    0.00    0.00    0.00    0.00      0.02      0.00
    1984    0.00    0.00    0.00    0.10    0.04    0.00    0.00    0.00    0.00    0.00    0.00    0.00      0.15      0.01
    1985    0.04    0.15    1.15    0.38    0.00    0.01    0.10    0.03    0.06    0.02    0.00    0.00      1.94      0.16
    1986    0.01    0.00    0.00    0.00    0.00    0.00    0.02    0.01    0.00    0.00    0.00    0.04      0.09      0.01
    1987    0.01    0.00    0.00    0.00    0.22    1.04    0.36    0.01    0.01    0.01    0.00    0.00      1.66      0.14
    1988    0.00    0.00    0.26    0.09    0.08    0.03    0.06    0.02    0.00    0.00    0.00    0.00      0.54      0.05
    1989    0.00    0.36    0.12    0.01    0.02    0.01    0.42    0.14    0.00    0.00    0.00    0.00      1.09      0.09
    1990    0.00    0.00    0.00    0.01    0.00    0.00    0.00    0.00    0.01    0.00    0.00    0.04      0.07      0.01
    1991    0.58    0.19    0.00    0.00    0.00    0.03    0.01    0.00    0.00    0.00    0.00    0.00      0.81      0.07
    1992    0.00    0.00    0.00    0.00    0.05    0.02    0.00    0.00    0.00    0.00    0.00    0.00      0.07      0.01
    1993    0.00    0.00    0.04    0.01    0.10    0.31    0.10    0.00    0.00    0.00    0.00    0.00      0.56      0.05
    1994    0.00    0.00    0.00    0.00    0.00    0.09    0.03    0.01    0.00    0.00    0.00    0.00      0.14      0.01
    1995    0.00    0.00    1.50    0.50    0.11    0.04    0.00    0.00    0.00    0.01    0.00    0.00      2.17      0.18
    1996    0.03    1.19    0.39    0.00    0.00    3.20    1.08    0.02    0.02    0.01    0.01    0.01      5.96      0.50
    1997    0.00    0.00    0.00    0.03    0.02    0.14    0.05    0.00    0.00    0.00    0.00    0.00      0.25      0.02
    1998    0.00    0.00    0.00    0.00    0.00    0.05    0.02    0.00    0.00    0.00    0.00    0.00      0.07      0.01
    1999    0.03    0.01    0.47    0.16    1.46    4.95    1.51    0.04    0.03    0.02    0.02    0.01      8.70      0.73
    2000    0.00    0.00    0.00    0.00    0.00    0.15    0.12    0.02    0.00    0.04    0.02    0.25      0.61      0.05
    2001    0.09    0.17    0.06    0.01    0.00    0.01    0.00    0.01    0.00    0.00    0.00    0.00      0.35      0.03
    2002    0.00    0.00    0.36    0.12    0.00    0.08    0.03    0.00    0.00    0.00    0.00    0.00      0.59      0.05
    2003    0.02    0.01    0.00    0.00    0.06    0.03    0.52    0.18    0.01    0.00    0.00    0.00      0.83      0.07
    2004    0.00    0.00    0.00    0.02    0.01    0.00    0.05    0.05    0.01    0.00    0.00    0.00      0.15      0.01
    2005    0.00    0.13    0.04    0.37    0.23    0.04    0.01    0.51    0.18    0.01    0.20    0.07      1.78      0.15
    2006    0.00    0.00    0.00    0.00    0.00    0.00    0.05    0.02    0.00    0.00    0.00    0.00      0.08      0.01
    2007    0.03    0.01    0.31    0.11    0.04    0.13    0.04    0.10    0.04    0.00    0.00    0.00      0.82      0.07
    2008    0.00    0.00    0.00    0.00    0.43    0.17    0.49    0.17    0.01    0.00    0.00    0.00      1.27      0.11
    2009    0.00    0.01    0.00    0.00    0.64    0.35    0.05    0.00    0.00    0.00    0.00    0.00      1.07      0.09
  
 AVERAGE    0.03    0.06    0.10    0.10    0.33    0.60    0.26    0.07    0.02    0.01    0.04    0.03      1.65      0.14
