    1920    0.00    0.00    0.00    0.00    7.04    2.68    1.53    0.50    0.07    0.06    0.05    0.04     11.97      1.00
    1921    0.03    0.05    0.02    0.06    0.02    0.00    0.00    0.00    0.00    0.00    0.00    0.00      0.18      0.01
    1922    0.00    0.00    0.00    0.01    0.26    0.09    0.00    0.00    0.00    0.00    0.00    0.00      0.37      0.03
    1923    0.00    0.02    0.01    0.00    0.00    0.00    0.00    0.00    0.00    0.00    0.00    0.00      0.03      0.00
    1924    0.00    0.00    0.00    0.00    0.00    0.57    0.26    0.04    0.57    0.20    0.01    0.01      1.67      0.14
    1925    0.01    0.01    0.00    0.00    0.00    0.00    0.00    0.00    0.00    0.00    0.00    0.00      0.03      0.00
    1926    0.00    0.00    0.00    0.00    0.00    0.00    0.00    0.00    0.00    0.00    0.00    0.00      0.02      0.00
    1927    0.00    0.00    0.00    0.00    0.00    5.82    1.97    0.06    0.05    0.04    0.03    0.03      8.01      0.67
    1928    0.02    0.01    0.01    0.00    0.00    0.50    0.17    0.01    0.01    0.01    0.09    0.08      0.90      0.08
    1929    0.02    0.00    0.00    0.00    0.03    0.01    0.00    0.00    0.00    0.00    0.00    0.00      0.07      0.01
    1930    0.00    0.00    0.00    1.02    0.35    0.08    0.03    0.01    0.01    0.00    0.00    0.00      1.51      0.13
    1931    0.00    0.00    0.00    0.00    0.02    0.01    0.00    0.02    0.01    0.00    0.00    0.00      0.07      0.01
    1932    0.00    0.00    0.00    0.00    0.00    0.00    0.00    0.00    0.00    0.00    0.00    0.00      0.01      0.00
    1933    0.00    0.76    0.26    0.00    0.12    0.04    0.04    0.02    0.00    0.00    0.00    0.00      1.25      0.10
    1934    0.00    1.86    0.63    0.01    0.02    0.01    0.03    0.02    0.05    0.01    0.00    0.00      2.66      0.22
    1935    0.00    0.00    0.00    0.00    0.00    0.19    0.06    0.00    0.00    0.00    0.00    0.00      0.26      0.02
    1936    0.00    0.00    0.00    0.00    0.00    0.00    0.00    0.00    0.00    0.00    0.00    0.00      0.02      0.00
    1937    0.00    0.00    0.06    0.02    0.00    0.03    0.24    0.08    0.00    0.02    0.01    0.00      0.46      0.04
    1938    0.00    0.00    0.00    0.28    0.54    0.15    0.01    0.00    0.00    0.00    0.93    0.32      2.25      0.19
    1939    0.01    0.01    0.00    0.00    0.13    0.10    0.02    0.00    0.00    0.00    0.00    0.00      0.28      0.02
    1940    0.00    0.00    0.00    0.09    0.03    0.00    0.19    0.06    0.00    0.00    0.03    0.01      0.41      0.03
    1941    0.00    0.00    0.00    0.00    0.00    0.00    0.00    0.00    0.00    0.00    0.00    0.00      0.00      0.00
    1942    0.11    0.04    0.00    0.00    0.00    0.00    0.01    0.00    0.00    0.00    0.03    0.01      0.20      0.02
    1943    0.00    0.26    0.09    0.00    0.00    0.01    0.00    0.00    0.00    0.00    0.00    0.00      0.37      0.03
    1944    0.00    0.00    0.00    0.00    0.00    0.00    0.00    0.00    0.00    0.00    0.00    0.00      0.00      0.00
    1945    0.00    0.00    0.00    0.00    0.01    0.00    0.15    0.05    0.00    0.00    0.00    0.00      0.23      0.02
    1946    0.00    0.00    0.00    0.00    0.00    0.08    0.03    0.00    0.00    0.00    0.00    0.00      0.12      0.01
    1947    0.00    0.00    0.00    0.00    0.01    0.66    0.24    0.01    0.01    0.01    0.00    0.00      0.94      0.08
    1948    0.00    0.00    0.00    0.00    0.00    0.01    0.00    0.00    0.00    0.00    0.00    0.00      0.01      0.00
    1949    0.00    0.00    0.00    0.00    0.01    0.76    0.34    0.07    0.01    0.01    0.01    0.22      1.43      0.12
    1950    0.08    0.07    0.03    0.00    0.00    0.00    0.00    0.00    0.00    0.00    0.00    0.00      0.18      0.02
    1951    0.00    0.00    0.00    0.00    0.17    0.06    0.00    0.00    0.00    1.58    0.54    0.02      2.38      0.20
    1952    0.01    0.01    0.00    0.00    0.01    0.01    0.00    0.00    0.00    0.00    0.00    0.00      0.05      0.00
    1953    0.00    0.12    0.52    0.16    0.00    1.17    0.41    0.12    0.04    0.01    0.01    0.01      2.56      0.21
    1954    0.01    0.00    0.00    0.00    0.00    0.01    0.08    0.03    0.00    0.00    0.00    0.00      0.14      0.01
    1955    0.00    0.02    0.01    0.00    0.00    0.46    0.16    0.01    0.00    0.00    0.00    0.00      0.68      0.06
    1956    0.00    0.00    0.02    0.01    0.00    0.00    0.00    0.00    0.00    0.00    0.00    0.10      0.14      0.01
    1957    0.04    0.00    0.00    0.00    0.00    0.00    0.00    0.09    0.03    0.00    0.00    0.00      0.16      0.01
    1958    0.00    0.00    0.00    0.00    0.00    0.00    0.00    0.01    0.00    0.00    0.00    0.00      0.01      0.00
    1959    0.00    0.00    0.00    0.00    0.00    0.13    0.04    0.00    0.00    0.00    0.00    0.00      0.18      0.01
    1960    0.00    0.00    0.00    0.00    0.00    2.93    1.82    0.30    0.04    0.11    0.04    0.02      5.26      0.44
    1961    0.02    0.01    0.01    0.00    0.00    0.00    0.00    0.00    0.00    0.00    0.00    0.00      0.04      0.00
    1962    0.00    0.00    0.00    0.02    0.01    0.02    0.05    0.02    0.00    0.00    0.00    0.00      0.12      0.01
    1963    0.00    0.28    0.09    0.00    0.00    0.00    0.00    0.00    0.00    0.00    0.00    0.05      0.43      0.04
    1964    0.02    0.00    0.00    0.00    0.00    1.43    0.54    0.02    0.01    0.01    0.01    0.01      2.04      0.17
    1965    0.01    0.00    0.00    0.00    0.00    0.00    0.00    0.00    0.00    0.00    0.00    0.00      0.01      0.00
    1966    0.00    0.00    0.00    0.00    0.00    0.04    0.11    0.06    0.02    0.00    0.00    0.00      0.23      0.02
    1967    0.00    0.00    0.00    0.00    0.00    0.42    0.14    0.10    0.04    0.00    0.00    0.00      0.71      0.06
    1968    0.00    0.00    0.00    0.00    2.48    0.88    0.02    0.02    0.02    0.01    0.01    0.01      3.46      0.29
    1969    0.01    0.00    0.00    0.00    0.00    0.00    0.00    0.17    0.06    0.00    0.00    0.00      0.25      0.02
    1970    0.00    0.00    0.00    0.00    0.00    0.00    0.00    0.00    0.00    0.01    0.00    0.00      0.02      0.00
    1971    0.00    0.00    0.00    0.26    0.09    0.37    0.13    0.01    0.00    0.00    0.00    0.00      0.87      0.07
    1972    0.00    0.00    0.00    0.00    0.00    1.19    0.49    0.03    0.01    0.01    0.01    0.01      1.74      0.15
    1973    0.10    0.04    0.04    0.76    4.24    1.74    0.16    0.04    0.03    0.03    0.02    0.02      7.22      0.60
    1974    0.01    0.01    0.00    0.01    0.00    0.33    0.11    0.00    0.00    0.00    0.00    0.00      0.49      0.04
    1975    0.00    0.00    0.00    0.74    0.40    3.74    1.26    0.04    0.04    0.03    0.03    0.02      6.31      0.53
    1976    0.07    0.02    0.01    0.00    0.63    0.23    0.32    0.11    0.01    0.01    0.01    0.00      1.42      0.12
    1977    0.00    0.00    0.00    0.00    0.00    0.00    0.00    0.00    0.00    0.00    0.00    0.00      0.01      0.00
    1978    0.00    0.00    0.00    0.00    0.01    0.00    0.00    0.00    0.00    0.00    0.00    0.00      0.02      0.00
    1979    0.00    0.00    0.00    0.00    0.00    0.01    0.00    0.00    0.00    0.00    0.00    0.00      0.01      0.00
    1980    0.00    0.00    0.00    0.00    0.00    0.35    0.12    0.00    0.00    0.00    0.32    0.11      0.91      0.08
    1981    0.00    0.00    0.00    0.00    0.00    0.00    0.23    0.08    0.00    0.00    0.00    0.00      0.34      0.03
    1982    0.01    0.00    0.00    0.00    0.00    0.00    0.00    0.00    0.00    0.00    0.00    0.00      0.02      0.00
    1983    0.00    0.00    0.00    0.00    0.00    0.00    0.00    0.00    0.00    0.00    0.00    0.00      0.00      0.00
    1984    0.00    0.00    0.00    0.00    0.00    0.00    0.00    0.00    0.00    0.00    0.00    0.00      0.00      0.00
    1985    0.00    0.01    0.46    0.16    0.00    0.01    0.03    0.01    0.23    0.08    0.00    0.00      1.01      0.08
    1986    0.00    0.00    0.00    0.00    0.00    0.00    0.00    0.00    0.00    0.00    0.00    0.00      0.01      0.00
    1987    0.00    0.00    0.00    0.00    0.12    3.84    1.32    0.04    0.03    0.03    0.02    0.02      5.41      0.45
    1988    0.01    0.01    0.27    0.09    0.50    0.17    0.02    0.01    0.00    0.00    0.00    0.00      1.10      0.09
    1989    0.00    0.00    0.00    0.00    0.00    0.00    0.17    0.06    0.00    0.00    0.00    0.00      0.24      0.02
    1990    0.00    0.00    0.00    0.00    0.00    0.00    0.00    0.00    0.00    0.00    0.00    0.06      0.06      0.00
    1991    0.29    0.09    0.00    0.00    0.00    0.00    0.00    0.00    0.00    0.00    0.00    0.00      0.38      0.03
    1992    0.00    0.00    0.00    0.00    0.01    0.00    0.00    0.00    0.00    0.00    0.00    0.00      0.02      0.00
    1993    0.00    0.00    0.00    0.00    0.21    0.83    0.26    0.01    0.01    0.01    0.01    0.00      1.33      0.11
    1994    0.00    0.00    0.00    0.00    0.00    0.05    0.02    0.01    0.00    0.00    0.00    0.00      0.09      0.01
    1995    0.00    0.05    0.37    0.12    0.00    0.00    0.01    0.00    0.00    0.18    0.06    0.00      0.80      0.07
    1996    0.02    0.64    0.22    0.00    0.00    0.92    0.31    0.01    0.01    0.01    0.01    0.00      2.16      0.18
    1997    0.00    0.00    0.00    0.06    0.32    0.35    0.09    0.01    0.00    0.00    0.01    0.00      0.85      0.07
    1998    0.00    0.00    0.00    0.00    0.00    0.00    0.00    0.00    0.00    0.00    0.00    0.00      0.01      0.00
    1999    0.36    0.12    0.07    0.02    1.25    1.52    0.39    0.02    0.02    0.02    0.01    0.01      3.82      0.32
    2000    0.01    0.00    0.00    0.00    0.00    0.06    0.45    0.15    0.01    0.04    0.01    0.04      0.78      0.06
    2001    0.02    0.02    0.01    0.00    0.00    0.02    0.01    0.01    0.00    0.00    0.00    0.00      0.08      0.01
    2002    0.00    0.00    0.01    0.00    0.00    0.02    0.01    0.00    0.00    0.00    0.00    0.00      0.05      0.00
    2003    0.00    0.00    0.00    0.00    0.00    0.00    0.10    0.04    0.00    0.00    0.00    0.00      0.15      0.01
    2004    0.00    0.00    0.00    0.00    0.00    0.00    0.00    0.00    0.00    0.00    0.00    0.00      0.01      0.00
    2005    0.00    0.00    0.00    0.04    0.04    0.01    0.01    0.35    0.12    0.00    0.00    0.00      0.57      0.05
    2006    0.00    0.00    0.00    0.00    0.00    0.00    0.00    0.00    0.00    0.00    0.00    0.00      0.00      0.00
    2007    0.00    0.00    0.25    0.09    0.06    0.08    0.02    0.05    0.02    0.00    0.00    0.00      0.58      0.05
    2008    0.00    0.00    0.00    0.00    0.33    0.11    0.10    0.03    0.00    0.00    0.00    0.00      0.59      0.05
    2009    0.00    0.00    0.00    0.00    0.38    0.13    0.00    0.00    0.00    0.00    0.00    0.00      0.52      0.04
  
 AVERAGE    0.01    0.05    0.04    0.05    0.22    0.39    0.17    0.03    0.02    0.03    0.03    0.01      1.05      0.09
