    1920    0.00    0.00    0.00    0.00   11.99    4.53    3.26    1.07    0.07    0.06    0.04    0.02     21.03      1.75
    1921    0.00    0.02    0.00    0.30    0.10    0.00    0.00    0.00    0.00    0.00    0.00    0.00      0.44      0.04
    1922    0.00    0.18    0.06    0.00    1.36    0.45    0.00    0.00    0.00    0.00    0.00    0.00      2.06      0.17
    1923    0.00    0.06    0.02    0.00    0.02    0.01    0.00    0.00    0.00    0.00    0.00    0.00      0.11      0.01
    1924    0.00    0.00    0.00    0.00    0.61    0.86    0.22    0.08    0.21    0.08    0.01    0.00      2.06      0.17
    1925    0.00    0.00    0.00    0.00    0.00    0.00    0.00    0.01    0.00    0.00    0.00    0.00      0.01      0.00
    1926    0.00    0.00    0.00    0.00    0.00    0.00    0.01    0.00    0.00    0.00    0.00    0.00      0.02      0.00
    1927    0.00    0.00    0.00    0.00    0.00    3.46    1.15    0.02    0.01    0.01    0.00    0.00      4.65      0.39
    1928    0.00    0.00    0.00    0.00    0.00    0.20    0.07    0.01    0.03    0.01    0.06    0.16      0.55      0.05
    1929    0.05    0.00    0.00    0.00    0.02    0.01    0.00    0.00    0.00    0.00    0.00    0.00      0.07      0.01
    1930    0.00    0.00    0.00    0.08    0.02    0.02    0.02    0.00    0.00    0.00    0.00    0.00      0.15      0.01
    1931    0.00    0.00    0.00    0.00    0.08    0.03    0.00    0.12    0.04    0.00    0.00    0.00      0.28      0.02
    1932    0.00    0.00    0.00    0.00    0.00    0.00    0.00    0.00    0.00    0.00    0.00    0.00      0.00      0.00
    1933    0.00    0.18    0.06    0.03    0.05    0.16    0.05    0.00    0.00    0.00    0.00    0.00      0.54      0.04
    1934    0.02    0.05    0.01    0.00    0.00    0.00    0.03    0.03    0.05    0.02    0.00    0.00      0.21      0.02
    1935    0.00    0.01    0.00    0.00    0.00    0.00    0.00    0.00    0.00    0.00    0.00    0.00      0.01      0.00
    1936    0.00    0.09    0.03    0.03    0.02    0.00    0.00    0.00    0.00    0.00    0.00    0.00      0.17      0.01
    1937    0.00    0.00    0.80    0.26    0.00    0.00    0.21    0.07    0.01    0.01    0.00    0.00      1.36      0.11
    1938    0.00    0.00    0.00    0.30    0.42    0.11    0.00    0.00    0.00    0.00    3.21    1.07      5.11      0.43
    1939    0.00    0.00    0.00    0.00    1.28    0.87    0.15    0.00    0.00    0.00    0.00    0.00      2.32      0.19
    1940    0.00    0.00    0.00    0.09    0.03    0.00    0.15    0.05    0.01    0.00    0.01    0.00      0.35      0.03
    1941    0.01    0.00    0.00    0.00    0.00    0.00    0.00    0.00    0.00    0.00    0.00    0.00      0.01      0.00
    1942    0.18    0.06    0.03    0.01    0.00    0.00    0.00    0.00    0.00    0.00    0.17    0.06      0.51      0.04
    1943    0.00    0.07    0.02    0.00    0.00    0.01    0.00    0.00    0.00    0.00    0.00    0.00      0.11      0.01
    1944    0.00    0.00    0.00    0.00    0.00    0.04    0.01    0.00    0.00    0.01    0.00    0.00      0.07      0.01
    1945    0.02    0.01    0.00    0.00    0.00    0.02    0.13    0.04    0.00    0.00    0.00    0.00      0.22      0.02
    1946    0.00    0.00    0.00    0.00    0.00    0.59    0.20    0.02    0.01    0.00    0.00    0.00      0.83      0.07
    1947    0.00    0.00    0.00    0.01    0.02    0.37    0.15    0.01    0.00    0.00    0.00    0.00      0.56      0.05
    1948    0.00    0.00    0.00    0.00    0.00    0.01    0.00    0.00    0.00    0.00    0.00    0.00      0.02      0.00
    1949    0.00    0.01    0.00    0.00    0.01    0.99    0.71    0.15    0.01    0.01    0.00    0.49      2.38      0.20
    1950    0.16    0.07    0.02    0.00    0.06    0.02    0.00    0.00    0.00    0.00    0.00    0.00      0.34      0.03
    1951    0.00    0.00    0.00    0.00    0.60    0.20    0.00    0.00    0.00    2.51    0.85    0.02      4.18      0.35
    1952    0.00    0.25    0.08    0.00    0.29    0.19    0.04    0.00    0.00    0.01    0.00    0.00      0.87      0.07
    1953    0.00    0.10    2.19    0.70    0.00    1.26    0.60    0.32    0.09    0.01    0.01    0.01      5.29      0.44
    1954    0.00    0.00    0.00    0.03    0.01    0.00    0.06    0.02    0.00    0.00    0.00    0.00      0.13      0.01
    1955    0.00    0.38    0.12    0.03    0.01    0.57    0.19    0.00    0.00    0.00    0.00    0.00      1.31      0.11
    1956    0.04    0.02    0.03    0.01    0.00    0.01    0.00    0.00    0.00    0.00    0.00    0.01      0.12      0.01
    1957    0.00    0.00    0.00    0.00    0.00    0.00    0.00    0.08    0.03    0.00    0.00    0.00      0.11      0.01
    1958    0.00    0.00    0.00    0.00    0.02    0.01    0.00    0.07    0.02    0.00    0.00    0.00      0.13      0.01
    1959    0.00    0.00    0.00    0.00    0.00    0.01    0.00    0.00    0.00    0.00    0.00    0.00      0.01      0.00
    1960    0.00    0.00    0.00    0.00    0.00    5.73    2.56    0.24    0.26    1.95    0.65    0.03     11.40      0.95
    1961    0.01    0.00    0.00    0.00    0.00    0.00    0.00    0.00    0.16    0.06    0.01    0.01      0.26      0.02
    1962    0.00    0.00    0.00    0.00    0.00    0.00    0.00    0.00    0.01    0.01    0.01    0.01      0.05      0.00
    1963    0.00    0.03    0.01    0.00    0.00    0.00    0.00    0.00    0.01    0.00    0.00    0.28      0.34      0.03
    1964    0.09    0.12    0.04    0.00    0.00    0.08    0.35    0.11    0.00    0.00    0.00    0.00      0.79      0.07
    1965    0.00    0.05    0.02    0.00    0.00    0.02    0.01    0.00    0.00    0.00    0.00    0.00      0.10      0.01
    1966    0.00    0.00    0.00    0.00    0.00    0.02    0.03    0.42    0.21    0.02    0.00    0.00      0.70      0.06
    1967    0.00    0.00    0.00    0.00    0.00    0.01    0.00    0.22    0.07    0.00    0.00    0.00      0.31      0.03
    1968    0.12    0.04    0.00    0.00    0.03    0.01    0.01    0.00    0.00    0.00    0.00    0.00      0.22      0.02
    1969    0.00    0.00    0.00    0.00    0.01    0.00    0.00    0.00    0.00    0.00    0.05    0.02      0.07      0.01
    1970    0.00    0.00    0.00    0.00    0.00    0.14    0.05    0.00    0.00    0.29    0.19    0.03      0.69      0.06
    1971    0.00    0.00    0.00    0.06    0.02    0.12    0.04    0.00    0.00    0.00    0.00    0.00      0.25      0.02
    1972    0.00    0.00    0.00    0.00    0.00    0.43    0.15    0.00    0.00    0.10    0.04    0.00      0.72      0.06
    1973    0.01    0.00    0.00    0.05    2.59    0.91    0.02    0.00    0.04    0.01    0.16    0.05      3.86      0.32
    1974    0.00    0.00    0.00    0.01    0.00    0.09    0.03    0.08    0.03    0.00    0.00    0.00      0.25      0.02
    1975    0.00    0.00    0.85    0.86    0.57    0.25    0.04    0.08    0.03    0.00    0.00    0.00      2.67      0.22
    1976    0.00    0.04    0.01    0.00    0.31    0.10    0.13    0.05    0.00    0.00    0.02    0.01      0.68      0.06
    1977    0.00    0.00    0.18    0.06    0.00    0.00    0.00    0.00    0.00    0.00    0.00    0.00      0.26      0.02
    1978    0.00    0.00    0.00    0.00    0.00    0.00    0.00    0.00    0.03    0.01    0.00    0.00      0.05      0.00
    1979    0.00    0.00    0.00    0.00    0.00    0.06    0.02    0.00    0.00    0.00    0.01    0.01      0.10      0.01
    1980    0.00    0.01    0.00    0.07    0.02    0.90    0.30    0.00    0.00    0.00    0.79    0.27      2.37      0.20
    1981    0.02    0.00    0.00    0.00    0.00    0.00    0.51    0.17    0.00    0.00    0.00    0.00      0.72      0.06
    1982    0.01    0.00    0.00    0.00    0.00    0.00    0.00    0.01    0.00    0.00    0.00    0.00      0.03      0.00
    1983    0.00    0.00    0.00    0.00    0.00    0.02    0.01    0.00    0.00    0.00    0.00    0.00      0.04      0.00
    1984    0.02    0.01    0.00    0.09    0.03    0.00    0.00    0.01    0.00    0.00    0.00    0.00      0.17      0.01
    1985    0.01    0.06    0.64    0.20    0.00    0.01    0.09    0.03    0.56    0.19    0.00    0.00      1.80      0.15
    1986    0.00    0.00    0.00    0.00    0.00    0.00    0.02    0.01    0.00    0.01    0.00    0.26      0.30      0.03
    1987    0.09    0.00    0.00    0.00    0.00    1.07    0.44    0.03    0.01    0.00    0.00    0.01      1.65      0.14
    1988    0.00    0.00    0.12    0.04    0.00    0.00    0.04    0.01    0.00    0.00    0.00    0.00      0.23      0.02
    1989    0.00    0.00    0.00    0.00    0.01    0.00    0.25    0.08    0.00    0.00    0.00    0.00      0.35      0.03
    1990    0.00    0.00    0.02    0.01    0.00    0.00    0.00    0.00    0.02    0.01    0.00    0.01      0.06      0.01
    1991    0.43    0.14    0.00    0.00    0.00    0.00    0.00    0.00    0.00    0.00    0.00    0.00      0.57      0.05
    1992    0.00    0.00    0.00    0.00    0.00    0.00    0.00    0.02    0.01    0.00    0.00    0.00      0.03      0.00
    1993    0.00    0.00    0.00    0.00    0.00    0.70    0.24    0.00    0.00    0.00    0.00    0.00      0.95      0.08
    1994    0.00    0.00    0.00    0.01    0.00    0.11    0.04    0.00    0.00    0.00    0.03    0.01      0.19      0.02
    1995    0.00    0.01    1.88    0.61    0.01    0.00    0.00    0.00    0.00    0.06    0.02    0.00      2.58      0.22
    1996    0.12    0.87    0.27    0.00    0.00    1.70    0.57    0.01    0.25    0.09    0.00    0.00      3.88      0.32
    1997    0.00    0.00    0.00    0.01    0.01    0.04    0.01    0.01    0.00    0.00    0.07    0.03      0.18      0.02
    1998    0.00    0.02    0.01    0.00    0.00    0.00    0.00    0.00    0.00    0.00    0.00    0.00      0.04      0.00
    1999    0.00    0.00    3.09    1.01    1.13    2.81    0.81    0.01    0.01    0.01    0.00    0.00      8.87      0.74
    2000    0.00    0.00    0.00    0.00    0.00    0.14    0.17    0.04    0.00    0.10    0.03    0.03      0.52      0.04
    2001    0.01    0.05    0.02    0.00    0.00    0.02    0.01    0.06    0.02    0.00    0.01    0.00      0.19      0.02
    2002    0.00    0.00    0.03    0.01    0.00    0.00    0.00    0.01    0.00    0.00    0.00    0.00      0.06      0.01
    2003    0.00    0.00    0.00    0.00    0.00    0.00    0.36    0.12    0.02    0.01    0.00    0.00      0.51      0.04
    2004    0.00    0.00    0.00    0.01    0.00    0.00    0.01    0.03    0.01    0.00    0.00    0.00      0.06      0.00
    2005    0.00    0.00    0.00    0.00    0.02    0.01    0.00    0.51    0.17    0.01    0.22    0.07      1.02      0.08
    2006    0.00    0.00    0.00    0.00    0.00    0.00    0.00    0.00    0.00    0.01    0.00    0.00      0.02      0.00
    2007    0.00    0.00    0.88    0.29    0.00    0.07    0.02    0.03    0.01    0.14    0.08    0.01      1.54      0.13
    2008    0.00    0.00    0.00    0.00    0.00    0.05    0.57    0.19    0.01    0.00    0.00    0.00      0.83      0.07
    2009    0.00    0.00    0.01    0.00    0.02    0.03    0.01    0.00    0.00    0.00    0.00    0.00      0.07      0.01
  
 AVERAGE    0.02    0.03    0.13    0.06    0.24    0.34    0.17    0.05    0.03    0.07    0.08    0.03      1.25      0.10
