    1920    0.00    0.00    0.00    0.00   14.60    5.53    3.98    1.31    0.10    0.08    0.06    0.04     25.69      2.14
    1921    0.01    0.03    0.01    0.37    0.12    0.00    0.00    0.00    0.00    0.01    0.01    0.00      0.56      0.05
    1922    0.00    0.22    0.07    0.00    1.66    0.55    0.01    0.00    0.00    0.00    0.00    0.00      2.52      0.21
    1923    0.00    0.07    0.02    0.00    0.02    0.01    0.00    0.00    0.00    0.00    0.00    0.00      0.13      0.01
    1924    0.00    0.00    0.00    0.00    0.75    1.04    0.27    0.10    0.25    0.10    0.01    0.00      2.52      0.21
    1925    0.00    0.00    0.00    0.00    0.00    0.00    0.00    0.01    0.00    0.00    0.00    0.00      0.02      0.00
    1926    0.00    0.00    0.00    0.00    0.00    0.00    0.02    0.01    0.00    0.00    0.00    0.00      0.03      0.00
    1927    0.00    0.00    0.00    0.00    0.00    4.21    1.41    0.02    0.02    0.01    0.01    0.00      5.69      0.47
    1928    0.00    0.00    0.00    0.00    0.00    0.24    0.08    0.01    0.04    0.01    0.08    0.20      0.67      0.06
    1929    0.06    0.00    0.00    0.00    0.02    0.01    0.00    0.00    0.00    0.00    0.00    0.00      0.09      0.01
    1930    0.01    0.00    0.00    0.09    0.03    0.03    0.02    0.01    0.00    0.00    0.00    0.00      0.19      0.02
    1931    0.00    0.00    0.00    0.00    0.10    0.03    0.00    0.15    0.05    0.00    0.00    0.00      0.34      0.03
    1932    0.00    0.00    0.00    0.00    0.00    0.00    0.00    0.00    0.00    0.00    0.00    0.00      0.00      0.00
    1933    0.00    0.22    0.07    0.04    0.06    0.19    0.06    0.00    0.00    0.00    0.00    0.00      0.66      0.05
    1934    0.02    0.06    0.02    0.00    0.00    0.00    0.04    0.03    0.06    0.02    0.00    0.00      0.26      0.02
    1935    0.00    0.01    0.00    0.00    0.00    0.00    0.00    0.00    0.00    0.00    0.00    0.00      0.01      0.00
    1936    0.00    0.11    0.04    0.04    0.02    0.00    0.00    0.00    0.00    0.00    0.00    0.00      0.21      0.02
    1937    0.00    0.00    0.97    0.32    0.00    0.00    0.26    0.09    0.01    0.01    0.00    0.00      1.67      0.14
    1938    0.00    0.00    0.00    0.37    0.51    0.13    0.00    0.00    0.00    0.00    3.91    1.31      6.23      0.52
    1939    0.01    0.00    0.00    0.00    1.56    1.06    0.19    0.01    0.01    0.00    0.00    0.00      2.84      0.24
    1940    0.00    0.00    0.00    0.11    0.04    0.00    0.18    0.06    0.01    0.00    0.02    0.01      0.43      0.04
    1941    0.01    0.00    0.00    0.00    0.00    0.00    0.00    0.00    0.00    0.00    0.00    0.00      0.02      0.00
    1942    0.21    0.07    0.04    0.01    0.00    0.00    0.00    0.00    0.00    0.00    0.20    0.07      0.62      0.05
    1943    0.00    0.09    0.03    0.00    0.00    0.01    0.00    0.00    0.00    0.00    0.00    0.00      0.13      0.01
    1944    0.00    0.00    0.00    0.00    0.00    0.05    0.02    0.00    0.00    0.01    0.00    0.00      0.09      0.01
    1945    0.03    0.01    0.00    0.00    0.00    0.02    0.15    0.05    0.00    0.00    0.00    0.00      0.27      0.02
    1946    0.00    0.00    0.00    0.00    0.00    0.72    0.24    0.03    0.01    0.00    0.00    0.00      1.01      0.08
    1947    0.00    0.00    0.00    0.01    0.03    0.45    0.18    0.01    0.00    0.00    0.00    0.00      0.69      0.06
    1948    0.00    0.00    0.00    0.00    0.00    0.02    0.01    0.00    0.00    0.00    0.00    0.00      0.03      0.00
    1949    0.00    0.02    0.01    0.00    0.01    1.20    0.87    0.18    0.01    0.01    0.01    0.60      2.91      0.24
    1950    0.20    0.09    0.03    0.00    0.07    0.02    0.00    0.00    0.00    0.00    0.00    0.00      0.41      0.03
    1951    0.00    0.00    0.00    0.00    0.73    0.25    0.00    0.00    0.00    3.05    1.04    0.02      5.10      0.42
    1952    0.01    0.30    0.10    0.00    0.35    0.24    0.04    0.00    0.00    0.01    0.00    0.00      1.07      0.09
    1953    0.00    0.12    2.67    0.86    0.00    1.54    0.73    0.40    0.11    0.02    0.02    0.01      6.47      0.54
    1954    0.00    0.00    0.00    0.03    0.01    0.00    0.07    0.03    0.00    0.00    0.00    0.00      0.17      0.01
    1955    0.00    0.47    0.15    0.04    0.01    0.69    0.23    0.00    0.00    0.00    0.00    0.00      1.61      0.13
    1956    0.04    0.02    0.04    0.01    0.00    0.01    0.00    0.00    0.00    0.01    0.00    0.01      0.15      0.01
    1957    0.00    0.00    0.00    0.00    0.00    0.00    0.00    0.09    0.03    0.00    0.00    0.00      0.13      0.01
    1958    0.00    0.00    0.00    0.00    0.02    0.01    0.00    0.09    0.03    0.00    0.00    0.00      0.15      0.01
    1959    0.00    0.00    0.00    0.00    0.00    0.01    0.00    0.00    0.00    0.00    0.00    0.00      0.02      0.00
    1960    0.00    0.00    0.00    0.00    0.00    6.97    3.11    0.29    0.31    2.38    0.80    0.04     13.91      1.16
    1961    0.01    0.00    0.00    0.00    0.00    0.00    0.00    0.01    0.20    0.07    0.02    0.01      0.33      0.03
    1962    0.01    0.00    0.00    0.00    0.00    0.00    0.00    0.01    0.01    0.01    0.02    0.01      0.07      0.01
    1963    0.01    0.04    0.01    0.00    0.00    0.00    0.00    0.00    0.02    0.01    0.00    0.34      0.42      0.03
    1964    0.11    0.14    0.05    0.00    0.00    0.10    0.43    0.13    0.00    0.00    0.00    0.00      0.97      0.08
    1965    0.00    0.06    0.02    0.00    0.00    0.02    0.01    0.00    0.00    0.00    0.00    0.00      0.12      0.01
    1966    0.00    0.00    0.00    0.00    0.00    0.02    0.03    0.51    0.25    0.03    0.00    0.00      0.85      0.07
    1967    0.00    0.00    0.00    0.00    0.00    0.01    0.00    0.26    0.09    0.00    0.00    0.00      0.38      0.03
    1968    0.14    0.05    0.00    0.00    0.03    0.02    0.02    0.01    0.00    0.00    0.00    0.00      0.27      0.02
    1969    0.00    0.00    0.00    0.00    0.01    0.00    0.00    0.00    0.00    0.00    0.05    0.02      0.09      0.01
    1970    0.00    0.00    0.00    0.00    0.00    0.17    0.06    0.00    0.00    0.35    0.23    0.04      0.85      0.07
    1971    0.00    0.00    0.00    0.07    0.02    0.15    0.05    0.00    0.00    0.00    0.00    0.00      0.30      0.03
    1972    0.00    0.00    0.00    0.00    0.00    0.52    0.18    0.00    0.00    0.13    0.04    0.00      0.88      0.07
    1973    0.01    0.00    0.00    0.06    3.15    1.11    0.03    0.01    0.05    0.02    0.20    0.07      4.71      0.39
    1974    0.00    0.00    0.00    0.02    0.01    0.11    0.04    0.10    0.03    0.00    0.00    0.00      0.31      0.03
    1975    0.00    0.00    1.03    1.05    0.69    0.30    0.06    0.10    0.03    0.00    0.00    0.00      3.26      0.27
    1976    0.00    0.04    0.01    0.00    0.37    0.13    0.15    0.07    0.01    0.00    0.03    0.01      0.83      0.07
    1977    0.00    0.00    0.22    0.08    0.00    0.01    0.00    0.00    0.00    0.00    0.00    0.00      0.31      0.03
    1978    0.00    0.00    0.00    0.00    0.00    0.00    0.00    0.00    0.04    0.02    0.00    0.00      0.06      0.00
    1979    0.00    0.00    0.00    0.00    0.00    0.07    0.02    0.00    0.00    0.00    0.02    0.01      0.12      0.01
    1980    0.00    0.01    0.00    0.08    0.03    1.09    0.37    0.01    0.01    0.00    0.96    0.33      2.89      0.24
    1981    0.02    0.01    0.00    0.00    0.00    0.00    0.62    0.21    0.01    0.00    0.00    0.00      0.88      0.07
    1982    0.01    0.01    0.00    0.00    0.00    0.00    0.00    0.01    0.00    0.00    0.00    0.00      0.03      0.00
    1983    0.00    0.00    0.00    0.00    0.00    0.03    0.01    0.00    0.00    0.00    0.00    0.00      0.05      0.00
    1984    0.03    0.01    0.00    0.11    0.04    0.00    0.00    0.01    0.00    0.00    0.00    0.00      0.21      0.02
    1985    0.01    0.07    0.78    0.25    0.00    0.02    0.11    0.04    0.68    0.23    0.01    0.00      2.21      0.18
    1986    0.00    0.00    0.00    0.00    0.00    0.00    0.03    0.01    0.00    0.01    0.00    0.32      0.37      0.03
    1987    0.11    0.00    0.00    0.00    0.00    1.30    0.54    0.04    0.01    0.01    0.00    0.01      2.02      0.17
    1988    0.00    0.00    0.15    0.05    0.00    0.00    0.05    0.02    0.00    0.00    0.00    0.00      0.28      0.02
    1989    0.00    0.00    0.00    0.00    0.01    0.00    0.30    0.10    0.00    0.00    0.00    0.00      0.43      0.04
    1990    0.00    0.00    0.02    0.01    0.00    0.00    0.00    0.00    0.02    0.01    0.00    0.01      0.07      0.01
    1991    0.52    0.17    0.00    0.00    0.00    0.00    0.00    0.00    0.00    0.00    0.00    0.00      0.70      0.06
    1992    0.00    0.00    0.00    0.00    0.00    0.00    0.00    0.02    0.01    0.00    0.00    0.00      0.04      0.00
    1993    0.00    0.00    0.00    0.00    0.00    0.86    0.29    0.00    0.00    0.00    0.00    0.00      1.16      0.10
    1994    0.00    0.00    0.00    0.01    0.00    0.13    0.04    0.00    0.00    0.00    0.03    0.01      0.24      0.02
    1995    0.00    0.01    2.29    0.75    0.01    0.00    0.00    0.00    0.00    0.08    0.03    0.00      3.17      0.26
    1996    0.15    1.06    0.33    0.00    0.00    2.07    0.69    0.01    0.31    0.11    0.01    0.00      4.75      0.40
    1997    0.00    0.00    0.00    0.01    0.01    0.05    0.02    0.01    0.00    0.00    0.09    0.04      0.22      0.02
    1998    0.00    0.02    0.02    0.00    0.00    0.00    0.00    0.00    0.00    0.00    0.00    0.00      0.05      0.00
    1999    0.00    0.00    3.76    1.24    1.38    3.42    0.99    0.02    0.01    0.01    0.01    0.00     10.84      0.90
    2000    0.00    0.00    0.00    0.00    0.00    0.17    0.20    0.05    0.00    0.12    0.04    0.04      0.63      0.05
    2001    0.01    0.06    0.02    0.00    0.00    0.02    0.01    0.08    0.03    0.00    0.01    0.00      0.24      0.02
    2002    0.00    0.00    0.04    0.01    0.00    0.00    0.00    0.01    0.00    0.00    0.00    0.00      0.08      0.01
    2003    0.00    0.00    0.00    0.00    0.00    0.00    0.44    0.15    0.02    0.01    0.00    0.00      0.63      0.05
    2004    0.00    0.00    0.00    0.01    0.00    0.00    0.01    0.04    0.01    0.00    0.00    0.00      0.07      0.01
    2005    0.00    0.00    0.00    0.00    0.03    0.01    0.00    0.62    0.21    0.01    0.27    0.09      1.24      0.10
    2006    0.00    0.00    0.00    0.00    0.00    0.00    0.00    0.00    0.00    0.01    0.00    0.00      0.02      0.00
    2007    0.00    0.00    1.07    0.35    0.01    0.09    0.03    0.04    0.01    0.18    0.10    0.01      1.89      0.16
    2008    0.00    0.00    0.00    0.00    0.00    0.06    0.70    0.23    0.01    0.01    0.00    0.00      1.01      0.08
    2009    0.00    0.00    0.01    0.00    0.03    0.03    0.01    0.00    0.00    0.00    0.00    0.00      0.08      0.01
  
 AVERAGE    0.02    0.04    0.16    0.07    0.30    0.42    0.21    0.07    0.04    0.08    0.09    0.04      1.53      0.13
