    1920    0.00    0.00    0.00    0.00   10.51    3.97    2.85    0.93    0.05    0.04    0.03    0.01     18.39      1.53
    1921    0.00    0.02    0.00    0.26    0.09    0.00    0.00    0.00    0.00    0.00    0.00    0.00      0.38      0.03
    1922    0.00    0.15    0.05    0.00    1.19    0.39    0.00    0.00    0.00    0.00    0.00    0.00      1.80      0.15
    1923    0.00    0.05    0.02    0.00    0.02    0.01    0.00    0.00    0.00    0.00    0.00    0.00      0.09      0.01
    1924    0.00    0.00    0.00    0.00    0.54    0.75    0.19    0.07    0.18    0.07    0.00    0.00      1.80      0.15
    1925    0.00    0.00    0.00    0.00    0.00    0.00    0.00    0.01    0.00    0.00    0.00    0.00      0.01      0.00
    1926    0.00    0.00    0.00    0.00    0.00    0.00    0.01    0.00    0.00    0.00    0.00    0.00      0.02      0.00
    1927    0.00    0.00    0.00    0.00    0.00    3.03    1.01    0.01    0.01    0.01    0.00    0.00      4.07      0.34
    1928    0.00    0.00    0.00    0.00    0.00    0.18    0.06    0.01    0.03    0.01    0.06    0.14      0.48      0.04
    1929    0.04    0.00    0.00    0.00    0.01    0.00    0.00    0.00    0.00    0.00    0.00    0.00      0.06      0.01
    1930    0.00    0.00    0.00    0.07    0.02    0.02    0.02    0.00    0.00    0.00    0.00    0.00      0.14      0.01
    1931    0.00    0.00    0.00    0.00    0.07    0.02    0.00    0.11    0.04    0.00    0.00    0.00      0.24      0.02
    1932    0.00    0.00    0.00    0.00    0.00    0.00    0.00    0.00    0.00    0.00    0.00    0.00      0.00      0.00
    1933    0.00    0.16    0.05    0.03    0.04    0.14    0.04    0.00    0.00    0.00    0.00    0.00      0.47      0.04
    1934    0.02    0.04    0.01    0.00    0.00    0.00    0.03    0.02    0.05    0.01    0.00    0.00      0.18      0.02
    1935    0.00    0.01    0.00    0.00    0.00    0.00    0.00    0.00    0.00    0.00    0.00    0.00      0.01      0.00
    1936    0.00    0.08    0.03    0.03    0.02    0.00    0.00    0.00    0.00    0.00    0.00    0.00      0.15      0.01
    1937    0.00    0.00    0.70    0.23    0.00    0.00    0.19    0.06    0.01    0.00    0.00    0.00      1.19      0.10
    1938    0.00    0.00    0.00    0.27    0.37    0.09    0.00    0.00    0.00    0.00    2.81    0.94      4.48      0.37
    1939    0.00    0.00    0.00    0.00    1.12    0.76    0.13    0.00    0.00    0.00    0.00    0.00      2.02      0.17
    1940    0.00    0.00    0.00    0.08    0.03    0.00    0.13    0.05    0.01    0.00    0.01    0.00      0.31      0.03
    1941    0.01    0.00    0.00    0.00    0.00    0.00    0.00    0.00    0.00    0.00    0.00    0.00      0.01      0.00
    1942    0.15    0.05    0.03    0.01    0.00    0.00    0.00    0.00    0.00    0.00    0.15    0.05      0.44      0.04
    1943    0.00    0.06    0.02    0.00    0.00    0.00    0.00    0.00    0.00    0.00    0.00    0.00      0.09      0.01
    1944    0.00    0.00    0.00    0.00    0.00    0.04    0.01    0.00    0.00    0.01    0.00    0.00      0.06      0.01
    1945    0.02    0.01    0.00    0.00    0.00    0.02    0.11    0.04    0.00    0.00    0.00    0.00      0.20      0.02
    1946    0.00    0.00    0.00    0.00    0.00    0.52    0.17    0.02    0.01    0.00    0.00    0.00      0.72      0.06
    1947    0.00    0.00    0.00    0.01    0.02    0.32    0.13    0.01    0.00    0.00    0.00    0.00      0.49      0.04
    1948    0.00    0.00    0.00    0.00    0.00    0.01    0.00    0.00    0.00    0.00    0.00    0.00      0.02      0.00
    1949    0.00    0.01    0.00    0.00    0.01    0.86    0.62    0.13    0.01    0.00    0.00    0.43      2.08      0.17
    1950    0.14    0.06    0.02    0.00    0.05    0.02    0.00    0.00    0.00    0.00    0.00    0.00      0.30      0.02
    1951    0.00    0.00    0.00    0.00    0.53    0.17    0.00    0.00    0.00    2.20    0.75    0.01      3.66      0.30
    1952    0.00    0.22    0.07    0.00    0.25    0.17    0.03    0.00    0.00    0.01    0.00    0.00      0.76      0.06
    1953    0.00    0.08    1.92    0.61    0.00    1.10    0.52    0.28    0.08    0.01    0.01    0.00      4.61      0.38
    1954    0.00    0.00    0.00    0.02    0.01    0.00    0.05    0.02    0.00    0.00    0.00    0.00      0.11      0.01
    1955    0.00    0.34    0.11    0.02    0.01    0.50    0.17    0.00    0.00    0.00    0.00    0.00      1.15      0.10
    1956    0.03    0.01    0.03    0.01    0.00    0.01    0.00    0.00    0.00    0.00    0.00    0.01      0.11      0.01
    1957    0.00    0.00    0.00    0.00    0.00    0.00    0.00    0.07    0.02    0.00    0.00    0.00      0.10      0.01
    1958    0.00    0.00    0.00    0.00    0.02    0.01    0.00    0.06    0.02    0.00    0.00    0.00      0.11      0.01
    1959    0.00    0.00    0.00    0.00    0.00    0.01    0.00    0.00    0.00    0.00    0.00    0.00      0.01      0.00
    1960    0.00    0.00    0.00    0.00    0.00    5.02    2.24    0.21    0.22    1.71    0.57    0.02      9.98      0.83
    1961    0.00    0.00    0.00    0.00    0.00    0.00    0.00    0.00    0.14    0.05    0.01    0.01      0.22      0.02
    1962    0.00    0.00    0.00    0.00    0.00    0.00    0.00    0.00    0.01    0.01    0.01    0.00      0.04      0.00
    1963    0.00    0.02    0.01    0.00    0.00    0.00    0.00    0.00    0.01    0.00    0.00    0.24      0.29      0.02
    1964    0.08    0.10    0.03    0.00    0.00    0.07    0.31    0.10    0.00    0.00    0.00    0.00      0.69      0.06
    1965    0.00    0.05    0.02    0.00    0.00    0.02    0.01    0.00    0.00    0.00    0.00    0.00      0.08      0.01
    1966    0.00    0.00    0.00    0.00    0.00    0.01    0.02    0.37    0.18    0.02    0.00    0.00      0.61      0.05
    1967    0.00    0.00    0.00    0.00    0.00    0.01    0.00    0.19    0.07    0.00    0.00    0.00      0.27      0.02
    1968    0.10    0.03    0.00    0.00    0.02    0.01    0.01    0.00    0.00    0.00    0.00    0.00      0.19      0.02
    1969    0.00    0.00    0.00    0.00    0.01    0.00    0.00    0.00    0.00    0.00    0.04    0.01      0.06      0.01
    1970    0.00    0.00    0.00    0.00    0.00    0.12    0.04    0.00    0.00    0.25    0.17    0.03      0.61      0.05
    1971    0.00    0.00    0.00    0.05    0.02    0.11    0.04    0.00    0.00    0.00    0.00    0.00      0.22      0.02
    1972    0.00    0.00    0.00    0.00    0.00    0.38    0.13    0.00    0.00    0.09    0.03    0.00      0.63      0.05
    1973    0.01    0.00    0.00    0.05    2.27    0.79    0.02    0.00    0.03    0.01    0.14    0.05      3.37      0.28
    1974    0.00    0.00    0.00    0.01    0.00    0.08    0.03    0.07    0.02    0.00    0.00    0.00      0.22      0.02
    1975    0.00    0.00    0.74    0.75    0.50    0.21    0.04    0.07    0.02    0.00    0.00    0.00      2.34      0.19
    1976    0.00    0.03    0.01    0.00    0.27    0.09    0.11    0.05    0.00    0.00    0.02    0.01      0.59      0.05
    1977    0.00    0.00    0.16    0.06    0.00    0.00    0.00    0.00    0.00    0.00    0.00    0.00      0.22      0.02
    1978    0.00    0.00    0.00    0.00    0.00    0.00    0.00    0.00    0.03    0.01    0.00    0.00      0.04      0.00
    1979    0.00    0.00    0.00    0.00    0.00    0.05    0.02    0.00    0.00    0.00    0.01    0.01      0.09      0.01
    1980    0.00    0.01    0.00    0.06    0.02    0.79    0.26    0.00    0.00    0.00    0.69    0.23      2.07      0.17
    1981    0.02    0.00    0.00    0.00    0.00    0.00    0.45    0.15    0.00    0.00    0.00    0.00      0.63      0.05
    1982    0.01    0.00    0.00    0.00    0.00    0.00    0.00    0.01    0.00    0.00    0.00    0.00      0.02      0.00
    1983    0.00    0.00    0.00    0.00    0.00    0.02    0.01    0.00    0.00    0.00    0.00    0.00      0.03      0.00
    1984    0.02    0.01    0.00    0.08    0.03    0.00    0.00    0.01    0.00    0.00    0.00    0.00      0.15      0.01
    1985    0.01    0.05    0.56    0.18    0.00    0.01    0.08    0.02    0.49    0.17    0.00    0.00      1.57      0.13
    1986    0.00    0.00    0.00    0.00    0.00    0.00    0.02    0.01    0.00    0.00    0.00    0.23      0.26      0.02
    1987    0.08    0.00    0.00    0.00    0.00    0.94    0.39    0.03    0.00    0.00    0.00    0.01      1.44      0.12
    1988    0.00    0.00    0.11    0.04    0.00    0.00    0.04    0.01    0.00    0.00    0.00    0.00      0.20      0.02
    1989    0.00    0.00    0.00    0.00    0.01    0.00    0.22    0.07    0.00    0.00    0.00    0.00      0.30      0.03
    1990    0.00    0.00    0.01    0.01    0.00    0.00    0.00    0.00    0.02    0.01    0.00    0.01      0.05      0.00
    1991    0.38    0.12    0.00    0.00    0.00    0.00    0.00    0.00    0.00    0.00    0.00    0.00      0.50      0.04
    1992    0.00    0.00    0.00    0.00    0.00    0.00    0.00    0.02    0.01    0.00    0.00    0.00      0.03      0.00
    1993    0.00    0.00    0.00    0.00    0.00    0.62    0.21    0.00    0.00    0.00    0.00    0.00      0.83      0.07
    1994    0.00    0.00    0.00    0.01    0.00    0.09    0.03    0.00    0.00    0.00    0.02    0.01      0.17      0.01
    1995    0.00    0.01    1.65    0.53    0.00    0.00    0.00    0.00    0.00    0.05    0.02    0.00      2.25      0.19
    1996    0.10    0.76    0.24    0.00    0.00    1.49    0.50    0.01    0.22    0.08    0.00    0.00      3.39      0.28
    1997    0.00    0.00    0.00    0.01    0.01    0.04    0.01    0.01    0.00    0.00    0.06    0.03      0.16      0.01
    1998    0.00    0.01    0.01    0.00    0.00    0.00    0.00    0.00    0.00    0.00    0.00    0.00      0.03      0.00
    1999    0.00    0.00    2.70    0.88    0.98    2.46    0.71    0.01    0.00    0.00    0.00    0.00      7.75      0.65
    2000    0.00    0.00    0.00    0.00    0.00    0.12    0.15    0.04    0.00    0.09    0.03    0.03      0.45      0.04
    2001    0.01    0.04    0.01    0.00    0.00    0.02    0.01    0.06    0.02    0.00    0.01    0.00      0.17      0.01
    2002    0.00    0.00    0.03    0.01    0.00    0.00    0.00    0.01    0.00    0.00    0.00    0.00      0.06      0.00
    2003    0.00    0.00    0.00    0.00    0.00    0.00    0.32    0.11    0.01    0.00    0.00    0.00      0.45      0.04
    2004    0.00    0.00    0.00    0.00    0.00    0.00    0.01    0.03    0.01    0.00    0.00    0.00      0.05      0.00
    2005    0.00    0.00    0.00    0.00    0.02    0.01    0.00    0.45    0.15    0.00    0.19    0.07      0.89      0.07
    2006    0.00    0.00    0.00    0.00    0.00    0.00    0.00    0.00    0.00    0.01    0.00    0.00      0.01      0.00
    2007    0.00    0.00    0.77    0.25    0.00    0.06    0.02    0.03    0.01    0.13    0.07    0.01      1.34      0.11
    2008    0.00    0.00    0.00    0.00    0.00    0.04    0.50    0.17    0.00    0.00    0.00    0.00      0.72      0.06
    2009    0.00    0.00    0.01    0.00    0.02    0.02    0.01    0.00    0.00    0.00    0.00    0.00      0.06      0.00
  
 AVERAGE    0.01    0.03    0.11    0.05    0.21    0.30    0.15    0.05    0.02    0.06    0.07    0.03      1.09      0.09
