    1920    0.00    0.00    0.00    0.00    0.78    0.34    0.83    0.41    0.05    0.02    0.02    0.01      2.45      0.20
    1921    0.01    0.10    0.04    0.00    0.00    0.00    0.00    0.00    0.00    0.00    0.00    0.00      0.17      0.01
    1922    0.00    0.00    0.00    0.00    0.00    0.00    0.00    0.00    0.00    0.00    0.00    0.00      0.01      0.00
    1923    0.00    0.00    0.00    0.00    0.00    0.64    0.22    0.01    0.01    0.01    0.00    0.00      0.88      0.07
    1924    0.00    0.00    0.04    0.01    0.00    1.55    0.53    0.02    0.01    0.01    0.01    0.01      2.20      0.18
    1925    0.01    0.00    0.07    0.03    0.00    0.00    0.00    0.00    0.00    0.00    0.00    0.00      0.12      0.01
    1926    0.00    0.00    0.00    0.00    0.00    0.00    0.00    0.00    0.00    0.00    0.00    0.00      0.00      0.00
    1927    0.04    0.01    0.00    0.03    0.03    0.40    0.13    0.00    0.00    0.00    0.00    0.00      0.67      0.06
    1928    0.00    0.00    0.00    0.00    0.00    0.14    0.05    0.00    0.00    0.00    0.09    0.03      0.32      0.03
    1929    0.00    0.00    0.00    0.00    0.00    0.00    0.00    0.00    0.00    0.00    0.00    0.00      0.01      0.00
    1930    0.00    0.00    0.00    0.11    0.04    0.00    0.00    0.00    0.00    0.00    0.00    0.00      0.15      0.01
    1931    0.00    0.00    0.00    0.00    0.03    0.01    0.00    0.02    0.01    0.00    0.00    0.00      0.07      0.01
    1932    0.00    0.00    0.00    0.00    0.00    0.00    0.00    0.00    0.00    0.00    0.00    0.00      0.00      0.00
    1933    0.00    0.15    0.13    0.03    0.19    0.08    0.01    0.00    0.00    0.00    0.00    0.00      0.59      0.05
    1934    0.00    0.51    0.17    0.00    0.37    0.13    0.04    0.01    0.00    0.00    0.00    0.00      1.25      0.10
    1935    0.00    0.00    0.00    0.00    0.00    0.17    0.06    0.00    0.00    0.00    0.00    0.00      0.24      0.02
    1936    0.00    0.10    0.04    0.01    0.01    0.00    0.00    0.00    0.00    0.00    0.00    0.00      0.16      0.01
    1937    0.00    0.00    0.00    0.00    0.00    0.00    0.02    0.01    0.00    0.00    0.00    0.00      0.04      0.00
    1938    0.00    0.00    0.00    0.04    0.32    0.10    0.00    0.00    0.00    0.00    0.79    0.27      1.53      0.13
    1939    0.01    0.01    0.00    0.00    0.03    0.03    0.01    0.00    0.00    0.00    0.00    0.00      0.09      0.01
    1940    0.00    0.00    0.00    0.32    0.11    0.00    0.04    0.01    0.00    0.00    0.00    0.00      0.49      0.04
    1941    0.00    0.00    0.00    0.00    0.00    0.00    0.00    0.00    0.00    0.00    0.00    0.00      0.00      0.00
    1942    0.18    0.06    0.00    0.00    0.00    0.00    0.01    0.00    0.00    0.00    0.06    0.02      0.34      0.03
    1943    0.00    0.13    0.05    0.00    0.00    0.05    0.02    0.00    0.00    0.00    0.00    0.00      0.25      0.02
    1944    0.00    0.00    0.00    0.00    0.00    0.00    0.00    0.00    0.00    0.00    0.00    0.00      0.00      0.00
    1945    0.00    0.00    0.00    0.00    0.00    0.00    0.60    0.21    0.01    0.01    0.00    0.00      0.83      0.07
    1946    0.00    0.00    0.00    0.00    0.00    0.04    0.01    0.00    0.00    0.00    0.00    0.00      0.07      0.01
    1947    0.00    0.00    0.00    0.00    0.00    0.20    0.09    0.01    0.00    0.00    0.00    0.00      0.30      0.03
    1948    0.00    0.00    0.00    0.00    0.00    0.00    0.00    0.00    0.00    0.00    0.00    0.00      0.00      0.00
    1949    0.00    0.00    0.00    0.00    0.00    0.01    0.32    0.14    0.01    0.00    0.00    0.02      0.51      0.04
    1950    0.01    0.03    0.01    0.00    0.00    0.00    0.00    0.00    0.00    0.00    0.00    0.00      0.05      0.00
    1951    0.00    0.00    0.00    0.00    0.26    0.09    0.00    0.00    0.00    1.54    0.53    0.02      2.44      0.20
    1952    0.01    0.01    0.01    0.00    0.00    0.01    0.00    0.00    0.00    0.00    0.00    0.00      0.05      0.00
    1953    0.00    0.23    0.96    0.30    0.01    1.07    0.38    0.02    0.01    0.01    0.01    0.01      3.03      0.25
    1954    0.01    0.00    0.00    0.00    0.00    0.00    0.08    0.03    0.00    0.00    0.00    0.00      0.13      0.01
    1955    0.00    0.10    0.03    0.00    0.01    1.33    0.45    0.01    0.01    0.01    0.01    0.01      1.97      0.16
    1956    0.09    0.03    0.00    0.00    0.00    0.00    0.00    0.00    0.03    0.01    0.00    0.16      0.33      0.03
    1957    0.05    0.00    0.00    0.00    0.00    0.00    0.00    0.44    0.15    0.01    0.00    0.00      0.67      0.06
    1958    0.00    0.00    0.00    0.00    0.00    0.00    0.00    0.02    0.01    0.00    0.00    0.00      0.04      0.00
    1959    0.00    0.00    0.00    0.00    0.00    0.13    0.05    0.00    0.00    0.00    0.00    0.00      0.18      0.02
    1960    0.00    0.00    0.00    0.03    0.01    1.05    1.33    0.35    0.02    0.08    0.02    0.01      2.90      0.24
    1961    0.01    0.01    0.00    0.00    0.00    0.00    0.00    0.00    0.00    0.00    0.00    0.00      0.03      0.00
    1962    0.00    0.00    0.00    0.00    0.00    0.01    0.02    0.01    0.00    0.00    0.00    0.00      0.04      0.00
    1963    0.00    0.09    0.03    0.00    0.00    0.00    0.00    0.00    0.00    0.00    0.00    0.04      0.17      0.01
    1964    0.02    0.00    0.00    0.00    0.00    2.06    0.76    0.02    0.02    0.02    0.01    0.01      2.92      0.24
    1965    0.01    0.01    0.00    0.00    0.00    0.00    0.00    0.00    0.00    0.00    0.00    0.00      0.02      0.00
    1966    0.00    0.00    0.00    0.00    0.00    0.01    0.12    0.04    0.00    0.00    0.00    0.00      0.17      0.01
    1967    0.00    0.00    0.00    0.00    0.00    0.13    0.05    0.06    0.02    0.00    0.00    0.00      0.27      0.02
    1968    0.01    0.00    0.00    0.00    2.17    0.74    0.02    0.02    0.01    0.01    0.01    0.01      3.01      0.25
    1969    0.01    0.00    0.00    0.00    0.00    0.00    0.00    0.06    0.05    0.01    0.00    0.00      0.14      0.01
    1970    0.00    0.00    0.00    0.00    0.00    0.01    0.00    0.00    0.00    0.00    0.00    0.00      0.02      0.00
    1971    0.00    0.00    0.00    0.76    0.26    0.87    0.30    0.01    0.01    0.01    0.01    0.01      2.24      0.19
    1972    0.00    0.00    0.00    0.00    0.01    0.41    0.15    0.00    0.00    0.00    0.00    0.00      0.60      0.05
    1973    0.02    0.01    0.02    1.19    4.13    1.37    1.83    0.64    0.05    0.05    0.04    0.03      9.37      0.78
    1974    0.02    0.02    0.01    0.01    0.00    0.85    0.29    0.01    0.01    0.01    0.01    0.01      1.24      0.10
    1975    0.00    0.00    0.01    0.38    1.32    6.91    2.22    0.08    0.07    0.06    0.05    0.04     11.14      0.93
    1976    0.14    0.05    0.01    0.01    0.33    0.14    0.23    0.08    0.01    0.01    0.01    0.00      1.01      0.08
    1977    0.00    0.01    0.00    0.00    0.00    0.00    0.00    0.00    0.00    0.00    0.00    0.00      0.02      0.00
    1978    0.00    0.00    0.00    0.00    0.03    0.01    0.00    0.00    0.00    0.00    0.00    0.00      0.04      0.00
    1979    0.00    0.00    0.00    0.00    0.00    0.00    0.00    0.00    0.00    0.00    0.01    0.01      0.02      0.00
    1980    0.00    0.00    0.00    0.00    0.00    0.19    0.06    0.00    0.00    0.00    0.08    0.03      0.37      0.03
    1981    0.00    0.00    0.00    0.00    0.00    0.00    0.08    0.03    0.00    0.00    0.00    0.00      0.12      0.01
    1982    0.01    0.00    0.00    0.00    0.00    0.00    0.00    0.00    0.00    0.00    0.00    0.00      0.01      0.00
    1983    0.00    0.12    0.04    0.00    0.00    0.00    0.00    0.00    0.00    0.00    0.00    0.00      0.16      0.01
    1984    0.00    0.00    0.00    0.00    0.01    0.00    0.00    0.00    0.00    0.00    0.00    0.00      0.01      0.00
    1985    0.19    0.07    1.48    0.50    0.01    0.03    0.10    0.03    0.12    0.04    0.01    0.00      2.57      0.21
    1986    0.00    0.00    0.00    0.00    0.00    0.00    0.00    0.00    0.00    0.00    0.00    0.00      0.01      0.00
    1987    0.00    0.00    0.00    0.00    0.19    1.72    0.58    0.02    0.02    0.01    0.01    0.01      2.56      0.21
    1988    0.01    0.00    0.20    0.07    0.18    0.06    0.01    0.00    0.00    0.00    0.00    0.00      0.53      0.04
    1989    0.00    0.00    0.00    0.00    0.00    0.00    0.50    0.17    0.01    0.01    0.00    0.00      0.69      0.06
    1990    0.00    0.00    0.00    0.00    0.00    0.00    0.00    0.00    0.00    0.00    0.00    0.02      0.03      0.00
    1991    0.05    0.01    0.00    0.00    0.00    0.00    0.00    0.00    0.00    0.00    0.00    0.00      0.06      0.01
    1992    0.00    0.00    0.00    0.00    0.00    0.00    0.00    0.00    0.00    0.00    0.00    0.00      0.01      0.00
    1993    0.00    0.01    0.00    0.00    0.05    0.65    0.22    0.01    0.01    0.01    0.00    0.00      0.95      0.08
    1994    0.00    0.00    0.00    0.00    0.00    0.01    0.00    0.00    0.00    0.00    0.00    0.00      0.02      0.00
    1995    0.00    0.04    0.32    0.10    0.00    0.00    0.00    0.00    0.00    1.59    0.55    0.02      2.63      0.22
    1996    0.01    1.18    0.40    0.01    0.01    0.35    0.12    0.01    0.01    0.01    0.00    0.00      2.11      0.18
    1997    0.00    0.00    0.00    0.08    0.07    0.08    0.02    0.00    0.00    0.00    0.02    0.01      0.30      0.02
    1998    0.00    0.00    0.00    0.00    0.00    0.00    0.00    0.02    0.01    0.00    0.00    0.00      0.03      0.00
    1999    0.10    0.04    0.00    0.33    0.71    0.63    0.17    0.01    0.01    0.01    0.01    0.01      2.02      0.17
    2000    0.00    0.00    0.00    0.00    0.00    0.00    4.24    1.44    0.05    0.14    0.05    0.03      5.96      0.50
    2001    0.02    0.01    0.01    0.01    0.03    0.04    0.01    0.05    0.02    0.00    0.05    0.02      0.26      0.02
    2002    0.00    0.00    0.03    0.01    0.00    0.12    0.04    0.00    0.00    0.00    0.00    0.00      0.21      0.02
    2003    0.00    0.00    0.00    0.00    0.00    0.00    0.00    0.00    0.00    0.00    0.00    0.00      0.01      0.00
    2004    0.00    0.00    0.00    0.00    0.00    0.00    0.01    0.00    0.00    0.00    0.00    0.00      0.02      0.00
    2005    0.00    0.00    0.00    0.02    0.01    0.00    0.02    0.11    0.03    0.00    0.00    0.00      0.20      0.02
    2006    0.00    0.00    0.00    0.00    0.00    0.00    0.00    0.00    0.00    0.00    0.00    0.00      0.00      0.00
    2007    0.00    0.00    0.01    0.00    0.05    0.02    0.00    0.09    0.05    0.01    0.00    0.00      0.24      0.02
    2008    0.00    0.00    0.00    0.00    0.03    0.01    0.01    0.00    0.00    0.00    0.00    0.00      0.06      0.01
    2009    0.00    0.00    0.00    0.00    0.03    0.01    0.00    0.00    0.00    0.00    0.00    0.00      0.04      0.00
  
 AVERAGE    0.01    0.04    0.05    0.05    0.13    0.28    0.19    0.05    0.01    0.04    0.03    0.01      0.89      0.07
