    1920    0.00    0.00    0.00    0.00    0.11    0.05    0.11    0.06    0.01    0.00    0.00    0.00      0.33      0.03
    1921    0.00    0.01    0.00    0.00    0.00    0.00    0.00    0.00    0.00    0.00    0.00    0.00      0.02      0.00
    1922    0.00    0.00    0.00    0.00    0.00    0.00    0.00    0.00    0.00    0.00    0.00    0.00      0.00      0.00
    1923    0.00    0.00    0.00    0.00    0.00    0.09    0.03    0.00    0.00    0.00    0.00    0.00      0.12      0.01
    1924    0.00    0.00    0.01    0.00    0.00    0.22    0.07    0.00    0.00    0.00    0.00    0.00      0.30      0.02
    1925    0.00    0.00    0.01    0.00    0.00    0.00    0.00    0.00    0.00    0.00    0.00    0.00      0.01      0.00
    1926    0.00    0.00    0.00    0.00    0.00    0.00    0.00    0.00    0.00    0.00    0.00    0.00      0.00      0.00
    1927    0.01    0.00    0.00    0.00    0.00    0.06    0.02    0.00    0.00    0.00    0.00    0.00      0.09      0.01
    1928    0.00    0.00    0.00    0.00    0.00    0.02    0.01    0.00    0.00    0.00    0.01    0.00      0.04      0.00
    1929    0.00    0.00    0.00    0.00    0.00    0.00    0.00    0.00    0.00    0.00    0.00    0.00      0.00      0.00
    1930    0.00    0.00    0.00    0.01    0.00    0.00    0.00    0.00    0.00    0.00    0.00    0.00      0.02      0.00
    1931    0.00    0.00    0.00    0.00    0.00    0.00    0.00    0.00    0.00    0.00    0.00    0.00      0.01      0.00
    1932    0.00    0.00    0.00    0.00    0.00    0.00    0.00    0.00    0.00    0.00    0.00    0.00      0.00      0.00
    1933    0.00    0.02    0.02    0.00    0.03    0.01    0.00    0.00    0.00    0.00    0.00    0.00      0.08      0.01
    1934    0.00    0.07    0.02    0.00    0.05    0.02    0.00    0.00    0.00    0.00    0.00    0.00      0.17      0.01
    1935    0.00    0.00    0.00    0.00    0.00    0.02    0.01    0.00    0.00    0.00    0.00    0.00      0.03      0.00
    1936    0.00    0.01    0.00    0.00    0.00    0.00    0.00    0.00    0.00    0.00    0.00    0.00      0.02      0.00
    1937    0.00    0.00    0.00    0.00    0.00    0.00    0.00    0.00    0.00    0.00    0.00    0.00      0.00      0.00
    1938    0.00    0.00    0.00    0.01    0.04    0.01    0.00    0.00    0.00    0.00    0.11    0.04      0.21      0.02
    1939    0.00    0.00    0.00    0.00    0.00    0.00    0.00    0.00    0.00    0.00    0.00    0.00      0.01      0.00
    1940    0.00    0.00    0.00    0.04    0.01    0.00    0.00    0.00    0.00    0.00    0.00    0.00      0.06      0.01
    1941    0.00    0.00    0.00    0.00    0.00    0.00    0.00    0.00    0.00    0.00    0.00    0.00      0.00      0.00
    1942    0.02    0.01    0.00    0.00    0.00    0.00    0.00    0.00    0.00    0.00    0.01    0.00      0.05      0.00
    1943    0.00    0.02    0.01    0.00    0.00    0.01    0.00    0.00    0.00    0.00    0.00    0.00      0.03      0.00
    1944    0.00    0.00    0.00    0.00    0.00    0.00    0.00    0.00    0.00    0.00    0.00    0.00      0.00      0.00
    1945    0.00    0.00    0.00    0.00    0.00    0.00    0.08    0.03    0.00    0.00    0.00    0.00      0.11      0.01
    1946    0.00    0.00    0.00    0.00    0.00    0.01    0.00    0.00    0.00    0.00    0.00    0.00      0.01      0.00
    1947    0.00    0.00    0.00    0.00    0.00    0.03    0.01    0.00    0.00    0.00    0.00    0.00      0.04      0.00
    1948    0.00    0.00    0.00    0.00    0.00    0.00    0.00    0.00    0.00    0.00    0.00    0.00      0.00      0.00
    1949    0.00    0.00    0.00    0.00    0.00    0.00    0.04    0.02    0.00    0.00    0.00    0.00      0.07      0.01
    1950    0.00    0.00    0.00    0.00    0.00    0.00    0.00    0.00    0.00    0.00    0.00    0.00      0.01      0.00
    1951    0.00    0.00    0.00    0.00    0.04    0.01    0.00    0.00    0.00    0.21    0.07    0.00      0.33      0.03
    1952    0.00    0.00    0.00    0.00    0.00    0.00    0.00    0.00    0.00    0.00    0.00    0.00      0.00      0.00
    1953    0.00    0.03    0.13    0.04    0.00    0.15    0.05    0.00    0.00    0.00    0.00    0.00      0.41      0.03
    1954    0.00    0.00    0.00    0.00    0.00    0.00    0.01    0.00    0.00    0.00    0.00    0.00      0.02      0.00
    1955    0.00    0.01    0.00    0.00    0.00    0.18    0.06    0.00    0.00    0.00    0.00    0.00      0.26      0.02
    1956    0.01    0.00    0.00    0.00    0.00    0.00    0.00    0.00    0.00    0.00    0.00    0.02      0.04      0.00
    1957    0.01    0.00    0.00    0.00    0.00    0.00    0.00    0.06    0.02    0.00    0.00    0.00      0.09      0.01
    1958    0.00    0.00    0.00    0.00    0.00    0.00    0.00    0.00    0.00    0.00    0.00    0.00      0.00      0.00
    1959    0.00    0.00    0.00    0.00    0.00    0.02    0.01    0.00    0.00    0.00    0.00    0.00      0.02      0.00
    1960    0.00    0.00    0.00    0.00    0.00    0.15    0.18    0.05    0.00    0.01    0.00    0.00      0.40      0.03
    1961    0.00    0.00    0.00    0.00    0.00    0.00    0.00    0.00    0.00    0.00    0.00    0.00      0.00      0.00
    1962    0.00    0.00    0.00    0.00    0.00    0.00    0.00    0.00    0.00    0.00    0.00    0.00      0.01      0.00
    1963    0.00    0.01    0.00    0.00    0.00    0.00    0.00    0.00    0.00    0.00    0.00    0.01      0.02      0.00
    1964    0.00    0.00    0.00    0.00    0.00    0.29    0.10    0.00    0.00    0.00    0.00    0.00      0.40      0.03
    1965    0.00    0.00    0.00    0.00    0.00    0.00    0.00    0.00    0.00    0.00    0.00    0.00      0.00      0.00
    1966    0.00    0.00    0.00    0.00    0.00    0.00    0.02    0.01    0.00    0.00    0.00    0.00      0.02      0.00
    1967    0.00    0.00    0.00    0.00    0.00    0.02    0.01    0.01    0.00    0.00    0.00    0.00      0.04      0.00
    1968    0.00    0.00    0.00    0.00    0.30    0.10    0.00    0.00    0.00    0.00    0.00    0.00      0.40      0.03
    1969    0.00    0.00    0.00    0.00    0.00    0.00    0.00    0.01    0.01    0.00    0.00    0.00      0.01      0.00
    1970    0.00    0.00    0.00    0.00    0.00    0.00    0.00    0.00    0.00    0.00    0.00    0.00      0.00      0.00
    1971    0.00    0.00    0.00    0.11    0.03    0.12    0.04    0.00    0.00    0.00    0.00    0.00      0.30      0.02
    1972    0.00    0.00    0.00    0.00    0.00    0.06    0.02    0.00    0.00    0.00    0.00    0.00      0.08      0.01
    1973    0.00    0.00    0.00    0.17    0.57    0.18    0.25    0.08    0.00    0.00    0.00    0.00      1.26      0.10
    1974    0.00    0.00    0.00    0.00    0.00    0.12    0.04    0.00    0.00    0.00    0.00    0.00      0.16      0.01
    1975    0.00    0.00    0.00    0.05    0.18    0.96    0.30    0.00    0.00    0.00    0.00    0.00      1.50      0.12
    1976    0.02    0.01    0.00    0.00    0.05    0.02    0.03    0.01    0.00    0.00    0.00    0.00      0.13      0.01
    1977    0.00    0.00    0.00    0.00    0.00    0.00    0.00    0.00    0.00    0.00    0.00    0.00      0.00      0.00
    1978    0.00    0.00    0.00    0.00    0.00    0.00    0.00    0.00    0.00    0.00    0.00    0.00      0.00      0.00
    1979    0.00    0.00    0.00    0.00    0.00    0.00    0.00    0.00    0.00    0.00    0.00    0.00      0.00      0.00
    1980    0.00    0.00    0.00    0.00    0.00    0.03    0.01    0.00    0.00    0.00    0.01    0.00      0.05      0.00
    1981    0.00    0.00    0.00    0.00    0.00    0.00    0.01    0.00    0.00    0.00    0.00    0.00      0.02      0.00
    1982    0.00    0.00    0.00    0.00    0.00    0.00    0.00    0.00    0.00    0.00    0.00    0.00      0.00      0.00
    1983    0.00    0.02    0.01    0.00    0.00    0.00    0.00    0.00    0.00    0.00    0.00    0.00      0.02      0.00
    1984    0.00    0.00    0.00    0.00    0.00    0.00    0.00    0.00    0.00    0.00    0.00    0.00      0.00      0.00
    1985    0.03    0.01    0.21    0.07    0.00    0.00    0.01    0.00    0.01    0.00    0.00    0.00      0.34      0.03
    1986    0.00    0.00    0.00    0.00    0.00    0.00    0.00    0.00    0.00    0.00    0.00    0.00      0.00      0.00
    1987    0.00    0.00    0.00    0.00    0.03    0.24    0.08    0.00    0.00    0.00    0.00    0.00      0.34      0.03
    1988    0.00    0.00    0.03    0.01    0.02    0.01    0.00    0.00    0.00    0.00    0.00    0.00      0.07      0.01
    1989    0.00    0.00    0.00    0.00    0.00    0.00    0.07    0.02    0.00    0.00    0.00    0.00      0.09      0.01
    1990    0.00    0.00    0.00    0.00    0.00    0.00    0.00    0.00    0.00    0.00    0.00    0.00      0.00      0.00
    1991    0.01    0.00    0.00    0.00    0.00    0.00    0.00    0.00    0.00    0.00    0.00    0.00      0.01      0.00
    1992    0.00    0.00    0.00    0.00    0.00    0.00    0.00    0.00    0.00    0.00    0.00    0.00      0.00      0.00
    1993    0.00    0.00    0.00    0.00    0.01    0.09    0.03    0.00    0.00    0.00    0.00    0.00      0.13      0.01
    1994    0.00    0.00    0.00    0.00    0.00    0.00    0.00    0.00    0.00    0.00    0.00    0.00      0.00      0.00
    1995    0.00    0.01    0.04    0.01    0.00    0.00    0.00    0.00    0.00    0.22    0.07    0.00      0.36      0.03
    1996    0.00    0.16    0.05    0.00    0.00    0.05    0.02    0.00    0.00    0.00    0.00    0.00      0.28      0.02
    1997    0.00    0.00    0.00    0.01    0.01    0.01    0.00    0.00    0.00    0.00    0.00    0.00      0.04      0.00
    1998    0.00    0.00    0.00    0.00    0.00    0.00    0.00    0.00    0.00    0.00    0.00    0.00      0.00      0.00
    1999    0.01    0.00    0.00    0.05    0.10    0.09    0.02    0.00    0.00    0.00    0.00    0.00      0.27      0.02
    2000    0.00    0.00    0.00    0.00    0.00    0.00    0.59    0.20    0.00    0.02    0.01    0.00      0.81      0.07
    2001    0.00    0.00    0.00    0.00    0.00    0.01    0.00    0.01    0.00    0.00    0.01    0.00      0.03      0.00
    2002    0.00    0.00    0.00    0.00    0.00    0.02    0.01    0.00    0.00    0.00    0.00    0.00      0.03      0.00
    2003    0.00    0.00    0.00    0.00    0.00    0.00    0.00    0.00    0.00    0.00    0.00    0.00      0.00      0.00
    2004    0.00    0.00    0.00    0.00    0.00    0.00    0.00    0.00    0.00    0.00    0.00    0.00      0.00      0.00
    2005    0.00    0.00    0.00    0.00    0.00    0.00    0.00    0.01    0.00    0.00    0.00    0.00      0.03      0.00
    2006    0.00    0.00    0.00    0.00    0.00    0.00    0.00    0.00    0.00    0.00    0.00    0.00      0.00      0.00
    2007    0.00    0.00    0.00    0.00    0.01    0.00    0.00    0.01    0.01    0.00    0.00    0.00      0.03      0.00
    2008    0.00    0.00    0.00    0.00    0.00    0.00    0.00    0.00    0.00    0.00    0.00    0.00      0.01      0.00
    2009    0.00    0.00    0.00    0.00    0.00    0.00    0.00    0.00    0.00    0.00    0.00    0.00      0.01      0.00
  
 AVERAGE    0.00    0.00    0.01    0.01    0.02    0.04    0.03    0.01    0.00    0.01    0.00    0.00      0.12      0.01
