    1920    0.00    0.00    0.00    0.00    0.03    0.59    0.67    0.13    0.01    0.01    0.01    0.01      1.48      0.12
    1921    0.01    0.37    0.37    0.01    0.01    0.01    0.01    0.01    0.01    0.01    0.01    0.01      0.83      0.07
    1922    0.01    0.00    0.00    0.00    0.05    0.05    0.00    0.00    0.00    0.00    0.00    0.00      0.13      0.01
    1923    0.00    0.00    0.00    0.00    0.01    0.16    0.15    0.00    0.00    0.00    0.00    0.00      0.34      0.03
    1924    0.00    0.00    0.08    0.08    0.00    0.54    0.59    0.06    0.01    0.01    0.01    0.01      1.40      0.12
    1925    0.01    0.01    0.01    0.00    0.00    0.00    0.00    0.00    0.00    0.00    0.00    0.00      0.04      0.00
    1926    0.00    0.00    0.00    0.00    0.00    0.00    0.00    0.00    0.00    0.00    0.00    0.00      0.01      0.00
    1927    0.00    0.00    0.00    0.04    0.04    1.40    1.42    0.03    0.03    0.02    0.02    0.05      3.04      0.25
    1928    0.05    0.01    0.01    0.01    0.01    0.01    0.01    0.01    0.01    0.00    0.00    0.11      0.23      0.02
    1929    0.11    0.00    0.00    0.00    0.01    0.01    0.00    0.00    0.00    0.00    0.00    0.00      0.16      0.01
    1930    0.00    0.01    0.01    0.00    0.00    0.00    0.00    0.00    0.00    0.00    0.00    0.00      0.02      0.00
    1931    0.00    0.00    0.00    0.00    0.00    0.00    0.00    0.00    0.00    0.00    0.00    0.00      0.00      0.00
    1932    0.00    0.00    0.00    0.00    0.00    0.00    0.00    0.00    0.00    0.00    0.00    0.00      0.00      0.00
    1933    0.00    0.04    0.06    0.03    0.05    0.27    0.23    0.01    0.01    0.00    0.00    0.00      0.70      0.06
    1934    0.00    0.21    0.21    0.01    0.01    0.01    0.00    0.04    0.03    0.00    0.00    0.00      0.54      0.04
    1935    0.00    0.00    0.00    0.00    0.00    0.22    0.22    0.01    0.00    0.00    0.00    0.00      0.48      0.04
    1936    0.00    0.04    0.04    0.00    0.04    0.04    0.00    0.00    0.00    0.00    0.00    0.00      0.17      0.01
    1937    0.00    0.00    0.08    0.08    0.08    0.08    0.00    0.00    0.00    0.00    0.00    0.00      0.33      0.03
    1938    0.00    0.00    0.00    0.12    0.34    0.23    0.01    0.01    0.01    0.00    0.17    0.17      1.05      0.09
    1939    0.01    0.01    0.00    0.00    0.00    0.03    0.02    0.00    0.00    0.00    0.00    0.01      0.09      0.01
    1940    0.01    0.00    0.00    0.06    0.08    0.02    0.00    0.00    0.00    0.00    0.00    0.00      0.18      0.02
    1941    0.00    0.00    0.00    0.00    0.00    0.00    0.00    0.00    0.00    0.00    0.00    0.00      0.01      0.00
    1942    0.00    0.00    0.00    0.00    0.00    0.00    0.07    0.07    0.00    0.00    0.00    0.00      0.15      0.01
    1943    0.00    0.19    0.20    0.00    0.00    0.07    0.07    0.00    0.00    0.00    0.00    0.00      0.55      0.05
    1944    0.00    0.00    0.00    0.00    0.00    0.07    0.07    0.00    0.00    0.00    0.00    0.00      0.15      0.01
    1945    0.00    0.00    0.00    0.00    0.00    0.02    0.03    0.02    0.01    0.00    0.00    0.00      0.09      0.01
    1946    0.00    0.00    0.00    0.00    0.00    0.00    0.00    0.00    0.00    0.00    0.00    0.00      0.01      0.00
    1947    0.00    0.00    0.00    0.00    0.02    0.21    0.21    0.02    0.00    0.00    0.00    0.00      0.47      0.04
    1948    0.00    0.00    0.00    0.00    0.00    0.01    0.01    0.00    0.00    0.00    0.00    0.00      0.03      0.00
    1949    0.00    0.00    0.00    0.00    0.05    0.43    0.75    0.38    0.02    0.01    0.01    0.02      1.67      0.14
    1950    0.02    0.01    0.01    0.01    0.01    0.01    0.01    0.01    0.01    0.01    0.01    0.01      0.09      0.01
    1951    0.00    0.00    0.00    0.00    0.10    0.10    0.01    0.01    0.01    0.01    0.01    0.00      0.25      0.02
    1952    0.00    0.00    0.00    0.00    0.00    0.00    0.00    0.00    0.00    0.00    0.00    0.00      0.02      0.00
    1953    0.00    0.00    0.03    0.02    0.00    1.64    1.66    0.03    0.03    0.03    0.02    0.02      3.48      0.29
    1954    0.02    0.01    0.01    0.01    0.01    0.01    0.01    0.01    0.01    0.00    0.00    0.00      0.11      0.01
    1955    0.00    0.00    0.00    0.00    0.03    0.38    0.35    0.01    0.01    0.01    0.01    0.01      0.81      0.07
    1956    0.00    0.02    0.03    0.01    0.00    0.01    0.01    0.00    0.00    0.00    0.00    0.00      0.10      0.01
    1957    0.00    0.00    0.00    0.01    0.01    0.00    0.00    0.01    0.01    0.00    0.00    0.00      0.06      0.00
    1958    0.00    0.00    0.04    0.04    0.00    0.00    0.00    0.00    0.00    0.00    0.00    0.00      0.10      0.01
    1959    0.00    0.00    0.00    0.00    0.00    0.00    0.00    0.00    0.00    0.00    0.00    0.00      0.01      0.00
    1960    0.00    0.00    0.00    0.00    0.00    6.38    6.59    0.18    0.10    0.10    0.09    0.08     13.53      1.13
    1961    0.07    0.07    0.06    0.05    0.05    0.04    0.04    0.04    0.04    0.04    0.04    0.03      0.57      0.05
    1962    0.03    0.03    0.03    0.43    0.43    0.15    0.16    0.03    0.03    0.03    0.03    0.03      1.42      0.12
    1963    0.02    0.07    0.06    0.01    0.01    0.01    0.01    0.01    0.01    0.01    0.01    0.01      0.22      0.02
    1964    0.00    0.00    0.00    0.00    0.00    0.00    0.14    0.14    0.00    0.00    0.00    0.00      0.31      0.03
    1965    0.00    0.00    0.00    0.04    0.04    0.00    0.00    0.00    0.00    0.00    0.00    0.00      0.10      0.01
    1966    0.00    0.00    0.00    0.00    0.00    0.04    0.36    0.33    0.01    0.01    0.01    0.01      0.76      0.06
    1967    0.00    0.00    0.00    0.00    0.00    0.06    0.06    0.00    0.00    0.00    0.00    0.00      0.15      0.01
    1968    0.00    0.00    0.00    0.00    0.04    0.04    0.04    0.04    0.00    0.00    0.00    0.00      0.18      0.02
    1969    0.00    0.00    0.00    0.00    0.00    0.00    0.00    0.01    0.01    0.00    0.05    0.05      0.13      0.01
    1970    0.00    0.00    0.00    0.00    0.02    0.02    0.00    0.00    0.00    0.00    0.00    0.00      0.06      0.00
    1971    0.00    0.00    0.00    0.22    0.22    0.05    0.05    0.00    0.00    0.00    0.00    0.00      0.55      0.05
    1972    0.00    0.00    0.00    0.00    0.00    0.21    0.31    0.11    0.01    0.01    0.01    0.00      0.66      0.05
    1973    0.00    0.00    0.15    1.06    8.15    7.40    0.21    0.12    0.11    0.10    0.09    0.08     17.47      1.46
    1974    0.07    0.06    0.05    0.04    0.04    0.57    0.56    0.04    0.04    0.04    0.03    0.03      1.58      0.13
    1975    0.03    0.02    0.17    1.51    2.62    1.73    0.48    0.07    0.06    0.05    0.05    0.04      6.81      0.57
    1976    0.04    0.03    0.03    0.02    0.02    0.11    0.16    0.07    0.01    0.01    0.01    0.01      0.52      0.04
    1977    0.01    0.04    0.05    0.01    0.01    0.00    0.00    0.00    0.00    0.00    0.00    0.00      0.13      0.01
    1978    0.00    0.00    0.00    0.00    0.03    0.03    0.00    0.00    0.00    0.00    0.00    0.00      0.07      0.01
    1979    0.00    0.00    0.00    0.00    0.00    0.27    0.27    0.01    0.00    0.00    0.00    0.00      0.56      0.05
    1980    0.00    0.00    0.00    0.00    0.26    0.28    0.02    0.01    0.01    0.00    0.03    0.03      0.64      0.05
    1981    0.01    0.01    0.00    0.00    0.00    0.00    0.04    0.04    0.00    0.00    0.00    0.00      0.11      0.01
    1982    0.01    0.01    0.00    0.00    0.00    0.00    0.00    0.00    0.00    0.00    0.00    0.00      0.02      0.00
    1983    0.00    0.04    0.04    0.00    0.00    0.00    0.00    0.00    0.00    0.00    0.00    0.00      0.08      0.01
    1984    0.00    0.00    0.00    0.02    0.02    0.00    0.00    0.00    0.00    0.00    0.00    0.00      0.05      0.00
    1985    0.01    0.01    1.23    1.27    0.04    0.02    0.02    0.01    0.01    0.01    0.01    0.01      2.66      0.22
    1986    0.01    0.01    0.01    0.01    0.00    0.00    0.00    0.00    0.00    0.00    0.00    0.02      0.07      0.01
    1987    0.02    0.05    0.05    0.00    1.27    1.44    0.19    0.03    0.02    0.02    0.02    0.02      3.13      0.26
    1988    0.01    0.01    0.06    0.06    0.73    0.73    0.02    0.02    0.02    0.01    0.01    0.01      1.70      0.14
    1989    0.01    0.01    0.01    0.01    0.00    0.01    0.03    0.03    0.00    0.00    0.00    0.00      0.11      0.01
    1990    0.00    0.00    0.00    0.00    0.00    0.03    0.03    0.00    0.00    0.00    0.00    0.00      0.07      0.01
    1991    0.12    0.12    0.00    0.00    0.00    0.01    0.01    0.00    0.00    0.00    0.00    0.00      0.29      0.02
    1992    0.00    0.00    0.00    0.00    0.00    0.00    0.00    0.00    0.00    0.00    0.00    0.00      0.01      0.00
    1993    0.00    0.00    0.00    0.01    0.06    0.17    0.12    0.00    0.00    0.00    0.00    0.00      0.37      0.03
    1994    0.00    0.00    0.00    0.00    0.00    0.07    0.07    0.01    0.01    0.00    0.00    0.00      0.18      0.01
    1995    0.00    0.03    0.15    0.12    0.22    0.22    0.01    0.01    0.01    0.00    0.00    0.00      0.77      0.06
    1996    0.00    0.14    0.14    0.00    0.00    1.22    1.24    0.03    0.02    0.02    0.02    0.02      2.87      0.24
    1997    0.01    0.01    0.01    0.01    0.01    0.07    0.07    0.01    0.01    0.00    0.00    0.00      0.22      0.02
    1998    0.00    0.00    0.00    0.00    0.00    0.00    0.00    0.00    0.00    0.00    0.00    0.00      0.02      0.00
    1999    0.00    0.00    0.04    0.09    0.06    0.44    0.44    0.01    0.01    0.01    0.01    0.01      1.11      0.09
    2000    0.01    0.00    0.00    0.00    0.00    0.01    0.04    0.03    0.00    0.00    0.00    0.24      0.35      0.03
    2001    0.24    0.14    0.14    0.01    0.01    0.01    0.01    0.00    0.00    0.00    0.00    0.00      0.57      0.05
    2002    0.00    0.00    0.12    0.12    0.00    0.18    0.18    0.01    0.01    0.00    0.00    0.00      0.63      0.05
    2003    0.00    0.00    0.00    0.00    0.02    0.02    0.12    0.12    0.00    0.00    0.00    0.00      0.30      0.03
    2004    0.00    0.00    0.00    0.00    0.00    0.00    0.00    0.01    0.01    0.00    0.00    0.00      0.02      0.00
    2005    0.00    0.00    0.00    0.72    0.81    0.10    0.03    0.03    0.01    0.01    0.01    0.01      1.73      0.14
    2006    0.01    0.01    0.01    0.00    0.00    0.00    0.00    0.00    0.00    0.00    0.00    0.00      0.04      0.00
    2007    0.04    0.04    0.09    0.10    0.02    0.01    0.00    0.00    0.01    0.01    0.00    0.00      0.34      0.03
    2008    0.00    0.00    0.00    0.00    0.24    0.24    0.01    0.00    0.00    0.00    0.00    0.00      0.51      0.04
    2009    0.00    0.00    0.00    0.07    0.23    0.16    0.01    0.00    0.00    0.00    0.00    0.00      0.49      0.04
  
 AVERAGE    0.01    0.02    0.04    0.07    0.19    0.32    0.21    0.03    0.01    0.01    0.01    0.01      0.94      0.08
