    1920    0.00    0.00    0.01    0.01    0.11    1.67    1.91    0.39    0.04    0.04    0.04    0.04      4.26      0.36
    1921    0.03    1.05    1.06    0.03    0.02    0.02    0.02    0.02    0.01    0.01    0.01    0.01      2.28      0.19
    1922    0.01    0.00    0.00    0.00    0.15    0.15    0.01    0.01    0.00    0.00    0.00    0.00      0.34      0.03
    1923    0.00    0.00    0.00    0.00    0.03    0.47    0.45    0.01    0.01    0.01    0.01    0.00      0.99      0.08
    1924    0.00    0.00    0.25    0.25    0.00    1.51    1.69    0.19    0.03    0.03    0.02    0.02      4.00      0.33
    1925    0.02    0.01    0.01    0.01    0.00    0.00    0.00    0.00    0.00    0.00    0.00    0.00      0.07      0.01
    1926    0.00    0.00    0.00    0.00    0.00    0.00    0.00    0.00    0.00    0.00    0.00    0.00      0.01      0.00
    1927    0.00    0.00    0.00    0.13    0.13    3.83    3.91    0.07    0.06    0.05    0.04    0.15      8.37      0.70
    1928    0.15    0.02    0.02    0.01    0.01    0.02    0.02    0.01    0.00    0.00    0.00    0.31      0.58      0.05
    1929    0.32    0.01    0.00    0.00    0.05    0.05    0.00    0.00    0.00    0.00    0.00    0.00      0.43      0.04
    1930    0.00    0.03    0.03    0.01    0.01    0.00    0.00    0.00    0.00    0.00    0.00    0.00      0.08      0.01
    1931    0.00    0.00    0.00    0.00    0.00    0.00    0.00    0.00    0.00    0.00    0.00    0.00      0.02      0.00
    1932    0.00    0.00    0.00    0.00    0.00    0.00    0.00    0.00    0.00    0.00    0.00    0.00      0.00      0.00
    1933    0.00    0.11    0.20    0.09    0.16    0.80    0.66    0.02    0.01    0.01    0.01    0.01      2.09      0.17
    1934    0.01    0.62    0.62    0.01    0.05    0.05    0.01    0.11    0.11    0.01    0.01    0.00      1.58      0.13
    1935    0.00    0.00    0.00    0.00    0.01    0.65    0.65    0.01    0.01    0.01    0.01    0.01      1.36      0.11
    1936    0.01    0.12    0.12    0.00    0.13    0.13    0.00    0.00    0.00    0.00    0.00    0.00      0.51      0.04
    1937    0.00    0.00    0.23    0.23    0.24    0.24    0.01    0.01    0.01    0.00    0.00    0.00      1.00      0.08
    1938    0.00    0.00    0.00    0.35    1.00    0.66    0.02    0.01    0.01    0.01    0.50    0.50      3.07      0.26
    1939    0.01    0.01    0.01    0.00    0.01    0.08    0.08    0.00    0.00    0.00    0.00    0.04      0.25      0.02
    1940    0.03    0.00    0.00    0.19    0.25    0.06    0.01    0.01    0.00    0.00    0.00    0.00      0.57      0.05
    1941    0.00    0.00    0.00    0.00    0.00    0.00    0.00    0.00    0.00    0.00    0.00    0.00      0.01      0.00
    1942    0.00    0.00    0.00    0.00    0.00    0.00    0.21    0.22    0.00    0.00    0.00    0.00      0.45      0.04
    1943    0.00    0.56    0.58    0.01    0.01    0.21    0.21    0.01    0.01    0.01    0.00    0.00      1.62      0.13
    1944    0.00    0.00    0.00    0.00    0.00    0.21    0.21    0.00    0.00    0.01    0.01    0.00      0.45      0.04
    1945    0.00    0.00    0.00    0.00    0.00    0.08    0.10    0.07    0.05    0.00    0.00    0.00      0.31      0.03
    1946    0.00    0.00    0.00    0.00    0.00    0.01    0.01    0.00    0.00    0.00    0.00    0.00      0.02      0.00
    1947    0.00    0.00    0.00    0.00    0.06    0.61    0.63    0.08    0.01    0.01    0.01    0.01      1.42      0.12
    1948    0.01    0.00    0.00    0.00    0.00    0.03    0.03    0.00    0.00    0.00    0.00    0.00      0.08      0.01
    1949    0.00    0.00    0.00    0.00    0.16    1.24    2.13    1.09    0.05    0.05    0.05    0.06      4.84      0.40
    1950    0.06    0.04    0.03    0.02    0.02    0.02    0.03    0.03    0.03    0.03    0.02    0.02      0.35      0.03
    1951    0.01    0.01    0.01    0.00    0.29    0.29    0.01    0.01    0.01    0.03    0.03    0.00      0.71      0.06
    1952    0.00    0.00    0.00    0.00    0.00    0.00    0.00    0.00    0.00    0.00    0.00    0.00      0.02      0.00
    1953    0.00    0.01    0.09    0.08    0.00    4.49    4.53    0.08    0.07    0.06    0.05    0.04      9.51      0.79
    1954    0.03    0.02    0.02    0.01    0.01    0.01    0.03    0.03    0.00    0.00    0.00    0.00      0.18      0.01
    1955    0.00    0.00    0.00    0.00    0.10    1.09    1.00    0.02    0.02    0.02    0.01    0.01      2.28      0.19
    1956    0.01    0.06    0.10    0.04    0.00    0.04    0.03    0.00    0.00    0.00    0.00    0.00      0.29      0.02
    1957    0.00    0.00    0.00    0.04    0.04    0.00    0.00    0.05    0.05    0.00    0.00    0.00      0.18      0.02
    1958    0.00    0.00    0.14    0.14    0.00    0.00    0.00    0.00    0.00    0.00    0.00    0.00      0.29      0.02
    1959    0.00    0.00    0.00    0.00    0.00    0.02    0.02    0.00    0.00    0.00    0.00    0.00      0.04      0.00
    1960    0.00    0.00    0.00    0.00    0.00   17.11   17.70    0.54    0.29    0.29    0.27    0.25     36.45      3.04
    1961    0.22    0.19    0.15    0.12    0.12    0.11    0.12    0.13    0.13    0.11    0.10    0.08      1.57      0.13
    1962    0.06    0.04    0.03    1.16    1.17    0.44    0.48    0.04    0.03    0.02    0.02    0.02      3.50      0.29
    1963    0.04    0.21    0.17    0.01    0.00    0.00    0.00    0.00    0.00    0.00    0.00    0.00      0.45      0.04
    1964    0.00    0.00    0.02    0.02    0.00    0.01    0.41    0.40    0.01    0.01    0.01    0.00      0.88      0.07
    1965    0.00    0.00    0.00    0.13    0.13    0.00    0.00    0.00    0.00    0.00    0.00    0.00      0.29      0.02
    1966    0.00    0.00    0.00    0.00    0.01    0.14    1.05    0.95    0.02    0.02    0.02    0.02      2.22      0.19
    1967    0.01    0.01    0.01    0.01    0.01    0.18    0.18    0.01    0.01    0.01    0.01    0.01      0.45      0.04
    1968    0.01    0.00    0.00    0.00    0.13    0.13    0.13    0.13    0.00    0.00    0.00    0.00      0.55      0.05
    1969    0.00    0.00    0.00    0.00    0.02    0.02    0.00    0.03    0.03    0.00    0.16    0.16      0.40      0.03
    1970    0.00    0.00    0.00    0.00    0.08    0.08    0.00    0.00    0.00    0.00    0.00    0.00      0.17      0.01
    1971    0.00    0.00    0.00    0.63    0.63    0.15    0.16    0.01    0.01    0.01    0.01    0.01      1.61      0.13
    1972    0.00    0.00    0.00    0.00    0.02    0.61    0.91    0.32    0.02    0.01    0.01    0.01      1.92      0.16
    1973    0.01    0.01    0.44    2.96   21.92   19.83    0.63    0.27    0.25    0.23    0.20    0.17     46.91      3.91
    1974    0.14    0.11    0.08    0.09    0.15    1.57    1.53    0.07    0.06    0.06    0.05    0.04      3.94      0.33
    1975    0.03    0.02    0.46    4.14    7.18    4.74    1.35    0.13    0.11    0.10    0.08    0.07     18.40      1.53
    1976    0.05    0.04    0.03    0.02    0.06    0.32    0.45    0.21    0.02    0.02    0.01    0.01      1.23      0.10
    1977    0.01    0.12    0.14    0.03    0.00    0.00    0.00    0.00    0.00    0.00    0.00    0.00      0.32      0.03
    1978    0.00    0.00    0.00    0.00    0.10    0.10    0.00    0.00    0.00    0.00    0.00    0.00      0.20      0.02
    1979    0.00    0.00    0.00    0.00    0.00    0.77    0.78    0.01    0.01    0.01    0.01    0.01      1.60      0.13
    1980    0.01    0.00    0.00    0.00    0.76    0.82    0.05    0.01    0.01    0.01    0.09    0.09      1.85      0.15
    1981    0.03    0.03    0.01    0.01    0.00    0.00    0.12    0.12    0.00    0.00    0.00    0.00      0.33      0.03
    1982    0.03    0.03    0.00    0.00    0.00    0.00    0.00    0.00    0.00    0.00    0.00    0.00      0.07      0.01
    1983    0.00    0.12    0.12    0.00    0.00    0.00    0.00    0.00    0.00    0.00    0.00    0.00      0.25      0.02
    1984    0.00    0.00    0.00    0.07    0.07    0.00    0.00    0.00    0.00    0.00    0.00    0.00      0.15      0.01
    1985    0.03    0.03    3.38    3.52    0.14    0.04    0.04    0.04    0.02    0.02    0.02    0.01      7.31      0.61
    1986    0.01    0.01    0.01    0.00    0.00    0.00    0.01    0.01    0.00    0.00    0.00    0.05      0.10      0.01
    1987    0.05    0.17    0.17    0.00    3.49    4.00    0.55    0.06    0.05    0.05    0.04    0.03      8.66      0.72
    1988    0.02    0.02    0.19    0.19    2.02    2.03    0.05    0.05    0.03    0.03    0.02    0.02      4.67      0.39
    1989    0.01    0.01    0.01    0.00    0.02    0.02    0.09    0.09    0.00    0.00    0.00    0.00      0.27      0.02
    1990    0.00    0.00    0.00    0.01    0.01    0.10    0.10    0.00    0.00    0.00    0.00    0.00      0.22      0.02
    1991    0.36    0.36    0.01    0.00    0.00    0.05    0.05    0.00    0.00    0.00    0.00    0.00      0.84      0.07
    1992    0.00    0.00    0.00    0.00    0.01    0.01    0.00    0.00    0.00    0.00    0.00    0.00      0.03      0.00
    1993    0.00    0.00    0.00    0.02    0.20    0.52    0.35    0.01    0.01    0.01    0.01    0.00      1.12      0.09
    1994    0.00    0.00    0.00    0.01    0.01    0.22    0.22    0.03    0.03    0.00    0.00    0.00      0.56      0.05
    1995    0.00    0.10    0.45    0.35    0.64    0.64    0.02    0.01    0.01    0.01    0.01    0.01      2.25      0.19
    1996    0.01    0.42    0.43    0.01    0.01    3.37    3.40    0.06    0.06    0.05    0.04    0.03      7.87      0.66
    1997    0.02    0.02    0.01    0.02    0.02    0.21    0.21    0.01    0.01    0.01    0.00    0.00      0.55      0.05
    1998    0.00    0.00    0.00    0.00    0.00    0.00    0.00    0.00    0.00    0.00    0.00    0.00      0.01      0.00
    1999    0.00    0.00    0.12    0.29    0.18    1.25    1.26    0.03    0.02    0.02    0.02    0.01      3.20      0.27
    2000    0.01    0.01    0.00    0.00    0.00    0.04    0.13    0.10    0.00    0.00    0.00    0.70      1.00      0.08
    2001    0.71    0.40    0.40    0.01    0.02    0.05    0.04    0.01    0.00    0.00    0.00    0.00      1.64      0.14
    2002    0.00    0.00    0.35    0.35    0.01    0.53    0.54    0.01    0.01    0.01    0.01    0.01      1.83      0.15
    2003    0.01    0.00    0.00    0.00    0.07    0.07    0.35    0.36    0.01    0.01    0.01    0.00      0.88      0.07
    2004    0.00    0.00    0.00    0.00    0.00    0.00    0.00    0.02    0.02    0.00    0.00    0.00      0.07      0.01
    2005    0.00    0.00    0.00    2.01    2.29    0.30    0.10    0.10    0.03    0.02    0.04    0.04      4.91      0.41
    2006    0.01    0.01    0.01    0.00    0.00    0.00    0.00    0.00    0.00    0.00    0.00    0.00      0.04      0.00
    2007    0.13    0.13    0.28    0.30    0.06    0.05    0.01    0.02    0.04    0.03    0.00    0.00      1.07      0.09
    2008    0.00    0.00    0.00    0.00    0.70    0.71    0.01    0.01    0.01    0.01    0.01    0.01      1.46      0.12
    2009    0.00    0.00    0.00    0.22    0.67    0.46    0.01    0.01    0.01    0.01    0.01    0.00      1.42      0.12
  
 AVERAGE    0.03    0.06    0.12    0.20    0.51    0.90    0.58    0.08    0.02    0.02    0.02    0.03      2.58      0.22
