    1920    0.00    0.00    0.00    0.00    0.08    0.54    0.18    0.01    0.01    0.01    0.01    0.00      0.83      0.07
    1921    0.00    0.03    0.01    0.00    0.00    0.00    0.00    0.00    0.00    0.00    0.00    0.00      0.05      0.00
    1922    0.00    0.00    0.00    0.00    0.14    0.05    0.00    0.02    0.01    0.00    0.00    0.00      0.23      0.02
    1923    0.00    0.00    0.00    0.00    0.00    0.15    0.05    0.00    0.00    0.00    0.00    0.00      0.21      0.02
    1924    0.00    0.00    0.01    0.00    0.00    4.94    1.76    0.06    0.06    0.05    0.04    0.04      6.97      0.58
    1925    0.03    0.03    0.02    0.02    0.02    0.01    0.01    0.01    0.01    0.01    0.01    0.01      0.19      0.02
    1926    0.01    0.00    0.00    0.00    0.00    0.00    0.00    0.00    0.00    0.00    0.00    0.00      0.03      0.00
    1927    0.00    0.00    0.00    0.07    0.02    0.60    0.21    0.01    0.01    0.01    0.01    0.01      0.94      0.08
    1928    0.00    0.00    0.00    0.00    0.00    0.05    0.02    0.00    0.00    0.00    0.00    0.00      0.10      0.01
    1929    0.00    0.00    0.00    0.00    0.00    0.00    0.00    0.00    0.00    0.00    0.00    0.00      0.01      0.00
    1930    0.00    0.05    0.02    0.22    0.08    0.01    0.00    0.00    0.00    0.00    0.00    0.00      0.38      0.03
    1931    0.00    0.00    0.00    0.00    0.01    0.00    0.00    0.00    0.00    0.00    0.00    0.00      0.02      0.00
    1932    0.00    0.00    0.00    0.00    0.00    0.00    0.00    0.00    0.00    0.00    0.00    0.00      0.00      0.00
    1933    0.00    0.00    0.01    0.20    0.57    0.35    0.08    0.01    0.01    0.01    0.01    0.01      1.25      0.10
    1934    0.15    0.34    0.42    0.12    0.04    0.23    0.09    0.02    0.01    0.01    0.01    0.01      1.44      0.12
    1935    0.01    0.02    0.01    0.00    0.00    0.30    0.10    0.01    0.01    0.00    0.00    0.00      0.47      0.04
    1936    0.00    0.41    0.14    0.09    0.10    0.02    0.01    0.01    0.00    0.00    0.00    0.00      0.80      0.07
    1937    0.00    0.00    0.00    0.20    0.94    0.30    0.01    0.01    0.01    0.01    0.01    0.01      1.52      0.13
    1938    0.01    0.01    0.00    0.02    1.09    0.37    0.02    0.01    0.01    0.01    0.25    0.09      1.88      0.16
    1939    0.08    0.03    0.01    0.01    0.01    1.05    0.36    0.02    0.02    0.01    0.01    0.01      1.61      0.13
    1940    0.01    0.01    0.01    2.45    1.84    0.37    0.06    0.04    0.03    0.03    0.03    0.02      4.89      0.41
    1941    0.02    0.02    0.01    0.01    0.04    0.21    0.07    0.01    0.01    0.01    0.01    0.01      0.41      0.03
    1942    0.02    0.01    0.00    0.00    0.00    0.00    3.15    1.08    0.04    0.04    0.03    0.03      4.42      0.37
    1943    0.02    1.03    0.72    0.13    0.03    0.08    0.03    0.02    0.02    0.01    0.01    0.01      2.12      0.18
    1944    0.01    0.01    0.01    0.05    0.02    0.08    0.03    0.00    0.00    0.00    0.00    0.00      0.22      0.02
    1945    0.00    0.00    0.00    0.00    0.00    0.08    0.06    0.66    0.23    0.01    0.01    0.01      1.06      0.09
    1946    0.01    0.01    0.01    0.00    0.00    0.02    0.01    0.00    0.00    0.00    0.00    0.00      0.07      0.01
    1947    0.01    0.00    0.00    0.00    1.10    7.21    2.67    0.12    0.09    0.08    0.07    0.07     11.43      0.95
    1948    0.06    0.05    0.04    0.04    0.03    0.06    0.02    0.02    0.02    0.02    0.02    0.02      0.41      0.03
    1949    0.02    0.02    0.01    0.01    0.34    3.73    4.01    1.18    0.09    0.09    0.08    0.07      9.63      0.80
    1950    0.06    0.06    0.05    0.04    0.04    0.04    0.04    0.03    0.03    0.03    0.03    0.03      0.49      0.04
    1951    0.03    0.03    0.02    0.02    1.86    0.65    0.04    0.03    0.03    0.03    0.02    0.02      2.78      0.23
    1952    0.02    0.01    0.01    0.01    0.14    0.05    0.04    0.01    0.01    0.01    0.01    0.00      0.33      0.03
    1953    0.00    0.00    0.12    0.04    0.00   11.17    3.78    0.13    0.11    0.10    0.09    0.08     15.64      1.30
    1954    0.07    0.06    0.05    0.05    0.03    0.03    0.03    0.02    0.02    0.02    0.02    0.02      0.41      0.03
    1955    0.01    0.01    0.02    0.03    0.03    0.49    0.17    0.01    0.01    0.01    0.01    0.01      0.80      0.07
    1956    0.01    0.00    0.01    0.00    0.04    0.43    0.14    0.01    0.01    0.01    0.01    0.00      0.66      0.06
    1957    0.03    0.01    0.09    0.86    0.29    0.01    0.01    0.10    0.03    0.01    0.01    0.01      1.47      0.12
    1958    0.01    0.01    0.75    0.26    0.12    0.04    0.01    0.01    0.01    0.01    0.01    0.01      1.22      0.10
    1959    0.00    0.00    0.00    0.00    0.00    0.03    0.01    0.00    0.00    0.00    0.00    0.00      0.06      0.00
    1960    0.00    0.00    0.00    0.00    0.00    1.17    0.45    0.02    0.01    0.01    0.01    0.01      1.68      0.14
    1961    0.01    0.01    0.01    0.00    0.01    0.00    0.00    0.00    0.00    0.00    0.00    0.00      0.05      0.00
    1962    0.00    0.14    0.05    0.95    0.33    0.49    0.92    0.27    0.02    0.02    0.02    0.02      3.25      0.27
    1963    0.01    0.40    0.15    0.01    0.01    0.01    0.01    0.01    0.01    0.01    0.01    0.00      0.64      0.05
    1964    0.00    0.00    0.00    0.00    0.00    0.00    0.09    0.03    0.00    0.00    0.00    0.00      0.15      0.01
    1965    0.00    0.00    0.00    0.01    0.00    0.00    0.00    0.00    0.00    0.00    0.00    0.00      0.02      0.00
    1966    0.00    0.00    0.00    0.00    0.02    0.34    0.72    0.21    0.01    0.01    0.01    0.01      1.34      0.11
    1967    0.01    0.01    0.01    0.00    0.00    0.91    0.55    0.09    0.02    0.01    0.01    0.01      1.63      0.14
    1968    0.01    0.01    0.01    0.01    0.00    0.00    0.79    0.27    0.01    0.01    0.01    0.01      1.15      0.10
    1969    0.01    0.01    0.01    0.00    0.05    0.02    0.00    0.00    0.00    0.00    0.00    0.00      0.11      0.01
    1970    0.00    0.00    0.00    0.06    0.08    0.02    0.00    0.00    0.00    0.00    0.00    0.00      0.18      0.01
    1971    0.01    0.00    0.00    1.68    0.58    0.66    0.24    0.02    0.02    0.02    0.02    0.01      3.27      0.27
    1972    0.01    0.01    0.01    0.01    0.56    0.27    0.78    0.27    0.02    0.02    0.02    0.01      1.99      0.17
    1973    0.01    0.01    0.86    6.91   22.27   15.41    3.68    0.41    0.41    0.40    0.39    0.38     51.14      4.26
    1974    0.36    0.34    0.32    0.29    0.28    3.24    1.08    0.31    0.31    0.31    0.31    0.30      7.46      0.62
    1975    0.29    0.26    1.40    2.56    9.62    5.34    0.86    0.26    0.24    0.21    0.19    0.17     21.41      1.78
    1976    0.15    0.13    0.11    0.09    0.08    0.07    0.06    0.06    0.05    0.05    0.05    0.04      0.94      0.08
    1977    0.04    0.12    0.04    0.09    0.03    0.02    0.02    0.01    0.01    0.01    0.01    0.01      0.40      0.03
    1978    0.01    0.01    0.01    0.00    0.00    0.00    0.00    0.00    0.00    0.00    0.02    0.01      0.07      0.01
    1979    0.00    0.00    0.00    0.00    0.00    0.29    0.10    0.00    0.00    0.00    0.00    0.00      0.41      0.03
    1980    0.00    0.00    0.00    0.00    1.83    0.63    0.02    0.02    0.02    0.02    0.24    0.08      2.87      0.24
    1981    0.01    0.01    0.01    0.01    0.01    0.01    0.15    0.05    0.01    0.01    0.00    0.00      0.28      0.02
    1982    0.07    0.02    0.00    0.00    0.00    0.00    0.00    0.00    0.00    0.00    0.00    0.00      0.11      0.01
    1983    0.00    0.78    0.32    0.02    0.01    0.01    0.01    0.01    0.01    0.00    0.00    0.00      1.16      0.10
    1984    0.00    0.00    0.00    0.00    0.18    0.06    0.00    0.00    0.00    0.00    0.00    0.00      0.27      0.02
    1985    0.52    0.18    1.22    0.44    0.02    0.02    0.01    0.01    0.01    0.01    0.01    0.01      2.47      0.21
    1986    0.01    0.01    0.00    0.00    0.00    0.00    0.00    0.00    0.00    0.00    0.00    0.05      0.09      0.01
    1987    0.02    0.13    0.05    0.00    1.78    1.25    0.24    0.03    0.03    0.02    0.02    0.02      3.58      0.30
    1988    0.02    0.01    0.43    0.16    4.31    1.48    0.06    0.05    0.05    0.04    0.04    0.03      6.68      0.56
    1989    0.03    0.02    0.02    0.02    0.15    0.13    0.17    0.05    0.01    0.01    0.01    0.01      0.63      0.05
    1990    0.01    0.01    0.01    0.28    0.10    1.05    0.37    0.02    0.08    0.03    0.01    0.02      1.97      0.16
    1991    3.12    1.07    0.04    0.04    0.03    0.03    0.02    0.02    0.02    0.02    0.10    0.03      4.54      0.38
    1992    0.01    0.01    0.01    0.01    0.13    0.05    0.01    0.01    0.01    0.00    0.00    0.00      0.25      0.02
    1993    0.01    0.00    0.00    0.82    0.80    0.31    0.04    0.02    0.01    0.01    0.01    0.01      2.05      0.17
    1994    0.01    0.01    0.01    0.01    0.00    0.38    0.13    0.01    0.01    0.01    0.01    0.00      0.59      0.05
    1995    0.00    0.03    0.61    0.25    0.19    0.06    0.01    0.01    0.01    0.06    0.02    0.01      1.26      0.10
    1996    0.01    0.10    0.08    0.02    0.00    5.53    1.89    0.07    0.06    0.06    0.05    0.04      7.90      0.66
    1997    0.04    0.03    0.03    0.10    0.03    0.03    0.01    0.01    0.01    0.01    0.01    0.01      0.32      0.03
    1998    0.01    0.01    0.00    0.00    0.00    0.00    0.00    0.07    0.02    0.00    0.00    0.00      0.13      0.01
    1999    0.00    0.00    0.91    0.48    0.12    4.50    1.64    0.06    0.06    0.05    0.05    0.05      7.93      0.66
    2000    0.03    0.03    0.03    0.02    0.02    0.02    0.66    0.23    0.02    0.02    0.02    0.76      1.86      0.15
    2001    0.27    0.62    0.30    0.04    0.02    0.02    0.01    0.01    0.01    0.01    0.01    0.01      1.33      0.11
    2002    0.01    0.01    0.27    0.10    0.01    0.06    0.02    0.01    0.00    0.00    0.00    0.00      0.49      0.04
    2003    0.00    0.00    0.00    0.00    0.00    0.00    0.06    0.02    0.00    0.00    0.00    0.00      0.10      0.01
    2004    0.00    0.00    0.00    0.00    0.01    0.00    0.00    0.00    0.00    0.00    0.00    0.00      0.01      0.00
    2005    0.00    0.00    0.00    2.73    3.22    0.82    0.26    0.09    0.05    0.04    0.04    0.03      7.28      0.61
    2006    0.03    0.02    0.02    0.02    0.01    0.01    0.01    0.01    0.01    0.01    0.01    0.01      0.17      0.01
    2007    0.07    0.05    0.18    0.13    0.05    0.17    0.06    0.06    0.08    0.02    0.01    0.01      0.88      0.07
    2008    0.00    0.00    0.00    0.00    2.12    0.73    0.03    0.02    0.02    0.02    0.02    0.02      2.99      0.25
    2009    0.01    0.01    0.01    0.47    0.24    0.26    0.08    0.01    0.01    0.01    0.01    0.01      1.13      0.09
  
 AVERAGE    0.07    0.08    0.11    0.26    0.65    0.88    0.37    0.08    0.03    0.03    0.03    0.03      2.62      0.22
