    1920    0.00    0.00    0.00    0.00    2.15    2.57    0.69    0.03    0.03    0.02    0.02    0.01      5.51      0.46
    1921    0.01    0.05    0.02    0.00    0.00    0.00    0.00    0.00    0.00    0.00    0.00    0.00      0.08      0.01
    1922    0.00    0.00    0.00    0.17    1.29    0.45    0.03    0.02    0.01    0.01    0.00    0.00      1.98      0.16
    1923    0.00    0.00    0.00    0.02    0.01    1.33    0.78    0.12    0.01    0.01    0.01    0.01      2.31      0.19
    1924    0.00    0.00    1.94    0.66    0.10    3.00    4.62    1.99    0.27    0.08    0.07    0.06     12.78      1.07
    1925    0.04    0.03    0.01    0.01    0.01    0.05    0.02    0.02    0.02    0.03    0.03    0.03      0.29      0.02
    1926    0.02    0.04    0.03    0.01    0.01    0.21    0.07    0.01    0.01    0.01    0.01    0.00      0.44      0.04
    1927    0.04    0.01    0.25    0.49    0.86    2.56    0.80    0.03    0.02    0.02    0.01    0.01      5.10      0.42
    1928    0.01    0.00    0.00    0.06    0.02    2.47    0.85    0.02    0.02    0.01    0.01    0.54      4.02      0.34
    1929    0.19    0.01    0.15    0.30    0.10    0.00    0.00    0.00    0.00    0.00    0.00    0.00      0.75      0.06
    1930    0.01    0.01    0.00    2.87    0.97    0.12    0.04    0.01    0.01    0.01    0.01    0.00      4.06      0.34
    1931    0.00    0.10    0.04    0.00    0.43    0.35    0.07    0.00    0.00    0.00    0.00    0.00      1.01      0.08
    1932    0.00    0.00    0.00    0.00    0.00    0.00    0.00    0.00    0.00    0.00    0.00    0.00      0.00      0.00
    1933    0.00    0.03    0.42    0.38    1.07    0.54    0.08    0.01    0.01    0.01    0.00    0.00      2.56      0.21
    1934    0.11    1.07    0.47    0.04    0.00    0.05    0.02    0.26    0.09    0.00    0.00    0.00      2.13      0.18
    1935    0.00    0.00    0.00    0.00    0.00    1.58    0.54    0.01    0.01    0.01    0.01    0.01      2.17      0.18
    1936    0.00    0.03    0.01    0.17    0.90    0.29    0.01    0.01    0.00    0.00    0.00    0.00      1.42      0.12
    1937    0.00    0.00    0.00    0.57    0.51    0.11    0.01    0.00    0.00    0.00    0.00    0.00      1.22      0.10
    1938    0.06    0.03    0.01    0.13    0.61    0.30    0.04    0.01    0.00    0.05    0.02    0.00      1.25      0.10
    1939    0.01    0.00    0.00    0.00    0.00    4.55    1.54    0.04    0.03    0.02    0.02    0.01      6.23      0.52
    1940    0.01    0.03    0.01    4.46    4.07    0.89    0.04    0.03    0.02    0.02    0.01    0.01      9.61      0.80
    1941    0.01    0.00    0.00    0.00    0.51    0.31    0.05    0.00    0.00    0.00    0.00    0.00      0.90      0.08
    1942    2.26    0.76    0.03    0.01    0.00    0.00    0.36    0.12    0.00    0.00    0.00    0.00      3.57      0.30
    1943    0.00    2.37    0.81    0.15    0.10    0.76    0.26    0.01    0.01    0.01    0.00    0.00      4.47      0.37
    1944    0.00    0.00    0.00    0.06    0.02    0.03    0.01    0.00    0.00    0.00    0.00    0.00      0.13      0.01
    1945    0.00    0.00    0.00    0.01    0.42    0.18    0.06    0.02    0.00    0.00    0.00    0.00      0.70      0.06
    1946    0.00    0.00    0.00    0.00    0.00    0.03    0.15    0.05    0.00    0.00    0.00    0.00      0.23      0.02
    1947    0.00    0.00    1.38    0.47    0.73    6.47    2.25    0.06    0.05    0.04    0.03    0.02     11.51      0.96
    1948    0.01    0.01    0.00    0.00    0.00    0.24    0.08    0.00    0.00    0.00    0.00    0.00      0.37      0.03
    1949    0.00    0.00    0.01    0.01    1.11    1.54    2.17    0.79    0.06    0.03    0.10    0.03      5.85      0.49
    1950    0.01    0.01    1.02    0.35    0.01    0.05    0.02    0.00    0.00    0.00    0.00    0.00      1.48      0.12
    1951    0.00    0.00    0.00    0.00    0.80    0.27    0.01    0.01    0.00    0.00    0.00    0.00      1.10      0.09
    1952    0.00    0.00    0.00    0.00    0.81    0.28    0.04    0.01    0.00    0.00    0.00    0.00      1.16      0.10
    1953    0.00    0.01    0.76    0.26    0.00    3.96    1.34    0.04    0.03    0.02    0.02    0.01      6.46      0.54
    1954    0.01    0.00    0.00   14.45    4.86    0.14    0.38    0.12    0.04    0.03    0.03    0.02     20.08      1.67
    1955    0.01    0.26    0.20    0.30    0.98    4.43    1.40    0.04    0.04    0.03    0.02    0.01      7.72      0.64
    1956    0.01    0.00    0.00    0.00    0.01    0.00    0.00    0.00    0.01    0.00    0.00    0.00      0.05      0.00
    1957    0.00    0.01    1.11    3.55    1.08    0.02    0.02    0.01    0.01    0.01    0.01    0.00      5.84      0.49
    1958    0.00    0.00    0.02    0.03    1.31    0.44    0.01    0.06    0.02    0.01    0.00    0.00      1.91      0.16
    1959    0.00    0.00    0.19    0.07    0.04    0.22    0.10    0.01    0.00    0.00    0.00    0.00      0.63      0.05
    1960    0.00    0.00    0.00    0.18    0.06    1.87    0.69    0.04    0.02    0.01    0.01    0.01      2.88      0.24
    1961    0.00    0.21    0.07    0.00    1.33    0.45    0.01    0.01    0.01    0.01    0.00    0.00      2.10      0.17
    1962    0.00    0.08    0.03    5.85    1.96    1.67    1.21    0.26    0.04    0.03    0.02    0.02     11.18      0.93
    1963    0.01    0.06    0.22    0.07    0.00    0.03    0.01    0.00    0.00    0.00    0.00    0.00      0.40      0.03
    1964    0.01    0.00    0.10    0.03    0.00    0.02    0.12    0.04    0.00    0.00    0.00    0.00      0.33      0.03
    1965    0.00    0.00    0.00    0.00    0.03    0.01    0.00    0.00    0.00    0.00    0.00    0.00      0.05      0.00
    1966    0.00    0.00    0.04    0.26    0.49    0.14    0.58    0.20    0.01    0.01    0.01    0.00      1.74      0.15
    1967    0.00    0.01    0.00    0.00    0.00    2.32    0.79    0.02    0.02    0.01    0.01    0.01      3.19      0.27
    1968    0.01    0.00    0.00    0.00    1.00    0.34    0.33    0.12    0.01    0.01    0.01    0.00      1.83      0.15
    1969    0.00    0.00    0.00    0.01    0.47    0.16    0.00    0.00    0.00    0.00    0.00    0.00      0.66      0.05
    1970    0.00    0.01    0.06    0.07    0.34    0.12    0.00    0.02    0.01    0.00    0.00    0.00      0.64      0.05
    1971    0.02    0.01    0.00    7.86    2.62    0.57    0.20    0.03    0.02    0.02    0.01    0.01     11.39      0.95
    1972    0.01    0.00    0.00    0.00    0.86    0.35    0.63    0.21    0.01    0.01    0.01    0.00      2.10      0.18
    1973    0.01    0.00    1.52   30.80   16.25   11.63    3.49    0.21    0.18    0.15    0.12    0.09     64.43      5.37
    1974    0.06    0.03    0.02    0.01    0.05    7.49    2.52    0.07    0.06    0.05    0.04    0.03     10.44      0.87
    1975    0.02    0.02    4.92    8.60    3.96    5.15    1.61    0.10    0.08    0.06    0.05    0.03     24.60      2.05
    1976    0.02    0.01    0.00    0.44    0.27    0.24    0.25    0.07    0.01    0.01    0.00    0.00      1.32      0.11
    1977    0.00    0.12    0.04    0.24    0.09    0.71    0.28    0.01    0.01    0.01    0.00    0.00      1.51      0.13
    1978    0.00    0.00    0.06    0.04    0.02    0.01    0.04    0.07    0.02    0.00    1.05    0.36      1.66      0.14
    1979    0.06    0.02    0.00    0.00    0.48    0.64    0.17    0.01    0.01    0.00    0.00    0.00      1.39      0.12
    1980    0.00    0.04    0.01    0.01    0.77    0.34    0.03    0.01    0.00    0.00    0.03    0.01      1.26      0.10
    1981    0.04    0.05    0.02    0.00    0.06    0.04    0.03    0.01    0.00    0.00    0.00    0.00      0.27      0.02
    1982    0.00    0.00    0.06    0.02    0.00    0.01    0.02    0.01    0.00    0.00    0.00    0.00      0.12      0.01
    1983    0.00    0.19    0.18    0.04    0.00    0.26    0.19    0.04    0.00    0.00    0.00    0.00      0.90      0.07
    1984    0.00    0.00    0.00    0.00    0.00    0.08    0.03    0.00    0.00    0.00    0.00    0.00      0.11      0.01
    1985    0.00    0.01    0.15    0.07    0.01    0.00    0.00    0.00    0.00    0.00    0.00    0.00      0.23      0.02
    1986    0.00    0.00    0.00    0.00    0.15    0.05    0.00    0.00    0.00    0.00    0.00    0.05      0.25      0.02
    1987    0.02    0.01    0.00    0.00    7.03    3.34    0.98    0.22    0.05    0.04    0.03    0.02     11.73      0.98
    1988    0.01    0.03    1.66    0.85    1.63    0.52    0.06    0.02    0.01    0.01    0.01    0.01      4.82      0.40
    1989    0.00    0.00    0.00    0.00    0.44    0.26    0.04    0.00    0.00    0.00    0.00    0.00      0.76      0.06
    1990    0.00    0.00    0.01    3.09    1.32    3.96    1.32    0.05    0.18    0.06    0.03    0.02     10.03      0.84
    1991    0.47    0.16    0.02    0.01    0.00    0.01    0.00    0.00    0.00    0.00    0.00    0.00      0.67      0.06
    1992    0.00    0.00    0.00    0.00    0.53    0.19    0.00    0.00    0.00    0.00    0.00    0.00      0.73      0.06
    1993    0.07    0.03    0.00    0.16    0.23    0.06    0.00    0.00    0.00    0.00    0.00    0.00      0.57      0.05
    1994    0.00    0.00    0.00    0.01    0.00    0.41    0.14    0.00    0.00    0.00    0.00    0.00      0.59      0.05
    1995    0.00    0.09    0.70    0.23    0.33    0.11    0.00    0.00    0.00    0.00    0.00    0.00      1.48      0.12
    1996    0.00    0.31    0.26    0.26    0.07    2.15    0.73    0.02    0.02    0.01    0.01    0.01      3.85      0.32
    1997    0.00    0.00    0.00    0.00    0.01    0.29    0.10    0.00    0.00    0.00    0.00    0.00      0.42      0.04
    1998    0.00    0.01    0.00    0.15    0.05    0.00    0.00    0.35    0.12    0.00    0.00    0.00      0.69      0.06
    1999    0.02    0.01   12.88    4.33    0.78    0.82    0.35    0.05    0.03    0.02    0.02    0.02     19.32      1.61
    2000    0.01    0.00    0.03    0.01    0.00    1.02    1.73    0.48    0.02    0.02    0.01    0.01      3.35      0.28
    2001    0.01    0.92    0.50    0.07    0.00    0.01    0.00    0.01    0.01    0.00    0.01    0.00      1.53      0.13
    2002    0.00    0.00    0.14    0.05    0.50    0.17    0.01    0.00    0.00    0.00    0.00    0.00      0.89      0.07
    2003    0.00    0.01    0.00    0.01    0.07    0.06    0.01    0.00    0.00    0.00    0.00    0.00      0.17      0.01
    2004    0.01    0.00    0.01    0.06    0.05    0.05    0.01    0.00    0.00    0.00    0.00    0.00      0.19      0.02
    2005    0.00    0.00    0.00    0.75    0.90    0.25    0.13    0.05    0.01    0.01    0.00    0.00      2.09      0.17
    2006    0.00    0.00    0.02    0.01    0.00    0.04    0.05    0.01    0.00    0.00    0.00    0.00      0.14      0.01
    2007    0.11    0.04    0.06    0.47    0.24    0.05    0.01    1.10    0.38    0.01    0.01    0.01      2.47      0.21
    2008    0.00    0.00    0.00    0.13    4.93    1.65    0.04    0.03    0.02    0.02    0.01    0.01      6.85      0.57
    2009    0.01    0.00    0.01    5.98    3.02    0.41    0.03    0.03    0.02    0.02    0.01    0.01      9.57      0.80
  
 AVERAGE    0.04    0.08    0.36    1.13    0.88    1.01    0.42    0.09    0.03    0.01    0.02    0.02      4.10      0.34
