    1920    0.08    0.02    0.00    0.00    0.26    0.08    0.00    0.00   10.87    3.71    0.02    0.00     15.04      1.25
    1921    0.00    0.00    0.00    0.00    0.00    0.00    0.00    0.00    0.02    0.01    0.73    0.24      1.01      0.08
    1922    0.00    0.00    0.00    0.00    0.00    0.02    0.01    0.00    2.31    0.78    0.00    0.00      3.12      0.26
    1923    0.00    0.00    0.00    0.00    0.00    0.00    0.00    0.00    0.00    0.00    0.00    0.00      0.00      0.00
    1924    0.00    0.00    0.01    0.00    0.00    0.00    0.00    0.02   16.21    6.22    0.38    0.02     22.85      1.90
    1925    0.00    0.00    0.00    0.00    0.00    0.00    0.00    0.00    0.00    0.13    0.05    0.00      0.18      0.02
    1926    0.07    0.02    0.00    0.00    0.00    0.00    0.00    0.00    0.00    0.00    0.13    0.04      0.25      0.02
    1927    0.00    0.00    0.00    0.00    0.00    0.00    0.00    0.00    0.00    0.00    0.00    0.00      0.00      0.00
    1928    0.00    0.00    0.00    0.00    0.00    0.00    0.00    0.00    0.02    0.07    0.02    0.00      0.11      0.01
    1929    0.00    0.00    0.00    0.00    0.00    0.00    0.00    0.01    0.10    0.03    1.58    0.54      2.27      0.19
    1930    0.00    0.00    0.00    0.00    0.00    0.00    0.00    0.00    0.00    0.00    0.00    0.00      0.00      0.00
    1931    0.00    0.00    0.00    0.00    0.00    0.00    0.00    0.00    0.00    0.01    0.00    0.00      0.01      0.00
    1932    0.00    0.00    0.00    0.00    0.00    0.00    0.00    0.00    0.12    0.09    0.03    0.00      0.24      0.02
    1933    0.00    0.00    0.00    0.00    0.01    0.23    0.07    0.01    0.00    0.00    0.00    0.00      0.33      0.03
    1934    0.00    0.00    0.00    0.00    0.00    0.00    0.01    0.02    0.01    0.04    0.02    0.00      0.09      0.01
    1935    0.00    0.00    0.00    0.00    0.00    0.00    0.00    0.00    0.00    0.00    0.00    0.35      0.35      0.03
    1936    0.11    0.00    0.00    0.00    0.00    0.00    0.00    0.00    0.01    0.01    0.00    0.00      0.13      0.01
    1937    0.00    0.00    0.00    0.00    0.00    0.00    0.00    0.00    0.00    0.00    0.00    0.00      0.00      0.00
    1938    0.00    0.00    0.00    0.00    0.00    0.00    0.00    0.01    0.00    0.01    1.65    0.54      2.21      0.18
    1939    0.00    0.00    0.00    0.00    0.00    0.00    0.01    0.00    0.00    0.00    0.00    0.00      0.02      0.00
    1940    0.00    1.69    0.53    0.00    0.00    0.00    0.00    0.47    0.60    0.15    0.01    0.00      3.46      0.29
    1941    0.00    0.00    0.00    0.00    0.00    0.00    0.09    0.03    0.53    0.18    0.00    0.00      0.82      0.07
    1942    0.02    0.00    0.00    0.00    0.00    0.00    0.00    0.32    0.17    0.02    0.05    0.02      0.59      0.05
    1943    0.00    0.03    0.01    0.00    0.00    0.00    0.00    0.12    0.04    0.00    0.06    0.02      0.29      0.02
    1944    0.00    0.00    0.00    0.00    0.00    0.00    0.00    0.01    0.00    0.07    0.03    0.00      0.11      0.01
    1945    0.33    0.10    0.00    0.00    0.00    0.00    0.16    0.05    0.00    0.00    0.00    0.20      0.85      0.07
    1946    0.07    0.00    0.00    0.00    0.00    0.00    0.00    0.14    0.05    0.00    0.00    0.00      0.26      0.02
    1947    0.00    0.00    0.00    0.00    0.00    0.00    0.00    0.00    0.00    0.01    0.00    0.00      0.02      0.00
    1948    0.00    0.00    0.00    0.00    0.00    0.00    0.00    0.00    0.00    0.00    0.00    0.00      0.00      0.00
    1949    0.00    0.00    0.00    0.00    0.00    0.00    0.92    0.31    0.00    0.21    0.07    0.04      1.54      0.13
    1950    0.01    0.00    0.00    0.00    0.00    0.00    0.00    0.08    0.48    0.15    0.00    0.00      0.72      0.06
    1951    0.00    0.00    0.00    0.00    0.00    0.00    0.00    0.00    0.00    1.31    0.45    0.00      1.76      0.15
    1952    0.00    0.01    0.00    0.00    0.20    0.06    0.18    0.06    0.00    0.01    0.04    0.01      0.58      0.05
    1953    0.00    0.00    1.44    0.45    0.00    0.56    0.18    0.31    0.10    0.28    0.10    0.00      3.42      0.29
    1954    0.00    0.00    0.00    0.00    0.15    0.05    0.00    0.00    0.00    0.05    0.26    0.08      0.59      0.05
    1955    0.00    0.01    0.01    0.00    0.00    0.50    0.16    0.00    0.00    0.00    0.00    0.00      0.68      0.06
    1956    0.00    0.00    0.03    0.01    0.00    0.00    0.00    0.00    0.05    0.03    0.03    0.01      0.17      0.01
    1957    0.00    0.00    0.00    0.00    0.00    0.00    0.00    0.05    0.02    0.00    0.00    0.00      0.07      0.01
    1958    0.00    0.00    0.00    0.00    0.00    0.00    0.00    0.96    0.32    0.00    0.00    0.00      1.28      0.11
    1959    0.00    0.00    0.00    0.00    0.00    0.00    0.00    0.00    0.00    0.00    0.00    0.00      0.00      0.00
    1960    0.00    0.00    0.00    0.00    0.00    0.00    5.11    1.71    0.06    0.07    0.02    0.00      6.97      0.58
    1961    0.00    0.00    0.00    0.00    0.00    0.00    0.00    0.00    0.01    0.00    0.47    0.16      0.64      0.05
    1962    0.00    0.00    0.00    0.00    0.00    0.00    0.62    0.21    0.03    0.01    0.04    0.01      0.92      0.08
    1963    0.00    0.00    0.00    0.00    0.00    0.00    0.00    0.00    0.01    0.00    0.00    0.03      0.04      0.00
    1964    0.01    0.00    0.00    0.00    0.00    0.03    0.01    0.00    0.00    0.00    0.00    0.00      0.05      0.00
    1965    0.00    0.00    0.00    0.01    0.00    0.00    0.00    0.00    0.00    0.00    0.00    0.00      0.01      0.00
    1966    0.00    0.00    0.00    0.00    0.00    0.00    0.00    0.00    0.18    0.06    0.00    0.00      0.25      0.02
    1967    0.00    0.00    0.00    0.00    0.00    0.05    0.02    1.26    0.42    0.00    0.00    0.00      1.76      0.15
    1968    0.00    0.00    0.00    0.00    0.01    0.00    0.00    0.00    0.00    0.00    0.00    0.00      0.01      0.00
    1969    0.00    0.00    0.00    0.00    0.00    0.00    0.00    0.00    0.00    0.00    0.00    0.00      0.00      0.00
    1970    0.00    0.00    0.00    0.00    0.00    0.04    0.01    0.00    0.00    0.01    0.09    0.03      0.18      0.01
    1971    0.00    0.00    0.00    0.01    0.00    0.00    0.00    0.00    0.01    0.00    0.00    0.00      0.02      0.00
    1972    0.00    0.00    0.00    0.00    0.00    0.01    0.00    0.00    0.00    0.01    0.00    0.00      0.03      0.00
    1973    0.00    0.00    0.02    0.11    0.10    0.10    0.02    0.00    0.00    0.00    0.08    0.03      0.46      0.04
    1974    0.00    0.00    0.00    0.00    0.00    0.49    0.16    0.34    0.11    0.00    0.00    0.00      1.11      0.09
    1975    0.00    0.00    0.00    0.04    3.91    1.28    0.00    0.00    0.00    0.00    0.00    0.00      5.25      0.44
    1976    0.00    0.00    0.00    0.00    0.00    0.00    0.00    0.00    0.00    0.00    0.00    0.00      0.00      0.00
    1977    0.00    0.00    0.00    0.00    0.00    0.00    0.00    0.00    0.00    0.00    0.00    0.00      0.00      0.00
    1978    0.00    0.00    0.00    0.00    0.00    0.00    0.00    0.00    0.00    0.03    0.00    0.00      0.03      0.00
    1979    0.00    0.00    0.00    0.00    0.00    0.00    0.00    0.00    0.00    0.00    0.00    0.00      0.00      0.00
    1980    0.00    0.00    0.00    0.00    0.00    2.09    0.69    0.00    0.00    0.00    0.75    0.25      3.79      0.32
    1981    0.02    0.01    0.00    0.00    0.00    0.00    0.07    0.02    0.00    0.23    0.08    0.00      0.43      0.04
    1982    0.00    0.00    0.00    0.00    0.00    0.00    0.00    0.83    0.28    0.00    0.00    0.01      1.12      0.09
    1983    0.00    0.00    0.00    0.00    0.00    0.04    0.01    0.00    0.00    0.00    0.00    0.00      0.05      0.00
    1984    0.00    0.00    0.00    0.00    0.02    0.01    0.00    0.00    0.00    0.00    0.00    0.00      0.03      0.00
    1985    0.01    0.00    3.78    1.18    0.00    0.00    0.00    0.00    1.98    0.65    0.00    0.00      7.62      0.63
    1986    0.00    0.00    0.00    0.00    0.00    0.00    0.00    0.00    0.00    0.07    0.02    0.00      0.09      0.01
    1987    0.00    0.00    0.00    0.00    0.00    0.00    0.00    0.00    0.00    0.00    0.00    0.00      0.00      0.00
    1988    0.00    0.00    0.00    0.00    0.00    0.00    1.49    0.50    0.00    0.00    0.00    0.00      1.99      0.17
    1989    0.00    0.00    0.00    0.00    0.00    0.00    1.75    0.58    0.01    0.00    0.00    0.00      2.35      0.20
    1990    0.00    0.00    0.00    0.00    0.00    0.01    0.00    0.00    0.00    0.00    0.00    0.13      0.15      0.01
    1991    0.07    0.01    0.00    0.00    0.00    0.00    0.00    0.00    0.00    0.00    0.00    0.00      0.08      0.01
    1992    0.00    0.00    0.00    0.00    0.00    0.00    0.28    0.10    0.00    0.00    0.00    0.00      0.38      0.03
    1993    0.00    0.00    0.00    0.01    0.00    0.00    0.00    0.00    0.06    0.03    0.00    0.00      0.10      0.01
    1994    0.00    0.00    0.00    0.06    0.02    0.00    0.00    0.04    0.01    0.00    0.02    0.05      0.20      0.02
    1995    0.02    0.00    0.00    0.00    0.00    0.00    0.00    0.00    0.00    2.61    0.88    0.00      3.52      0.29
    1996    0.00    0.14    0.05    0.00    0.00    0.04    0.01    0.07    0.18    0.05    0.00    0.00      0.54      0.05
    1997    0.00    0.04    0.01    0.00    0.00    0.01    0.00    0.00    0.00    0.00    0.01    0.00      0.08      0.01
    1998    0.00    0.00    0.00    0.00    0.00    0.00    0.02    0.01    0.00    0.00    0.00    0.05      0.09      0.01
    1999    0.09    0.02    0.04    0.01    1.18    0.38    0.00    0.00    0.00    0.00    0.00    0.00      1.72      0.14
    2000    0.00    0.00    0.00    0.00    0.00    0.00    0.00    0.00    0.00    0.18    0.06    0.00      0.24      0.02
    2001    0.00    0.00    0.00    0.00    0.00    0.00    0.00    0.00    0.00    0.00    0.09    0.03      0.12      0.01
    2002    0.00    0.00    0.00    0.00    0.00    0.00    0.00    0.00    0.00    0.00    1.15    0.38      1.53      0.13
    2003    0.00    0.00    0.00    0.00    0.00    0.00    0.00    0.00    0.00    0.00    0.00    0.00      0.00      0.00
    2004    0.00    0.00    0.00    0.52    0.17    0.00    0.39    0.15    0.01    0.00    0.00    0.00      1.23      0.10
    2005    1.03    0.33    0.00    0.02    0.03    0.00    1.08    0.74    0.13    0.00    0.48    0.16      4.01      0.33
    2006    0.00    0.00    0.00    0.00    0.00    0.00    0.00    0.00    2.97    1.00    0.01    0.00      3.98      0.33
    2007    0.00    0.00    0.04    0.01    0.00    0.09    0.03    0.02    0.03    0.46    0.15    0.00      0.84      0.07
    2008    0.00    0.00    0.00    0.00    2.44    0.78    0.00    0.00    0.00    0.00    0.00    0.00      3.23      0.27
    2009    0.00    0.00    0.00    0.00    0.00    0.00    0.00    0.00    0.00    0.00    0.00    0.00      0.00      0.00
  
 AVERAGE    0.02    0.03    0.07    0.03    0.09    0.08    0.15    0.11    0.43    0.21    0.11    0.04      1.36      0.11
