    1920    0.07    0.02    0.00    0.00    0.21    0.07    0.00    0.00    8.90    3.04    0.02    0.00     12.33      1.03
    1921    0.00    0.00    0.00    0.00    0.00    0.00    0.00    0.00    0.02    0.01    0.60    0.20      0.83      0.07
    1922    0.00    0.00    0.00    0.00    0.00    0.02    0.01    0.00    1.89    0.64    0.00    0.00      2.55      0.21
    1923    0.00    0.00    0.00    0.00    0.00    0.00    0.00    0.00    0.00    0.00    0.00    0.00      0.00      0.00
    1924    0.00    0.00    0.01    0.00    0.00    0.00    0.00    0.01   13.28    5.09    0.31    0.01     18.72      1.56
    1925    0.00    0.00    0.00    0.00    0.00    0.00    0.00    0.00    0.00    0.11    0.04    0.00      0.15      0.01
    1926    0.05    0.01    0.00    0.00    0.00    0.00    0.00    0.00    0.00    0.00    0.10    0.03      0.21      0.02
    1927    0.00    0.00    0.00    0.00    0.00    0.00    0.00    0.00    0.00    0.00    0.00    0.00      0.00      0.00
    1928    0.00    0.00    0.00    0.00    0.00    0.00    0.00    0.00    0.02    0.06    0.02    0.00      0.09      0.01
    1929    0.00    0.00    0.00    0.00    0.00    0.00    0.00    0.01    0.08    0.03    1.29    0.44      1.86      0.15
    1930    0.00    0.00    0.00    0.00    0.00    0.00    0.00    0.00    0.00    0.00    0.00    0.00      0.00      0.00
    1931    0.00    0.00    0.00    0.00    0.00    0.00    0.00    0.00    0.00    0.01    0.00    0.00      0.01      0.00
    1932    0.00    0.00    0.00    0.00    0.00    0.00    0.00    0.00    0.10    0.07    0.02    0.00      0.19      0.02
    1933    0.00    0.00    0.00    0.00    0.01    0.19    0.06    0.01    0.00    0.00    0.00    0.00      0.27      0.02
    1934    0.00    0.00    0.00    0.00    0.00    0.00    0.01    0.02    0.00    0.03    0.02    0.00      0.07      0.01
    1935    0.00    0.00    0.00    0.00    0.00    0.00    0.00    0.00    0.00    0.00    0.00    0.28      0.28      0.02
    1936    0.09    0.00    0.00    0.00    0.00    0.00    0.00    0.00    0.01    0.00    0.00    0.00      0.11      0.01
    1937    0.00    0.00    0.00    0.00    0.00    0.00    0.00    0.00    0.00    0.00    0.00    0.00      0.00      0.00
    1938    0.00    0.00    0.00    0.00    0.00    0.00    0.00    0.01    0.00    0.01    1.35    0.45      1.81      0.15
    1939    0.00    0.00    0.00    0.00    0.00    0.00    0.00    0.00    0.00    0.00    0.00    0.00      0.01      0.00
    1940    0.00    1.39    0.43    0.00    0.00    0.00    0.00    0.39    0.50    0.12    0.01    0.00      2.84      0.24
    1941    0.00    0.00    0.00    0.00    0.00    0.00    0.07    0.02    0.43    0.15    0.00    0.00      0.67      0.06
    1942    0.01    0.00    0.00    0.00    0.00    0.00    0.00    0.26    0.14    0.02    0.04    0.01      0.49      0.04
    1943    0.00    0.03    0.01    0.00    0.00    0.00    0.00    0.10    0.04    0.00    0.05    0.02      0.23      0.02
    1944    0.00    0.00    0.00    0.00    0.00    0.00    0.00    0.00    0.00    0.06    0.03    0.00      0.09      0.01
    1945    0.27    0.09    0.00    0.00    0.00    0.00    0.13    0.04    0.00    0.00    0.00    0.16      0.70      0.06
    1946    0.05    0.00    0.00    0.00    0.00    0.00    0.00    0.12    0.04    0.00    0.00    0.00      0.21      0.02
    1947    0.00    0.00    0.00    0.00    0.00    0.00    0.00    0.00    0.00    0.01    0.00    0.00      0.02      0.00
    1948    0.00    0.00    0.00    0.00    0.00    0.00    0.00    0.00    0.00    0.00    0.00    0.00      0.00      0.00
    1949    0.00    0.00    0.00    0.00    0.00    0.00    0.75    0.25    0.00    0.17    0.06    0.03      1.26      0.11
    1950    0.01    0.00    0.00    0.00    0.00    0.00    0.00    0.07    0.39    0.12    0.00    0.00      0.59      0.05
    1951    0.00    0.00    0.00    0.00    0.00    0.00    0.00    0.00    0.00    1.07    0.37    0.00      1.44      0.12
    1952    0.00    0.01    0.00    0.00    0.16    0.05    0.15    0.05    0.00    0.01    0.03    0.01      0.48      0.04
    1953    0.00    0.00    1.18    0.37    0.00    0.46    0.15    0.25    0.08    0.23    0.08    0.00      2.80      0.23
    1954    0.00    0.00    0.00    0.00    0.12    0.04    0.00    0.00    0.00    0.04    0.21    0.06      0.48      0.04
    1955    0.00    0.01    0.00    0.00    0.00    0.41    0.13    0.00    0.00    0.00    0.00    0.00      0.56      0.05
    1956    0.00    0.00    0.02    0.01    0.00    0.00    0.00    0.00    0.04    0.03    0.03    0.01      0.14      0.01
    1957    0.00    0.00    0.00    0.00    0.00    0.00    0.00    0.04    0.01    0.00    0.00    0.00      0.06      0.00
    1958    0.00    0.00    0.00    0.00    0.00    0.00    0.00    0.78    0.26    0.00    0.00    0.00      1.05      0.09
    1959    0.00    0.00    0.00    0.00    0.00    0.00    0.00    0.00    0.00    0.00    0.00    0.00      0.00      0.00
    1960    0.00    0.00    0.00    0.00    0.00    0.00    4.18    1.40    0.05    0.06    0.02    0.00      5.71      0.48
    1961    0.00    0.00    0.00    0.00    0.00    0.00    0.00    0.00    0.01    0.00    0.39    0.13      0.52      0.04
    1962    0.00    0.00    0.00    0.00    0.00    0.00    0.51    0.17    0.02    0.01    0.04    0.01      0.76      0.06
    1963    0.00    0.00    0.00    0.00    0.00    0.00    0.00    0.00    0.01    0.00    0.00    0.02      0.03      0.00
    1964    0.01    0.00    0.00    0.00    0.00    0.02    0.01    0.00    0.00    0.00    0.00    0.00      0.04      0.00
    1965    0.00    0.00    0.00    0.00    0.00    0.00    0.00    0.00    0.00    0.00    0.00    0.00      0.01      0.00
    1966    0.00    0.00    0.00    0.00    0.00    0.00    0.00    0.00    0.15    0.05    0.00    0.00      0.20      0.02
    1967    0.00    0.00    0.00    0.00    0.00    0.04    0.01    1.03    0.35    0.00    0.00    0.00      1.44      0.12
    1968    0.00    0.00    0.00    0.00    0.00    0.00    0.00    0.00    0.00    0.00    0.00    0.00      0.01      0.00
    1969    0.00    0.00    0.00    0.00    0.00    0.00    0.00    0.00    0.00    0.00    0.00    0.00      0.00      0.00
    1970    0.00    0.00    0.00    0.00    0.00    0.03    0.01    0.00    0.00    0.00    0.08    0.03      0.15      0.01
    1971    0.00    0.00    0.00    0.00    0.00    0.00    0.00    0.00    0.01    0.00    0.00    0.00      0.02      0.00
    1972    0.00    0.00    0.00    0.00    0.00    0.01    0.00    0.00    0.00    0.01    0.00    0.00      0.02      0.00
    1973    0.00    0.00    0.01    0.09    0.09    0.08    0.02    0.00    0.00    0.00    0.06    0.02      0.37      0.03
    1974    0.00    0.00    0.00    0.00    0.00    0.40    0.13    0.28    0.09    0.00    0.00    0.00      0.91      0.08
    1975    0.00    0.00    0.00    0.04    3.21    1.05    0.00    0.00    0.00    0.00    0.00    0.00      4.30      0.36
    1976    0.00    0.00    0.00    0.00    0.00    0.00    0.00    0.00    0.00    0.00    0.00    0.00      0.00      0.00
    1977    0.00    0.00    0.00    0.00    0.00    0.00    0.00    0.00    0.00    0.00    0.00    0.00      0.00      0.00
    1978    0.00    0.00    0.00    0.00    0.00    0.00    0.00    0.00    0.00    0.03    0.00    0.00      0.03      0.00
    1979    0.00    0.00    0.00    0.00    0.00    0.00    0.00    0.00    0.00    0.00    0.00    0.00      0.00      0.00
    1980    0.00    0.00    0.00    0.00    0.00    1.71    0.57    0.00    0.00    0.00    0.62    0.20      3.10      0.26
    1981    0.01    0.00    0.00    0.00    0.00    0.00    0.06    0.02    0.00    0.19    0.06    0.00      0.35      0.03
    1982    0.00    0.00    0.00    0.00    0.00    0.00    0.00    0.68    0.23    0.00    0.00    0.01      0.92      0.08
    1983    0.00    0.00    0.00    0.00    0.00    0.03    0.01    0.00    0.00    0.00    0.00    0.00      0.04      0.00
    1984    0.00    0.00    0.00    0.00    0.02    0.01    0.00    0.00    0.00    0.00    0.00    0.00      0.02      0.00
    1985    0.01    0.00    3.10    0.97    0.00    0.00    0.00    0.00    1.62    0.53    0.00    0.00      6.24      0.52
    1986    0.00    0.00    0.00    0.00    0.00    0.00    0.00    0.00    0.00    0.06    0.01    0.00      0.07      0.01
    1987    0.00    0.00    0.00    0.00    0.00    0.00    0.00    0.00    0.00    0.00    0.00    0.00      0.00      0.00
    1988    0.00    0.00    0.00    0.00    0.00    0.00    1.22    0.41    0.00    0.00    0.00    0.00      1.63      0.14
    1989    0.00    0.00    0.00    0.00    0.00    0.00    1.43    0.48    0.01    0.00    0.00    0.00      1.93      0.16
    1990    0.00    0.00    0.00    0.00    0.00    0.01    0.00    0.00    0.00    0.00    0.00    0.11      0.12      0.01
    1991    0.06    0.01    0.00    0.00    0.00    0.00    0.00    0.00    0.00    0.00    0.00    0.00      0.07      0.01
    1992    0.00    0.00    0.00    0.00    0.00    0.00    0.23    0.08    0.00    0.00    0.00    0.00      0.31      0.03
    1993    0.00    0.00    0.00    0.00    0.00    0.00    0.00    0.00    0.05    0.02    0.00    0.00      0.08      0.01
    1994    0.00    0.00    0.00    0.05    0.01    0.00    0.00    0.03    0.01    0.00    0.02    0.04      0.16      0.01
    1995    0.02    0.00    0.00    0.00    0.00    0.00    0.00    0.00    0.00    2.14    0.72    0.00      2.88      0.24
    1996    0.00    0.12    0.04    0.00    0.00    0.03    0.01    0.06    0.15    0.04    0.00    0.00      0.45      0.04
    1997    0.00    0.04    0.01    0.00    0.00    0.01    0.00    0.00    0.00    0.00    0.00    0.00      0.07      0.01
    1998    0.00    0.00    0.00    0.00    0.00    0.00    0.02    0.01    0.00    0.00    0.00    0.04      0.07      0.01
    1999    0.07    0.02    0.03    0.01    0.97    0.31    0.00    0.00    0.00    0.00    0.00    0.00      1.41      0.12
    2000    0.00    0.00    0.00    0.00    0.00    0.00    0.00    0.00    0.00    0.15    0.05    0.00      0.20      0.02
    2001    0.00    0.00    0.00    0.00    0.00    0.00    0.00    0.00    0.00    0.00    0.07    0.02      0.10      0.01
    2002    0.00    0.00    0.00    0.00    0.00    0.00    0.00    0.00    0.00    0.00    0.94    0.31      1.26      0.10
    2003    0.00    0.00    0.00    0.00    0.00    0.00    0.00    0.00    0.00    0.00    0.00    0.00      0.00      0.00
    2004    0.00    0.00    0.00    0.43    0.14    0.00    0.32    0.12    0.01    0.00    0.00    0.00      1.01      0.08
    2005    0.85    0.27    0.00    0.02    0.03    0.00    0.89    0.61    0.11    0.00    0.39    0.13      3.28      0.27
    2006    0.00    0.00    0.00    0.00    0.00    0.00    0.00    0.00    2.43    0.82    0.00    0.00      3.26      0.27
    2007    0.00    0.00    0.03    0.01    0.00    0.07    0.02    0.02    0.02    0.38    0.12    0.00      0.68      0.06
    2008    0.00    0.00    0.00    0.00    2.00    0.64    0.00    0.00    0.00    0.00    0.00    0.00      2.65      0.22
    2009    0.00    0.00    0.00    0.00    0.00    0.00    0.00    0.00    0.00    0.00    0.00    0.00      0.00      0.00
  
 AVERAGE    0.02    0.02    0.05    0.02    0.08    0.06    0.12    0.09    0.35    0.17    0.09    0.03      1.12      0.09
