    1920    3.57    1.74    0.61    0.21    0.37    0.31    0.20    0.14   25.47   16.08    9.82    7.27     65.79      5.48
    1921    3.97    1.49    0.50    0.44    0.36    0.27    0.27    0.37    1.95    2.42    4.84    4.66     21.53      1.79
    1922    2.68    1.18    0.39    0.21    0.17    0.15    0.16    1.07    6.80    7.45    6.75    5.19     32.19      2.68
    1923    2.99    1.20    0.38    0.25    0.21    0.19    0.18    0.18    0.53    1.03    1.95    2.40     11.48      0.96
    1924    1.75    0.90    0.32    0.13    0.11    0.11    0.10    0.26   27.36   20.41   13.64    9.17     74.26      6.19
    1925    4.86    2.02    0.72    0.43    0.37    0.33    0.30    1.22    1.44    1.97    2.61    2.16     18.44      1.54
    1926    1.83    1.09    0.34    0.20    0.17    0.15    0.19    0.41    0.70    0.99    1.53    1.67      9.26      0.77
    1927    1.11    0.45    0.14    0.10    0.08    0.07    0.07    0.06    0.72    1.24    1.71    1.76      7.50      0.62
    1928    1.24    0.52    0.12    0.07    0.05    0.06    0.31    0.94    2.18    4.08    5.19    4.98     19.74      1.65
    1929    3.33    1.38    0.36    0.20    0.16    0.15    0.16    0.46    0.90    1.34    2.20    4.20     14.82      1.24
    1930    3.56    1.62    0.42    0.16    0.12    0.10    0.39    0.68    0.93    1.84    4.54    4.85     19.21      1.60
    1931    3.40    1.64    0.45    0.19    0.39    0.27    0.16    0.53    1.74    2.92    2.98    2.53     17.19      1.43
    1932    1.68    0.70    0.19    0.12    0.10    0.13    0.14    0.17    2.41    5.44    6.60    5.10     22.78      1.90
    1933    2.92    1.24    0.36    0.20    0.20    0.29    0.31    0.42    0.65    0.91    1.19    1.18      9.87      0.82
    1934    1.02    1.47    0.83    0.19    0.09    0.08    0.13    0.65    1.31    2.42    5.70    7.51     21.39      1.78
    1935    5.29    2.17    0.53    0.22    0.17    0.14    0.13    0.20    0.39    1.25    2.49    4.48     17.45      1.45
    1936    3.72    2.31    0.99    0.24    0.14    0.16    0.21    0.34    3.70    5.50    5.21    3.44     25.96      2.16
    1937    1.92    0.82    0.30    0.23    0.16    0.13    0.22    0.72    1.16    1.65    2.15    2.31     11.76      0.98
    1938    1.77    0.81    0.22    0.11    0.13    0.13    0.12    2.22    2.36    2.34    5.06    5.95     21.20      1.77
    1939    3.98    1.65    0.41    0.20    0.18    0.17    0.46    0.67    1.12    1.59    1.81    1.86     14.09      1.17
    1940    1.41    0.75    0.26    0.16    0.12    0.08    1.09    4.73    8.99   10.73   11.74   10.08     50.14      4.18
    1941    6.25    2.53    0.65    0.38    0.32    0.28    0.29    0.55    4.24    4.47    4.06    3.57     27.60      2.30
    1942    2.73    1.38    0.93    0.42    0.23    0.21    0.21    0.27    1.19    2.65    4.32    4.16     18.70      1.56
    1943    2.61    1.84    0.84    0.22    0.15    0.16    0.18    0.31    1.84    2.80    3.70    3.71     18.34      1.53
    1944    3.07    1.83    0.67    0.21    0.14    0.12    0.14    0.48    2.23    5.09    6.42    5.09     25.49      2.12
    1945    2.93    1.20    0.32    0.19    0.15    0.14    0.28    0.46    0.55    0.79    1.00    4.42     12.42      1.04
    1946    3.93    1.78    0.47    0.14    0.11    0.14    0.18    0.63    0.90    2.87    3.87    3.26     18.28      1.52
    1947    2.18    1.06    0.31    0.13    0.11    0.25    0.43    1.65    2.10    3.38    3.66    3.06     18.33      1.53
    1948    2.36    1.24    0.37    0.15    0.12    0.11    0.17    0.33    0.55    1.07    1.81    1.99     10.26      0.86
    1949    1.76    1.62    0.81    0.18    0.09    0.08    0.14    0.29    0.40    3.74    3.85    3.09     16.03      1.34
    1950    2.19    1.06    0.40    0.17    0.11    0.09    0.10    0.32    3.96    5.54    5.97    5.08     24.99      2.08
    1951    3.69    2.13    0.73    0.23    0.18    0.16    0.16    0.59    1.32    4.26    7.30    7.26     28.03      2.34
    1952    4.58    2.09    0.65    0.26    0.20    0.26    3.89    4.29    3.80    5.23    7.62    6.49     39.36      3.28
    1953    3.51    1.42    0.68    0.38    0.26    0.24    0.65    8.50    8.08   11.30   13.93   10.89     59.84      4.99
    1954    6.21    2.46    0.71    0.50    0.48    0.43    0.52    0.66    3.47    6.10   11.75   10.03     43.33      3.61
    1955    5.56    2.65    0.95    0.45    0.37    0.43    0.42    0.52    2.57    5.06    6.62    5.48     31.07      2.59
    1956    3.22    1.25    0.44    0.28    0.33    0.35    0.25    1.42    4.90   10.58   14.93   12.31     50.24      4.19
    1957    7.49    3.28    0.87    0.39    0.34    0.31    0.28    1.50    1.96    2.17    2.48    2.23     23.29      1.94
    1958    1.33    0.53    0.22    0.16    0.14    0.14    0.18   20.22   11.50    5.71    6.42    5.71     52.27      4.36
    1959    3.54    1.41    0.43    0.27    0.23    0.20    0.22    0.57    1.21    1.38    1.15    0.84     11.45      0.95
    1960    0.53    0.25    0.21    0.19    0.12    0.08    1.11    1.65    6.53    7.99    7.75    7.72     34.12      2.84
    1961    5.33    2.15    0.49    0.27    0.23    0.20    0.19    0.22   17.53   12.54   14.44   12.08     65.66      5.47
    1962    7.10    3.55    1.18    0.47    0.35    0.29    0.31    0.39    3.67    5.35   13.73   11.88     48.27      4.02
    1963    6.27    2.61    0.89    0.42    0.35    0.30    0.26    0.25    4.37    4.22    3.78    3.45     27.17      2.26
    1964    2.30    1.39    0.58    0.24    0.20    0.31    0.61    0.86    1.14    1.66    2.13    2.01     13.46      1.12
    1965    1.44    0.68    0.28    0.15    0.10    0.11    0.18    0.18    1.29    2.74    3.73    3.56     14.43      1.20
    1966    2.37    0.98    0.24    0.12    0.13    0.13    0.94    1.80   18.53   14.18    9.02    6.49     54.92      4.58
    1967    3.80    1.73    0.58    0.31    0.25    0.22    0.27    2.08    3.24    5.91    7.88    6.33     32.61      2.72
    1968    4.45    2.30    0.66    0.30    0.24    0.21    0.33    0.49    0.57    0.81    0.92    0.97     12.25      1.02
    1969    1.11    0.74    0.25    0.11    0.09    0.08    0.07    0.41    1.92    4.31    5.47    4.46     19.04      1.59
    1970    2.76    1.20    0.32    0.17    0.13    0.12    0.12    0.17    0.61    2.89    5.03    4.45     17.98      1.50
    1971    2.48    0.99    0.26    0.17    0.13    0.11    0.19    0.52    1.68    2.78    3.01    2.80     15.13      1.26
    1972    1.89    0.77    0.25    0.15    0.10    0.35    0.28    0.43    0.57    3.49    4.69    4.08     17.06      1.42
    1973    2.88    1.49    0.58    0.22    0.16    0.13    0.10    0.17    4.43    4.49   11.27    9.48     35.42      2.95
    1974    5.17    2.42    0.74    0.34    0.26    0.21    0.23    4.43    4.05    3.36    3.58    3.08     27.88      2.32
    1975    2.14    1.07    0.36    0.25    0.32    0.29    2.79    2.38   10.27   11.60   10.02    6.90     48.40      4.03
    1976    3.66    2.64    1.74    0.68    0.50    0.39    0.47    6.23    9.46   11.75   14.08   11.61     63.19      5.27
    1977    6.54    2.59    0.94    0.54    0.39    0.38    0.47    0.58    0.62    0.64    1.84    2.56     18.09      1.51
    1978    1.95    0.88    0.28    0.17    0.14    0.12    0.11    0.19    1.77    2.85    3.59    3.40     15.47      1.29
    1979    2.55    1.27    0.34    0.15    0.12    0.12    0.15    0.84    4.07    4.73    5.30    4.55     24.20      2.02
    1980    2.60    1.46    0.63    0.31    0.21    0.22    0.26    0.20    0.27    2.48    6.19    7.83     22.67      1.89
    1981    5.56    2.37    0.73    0.38    0.23    0.24    0.45    0.79    1.41    3.13    3.95    3.08     22.32      1.86
    1982    2.71    1.65    0.59    0.22    0.16    0.15    0.13    4.28    5.96    8.40    8.19    7.74     40.19      3.35
    1983    5.33    2.25    0.60    0.31    0.26    1.01    0.73    4.18    3.88    3.46    3.87    4.73     30.60      2.55
    1984    4.76    2.79    1.21    0.91    0.55    0.48    0.70    2.50    3.58    6.35    7.33    5.74     36.90      3.08
    1985    3.48    1.88    1.53    0.70    0.29    0.26    0.30    0.31    6.72    7.84    9.65    8.71     41.67      3.47
    1986    5.11    1.92    0.47    0.31    0.26    0.23    0.73    1.07    2.32    4.41    6.42    8.27     31.52      2.63
    1987    5.93    2.32    0.57    0.31    0.26    0.27    0.66    1.10    3.66    4.45    4.86    4.83     29.22      2.44
    1988    3.52    1.60    0.50    0.27    0.21    0.23    0.86    1.08    1.61    2.93    5.94    6.80     25.56      2.13
    1989    4.69    2.17    0.64    0.24    0.20    0.18    2.29    3.50    5.49    9.40    9.15    5.85     43.81      3.65
    1990    2.86    0.99    0.42    0.42    0.35    0.26    0.25    0.36    3.03   10.00    9.68    8.80     37.41      3.12
    1991    7.57    3.98    1.06    0.35    0.28    0.31    0.39    0.50    1.54    2.80    3.47    3.01     25.26      2.11
    1992    2.67    1.74    0.62    0.20    0.16    0.15    1.94    4.58    5.33    8.59    9.33    6.59     41.90      3.49
    1993    3.32    1.13    0.42    0.29    0.23    0.25    0.36    0.46    7.42    7.90    6.21    4.78     32.76      2.73
    1994    3.24    1.36    0.36    0.27    0.22    0.23    0.25    0.48    1.08    2.10    2.86    2.48     14.94      1.24
    1995    2.46    1.57    0.81    0.31    0.18    0.17    0.19    0.55    4.53   10.22   16.73   18.30     56.05      4.67
    1996   14.61   10.28    4.57    1.13    0.45    0.52    0.60    1.02   16.01   12.42    8.27    5.81     75.69      6.31
    1997    2.85    1.14    0.54    0.43    0.37    0.31    0.28    4.00    3.83    3.38    3.05    2.38     22.56      1.88
    1998    1.50    0.81    0.38    0.21    0.18    0.16    0.17    0.28    0.66    1.41    1.44    2.78      9.98      0.83
    1999    2.36    1.05    0.45    0.21    0.17    0.24    0.25    0.27    0.50    2.30    3.38    3.62     14.80      1.23
    2000    2.64    1.24    0.36    0.14    0.11    0.09    0.57    1.08    1.23   16.09   13.63    9.42     46.60      3.88
    2001    6.03    2.89    0.90    0.45    0.38    0.29    0.27    1.95    2.11    4.84    6.78    6.40     33.27      2.77
    2002    4.21    1.76    0.50    0.29    0.22    0.20    0.21    0.23    0.22    0.22    3.02    3.05     14.15      1.18
    2003    2.02    0.98    0.32    0.19    0.13    0.10    0.26    0.32    1.06    2.13    2.69    2.27     12.47      1.04
    2004    1.80    1.02    0.30    0.11    0.09    0.07    0.49    0.62    1.24    2.10    3.95    4.18     15.97      1.33
    2005    2.62    1.15    0.34    0.14    0.11    0.09    0.10    5.65    8.03    7.77    6.64    4.77     37.41      3.12
    2006    2.62    1.02    0.36    0.23    0.20    0.18    0.35    1.11   11.11   13.20   11.99    8.26     50.64      4.22
    2007    4.18    1.60    0.81    0.47    0.33    0.27    0.24    0.37    2.87   21.46   19.36   13.90     65.86      5.49
    2008    8.32    3.38    0.92    0.43    0.34    0.30    0.30    0.88    8.10    8.12    7.59    6.00     44.69      3.72
    2009    3.21    1.96    0.88    0.34    0.40    0.43    0.31    2.52    3.76    4.32    4.14    3.75     26.03      2.17
  
 AVERAGE    3.54    1.70    0.60    0.28    0.22    0.22    0.42    1.45    4.05    5.34    6.13    5.42     29.37      2.45
