    1920    0.12    0.04    0.01    0.00    0.07    0.03    0.01    0.00   14.33    7.23    1.52    0.55     23.90      1.99
    1921    0.17    0.10    0.09    0.09    0.09    0.08    0.08    0.10    0.63    0.42    1.17    0.67      3.70      0.31
    1922    0.16    0.08    0.06    0.05    0.05    0.04    0.04    0.33    2.85    1.56    0.79    0.45      6.47      0.54
    1923    0.15    0.09    0.08    0.07    0.07    0.07    0.07    0.07    0.13    0.18    0.34    0.28      1.58      0.13
    1924    0.11    0.05    0.04    0.03    0.03    0.03    0.02    0.05   15.79   13.11    3.20    0.50     32.97      2.75
    1925    0.20    0.14    0.12    0.11    0.10    0.10    0.10    0.49    0.28    0.28    0.33    0.20      2.44      0.20
    1926    0.14    0.08    0.06    0.05    0.04    0.04    0.04    0.06    0.08    0.11    0.18    0.15      1.03      0.09
    1927    0.05    0.02    0.02    0.01    0.01    0.01    0.01    0.01    0.24    0.22    0.21    0.17      0.98      0.08
    1928    0.07    0.01    0.01    0.01    0.01    0.01    0.07    0.16    0.35    0.62    0.63    0.48      2.43      0.20
    1929    0.21    0.04    0.03    0.03    0.03    0.03    0.03    0.08    0.11    0.15    0.29    0.73      1.76      0.15
    1930    0.37    0.06    0.03    0.02    0.02    0.02    0.11    0.09    0.09    0.28    0.91    0.60      2.60      0.22
    1931    0.23    0.05    0.03    0.02    0.09    0.03    0.02    0.12    0.35    0.40    0.33    0.21      1.87      0.16
    1932    0.08    0.03    0.02    0.02    0.02    0.02    0.02    0.02    0.93    1.56    1.04    0.51      4.24      0.35
    1933    0.16    0.06    0.05    0.05    0.05    0.05    0.05    0.06    0.08    0.11    0.13    0.10      0.95      0.08
    1934    0.07    0.28    0.10    0.02    0.02    0.02    0.02    0.13    0.18    0.33    1.23    1.14      3.52      0.29
    1935    0.46    0.08    0.04    0.04    0.04    0.04    0.04    0.05    0.07    0.28    0.42    0.81      2.37      0.20
    1936    0.40    0.18    0.05    0.03    0.03    0.03    0.03    0.04    1.44    1.15    0.66    0.29      4.34      0.36
    1937    0.09    0.05    0.05    0.04    0.04    0.04    0.04    0.12    0.13    0.18    0.22    0.20      1.20      0.10
    1938    0.10    0.03    0.02    0.02    0.02    0.02    0.01    0.94    0.49    0.25    1.06    0.78      3.74      0.31
    1939    0.28    0.05    0.03    0.03    0.03    0.03    0.11    0.07    0.13    0.16    0.17    0.14      1.23      0.10
    1940    0.07    0.03    0.02    0.02    0.01    0.01    0.43    1.76    4.65    3.21    2.78    1.25     14.24      1.19
    1941    0.30    0.16    0.14    0.14    0.14    0.14    0.15    0.18    1.71    0.95    0.51    0.37      4.90      0.41
    1942    0.22    0.13    0.14    0.09    0.08    0.07    0.07    0.07    0.29    0.50    0.67    0.46      2.79      0.23
    1943    0.16    0.18    0.06    0.04    0.04    0.04    0.03    0.05    0.49    0.44    0.50    0.38      2.40      0.20
    1944    0.23    0.08    0.03    0.03    0.02    0.02    0.02    0.10    0.58    1.08    0.93    0.52      3.66      0.30
    1945    0.17    0.06    0.05    0.05    0.05    0.05    0.06    0.07    0.08    0.10    0.11    1.52      2.36      0.20
    1946    0.69    0.08    0.04    0.03    0.03    0.03    0.03    0.15    0.11    0.74    0.58    0.30      2.81      0.23
    1947    0.12    0.03    0.02    0.02    0.02    0.06    0.05    0.38    0.27    0.49    0.40    0.24      2.11      0.18
    1948    0.12    0.04    0.02    0.02    0.02    0.02    0.02    0.03    0.05    0.12    0.20    0.18      0.85      0.07
    1949    0.11    0.16    0.05    0.01    0.01    0.01    0.02    0.02    0.03    1.45    0.78    0.30      2.97      0.25
    1950    0.13    0.03    0.02    0.02    0.02    0.01    0.02    0.05    1.58    1.16    0.78    0.51      4.34      0.36
    1951    0.25    0.08    0.05    0.05    0.05    0.05    0.05    0.15    0.21    1.10    2.42    1.19      5.66      0.47
    1952    0.29    0.10    0.08    0.07    0.07    0.07    1.83    1.01    0.34    0.75    1.11    0.64      6.35      0.53
    1953    0.18    0.10    0.09    0.08    0.07    0.07    0.18    4.22    1.99    6.80    5.30    1.47     20.54      1.71
    1954    0.30    0.19    0.17    0.16    0.16    0.16    0.16    0.17    1.31    1.42    8.65    3.17     16.02      1.34
    1955    0.29    0.20    0.16    0.15    0.14    0.13    0.12    0.13    0.76    1.08    0.98    0.56      4.70      0.39
    1956    0.19    0.11    0.09    0.08    0.08    0.07    0.07    0.50    1.54    8.41    8.38    2.36     21.88      1.82
    1957    0.34    0.17    0.15    0.14    0.13    0.13    0.12    0.59    0.37    0.31    0.32    0.22      2.99      0.25
    1958    0.12    0.08    0.07    0.06    0.05    0.05    0.05   11.66    4.21    0.49    0.71    0.48     18.01      1.50
    1959    0.17    0.09    0.07    0.07    0.06    0.05    0.06    0.12    0.16    0.16    0.11    0.07      1.18      0.10
    1960    0.04    0.03    0.03    0.02    0.02    0.02    0.43    0.32    2.13    1.42    0.90    0.89      6.25      0.52
    1961    0.40    0.09    0.08    0.08    0.08    0.08    0.08    0.08   10.27    5.43    9.67    3.39     29.74      2.48
    1962    0.34    0.22    0.17    0.15    0.14    0.13    0.13    0.13    1.66    1.30   11.37    4.08     19.82      1.65
    1963    0.28    0.17    0.15    0.13    0.12    0.11    0.10    0.10    2.23    1.15    0.48    0.33      5.34      0.44
    1964    0.15    0.10    0.07    0.06    0.06    0.07    0.07    0.08    0.11    0.16    0.20    0.14      1.28      0.11
    1965    0.07    0.03    0.02    0.02    0.02    0.02    0.02    0.02    0.40    0.54    0.48    0.35      1.98      0.16
    1966    0.15    0.03    0.02    0.02    0.02    0.02    0.31    0.35   12.50    4.61    0.66    0.39     19.07      1.59
    1967    0.16    0.10    0.08    0.07    0.07    0.06    0.07    0.74    0.63    1.11    1.30    0.68      5.08      0.42
    1968    0.36    0.11    0.08    0.08    0.07    0.07    0.09    0.09    0.10    0.12    0.12    0.11      1.40      0.12
    1969    0.10    0.05    0.04    0.03    0.03    0.02    0.02    0.11    0.51    0.89    0.77    0.45      3.01      0.25
    1970    0.16    0.04    0.04    0.03    0.03    0.03    0.03    0.04    0.11    0.79    0.93    0.52      2.76      0.23
    1971    0.15    0.04    0.04    0.03    0.03    0.03    0.03    0.06    0.34    0.37    0.33    0.24      1.70      0.14
    1972    0.10    0.03    0.02    0.02    0.02    0.10    0.04    0.05    0.05    1.26    0.88    0.41      2.97      0.25
    1973    0.18    0.05    0.03    0.02    0.02    0.02    0.02    0.03    2.06    1.08    7.56    2.82     13.90      1.16
    1974    0.24    0.11    0.08    0.08    0.07    0.06    0.06    2.19    1.04    0.36    0.37    0.23      4.89      0.41
    1975    0.13    0.07    0.05    0.05    0.05    0.04    1.24    0.54    4.49    4.82    1.70    0.44     13.62      1.13
    1976    0.17    0.36    0.19    0.10    0.10    0.09    0.10    2.99    4.73    5.42    5.29    1.79     21.33      1.78
    1977    0.32    0.21    0.19    0.18    0.17    0.17    0.17    0.18    0.17    0.16    0.44    0.34      2.69      0.22
    1978    0.17    0.10    0.08    0.07    0.06    0.05    0.05    0.05    0.57    0.52    0.48    0.34      2.56      0.21
    1979    0.16    0.05    0.03    0.03    0.03    0.02    0.03    0.22    1.30    0.83    0.72    0.46      3.87      0.32
    1980    0.14    0.08    0.04    0.04    0.03    0.04    0.04    0.03    0.04    0.86    2.13    1.39      4.85      0.40
    1981    0.48    0.09    0.06    0.05    0.05    0.05    0.06    0.09    0.16    0.53    0.49    0.25      2.35      0.20
    1982    0.26    0.09    0.04    0.03    0.03    0.03    0.02    2.25    1.65    4.02    1.75    0.89     11.06      0.92
    1983    0.39    0.12    0.10    0.09    0.09    0.42    0.16    1.78    0.84    0.35    0.40    0.55      5.28      0.44
    1984    0.45    0.14    0.08    0.12    0.06    0.06    0.07    0.63    0.52    1.11    0.95    0.51      4.70      0.39
    1985    0.18    0.09    0.21    0.07    0.06    0.06    0.06    0.06    3.60    3.00    3.87    1.57     12.82      1.07
    1986    0.25    0.13    0.11    0.11    0.10    0.09    0.27    0.17    0.41    0.76    0.98    1.26      4.64      0.39
    1987    0.55    0.10    0.09    0.08    0.08    0.08    0.17    0.14    1.01    0.71    0.58    0.46      4.06      0.34
    1988    0.21    0.08    0.06    0.05    0.05    0.05    0.23    0.13    0.17    0.39    1.11    0.86      3.41      0.28
    1989    0.34    0.07    0.05    0.04    0.04    0.04    1.06    0.90    0.93    4.90    2.06    0.35     10.77      0.90
    1990    0.14    0.10    0.10    0.09    0.09    0.08    0.08    0.09    1.17    8.20    3.09    1.03     14.26      1.19
    1991    0.70    0.18    0.11    0.10    0.09    0.09    0.09    0.10    0.34    0.41    0.43    0.26      2.91      0.24
    1992    0.23    0.09    0.05    0.05    0.04    0.04    0.85    1.42    0.82    3.53    1.75    0.47      9.34      0.78
    1993    0.14    0.09    0.09    0.08    0.08    0.08    0.09    0.09    3.83    2.05    0.73    0.42      7.77      0.65
    1994    0.19    0.10    0.08    0.08    0.07    0.07    0.06    0.09    0.15    0.32    0.34    0.21      1.75      0.15
    1995    0.24    0.09    0.05    0.03    0.03    0.03    0.03    0.09    1.69    8.16   11.39    5.29     27.12      2.26
    1996    1.67    1.33    0.39    0.16    0.16    0.16    0.16    0.21   10.19    3.98    0.77    0.43     19.61      1.63
    1997    0.21    0.17    0.15    0.13    0.12    0.10    0.09    2.01    0.99    0.39    0.30    0.19      4.86      0.40
    1998    0.11    0.08    0.06    0.05    0.04    0.04    0.04    0.05    0.10    0.18    0.15    0.61      1.48      0.12
    1999    0.29    0.04    0.03    0.02    0.02    0.02    0.02    0.02    0.04    0.59    0.50    0.38      1.97      0.16
    2000    0.18    0.04    0.02    0.02    0.01    0.01    0.17    0.18    0.12    9.85    4.27    0.89     15.76      1.31
    2001    0.34    0.11    0.08    0.08    0.07    0.07    0.07    0.76    0.41    1.29    1.16    0.69      5.11      0.43
    2002    0.27    0.09    0.07    0.07    0.06    0.06    0.06    0.06    0.05    0.05    1.33    0.68      2.84      0.24
    2003    0.14    0.05    0.04    0.03    0.03    0.02    0.06    0.03    0.25    0.32    0.30    0.19      1.48      0.12
    2004    0.11    0.04    0.02    0.01    0.01    0.01    0.15    0.09    0.18    0.23    0.68    0.47      2.01      0.17
    2005    0.16    0.03    0.02    0.02    0.01    0.01    0.02    3.08    3.58    1.43    0.64    0.34      9.34      0.78
    2006    0.12    0.08    0.07    0.07    0.07    0.06    0.09    0.21    6.81    7.83    2.52    0.51     18.45      1.54
    2007    0.20    0.14    0.13    0.12    0.11    0.11    0.10    0.12    1.02   17.99    8.93    1.71     30.68      2.56
    2008    0.38    0.19    0.16    0.14    0.14    0.13    0.13    0.27    4.22    2.06    0.93    0.55      9.28      0.77
    2009    0.20    0.18    0.12    0.11    0.11    0.10    0.09    1.08    0.85    0.54    0.44    0.32      4.15      0.35
  
 AVERAGE    0.24    0.11    0.07    0.06    0.06    0.06    0.13    0.54    1.68    1.97    1.67    0.75      7.35      0.61
