    1920    2.46    0.82    0.23    0.11    0.14    0.11    0.10    0.11   11.97    6.00    6.02    5.09     33.16
    1921    2.81    0.96    0.42    0.36    0.30    0.24    0.24    0.31    1.39    1.57    3.14    2.48     14.22
    1922    1.24    0.68    0.30    0.18    0.14    0.12    0.14    1.10    5.68    4.42    4.30    3.47     21.77
    1923    1.96    0.89    0.36    0.23    0.19    0.17    0.16    0.17    0.91    1.20    1.86    2.33     10.43
    1924    1.78    0.98    0.33    0.15    0.12    0.11    0.10    0.15   12.93    6.57    6.21    4.37     33.80
    1925    2.57    1.26    0.49    0.29    0.25    0.24    0.23    0.77    1.03    1.75    2.26    1.90     13.04
    1926    1.56    0.86    0.29    0.16    0.15    0.13    0.14    0.36    0.60    0.94    1.53    1.73      8.45
    1927    1.04    0.48    0.21    0.11    0.08    0.07    0.06    0.05    0.99    1.06    1.48    1.53      7.16
    1928    0.92    0.31    0.11    0.07    0.06    0.06    0.43    1.30    2.17    4.39    5.22    4.70     19.74
    1929    2.56    0.82    0.37    0.24    0.19    0.18    0.17    0.25    0.40    0.68    1.39    3.12     10.37
    1930    2.02    0.72    0.25    0.14    0.11    0.10    0.16    1.13    1.11    1.22    3.72    3.84     14.52
    1931    2.78    0.98    0.27    0.18    0.20    0.17    0.13    0.62    2.12    2.98    2.98    2.49     15.90
    1932    1.49    0.55    0.22    0.15    0.14    0.12    0.11    0.29    3.37    5.79    5.59    3.71     21.53
    1933    2.12    0.94    0.42    0.26    0.21    0.22    0.20    0.57    1.21    1.80    2.20    2.07     12.22
    1934    1.48    0.67    0.24    0.14    0.11    0.11    0.14    0.38    0.87    1.65    5.05    5.00     15.84
    1935    2.85    0.99    0.34    0.21    0.17    0.15    0.13    0.33    0.90    2.02    2.92    3.83     14.84
    1936    2.46    0.99    0.41    0.21    0.15    0.15    0.19    0.48    3.57    5.10    5.03    3.15     21.89
    1937    1.47    0.57    0.27    0.23    0.19    0.16    0.19    0.56    0.78    1.14    1.49    2.32      9.37
    1938    2.14    0.90    0.29    0.15    0.14    0.13    0.14    0.64    0.72    0.78    2.32    2.08     10.43
    1939    1.08    0.41    0.16    0.10    0.10    0.10    0.43    0.50    1.47    1.77    1.80    1.68      9.60
    1940    1.13    0.56    0.20    0.12    0.10    0.07    0.31    1.75    6.61    6.18    6.75    7.04     30.82
    1941    4.15    1.46    0.51    0.31    0.26    0.23    0.21    0.27    2.50    2.22    2.50    2.00     16.62
    1942    1.21    0.53    0.26    0.19    0.15    0.13    0.12    0.14    0.38    1.17    1.83    1.68      7.79
    1943    0.98    0.57    0.22    0.10    0.08    0.07    0.08    0.35    2.18    2.41    2.99    2.74     12.77
    1944    1.64    0.64    0.26    0.14    0.11    0.10    0.12    1.55    3.16    5.06    5.44    3.59     21.81
    1945    1.93    0.82    0.32    0.21    0.18    0.16    0.17    0.24    0.30    0.41    0.60    1.73      7.07
    1946    1.35    0.49    0.16    0.10    0.07    0.09    0.11    0.33    0.44    2.24    2.31    1.73      9.42
    1947    1.05    0.41    0.14    0.08    0.07    0.10    0.19    0.75    0.95    2.23    2.20    1.92     10.09
    1948    1.50    0.58    0.20    0.11    0.08    0.07    0.10    0.25    0.42    0.79    1.39    1.55      7.04
    1949    1.13    1.53    0.46    0.13    0.08    0.07    0.51    0.35    0.30    3.24    2.34    1.88     12.02
    1950    1.22    0.60    0.28    0.14    0.10    0.07    0.07    0.11    3.14    3.39    3.84    3.05     16.01
    1951    1.91    1.00    0.36    0.17    0.15    0.13    0.13    0.78    0.92    2.12    4.51    4.00     16.18
    1952    2.10    0.83    0.34    0.19    0.20    0.19    2.22    2.28    2.13    4.33    5.43    3.71     23.95
    1953    1.62    0.85    0.47    0.27    0.20    0.18    0.27    4.47    3.34   10.12   10.69    7.44     39.92
    1954    3.82    1.42    0.55    0.35    0.45    0.40    0.39    0.45    1.27    3.02    8.48    6.22     26.82
    1955    3.77    1.78    0.62    0.34    0.26    0.24    0.22    0.29    2.18    3.87    4.95    3.76     22.28
    1956    2.07    0.77    0.32    0.22    0.24    0.27    0.20    1.44    5.44    8.07    9.06    6.09     34.19
    1957    3.27    1.23    0.42    0.28    0.28    0.26    0.23    0.95    2.37    2.41    2.53    2.08     16.31
    1958    1.17    0.50    0.22    0.15    0.14    0.13    0.25    4.35    2.66    2.35    3.08    2.48     17.48
    1959    1.50    0.61    0.27    0.17    0.14    0.13    0.14    0.29    0.99    1.05    0.87    0.71      6.87
    1960    0.46    0.21    0.14    0.11    0.07    0.06    0.12    0.27    2.44    2.52    3.05    3.80     13.25
    1961    2.26    0.64    0.21    0.14    0.13    0.12    0.15    0.28    5.62    4.16    6.39    4.87     24.97
    1962    3.33    1.50    0.48    0.30    0.24    0.20    0.18    0.18    0.88    1.83    6.69    4.88     20.69
    1963    2.45    0.95    0.49    0.26    0.23    0.21    0.17    0.21    1.40    1.60    1.87    1.66     11.50
    1964    0.99    0.48    0.19    0.12    0.11    0.17    0.34    0.49    0.68    0.95    1.55    1.41      7.48
    1965    0.89    0.36    0.18    0.10    0.07    0.08    0.16    0.19    0.36    1.18    1.42    1.18      6.17
    1966    0.67    0.22    0.08    0.06    0.06    0.05    0.19    0.47    1.69    2.23    2.45    2.09     10.26
    1967    1.29    0.58    0.21    0.11    0.09    0.08    0.11    1.16    1.78    2.92    3.94    2.85     15.12
    1968    2.16    0.92    0.29    0.17    0.14    0.12    0.16    0.21    0.25    0.36    0.46    0.56      5.80
    1969    0.64    0.33    0.11    0.06    0.05    0.05    0.04    0.34    2.23    3.87    4.69    3.80     16.21
    1970    2.12    0.72    0.25    0.17    0.15    0.14    0.12    0.15    0.85    2.61    4.20    3.10     14.58
    1971    1.38    0.47    0.19    0.15    0.13    0.11    0.21    0.61    1.26    1.80    1.94    1.66      9.91
    1972    0.99    0.36    0.19    0.12    0.09    0.14    0.14    0.16    0.24    3.38    3.30    2.98     12.09
    1973    1.77    0.61    0.25    0.15    0.12    0.11    0.09    0.57    2.99    3.32   12.28    7.51     29.77
    1974    3.96    1.49    0.50    0.33    0.27    0.24    0.26    2.85    2.15    2.32    2.94    2.24     19.55
    1975    1.46    0.71    0.28    0.19    0.17    0.15    0.65    0.63    6.73    5.92    5.54    3.62     26.05
    1976    1.82    1.90    1.12    0.50    0.32    0.24    0.43    6.00    8.58   11.79   13.31    9.01     55.02
    1977    4.06    1.43    0.69    0.43    0.34    0.32    0.32    0.43    0.52    0.46    2.19    2.37     13.56
    1978    1.47    0.56    0.27    0.17    0.16    0.14    0.11    0.21    2.08    2.54    2.93    2.74     13.38
    1979    1.90    0.69    0.22    0.16    0.14    0.11    0.12    0.49    1.61    1.76    2.63    2.12     11.95
    1980    1.08    1.53    0.49    0.24    0.15    0.12    0.12    0.12    0.20    1.99    4.86    5.07     15.97
    1981    2.88    0.87    0.29    0.21    0.16    0.16    0.45    0.58    0.83    1.43    1.57    1.11     10.54
    1982    0.88    0.43    0.18    0.10    0.09    0.11    0.11    2.99    3.48    5.83    5.24    3.92     23.36
    1983    2.15    0.74    0.31    0.23    0.20    0.22    0.30    6.36    3.05    3.09    3.13    4.22     24.00
    1984    4.07    1.59    0.64    0.54    0.40    0.37    0.51    0.80    1.95    4.38    5.15    4.06     24.46
    1985    2.08    0.77    0.41    0.27    0.20    0.20    0.21    0.25    2.14    2.63    4.74    4.07     17.97
    1986    2.08    0.70    0.27    0.19    0.16    0.14    0.17    0.85    2.28    3.80    4.75    4.64     20.03
    1987    2.55    0.76    0.33    0.22    0.18    0.18    0.68    0.73    1.74    2.22    3.00    2.94     15.53
    1988    1.68    0.58    0.27    0.17    0.15    0.19    0.35    0.49    1.58    2.77    5.08    5.26     18.57
    1989    3.18    1.21    0.39    0.22    0.20    0.17    1.31    2.23    3.49    6.37    5.54    3.21     27.52
    1990    1.47    0.59    0.31    0.25    0.21    0.18    0.17    0.27    2.96    9.73    7.04    5.91     29.09
    1991    3.88    1.36    0.43    0.27    0.24    0.23    0.28    0.49    3.58    4.35    4.39    3.34     22.84
    1992    3.23    1.45    0.43    0.24    0.21    0.19    3.32    3.69    4.57   27.79   10.71    6.09     61.92
    1993    2.54    0.86    0.41    0.31    0.28    0.25    0.26    0.33    7.08    4.60    3.63    2.94     23.49
    1994    2.08    0.80    0.32    0.24    0.20    0.19    0.19    0.64    1.63    3.16    3.91    2.77     16.13
    1995    2.35    1.16    0.58    0.29    0.19    0.17    0.17    0.26    2.57    5.27    7.14    8.48     28.63
    1996    5.98    2.98    1.02    0.41    0.27    0.28    0.33    0.50    8.44    4.93    4.46    3.07     32.67
    1997    1.38    0.80    0.43    0.32    0.25    0.21    0.19    2.51    2.04    2.62    2.41    1.69     14.85
    1998    0.95    0.56    0.39    0.21    0.14    0.11    0.12    0.20    0.48    0.89    0.83    1.38      6.26
    1999    0.92    0.30    0.15    0.09    0.07    0.06    0.06    0.08    0.33    2.31    2.62    2.36      9.35
    2000    1.33    0.50    0.17    0.10    0.08    0.07    0.09    0.57    0.69    5.97    6.53    5.72     21.82
    2001    3.31    1.21    0.39    0.28    0.25    0.22    0.21    1.53    1.52    5.63    5.96    4.40     24.91
    2002    2.29    0.86    0.36    0.24    0.20    0.19    0.19    0.18    0.17    0.17    1.96    1.71      8.52
    2003    1.24    0.47    0.18    0.12    0.09    0.07    0.14    0.16    0.50    1.03    1.31    1.09      6.40
    2004    0.85    0.37    0.12    0.07    0.06    0.05    0.23    0.39    1.18    1.64    3.05    2.68     10.69
    2005    1.34    0.47    0.16    0.10    0.08    0.07    0.08    2.28    2.58    2.92    2.99    2.27     15.34
    2006    1.17    0.56    0.25    0.15    0.13    0.13    0.21    0.69    4.84    7.30    7.42    4.65     27.50
    2007    2.14    1.02    0.52    0.30    0.24    0.21    0.19    0.28    1.36    9.48    8.53    7.11     31.38
    2008    3.63    1.40    0.58    0.30    0.25    0.23    0.27    1.18    4.95    4.48    4.43    3.34     25.04
    2009    1.71    0.92    0.42    0.24    0.20    0.18    0.16    1.25    1.50    1.67    1.67    1.51     11.43

 AVERAGE    2.00    0.84    0.33    0.20    0.17    0.15    0.28    0.89    2.38    3.53    4.07    3.35     18.19
