    1920    0.00    0.00    0.00    0.00    0.06    0.00    0.00    0.00    1.32    0.94    0.02    0.01      2.36      0.20
    1921    0.00    0.00    0.01    0.05    0.00    0.00    0.00    0.00    0.02    0.00    0.05    0.00      0.14      0.01
    1922    0.00    0.00    0.00    0.00    0.00    0.00    0.00    0.01    0.11    0.00    0.00    0.00      0.12      0.01
    1923    0.00    0.00    0.00    0.00    0.00    0.00    0.00    0.00    0.01    0.04    0.02    0.00      0.07      0.01
    1924    0.00    0.00    0.00    0.00    0.00    0.00    0.00    0.00   11.38    2.10    0.03    0.02     13.53      1.13
    1925    0.01    0.00    0.00    0.00    0.00    0.00    0.00    0.08    0.00    0.01    0.00    0.00      0.10      0.01
    1926    0.01    0.00    0.00    0.00    0.00    0.00    0.07    0.00    0.00    0.00    0.01    0.00      0.10      0.01
    1927    0.00    0.00    0.00    0.00    0.00    0.00    0.00    0.00    0.02    0.00    0.00    0.00      0.02      0.00
    1928    0.00    0.00    0.00    0.00    0.00    0.00    0.01    0.01    0.01    0.06    0.01    0.02      0.11      0.01
    1929    0.00    0.00    0.00    0.00    0.00    0.00    0.00    0.00    0.00    0.00    0.00    0.03      0.04      0.00
    1930    0.00    0.00    0.00    0.00    0.00    0.00    0.01    0.00    0.00    0.03    0.06    0.00      0.10      0.01
    1931    0.00    0.00    0.00    0.00    0.02    0.00    0.00    0.04    0.01    0.00    0.00    0.02      0.11      0.01
    1932    0.00    0.00    0.00    0.00    0.00    0.01    0.00    0.00    0.03    0.05    0.00    0.00      0.09      0.01
    1933    0.00    0.00    0.00    0.00    0.00    0.00    0.00    0.00    0.00    0.00    0.00    0.00      0.01      0.00
    1934    0.01    0.03    0.00    0.00    0.00    0.00    0.02    0.00    0.01    0.00    0.03    0.01      0.12      0.01
    1935    0.00    0.00    0.00    0.00    0.00    0.00    0.00    0.00    0.00    0.00    0.01    0.02      0.03      0.00
    1936    0.00    0.03    0.18    0.00    0.00    0.00    0.00    0.00    0.06    0.01    0.00    0.00      0.28      0.02
    1937    0.00    0.00    0.02    0.00    0.00    0.00    0.00    0.01    0.00    0.00    0.00    0.00      0.04      0.00
    1938    0.00    0.00    0.00    0.00    0.01    0.00    0.00    0.09    0.00    0.00    0.11    0.00      0.21      0.02
    1939    0.00    0.00    0.00    0.00    0.00    0.00    0.01    0.00    0.00    0.00    0.00    0.00      0.01      0.00
    1940    0.00    0.02    0.00    0.00    0.00    0.00    0.06    0.12    0.08    0.01    0.01    0.00      0.29      0.02
    1941    0.01    0.00    0.00    0.00    0.00    0.00    0.00    0.00    0.07    0.00    0.00    0.00      0.09      0.01
    1942    0.06    0.00    0.02    0.00    0.00    0.00    0.00    0.00    0.00    0.01    0.01    0.00      0.11      0.01
    1943    0.00    0.04    0.00    0.00    0.00    0.00    0.00    0.00    0.02    0.00    0.03    0.01      0.10      0.01
    1944    0.01    0.00    0.00    0.00    0.00    0.01    0.00    0.04    0.04    0.05    0.00    0.00      0.16      0.01
    1945    0.02    0.00    0.00    0.00    0.00    0.00    0.00    0.00    0.00    0.00    0.00    0.16      0.18      0.02
    1946    0.00    0.00    0.00    0.00    0.00    0.00    0.00    0.04    0.00    0.01    0.00    0.00      0.06      0.01
    1947    0.00    0.00    0.00    0.00    0.00    0.06    0.00    0.01    0.00    0.00    0.00    0.00      0.07      0.01
    1948    0.01    0.00    0.00    0.00    0.00    0.00    0.00    0.00    0.00    0.00    0.00    0.00      0.01      0.00
    1949    0.00    0.06    0.00    0.00    0.00    0.00    0.00    0.01    0.00    0.06    0.00    0.00      0.13      0.01
    1950    0.00    0.03    0.00    0.00    0.00    0.00    0.00    0.00    0.08    0.00    0.00    0.00      0.12      0.01
    1951    0.01    0.00    0.00    0.00    0.00    0.00    0.00    0.00    0.00    0.13    0.03    0.00      0.17      0.01
    1952    0.00    0.04    0.00    0.00    0.00    0.00    0.08    0.01    0.00    0.03    0.00    0.00      0.16      0.01
    1953    0.00    0.00    0.01    0.00    0.00    0.00    0.01    0.32    0.00    0.04    0.03    0.00      0.42      0.03
    1954    0.00    0.00    0.00    0.00    0.02    0.00    0.01    0.00    0.05    0.00    0.09    0.00      0.17      0.01
    1955    0.00    0.00    0.00    0.00    0.00    0.02    0.00    0.00    0.05    0.02    0.00    0.00      0.10      0.01
    1956    0.00    0.00    0.00    0.00    0.02    0.00    0.00    0.04    0.03    0.06    0.06    0.00      0.22      0.02
    1957    0.00    0.00    0.01    0.00    0.00    0.00    0.00    0.05    0.00    0.00    0.00    0.00      0.07      0.01
    1958    0.00    0.00    0.00    0.00    0.00    0.00    0.01    0.85    0.01    0.01    0.01    0.00      0.88      0.07
    1959    0.00    0.00    0.00    0.00    0.00    0.00    0.00    0.00    0.00    0.00    0.00    0.00      0.00      0.00
    1960    0.00    0.00    0.00    0.00    0.00    0.00    0.62    0.00    0.02    0.04    0.00    0.03      0.73      0.06
    1961    0.00    0.00    0.00    0.01    0.00    0.00    0.00    0.00    1.20    0.31    6.17    0.02      7.71      0.64
    1962    0.02    0.00    0.00    0.00    0.00    0.00    0.00    0.00    0.01    0.01    0.10    0.00      0.14      0.01
    1963    0.00    0.00    0.00    0.00    0.00    0.00    0.00    0.00    0.27    0.00    0.00    0.00      0.29      0.02
    1964    0.00    0.00    0.00    0.00    0.00    0.06    0.02    0.00    0.00    0.00    0.00    0.00      0.08      0.01
    1965    0.00    0.00    0.00    0.00    0.00    0.00    0.00    0.00    0.02    0.00    0.00    0.00      0.03      0.00
    1966    0.00    0.00    0.00    0.00    0.01    0.00    0.05    0.00    0.14    0.00    0.00    0.00      0.21      0.02
    1967    0.00    0.00    0.00    0.00    0.00    0.00    0.00    0.03    0.00    0.01    0.00    0.00      0.04      0.00
    1968    0.01    0.00    0.00    0.00    0.00    0.00    0.05    0.00    0.00    0.00    0.00    0.00      0.05      0.00
    1969    0.00    0.00    0.00    0.00    0.00    0.00    0.00    0.00    0.04    0.01    0.01    0.00      0.06      0.01
    1970    0.00    0.00    0.00    0.00    0.00    0.00    0.00    0.00    0.01    0.17    0.00    0.00      0.19      0.02
    1971    0.00    0.00    0.00    0.00    0.00    0.00    0.00    0.00    0.00    0.00    0.00    0.00      0.01      0.00
    1972    0.00    0.00    0.00    0.00    0.00    0.00    0.00    0.00    0.00    0.16    0.00    0.00      0.17      0.01
    1973    0.00    0.00    0.00    0.00    0.00    0.00    0.00    0.00    0.10    0.00    0.35    0.00      0.46      0.04
    1974    0.00    0.00    0.00    0.00    0.01    0.00    0.00    0.56    0.01    0.01    0.00    0.00      0.60      0.05
    1975    0.00    0.00    0.01    0.01    0.06    0.00    0.06    0.00    0.15    0.01    0.00    0.00      0.31      0.03
    1976    0.00    0.05    0.00    0.00    0.06    0.00    0.03    0.22    0.05    0.04    0.91    0.01      1.37      0.11
    1977    0.00    0.00    0.01    0.00    0.00    0.00    0.01    0.00    0.00    0.00    0.01    0.00      0.04      0.00
    1978    0.00    0.00    0.00    0.00    0.00    0.00    0.00    0.00    0.21    0.00    0.00    0.00      0.22      0.02
    1979    0.00    0.00    0.00    0.00    0.00    0.00    0.00    0.00    0.01    0.00    0.03    0.00      0.04      0.00
    1980    0.00    0.09    0.00    0.10    0.00    0.00    0.00    0.00    0.00    0.02    0.04    0.01      0.25      0.02
    1981    0.00    0.00    0.00    0.00    0.00    0.00    0.06    0.00    0.03    0.00    0.00    0.00      0.09      0.01
    1982    0.02    0.00    0.00    0.00    0.00    0.00    0.00    0.18    0.03    0.00    0.00    0.05      0.29      0.02
    1983    0.00    0.00    0.00    0.00    0.00    0.07    0.00    0.38    0.00    0.00    0.00    0.02      0.48      0.04
    1984    0.04    0.00    0.00    0.38    0.00    0.00    0.00    0.00    0.00    0.01    0.00    0.00      0.44      0.04
    1985    0.00    0.00    0.04    0.00    0.00    0.00    0.00    0.00    0.27    0.00    0.05    0.00      0.37      0.03
    1986    0.00    0.00    0.00    0.00    0.00    0.00    0.48    0.01    0.01    0.01    0.00    0.01      0.52      0.04
    1987    0.00    0.00    0.00    0.00    0.00    0.01    0.05    0.00    0.02    0.00    0.03    0.00      0.11      0.01
    1988    0.00    0.00    0.00    0.00    0.00    0.00    0.13    0.00    0.01    0.00    0.01    0.00      0.16      0.01
    1989    0.00    0.00    0.00    0.00    0.00    0.00    1.14    0.03    0.01    0.03    0.01    0.00      1.21      0.10
    1990    0.00    0.00    0.00    0.01    0.00    0.01    0.00    0.00    0.09    0.10    0.00    0.02      0.23      0.02
    1991    0.07    0.00    0.00    0.00    0.00    0.00    0.00    0.00    0.05    0.02    0.00    0.00      0.15      0.01
    1992    0.00    0.00    0.00    0.00    0.00    0.00    0.17    0.02    0.01    0.08    0.00    0.00      0.29      0.02
    1993    0.00    0.00    0.00    0.00    0.00    0.00    0.00    0.00    0.12    0.01    0.00    0.00      0.14      0.01
    1994    0.00    0.00    0.00    0.00    0.00    0.02    0.00    0.00    0.00    0.00    0.00    0.00      0.03      0.00
    1995    0.03    0.00    0.09    0.00    0.00    0.00    0.00    0.00    0.01    0.32    0.04    0.01      0.50      0.04
    1996    0.14    0.31    0.00    0.00    0.00    0.02    0.00    0.01    0.43    0.02    0.01    0.01      0.94      0.08
    1997    0.00    0.00    0.00    0.00    0.00    0.00    0.00    0.02    0.00    0.00    0.00    0.00      0.04      0.00
    1998    0.00    0.00    0.05    0.00    0.00    0.00    0.00    0.00    0.00    0.00    0.00    0.01      0.06      0.00
    1999    0.00    0.00    0.00    0.00    0.00    0.12    0.00    0.00    0.00    0.03    0.00    0.00      0.16      0.01
    2000    0.00    0.00    0.00    0.00    0.00    0.00    0.07    0.00    0.00    0.36    0.02    0.01      0.46      0.04
    2001    0.00    0.00    0.00    0.00    0.05    0.00    0.01    0.03    0.00    0.02    0.01    0.00      0.12      0.01
    2002    0.00    0.00    0.00    0.00    0.00    0.00    0.00    0.00    0.00    0.00    0.00    0.00      0.01      0.00
    2003    0.00    0.00    0.00    0.00    0.00    0.00    0.01    0.00    0.00    0.00    0.00    0.00      0.02      0.00
    2004    0.01    0.00    0.00    0.00    0.00    0.00    0.01    0.00    0.01    0.00    0.00    0.00      0.04      0.00
    2005    0.00    0.00    0.00    0.00    0.00    0.00    0.00    0.16    0.02    0.03    0.00    0.00      0.21      0.02
    2006    0.00    0.00    0.00    0.00    0.00    0.00    0.01    0.01    0.33    5.70    0.02    0.01      6.08      0.51
    2007    0.00    0.00    0.04    0.00    0.00    0.00    0.00    0.10    0.01    2.10    1.29    0.02      3.58      0.30
    2008    0.01    0.18    0.00    0.00    0.00    0.00    0.03    0.02    0.09    0.00    0.00    0.00      0.34      0.03
    2009    0.00    0.00    0.00    0.00    0.21    0.00    0.00    0.00    0.00    0.00    0.00    0.00      0.21      0.02
  
 AVERAGE    0.01    0.01    0.01    0.01    0.01    0.00    0.04    0.04    0.19    0.15    0.11    0.01      0.57      0.05
