    1920    0.00    0.00    0.00    0.00    0.11    0.00    0.00    0.00    2.93    0.07    0.05    0.06      3.23      0.27
    1921    0.06    0.06    0.05    0.11    0.04    0.04    0.04    0.04    0.04    0.04    0.09    0.04      0.64      0.05
    1922    0.04    0.03    0.03    0.02    0.02    0.02    0.02    0.02    0.23    0.02    0.02    0.02      0.47      0.04
    1923    0.02    0.02    0.01    0.01    0.01    0.01    0.01    0.01    0.02    0.07    0.03    0.01      0.23      0.02
    1924    0.01    0.01    0.01    0.01    0.01    0.01    0.01    0.01   31.00    2.41    0.15    0.14     33.76      2.81
    1925    0.12    0.10    0.07    0.06    0.05    0.04    0.04    0.16    0.04    0.04    0.04    0.04      0.82      0.07
    1926    0.04    0.03    0.03    0.02    0.02    0.02    0.16    0.02    0.03    0.03    0.03    0.03      0.45      0.04
    1927    0.03    0.02    0.02    0.02    0.01    0.01    0.01    0.02    0.04    0.02    0.02    0.02      0.25      0.02
    1928    0.02    0.02    0.01    0.01    0.01    0.01    0.01    0.01    0.01    0.12    0.01    0.05      0.29      0.02
    1929    0.01    0.01    0.01    0.01    0.01    0.01    0.01    0.01    0.01    0.01    0.01    0.06      0.17      0.01
    1930    0.01    0.01    0.01    0.01    0.01    0.01    0.02    0.01    0.01    0.05    0.12    0.01      0.28      0.02
    1931    0.01    0.01    0.01    0.01    0.04    0.01    0.01    0.09    0.03    0.01    0.01    0.05      0.28      0.02
    1932    0.01    0.01    0.01    0.01    0.00    0.01    0.00    0.00    0.05    0.10    0.01    0.00      0.21      0.02
    1933    0.00    0.00    0.00    0.00    0.00    0.00    0.00    0.00    0.00    0.00    0.00    0.00      0.02      0.00
    1934    0.02    0.06    0.00    0.00    0.00    0.00    0.03    0.01    0.01    0.00    0.06    0.01      0.21      0.02
    1935    0.00    0.01    0.00    0.00    0.00    0.00    0.00    0.00    0.00    0.00    0.01    0.03      0.07      0.01
    1936    0.00    0.05    0.36    0.01    0.00    0.00    0.00    0.00    0.12    0.01    0.00    0.00      0.57      0.05
    1937    0.00    0.00    0.03    0.00    0.00    0.00    0.01    0.02    0.00    0.00    0.00    0.00      0.08      0.01
    1938    0.00    0.00    0.00    0.00    0.02    0.00    0.00    0.17    0.00    0.00    0.21    0.00      0.43      0.04
    1939    0.00    0.00    0.00    0.00    0.00    0.00    0.01    0.00    0.00    0.00    0.00    0.00      0.04      0.00
    1940    0.00    0.03    0.00    0.00    0.00    0.00    0.11    0.25    0.15    0.01    0.01    0.01      0.57      0.05
    1941    0.01    0.00    0.00    0.00    0.00    0.00    0.00    0.01    0.13    0.00    0.00    0.00      0.18      0.02
    1942    0.11    0.00    0.05    0.00    0.00    0.00    0.00    0.00    0.01    0.01    0.01    0.00      0.20      0.02
    1943    0.00    0.08    0.00    0.00    0.00    0.00    0.00    0.00    0.04    0.00    0.06    0.01      0.20      0.02
    1944    0.01    0.00    0.00    0.00    0.00    0.02    0.00    0.08    0.07    0.10    0.01    0.01      0.31      0.03
    1945    0.03    0.00    0.00    0.00    0.00    0.00    0.00    0.00    0.00    0.00    0.00    0.33      0.40      0.03
    1946    0.01    0.01    0.00    0.00    0.00    0.00    0.00    0.08    0.00    0.02    0.00    0.00      0.15      0.01
    1947    0.00    0.00    0.00    0.00    0.00    0.11    0.00    0.02    0.00    0.01    0.00    0.00      0.16      0.01
    1948    0.02    0.00    0.00    0.00    0.00    0.00    0.00    0.00    0.00    0.00    0.00    0.00      0.03      0.00
    1949    0.00    0.11    0.00    0.00    0.00    0.00    0.00    0.01    0.00    0.12    0.00    0.00      0.26      0.02
    1950    0.00    0.05    0.00    0.00    0.00    0.00    0.00    0.00    0.16    0.00    0.00    0.00      0.24      0.02
    1951    0.01    0.00    0.00    0.00    0.00    0.00    0.00    0.00    0.00    0.27    0.05    0.00      0.35      0.03
    1952    0.00    0.08    0.00    0.00    0.00    0.00    0.15    0.01    0.00    0.05    0.00    0.00      0.31      0.03
    1953    0.00    0.00    0.01    0.00    0.00    0.00    0.02    0.68    0.01    0.08    0.05    0.01      0.87      0.07
    1954    0.01    0.01    0.00    0.00    0.05    0.00    0.01    0.00    0.09    0.00    0.17    0.01      0.35      0.03
    1955    0.01    0.00    0.00    0.00    0.00    0.03    0.00    0.00    0.09    0.04    0.00    0.01      0.20      0.02
    1956    0.00    0.00    0.00    0.00    0.04    0.00    0.00    0.07    0.06    0.12    0.11    0.01      0.43      0.04
    1957    0.01    0.01    0.01    0.01    0.00    0.00    0.00    0.10    0.01    0.01    0.01    0.01      0.18      0.02
    1958    0.01    0.01    0.01    0.00    0.00    0.00    0.01    1.86    0.02    0.02    0.02    0.02      1.99      0.17
    1959    0.02    0.01    0.01    0.01    0.01    0.01    0.01    0.01    0.01    0.01    0.01    0.01      0.10      0.01
    1960    0.01    0.01    0.00    0.00    0.00    0.00    1.35    0.02    0.03    0.08    0.02    0.06      1.58      0.13
    1961    0.01    0.01    0.01    0.01    0.01    0.01    0.01    0.01    2.65    0.04    7.75    0.09     10.60      0.88
    1962    0.08    0.06    0.05    0.03    0.03    0.02    0.02    0.02    0.02    0.02    0.20    0.02      0.57      0.05
    1963    0.02    0.02    0.02    0.01    0.01    0.01    0.01    0.01    0.59    0.02    0.02    0.02      0.76      0.06
    1964    0.02    0.02    0.01    0.01    0.01    0.12    0.04    0.01    0.01    0.01    0.01    0.01      0.28      0.02
    1965    0.01    0.01    0.01    0.01    0.01    0.01    0.01    0.01    0.04    0.01    0.01    0.01      0.14      0.01
    1966    0.01    0.01    0.01    0.01    0.01    0.01    0.10    0.01    0.29    0.01    0.01    0.01      0.49      0.04
    1967    0.01    0.01    0.01    0.01    0.01    0.01    0.01    0.05    0.01    0.02    0.01    0.01      0.15      0.01
    1968    0.01    0.01    0.01    0.01    0.01    0.01    0.09    0.01    0.01    0.01    0.01    0.01      0.17      0.01
    1969    0.01    0.01    0.00    0.00    0.00    0.00    0.00    0.00    0.07    0.02    0.01    0.00      0.14      0.01
    1970    0.00    0.00    0.00    0.00    0.00    0.00    0.00    0.00    0.01    0.35    0.00    0.00      0.39      0.03
    1971    0.00    0.00    0.00    0.00    0.00    0.00    0.00    0.00    0.00    0.00    0.00    0.00      0.02      0.00
    1972    0.00    0.00    0.00    0.00    0.00    0.01    0.00    0.00    0.00    0.33    0.00    0.00      0.35      0.03
    1973    0.00    0.00    0.00    0.00    0.00    0.00    0.00    0.00    0.20    0.00    0.76    0.01      0.99      0.08
    1974    0.01    0.01    0.01    0.00    0.02    0.00    0.00    1.22    0.02    0.01    0.01    0.01      1.33      0.11
    1975    0.01    0.01    0.01    0.02    0.12    0.00    0.11    0.00    0.32    0.01    0.01    0.01      0.64      0.05
    1976    0.01    0.11    0.01    0.00    0.12    0.00    0.05    0.46    0.11    0.07    0.16    0.01      1.10      0.09
    1977    0.01    0.01    0.01    0.01    0.01    0.01    0.01    0.01    0.01    0.01    0.02    0.01      0.11      0.01
    1978    0.01    0.01    0.01    0.01    0.00    0.00    0.00    0.00    0.44    0.01    0.01    0.01      0.52      0.04
    1979    0.01    0.01    0.01    0.01    0.01    0.01    0.01    0.01    0.02    0.01    0.05    0.01      0.15      0.01
    1980    0.01    0.18    0.01    0.21    0.01    0.01    0.01    0.01    0.01    0.03    0.07    0.02      0.56      0.05
    1981    0.01    0.01    0.01    0.01    0.01    0.00    0.11    0.01    0.05    0.01    0.01    0.01      0.24      0.02
    1982    0.03    0.01    0.01    0.00    0.00    0.00    0.00    0.38    0.05    0.01    0.01    0.10      0.61      0.05
    1983    0.01    0.01    0.01    0.01    0.00    0.13    0.01    0.82    0.02    0.01    0.01    0.04      1.07      0.09
    1984    0.07    0.01    0.01    0.81    0.01    0.01    0.01    0.01    0.01    0.02    0.01    0.01      0.97      0.08
    1985    0.01    0.00    0.08    0.00    0.00    0.00    0.00    0.00    0.57    0.01    0.11    0.01      0.79      0.07
    1986    0.01    0.01    0.00    0.00    0.00    0.00    1.04    0.01    0.01    0.02    0.01    0.01      1.13      0.09
    1987    0.01    0.01    0.01    0.00    0.00    0.02    0.09    0.00    0.04    0.01    0.05    0.01      0.25      0.02
    1988    0.01    0.00    0.00    0.00    0.00    0.00    0.27    0.01    0.01    0.01    0.01    0.01      0.33      0.03
    1989    0.01    0.00    0.00    0.00    0.00    0.00    2.51    0.06    0.02    0.04    0.02    0.02      2.70      0.22
    1990    0.02    0.01    0.01    0.02    0.01    0.01    0.01    0.01    0.17    0.20    0.01    0.03      0.50      0.04
    1991    0.15    0.01    0.01    0.01    0.00    0.00    0.00    0.00    0.11    0.04    0.01    0.01      0.34      0.03
    1992    0.01    0.01    0.01    0.00    0.00    0.00    0.36    0.04    0.01    0.16    0.01    0.01      0.61      0.05
    1993    0.01    0.01    0.01    0.01    0.00    0.01    0.00    0.00    0.25    0.01    0.01    0.01      0.33      0.03
    1994    0.01    0.01    0.01    0.00    0.00    0.05    0.00    0.01    0.00    0.01    0.01    0.01      0.11      0.01
    1995    0.06    0.01    0.19    0.01    0.00    0.00    0.00    0.00    0.02    0.69    0.07    0.02      1.07      0.09
    1996    0.28    0.67    0.02    0.01    0.01    0.03    0.01    0.02    0.93    0.04    0.02    0.02      2.07      0.17
    1997    0.02    0.02    0.01    0.01    0.01    0.01    0.01    0.04    0.01    0.01    0.01    0.01      0.17      0.01
    1998    0.01    0.01    0.10    0.01    0.01    0.01    0.01    0.01    0.01    0.01    0.01    0.01      0.18      0.02
    1999    0.01    0.01    0.01    0.00    0.00    0.25    0.01    0.01    0.01    0.06    0.01    0.01      0.38      0.03
    2000    0.01    0.01    0.01    0.00    0.00    0.00    0.15    0.01    0.01    0.78    0.04    0.01      1.01      0.08
    2001    0.01    0.01    0.01    0.01    0.09    0.01    0.01    0.06    0.01    0.05    0.02    0.01      0.28      0.02
    2002    0.01    0.01    0.01    0.01    0.00    0.01    0.00    0.01    0.01    0.01    0.01    0.01      0.07      0.01
    2003    0.01    0.01    0.00    0.00    0.00    0.00    0.03    0.00    0.00    0.00    0.00    0.00      0.07      0.01
    2004    0.02    0.00    0.00    0.00    0.00    0.00    0.02    0.00    0.02    0.00    0.00    0.00      0.07      0.01
    2005    0.00    0.00    0.00    0.00    0.00    0.00    0.00    0.34    0.02    0.05    0.00    0.00      0.43      0.04
    2006    0.00    0.00    0.00    0.00    0.00    0.00    0.02    0.01    0.71    4.12    0.05    0.04      4.97      0.41
    2007    0.04    0.03    0.09    0.02    0.01    0.01    0.01    0.20    0.02    1.05    0.18    0.03      1.70      0.14
    2008    0.03    0.40    0.02    0.02    0.02    0.02    0.05    0.04    0.18    0.02    0.02    0.02      0.84      0.07
    2009    0.02    0.02    0.02    0.01    0.44    0.02    0.02    0.02    0.02    0.02    0.02    0.02      0.64      0.05
  
 AVERAGE    0.02    0.03    0.02    0.02    0.02    0.01    0.08    0.09    0.48    0.14    0.13    0.02      1.05      0.09
