    1920    0.00    0.00    0.01    0.00    0.02    0.00    0.00    0.00    5.43    0.57    0.09    0.10      6.22      0.52
    1921    0.10    0.09    0.08    0.06    0.06    0.05    0.05    0.05    0.07    0.06    0.53    0.06      1.28      0.11
    1922    0.06    0.05    0.04    0.03    0.02    0.02    0.02    0.02    0.99    0.04    0.04    0.04      1.37      0.11
    1923    0.04    0.03    0.03    0.02    0.02    0.01    0.01    0.01    0.01    0.01    0.01    0.01      0.19      0.02
    1924    0.00    0.00    0.00    0.00    0.00    0.00    0.00    0.02   22.68    4.35    0.15    0.14     27.34      2.28
    1925    0.12    0.09    0.07    0.05    0.04    0.04    0.04    0.19    0.04    0.04    0.04    0.04      0.80      0.07
    1926    0.04    0.03    0.03    0.02    0.02    0.02    0.02    0.03    0.03    0.03    0.03    0.03      0.35      0.03
    1927    0.03    0.03    0.02    0.02    0.01    0.01    0.01    0.01    0.01    0.01    0.00    0.00      0.17      0.01
    1928    0.00    0.00    0.00    0.00    0.00    0.00    0.01    0.01    0.02    0.07    0.00    0.10      0.22      0.02
    1929    0.00    0.00    0.00    0.00    0.00    0.00    0.00    0.01    0.00    0.00    0.01    0.05      0.08      0.01
    1930    0.00    0.00    0.00    0.00    0.00    0.00    0.00    0.00    0.00    0.13    0.05    0.00      0.19      0.02
    1931    0.00    0.00    0.00    0.00    0.02    0.00    0.00    0.03    0.04    0.01    0.00    0.00      0.11      0.01
    1932    0.00    0.00    0.00    0.00    0.00    0.00    0.00    0.00    0.03    0.27    0.08    0.00      0.40      0.03
    1933    0.00    0.00    0.00    0.00    0.01    0.16    0.00    0.00    0.00    0.00    0.00    0.00      0.20      0.02
    1934    0.01    0.19    0.00    0.00    0.00    0.00    0.00    0.02    0.01    0.01    0.17    0.01      0.44      0.04
    1935    0.00    0.00    0.00    0.00    0.00    0.00    0.00    0.00    0.00    0.04    0.03    0.11      0.19      0.02
    1936    0.00    0.06    0.00    0.00    0.00    0.01    0.00    0.00    0.32    0.01    0.00    0.00      0.42      0.03
    1937    0.00    0.00    0.05    0.00    0.00    0.00    0.00    0.08    0.00    0.00    0.00    0.01      0.15      0.01
    1938    0.01    0.00    0.00    0.00    0.01    0.00    0.00    0.21    0.00    0.00    2.08    0.02      2.35      0.20
    1939    0.02    0.01    0.01    0.01    0.08    0.02    0.02    0.00    0.01    0.00    0.00    0.00      0.20      0.02
    1940    0.00    0.00    0.00    0.00    0.00    0.00    0.21    0.29    0.40    0.06    0.10    0.02      1.09      0.09
    1941    0.01    0.01    0.01    0.01    0.01    0.01    0.01    0.01    1.29    0.02    0.02    0.02      1.42      0.12
    1942    0.31    0.02    0.09    0.01    0.01    0.01    0.01    0.01    0.07    0.09    0.18    0.02      0.81      0.07
    1943    0.02    0.14    0.01    0.01    0.01    0.01    0.01    0.05    0.10    0.01    0.12    0.04      0.52      0.04
    1944    0.01    0.01    0.00    0.00    0.00    0.01    0.00    0.10    0.11    0.48    0.03    0.01      0.75      0.06
    1945    0.01    0.01    0.01    0.01    0.00    0.00    0.04    0.01    0.01    0.01    0.01    0.61      0.72      0.06
    1946    0.01    0.01    0.01    0.00    0.00    0.01    0.00    0.19    0.01    0.07    0.01    0.01      0.33      0.03
    1947    0.01    0.00    0.00    0.00    0.03    0.17    0.00    0.02    0.00    0.03    0.00    0.01      0.28      0.02
    1948    0.00    0.00    0.00    0.00    0.00    0.00    0.00    0.00    0.00    0.00    0.01    0.00      0.02      0.00
    1949    0.00    0.10    0.00    0.00    0.00    0.00    0.06    0.03    0.00    0.20    0.00    0.05      0.43      0.04
    1950    0.00    0.05    0.01    0.00    0.00    0.00    0.00    0.01    0.28    0.00    0.00    0.00      0.36      0.03
    1951    0.02    0.00    0.00    0.00    0.01    0.00    0.00    0.02    0.00    0.82    0.14    0.01      1.04      0.09
    1952    0.01    0.28    0.01    0.01    0.02    0.00    0.17    0.04    0.01    0.29    0.04    0.01      0.89      0.07
    1953    0.01    0.01    0.02    0.00    0.00    0.00    0.04    0.31    0.01    0.22    0.06    0.01      0.68      0.06
    1954    0.01    0.01    0.01    0.01    0.04    0.00    0.02    0.00    0.32    0.03    0.24    0.01      0.70      0.06
    1955    0.04    0.12    0.01    0.01    0.00    0.05    0.00    0.00    0.21    0.06    0.01    0.01      0.51      0.04
    1956    0.01    0.01    0.00    0.00    0.05    0.00    0.00    0.14    0.33    0.24    0.24    0.02      1.05      0.09
    1957    0.02    0.01    0.03    0.01    0.01    0.01    0.01    0.18    0.01    0.01    0.01    0.01      0.32      0.03
    1958    0.01    0.01    0.01    0.01    0.01    0.01    0.01    6.01    0.06    0.05    0.07    0.04      6.29      0.52
    1959    0.04    0.03    0.02    0.02    0.01    0.01    0.01    0.01    0.01    0.01    0.01    0.01      0.17      0.01
    1960    0.01    0.00    0.03    0.01    0.00    0.03    1.26    0.01    0.27    0.19    0.02    0.03      1.87      0.16
    1961    0.02    0.01    0.01    0.01    0.01    0.00    0.00    0.00    4.37    0.08    0.67    0.05      5.24      0.44
    1962    0.04    0.04    0.03    0.02    0.02    0.02    0.02    0.02    0.03    0.08    0.18    0.04      0.54      0.05
    1963    0.03    0.03    0.02    0.02    0.02    0.02    0.02    0.02    0.87    0.03    0.03    0.03      1.13      0.09
    1964    0.03    0.02    0.02    0.01    0.01    0.02    0.20    0.01    0.01    0.01    0.01    0.00      0.34      0.03
    1965    0.00    0.00    0.00    0.00    0.00    0.00    0.00    0.00    0.02    0.01    0.01    0.00      0.05      0.00
    1966    0.00    0.00    0.00    0.00    0.00    0.00    0.12    0.11    0.72    0.01    0.01    0.01      0.97      0.08
    1967    0.01    0.00    0.00    0.00    0.00    0.00    0.00    0.31    0.02    0.01    0.01    0.01      0.37      0.03
    1968    0.05    0.00    0.00    0.00    0.00    0.00    0.01    0.00    0.00    0.00    0.00    0.00      0.09      0.01
    1969    0.01    0.00    0.00    0.00    0.00    0.00    0.00    0.06    0.23    0.06    0.01    0.00      0.38      0.03
    1970    0.00    0.00    0.00    0.00    0.00    0.00    0.00    0.00    0.00    0.65    0.01    0.01      0.68      0.06
    1971    0.01    0.00    0.00    0.00    0.00    0.01    0.00    0.00    0.01    0.00    0.00    0.00      0.05      0.00
    1972    0.00    0.00    0.00    0.00    0.00    0.08    0.00    0.00    0.00    0.30    0.03    0.00      0.43      0.04
    1973    0.00    0.00    0.02    0.00    0.01    0.01    0.00    0.01    0.50    0.01    1.86    0.02      2.44      0.20
    1974    0.02    0.01    0.01    0.01    0.01    0.00    0.00    1.49    0.02    0.02    0.02    0.02      1.63      0.14
    1975    0.01    0.01    0.21    0.02    0.01    0.01    0.05    0.01    0.21    0.04    0.01    0.01      0.60      0.05
    1976    0.01    0.35    0.01    0.01    0.02    0.00    0.14    1.01    0.11    0.07    0.16    0.02      1.91      0.16
    1977    0.02    0.01    0.02    0.01    0.01    0.01    0.01    0.01    0.01    0.01    0.07    0.01      0.20      0.02
    1978    0.01    0.01    0.01    0.01    0.01    0.01    0.01    0.01    1.32    0.02    0.02    0.02      1.44      0.12
    1979    0.02    0.02    0.01    0.01    0.01    0.01    0.01    0.03    0.09    0.01    0.91    0.01      1.13      0.09
    1980    0.01    0.28    0.01    0.01    0.01    0.06    0.00    0.00    0.00    0.15    0.26    0.02      0.82      0.07
    1981    0.05    0.01    0.01    0.00    0.00    0.00    0.60    0.01    0.09    0.05    0.01    0.01      0.84      0.07
    1982    0.16    0.01    0.01    0.00    0.00    0.00    0.00    0.85    0.08    0.01    0.01    0.45      1.60      0.13
    1983    0.01    0.01    0.01    0.01    0.01    0.04    0.00    0.57    0.01    0.01    0.01    0.13      0.82      0.07
    1984    0.18    0.01    0.01    0.72    0.01    0.02    0.01    0.02    0.01    0.01    0.01    0.03      1.02      0.09
    1985    0.01    0.02    0.39    0.01    0.00    0.00    0.00    0.00    2.20    0.02    0.13    0.02      2.81      0.23
    1986    0.02    0.01    0.01    0.01    0.01    0.00    1.44    0.02    0.05    0.05    0.03    0.23      1.88      0.16
    1987    0.02    0.01    0.01    0.01    0.01    0.14    0.31    0.01    0.04    0.01    0.11    0.01      0.69      0.06
    1988    0.01    0.01    0.02    0.01    0.01    0.00    0.28    0.01    0.01    0.01    0.03    0.01      0.40      0.03
    1989    0.01    0.00    0.00    0.00    0.00    0.00    2.99    0.25    0.12    0.21    0.03    0.03      3.65      0.30
    1990    0.02    0.02    0.01    0.02    0.01    0.02    0.01    0.01    0.39    0.43    0.02    0.16      1.11      0.09
    1991    0.24    0.02    0.02    0.01    0.01    0.01    0.01    0.01    0.35    0.03    0.02    0.02      0.76      0.06
    1992    0.02    0.02    0.01    0.01    0.01    0.01    0.78    0.13    0.05    0.44    0.02    0.02      1.52      0.13
    1993    0.02    0.01    0.01    0.01    0.01    0.07    0.01    0.01    0.56    0.05    0.01    0.01      0.78      0.07
    1994    0.01    0.01    0.01    0.01    0.01    0.02    0.01    0.00    0.01    0.01    0.01    0.01      0.10      0.01
    1995    0.10    0.02    0.18    0.01    0.00    0.00    0.00    0.01    0.02    2.36    0.78    0.19      3.68      0.31
    1996    0.30    3.61    0.05    0.04    0.03    0.54    0.03    0.05    5.35    0.09    0.09    0.08     10.27      0.86
    1997    0.08    0.07    0.05    0.05    0.04    0.04    0.04    0.23    0.06    0.06    0.06    0.06      0.85      0.07
    1998    0.06    0.05    0.05    0.04    0.03    0.03    0.03    0.03    0.02    0.02    0.02    0.18      0.56      0.05
    1999    0.02    0.02    0.18    0.01    0.23    0.39    0.01    0.01    0.01    0.19    0.01    0.01      1.08      0.09
    2000    0.01    0.00    0.00    0.00    0.00    0.01    0.28    0.05    0.00    2.75    0.04    0.06      3.20      0.27
    2001    0.02    0.02    0.01    0.01    0.09    0.01    0.01    0.40    0.01    0.29    0.02    0.01      0.90      0.08
    2002    0.01    0.01    0.01    0.01    0.01    0.01    0.01    0.01    0.01    0.01    0.27    0.01      0.36      0.03
    2003    0.01    0.01    0.01    0.01    0.01    0.00    0.20    0.01    0.15    0.01    0.01    0.00      0.41      0.03
    2004    0.05    0.00    0.00    0.00    0.00    0.00    0.06    0.00    0.00    0.00    0.02    0.00      0.14      0.01
    2005    0.00    0.00    0.00    0.00    0.00    0.00    0.00    1.87    0.05    0.03    0.02    0.01      2.00      0.17
    2006    0.01    0.01    0.01    0.00    0.00    0.00    0.03    0.05    0.63    0.78    0.02    0.02      1.57      0.13
    2007    0.02    0.02    0.10    0.01    0.02    0.01    0.01    0.44    0.02    1.93    0.22    0.05      2.85      0.24
    2008    0.05    0.05    0.04    0.03    0.03    0.03    0.06    0.03    0.40    0.04    0.04    0.05      0.85      0.07
    2009    0.04    0.04    0.03    0.03    0.71    0.03    0.02    0.09    0.05    0.02    0.02    0.02      1.10      0.09
  
 AVERAGE    0.03    0.07    0.03    0.02    0.02    0.03    0.11    0.18    0.58    0.22    0.12    0.04      1.46      0.12
