    1920    0.00    0.00    0.00    0.00    0.01    0.00    0.00    0.00    4.03    0.42    0.06    0.07      4.62      0.38
    1921    0.07    0.06    0.04    0.03    0.03    0.03    0.03    0.03    0.05    0.04    0.39    0.04      0.84      0.07
    1922    0.03    0.03    0.02    0.01    0.01    0.01    0.01    0.01    0.73    0.03    0.02    0.03      0.95      0.08
    1923    0.02    0.02    0.01    0.01    0.01    0.01    0.00    0.00    0.00    0.00    0.00    0.00      0.10      0.01
    1924    0.00    0.00    0.00    0.00    0.00    0.00    0.00    0.01   16.83    3.23    0.11    0.10     20.29      1.69
    1925    0.08    0.06    0.04    0.03    0.02    0.02    0.02    0.14    0.02    0.02    0.03    0.03      0.49      0.04
    1926    0.02    0.02    0.01    0.01    0.01    0.01    0.01    0.02    0.02    0.02    0.02    0.02      0.20      0.02
    1927    0.02    0.02    0.01    0.01    0.01    0.00    0.00    0.00    0.00    0.00    0.00    0.00      0.09      0.01
    1928    0.00    0.00    0.00    0.00    0.00    0.00    0.01    0.00    0.02    0.05    0.00    0.07      0.16      0.01
    1929    0.00    0.00    0.00    0.00    0.00    0.00    0.00    0.01    0.00    0.00    0.01    0.03      0.06      0.00
    1930    0.00    0.00    0.00    0.00    0.00    0.00    0.00    0.00    0.00    0.10    0.04    0.00      0.14      0.01
    1931    0.00    0.00    0.00    0.00    0.01    0.00    0.00    0.02    0.03    0.01    0.00    0.00      0.08      0.01
    1932    0.00    0.00    0.00    0.00    0.00    0.00    0.00    0.00    0.02    0.20    0.06    0.00      0.30      0.02
    1933    0.00    0.00    0.00    0.00    0.01    0.12    0.00    0.00    0.00    0.00    0.00    0.00      0.15      0.01
    1934    0.01    0.14    0.00    0.00    0.00    0.00    0.00    0.02    0.01    0.00    0.12    0.01      0.32      0.03
    1935    0.00    0.00    0.00    0.00    0.00    0.00    0.00    0.00    0.00    0.03    0.02    0.08      0.14      0.01
    1936    0.00    0.05    0.00    0.00    0.00    0.00    0.00    0.00    0.23    0.01    0.00    0.00      0.31      0.03
    1937    0.00    0.00    0.03    0.00    0.00    0.00    0.00    0.06    0.00    0.00    0.00    0.00      0.11      0.01
    1938    0.01    0.00    0.00    0.00    0.00    0.00    0.00    0.16    0.00    0.00    1.55    0.02      1.74      0.15
    1939    0.01    0.01    0.00    0.00    0.06    0.01    0.02    0.00    0.01    0.00    0.00    0.00      0.14      0.01
    1940    0.00    0.00    0.00    0.00    0.00    0.00    0.16    0.22    0.30    0.04    0.07    0.01      0.80      0.07
    1941    0.01    0.01    0.01    0.00    0.00    0.00    0.00    0.00    0.96    0.01    0.01    0.01      1.04      0.09
    1942    0.22    0.01    0.07    0.01    0.00    0.00    0.00    0.01    0.05    0.06    0.13    0.01      0.58      0.05
    1943    0.01    0.10    0.01    0.00    0.00    0.01    0.00    0.03    0.07    0.00    0.09    0.03      0.37      0.03
    1944    0.01    0.00    0.00    0.00    0.00    0.01    0.00    0.07    0.08    0.35    0.02    0.01      0.55      0.05
    1945    0.01    0.00    0.00    0.00    0.00    0.00    0.03    0.00    0.00    0.00    0.00    0.45      0.52      0.04
    1946    0.01    0.01    0.00    0.00    0.00    0.01    0.00    0.14    0.00    0.05    0.00    0.00      0.23      0.02
    1947    0.00    0.00    0.00    0.00    0.02    0.13    0.00    0.01    0.00    0.02    0.00    0.01      0.20      0.02
    1948    0.00    0.00    0.00    0.00    0.00    0.00    0.00    0.00    0.00    0.00    0.01    0.00      0.02      0.00
    1949    0.00    0.07    0.00    0.00    0.00    0.00    0.04    0.02    0.00    0.15    0.00    0.03      0.32      0.03
    1950    0.00    0.04    0.01    0.00    0.00    0.00    0.00    0.01    0.21    0.00    0.00    0.00      0.27      0.02
    1951    0.02    0.00    0.00    0.00    0.01    0.00    0.00    0.02    0.00    0.61    0.10    0.01      0.77      0.06
    1952    0.01    0.21    0.00    0.00    0.01    0.00    0.13    0.03    0.00    0.21    0.03    0.01      0.65      0.05
    1953    0.01    0.00    0.01    0.00    0.00    0.00    0.03    0.23    0.01    0.16    0.04    0.01      0.50      0.04
    1954    0.01    0.01    0.00    0.00    0.03    0.00    0.01    0.00    0.24    0.02    0.18    0.01      0.51      0.04
    1955    0.03    0.09    0.00    0.00    0.00    0.03    0.00    0.00    0.16    0.05    0.01    0.01      0.37      0.03
    1956    0.00    0.00    0.00    0.00    0.03    0.00    0.00    0.10    0.24    0.18    0.18    0.01      0.77      0.06
    1957    0.01    0.01    0.02    0.01    0.00    0.00    0.00    0.13    0.01    0.01    0.01    0.01      0.22      0.02
    1958    0.01    0.01    0.00    0.00    0.00    0.00    0.01    4.46    0.04    0.04    0.05    0.03      4.66      0.39
    1959    0.02    0.02    0.01    0.01    0.01    0.00    0.00    0.00    0.00    0.00    0.00    0.00      0.09      0.01
    1960    0.00    0.00    0.02    0.01    0.00    0.02    0.94    0.01    0.20    0.14    0.01    0.02      1.38      0.12
    1961    0.01    0.01    0.01    0.00    0.00    0.00    0.00    0.00    3.25    0.06    0.50    0.04      3.88      0.32
    1962    0.03    0.02    0.02    0.01    0.01    0.01    0.01    0.01    0.02    0.06    0.13    0.02      0.36      0.03
    1963    0.02    0.02    0.01    0.01    0.01    0.01    0.01    0.01    0.64    0.02    0.02    0.02      0.79      0.07
    1964    0.02    0.01    0.01    0.01    0.01    0.01    0.15    0.00    0.00    0.00    0.00    0.00      0.23      0.02
    1965    0.00    0.00    0.00    0.00    0.00    0.00    0.00    0.00    0.01    0.01    0.00    0.00      0.03      0.00
    1966    0.00    0.00    0.00    0.00    0.00    0.00    0.09    0.08    0.53    0.01    0.01    0.01      0.72      0.06
    1967    0.00    0.00    0.00    0.00    0.00    0.00    0.00    0.23    0.01    0.01    0.00    0.00      0.27      0.02
    1968    0.04    0.00    0.00    0.00    0.00    0.00    0.01    0.00    0.00    0.00    0.00    0.00      0.06      0.01
    1969    0.01    0.00    0.00    0.00    0.00    0.00    0.00    0.04    0.17    0.05    0.01    0.00      0.28      0.02
    1970    0.00    0.00    0.00    0.00    0.00    0.00    0.00    0.00    0.00    0.48    0.01    0.00      0.50      0.04
    1971    0.00    0.00    0.00    0.00    0.00    0.01    0.00    0.00    0.01    0.00    0.00    0.00      0.03      0.00
    1972    0.00    0.00    0.00    0.00    0.00    0.06    0.00    0.00    0.00    0.22    0.03    0.00      0.32      0.03
    1973    0.00    0.00    0.02    0.00    0.00    0.01    0.00    0.01    0.37    0.00    1.38    0.02      1.81      0.15
    1974    0.01    0.01    0.01    0.01    0.00    0.00    0.00    1.11    0.01    0.01    0.01    0.01      1.20      0.10
    1975    0.01    0.01    0.15    0.01    0.01    0.00    0.03    0.00    0.16    0.03    0.01    0.01      0.43      0.04
    1976    0.01    0.26    0.01    0.00    0.02    0.00    0.10    0.75    0.08    0.05    0.12    0.01      1.41      0.12
    1977    0.01    0.01    0.02    0.00    0.00    0.00    0.01    0.00    0.01    0.01    0.05    0.01      0.13      0.01
    1978    0.01    0.01    0.00    0.00    0.00    0.00    0.00    0.00    0.98    0.01    0.01    0.01      1.05      0.09
    1979    0.01    0.01    0.01    0.00    0.00    0.00    0.00    0.03    0.07    0.00    0.67    0.01      0.82      0.07
    1980    0.01    0.20    0.01    0.00    0.00    0.05    0.00    0.00    0.00    0.11    0.19    0.01      0.59      0.05
    1981    0.03    0.00    0.00    0.00    0.00    0.00    0.44    0.01    0.07    0.04    0.01    0.01      0.61      0.05
    1982    0.12    0.00    0.00    0.00    0.00    0.00    0.00    0.63    0.06    0.01    0.01    0.34      1.18      0.10
    1983    0.01    0.01    0.00    0.00    0.00    0.03    0.00    0.42    0.01    0.01    0.01    0.10      0.59      0.05
    1984    0.13    0.01    0.00    0.53    0.01    0.02    0.00    0.02    0.00    0.00    0.00    0.02      0.75      0.06
    1985    0.00    0.01    0.29    0.00    0.00    0.00    0.00    0.00    1.63    0.02    0.10    0.01      2.07      0.17
    1986    0.01    0.01    0.01    0.00    0.00    0.00    1.07    0.01    0.03    0.04    0.02    0.17      1.38      0.12
    1987    0.01    0.01    0.01    0.00    0.00    0.10    0.23    0.01    0.03    0.01    0.08    0.01      0.50      0.04
    1988    0.01    0.01    0.01    0.00    0.00    0.00    0.20    0.00    0.01    0.00    0.02    0.01      0.28      0.02
    1989    0.00    0.00    0.00    0.00    0.00    0.00    2.22    0.19    0.09    0.16    0.02    0.02      2.70      0.23
    1990    0.01    0.01    0.01    0.02    0.00    0.01    0.00    0.00    0.29    0.32    0.01    0.12      0.81      0.07
    1991    0.18    0.01    0.01    0.01    0.01    0.01    0.01    0.01    0.26    0.02    0.01    0.01      0.54      0.04
    1992    0.01    0.01    0.01    0.01    0.00    0.00    0.58    0.10    0.03    0.33    0.01    0.01      1.11      0.09
    1993    0.01    0.01    0.01    0.00    0.00    0.05    0.00    0.00    0.42    0.03    0.01    0.01      0.56      0.05
    1994    0.01    0.01    0.00    0.00    0.00    0.01    0.00    0.00    0.01    0.01    0.00    0.00      0.06      0.01
    1995    0.08    0.02    0.13    0.00    0.00    0.00    0.00    0.01    0.01    1.75    0.58    0.14      2.73      0.23
    1996    0.22    2.68    0.03    0.02    0.02    0.39    0.02    0.04    3.97    0.06    0.06    0.06      7.57      0.63
    1997    0.05    0.04    0.03    0.02    0.02    0.02    0.02    0.17    0.04    0.04    0.04    0.04      0.54      0.05
    1998    0.04    0.03    0.02    0.02    0.02    0.01    0.01    0.01    0.01    0.01    0.01    0.13      0.34      0.03
    1999    0.01    0.01    0.13    0.01    0.17    0.29    0.01    0.00    0.00    0.14    0.00    0.00      0.77      0.06
    2000    0.00    0.00    0.00    0.00    0.00    0.00    0.21    0.04    0.00    2.04    0.03    0.05      2.37      0.20
    2001    0.02    0.01    0.01    0.00    0.06    0.00    0.01    0.29    0.01    0.22    0.02    0.01      0.65      0.05
    2002    0.01    0.01    0.00    0.00    0.00    0.00    0.00    0.00    0.00    0.01    0.20    0.01      0.25      0.02
    2003    0.01    0.01    0.00    0.00    0.00    0.00    0.15    0.00    0.11    0.00    0.00    0.00      0.30      0.02
    2004    0.03    0.00    0.00    0.00    0.00    0.00    0.04    0.00    0.00    0.00    0.01    0.00      0.10      0.01
    2005    0.00    0.00    0.00    0.00    0.00    0.00    0.00    1.39    0.04    0.03    0.02    0.01      1.48      0.12
    2006    0.01    0.01    0.00    0.00    0.00    0.00    0.02    0.04    0.46    0.58    0.02    0.02      1.15      0.10
    2007    0.01    0.01    0.07    0.01    0.01    0.01    0.01    0.33    0.01    1.43    0.16    0.04      2.10      0.17
    2008    0.04    0.03    0.02    0.02    0.02    0.01    0.05    0.02    0.29    0.03    0.03    0.03      0.57      0.05
    2009    0.03    0.02    0.02    0.01    0.52    0.01    0.01    0.07    0.03    0.01    0.01    0.01      0.77      0.06
  
 AVERAGE    0.02    0.05    0.02    0.01    0.01    0.02    0.08    0.13    0.43    0.16    0.09    0.03      1.06      0.09
