    1920    0.00    0.00    0.05    0.02    0.20    0.10    0.01    0.00   35.80   12.40    0.50    0.19     49.28      4.11
    1921    0.17    0.14    0.11    0.09    0.07    0.06    0.06    0.06    0.80    0.27    1.83    0.65      4.31      0.36
    1922    0.07    0.08    0.04    0.04    0.03    0.03    0.02    0.11    4.52    1.54    0.07    0.07      6.61      0.55
    1923    0.06    0.05    0.04    0.03    0.02    0.02    0.02    0.02    0.05    0.03    0.21    0.07      0.61      0.05
    1924    0.02    0.01    0.01    0.01    0.01    0.01    0.01    0.06   38.11   15.68    1.30    0.19     55.42      4.62
    1925    0.16    0.13    0.10    0.08    0.06    0.05    0.05    0.75    0.26    0.05    0.04    0.04      1.78      0.15
    1926    0.16    0.05    0.03    0.02    0.02    0.02    0.04    0.02    0.03    0.02    0.06    0.02      0.48      0.04
    1927    0.02    0.02    0.01    0.01    0.01    0.01    0.01    0.01    0.12    0.06    0.01    0.01      0.30      0.02
    1928    0.01    0.01    0.01    0.01    0.01    0.01    0.19    0.18    0.23    0.44    0.18    0.35      1.61      0.13
    1929    0.12    0.02    0.01    0.01    0.01    0.01    0.01    0.18    0.06    0.04    0.09    0.82      1.38      0.11
    1930    0.28    0.02    0.01    0.01    0.01    0.01    0.03    0.02    0.03    0.56    0.55    0.14      1.68      0.14
    1931    0.02    0.01    0.01    0.01    0.23    0.08    0.01    0.21    0.33    0.17    0.03    0.01      1.13      0.09
    1932    0.01    0.01    0.01    0.01    0.01    0.05    0.02    0.01    0.71    1.97    0.77    0.06      3.64      0.30
    1933    0.03    0.03    0.02    0.01    0.06    0.12    0.04    0.02    0.01    0.01    0.02    0.01      0.37      0.03
    1934    0.01    0.35    0.12    0.01    0.01    0.01    0.03    0.25    0.25    0.18    1.24    0.83      3.27      0.27
    1935    0.15    0.02    0.02    0.01    0.01    0.01    0.01    0.03    0.01    0.23    0.23    0.39      1.13      0.09
    1936    0.12    0.71    0.25    0.01    0.01    0.05    0.02    0.02    2.64    0.97    0.04    0.03      4.87      0.41
    1937    0.03    0.02    0.10    0.04    0.01    0.01    0.03    0.39    0.14    0.06    0.03    0.02      0.88      0.07
    1938    0.01    0.01    0.01    0.00    0.03    0.01    0.00    3.01    1.07    0.08    1.89    0.68      6.79      0.57
    1939    0.05    0.04    0.03    0.02    0.01    0.01    0.32    0.12    0.05    0.02    0.10    0.04      0.81      0.07
    1940    0.01    0.02    0.01    0.00    0.00    0.00    1.45    2.43    1.74    0.60    0.33    0.09      6.68      0.56
    1941    0.04    0.03    0.02    0.02    0.01    0.01    0.03    0.16    1.04    0.35    0.02    0.02      1.76      0.15
    1942    0.73    0.26    0.78    0.27    0.02    0.06    0.02    0.01    0.44    0.64    0.39    0.10      3.71      0.31
    1943    0.02    1.28    0.44    0.02    0.02    0.05    0.02    0.01    0.38    0.14    0.58    0.24      3.20      0.27
    1944    0.37    0.13    0.01    0.01    0.01    0.03    0.01    0.12    0.58    1.37    0.50    0.03      3.18      0.27
    1945    0.24    0.08    0.02    0.01    0.01    0.01    0.32    0.11    0.01    0.01    0.01    4.16      4.98      0.42
    1946    1.42    0.04    0.03    0.02    0.02    0.09    0.03    1.39    0.48    0.33    0.13    0.03      4.03      0.34
    1947    0.02    0.02    0.01    0.01    0.07    0.95    0.37    0.50    0.17    0.37    0.13    0.02      2.64      0.22
    1948    0.05    0.03    0.01    0.01    0.01    0.01    0.01    0.01    0.01    0.04    0.04    0.02      0.22      0.02
    1949    0.02    1.01    0.34    0.01    0.01    0.01    0.06    0.25    0.08    1.99    0.68    0.10      4.56      0.38
    1950    0.03    0.28    0.14    0.03    0.01    0.01    0.01    0.16    1.01    0.47    0.05    0.02      2.22      0.19
    1951    0.46    0.16    0.01    0.01    0.02    0.02    0.01    0.01    0.08    3.51    1.49    0.13      5.92      0.49
    1952    0.04    0.57    0.20    0.02    0.02    0.03    0.83    0.35    0.02    0.40    0.39    0.09      2.96      0.25
    1953    0.02    0.02    0.30    0.10    0.01    0.01    0.10    4.46    1.53    0.54    0.55    0.12      7.77      0.65
    1954    0.05    0.04    0.03    0.02    0.05    0.05    0.23    0.09    1.84    0.73    1.41    0.49      5.02      0.42
    1955    0.06    0.17    0.05    0.04    0.01    0.15    0.07    0.02    0.97    0.81    0.22    0.02      2.59      0.22
    1956    0.02    0.02    0.02    0.01    0.39    0.15    0.01    0.19    0.88    2.26    1.95    0.46      6.37      0.53
    1957    0.05    0.04    0.29    0.10    0.02    0.02    0.04    1.01    0.35    0.03    0.02    0.02      1.98      0.17
    1958    0.02    0.01    0.01    0.01    0.01    0.01    0.03   21.16    6.91    0.15    0.27    0.11     28.69      2.39
    1959    0.10    0.08    0.06    0.04    0.03    0.03    0.02    0.05    0.02    0.02    0.02    0.02      0.49      0.04
    1960    0.01    0.01    0.07    0.12    0.04    0.01    5.22    1.86    1.05    0.84    0.17    0.48      9.89      0.82
    1961    0.16    0.05    0.04    0.02    0.02    0.02    0.02    0.02   19.64    6.91    3.83    1.29     32.01      2.67
    1962    0.18    0.12    0.09    0.06    0.05    0.05    0.04    0.04    1.15    0.76    3.69    1.24      7.48      0.62
    1963    0.08    0.06    0.08    0.04    0.03    0.03    0.02    0.02    4.45    1.52    0.07    0.06      6.46      0.54
    1964    0.05    0.08    0.03    0.03    0.02    0.22    0.46    0.15    0.03    0.02    0.02    0.02      1.14      0.09
    1965    0.02    0.02    0.01    0.01    0.01    0.01    0.01    0.01    0.34    0.18    0.09    0.03      0.75      0.06
    1966    0.02    0.02    0.01    0.01    0.07    0.02    0.48    0.37   11.28    3.73    0.11    0.10     16.21      1.35
    1967    0.09    0.08    0.05    0.04    0.03    0.03    0.02    1.35    0.56    0.58    0.26    0.04      3.14      0.26
    1968    0.26    0.09    0.03    0.02    0.02    0.02    0.40    0.14    0.02    0.02    0.02    0.02      1.05      0.09
    1969    0.07    0.02    0.01    0.01    0.01    0.01    0.01    0.06    1.44    0.88    0.26    0.04      2.83      0.24
    1970    0.03    0.02    0.02    0.01    0.01    0.01    0.01    0.01    0.12    2.42    0.91    0.04      3.61      0.30
    1971    0.04    0.03    0.02    0.02    0.01    0.06    0.04    0.04    0.13    0.04    0.01    0.01      0.45      0.04
    1972    0.01    0.01    0.01    0.01    0.01    0.21    0.08    0.04    0.01    1.98    0.75    0.03      3.14      0.26
    1973    0.05    0.02    0.19    0.06    0.01    0.01    0.01    0.02    5.03    1.70    5.67    1.94     14.73      1.23
    1974    0.10    0.08    0.06    0.04    0.04    0.03    0.03    7.99    2.69    0.10    0.08    0.08     11.33      0.94
    1975    0.06    0.05    0.52    0.24    0.04    0.02    0.50    0.18    4.11    1.73    0.13    0.06      7.65      0.64
    1976    0.05    1.13    0.43    0.03    0.29    0.10    0.51    3.00    1.69    0.94    1.63    0.50     10.29      0.86
    1977    0.07    0.05    0.19    0.09    0.03    0.04    0.25    0.08    0.05    0.02    0.33    0.12      1.30      0.11
    1978    0.03    0.02    0.01    0.01    0.01    0.01    0.01    0.06    5.04    1.92    0.33    0.10      7.54      0.63
    1979    0.06    0.04    0.03    0.03    0.02    0.02    0.02    0.23    1.50    0.50    0.69    0.24      3.39      0.28
    1980    0.04    0.42    0.14    0.09    0.03    0.05    0.02    0.01    0.01    0.46    1.31    0.71      3.28      0.27
    1981    0.19    0.03    0.22    0.07    0.02    0.03    0.41    0.17    0.38    0.36    0.08    0.02      1.98      0.17
    1982    0.69    0.25    0.02    0.02    0.01    0.01    0.01    3.18    1.56    0.36    0.06    1.85      8.02      0.67
    1983    0.66    0.05    0.04    0.03    0.02    1.27    0.45    4.01    1.38    0.07    0.06    0.45      8.49      0.71
    1984    0.81    0.23    0.04    3.78    1.30    0.05    0.05    0.41    0.20    0.34    0.12    0.16      7.50      0.62
    1985    0.06    0.08    0.62    0.21    0.02    0.02    0.02    0.02    6.92    2.44    0.87    0.29     11.57      0.96
    1986    0.08    0.06    0.04    0.03    0.03    0.02    7.49    2.52    0.28    0.34    0.21    0.61     11.71      0.98
    1987    0.19    0.06    0.04    0.03    0.03    0.12    0.67    0.23    0.88    0.31    0.49    0.18      3.23      0.27
    1988    0.03    0.03    0.06    0.02    0.02    0.03    1.32    0.46    0.07    0.05    0.31    0.13      2.54      0.21
    1989    0.02    0.02    0.02    0.01    0.01    0.01   11.44    4.37    0.44    1.39    0.45    0.10     18.30      1.52
    1990    0.08    0.06    0.05    0.29    0.10    0.09    0.03    0.02    1.46    2.32    0.65    0.73      5.89      0.49
    1991    0.77    0.18    0.04    0.03    0.02    0.02    0.02    0.02    0.32    0.23    0.05    0.02      1.72      0.14
    1992    0.07    0.41    0.14    0.01    0.01    0.01    2.42    1.35    0.28    0.87    0.30    0.04      5.92      0.49
    1993    0.04    0.03    0.02    0.02    0.01    0.26    0.10    0.01    2.01    0.95    0.10    0.03      3.58      0.30
    1994    0.03    0.03    0.02    0.02    0.01    0.23    0.09    0.10    0.08    0.04    0.01    0.02      0.68      0.06
    1995    0.30    0.11    0.58    0.20    0.01    0.01    0.01    0.08    0.44    8.84    7.20    1.82     19.60      1.63
    1996    1.34    6.44    2.10    0.11    0.09    0.52    0.17    0.27   18.81    6.58    0.18    0.17     36.77      3.06
    1997    0.14    0.11    0.08    0.06    0.05    0.04    0.04    0.65    0.23    0.04    0.04    0.03      1.52      0.13
    1998    0.03    0.03    0.05    0.02    0.02    0.02    0.01    0.02    0.02    0.02    0.02    0.61      0.85      0.07
    1999    0.22    0.02    0.43    0.15    0.20    1.46    0.49    0.03    0.03    0.88    0.32    0.03      4.27      0.36
    2000    0.03    0.03    0.02    0.02    0.01    0.01    2.01    0.76    0.04   10.12    3.55    0.32     16.91      1.41
    2001    0.10    0.08    0.06    0.04    0.80    0.28    0.10    0.68    0.23    0.91    0.67    0.13      4.09      0.34
    2002    0.04    0.04    0.03    0.02    0.02    0.02    0.02    0.02    0.02    0.02    0.58    0.21      1.03      0.09
    2003    0.02    0.02    0.01    0.01    0.01    0.01    0.17    0.06    0.11    0.05    0.01    0.01      0.51      0.04
    2004    0.09    0.03    0.01    0.01    0.01    0.01    0.21    0.08    0.02    0.01    0.10    0.03      0.62      0.05
    2005    0.01    0.01    0.01    0.01    0.01    0.01    0.01    2.10    1.52    0.58    0.11    0.04      4.41      0.37
    2006    0.03    0.03    0.02    0.02    0.01    0.01    0.19    0.24    6.29    7.96    2.05    0.12     16.97      1.41
    2007    0.10    0.08    0.36    0.12    0.04    0.03    0.03    1.69    0.99   10.62    4.56    0.43     19.05      1.59
    2008    0.13    0.16    0.08    0.06    0.05    0.04    0.09    0.17    2.71    0.94    0.12    0.06      4.61      0.38
    2009    0.05    0.07    0.03    0.03    4.30    1.46    0.06    0.17    0.30    0.08    0.05    0.04      6.64      0.55
  
 AVERAGE    0.15    0.19    0.12    0.09    0.11    0.10    0.45    0.86    2.36    1.49    0.69    0.30      6.91      0.58
