    1920    0.00    0.00    0.02    0.01    0.36    0.14    0.01    0.00   13.02    4.71    0.94    0.26     19.47      1.62
    1921    0.08    0.06    0.05    0.03    0.03    0.02    0.04    0.04    0.65    0.23    3.41    1.18      5.83      0.49
    1922    0.05    0.04    0.03    0.02    0.01    0.01    0.04    0.94    5.46    1.98    0.60    0.17      9.36      0.78
    1923    0.06    0.05    0.04    0.03    0.02    0.02    0.02    0.02    0.82    0.31    0.31    0.13      1.81      0.15
    1924    0.02    0.06    0.02    0.01    0.01    0.01    0.00    0.32   20.85   10.29    1.47    0.14     33.21      2.77
    1925    0.12    0.10    0.08    0.06    0.05    0.04    0.04    1.78    0.64    1.38    0.52    0.07      4.89      0.41
    1926    0.27    0.09    0.04    0.03    0.02    0.02    0.11    0.21    0.09    0.02    0.61    0.22      1.72      0.14
    1927    0.01    0.01    0.01    0.01    0.00    0.03    0.01    0.00    1.38    0.55    0.15    0.15      2.31      0.19
    1928    0.04    0.01    0.01    0.01    0.00    0.00    0.05    0.33    0.41    1.05    0.65    0.52      3.07      0.26
    1929    0.15    0.02    0.01    0.01    0.01    0.01    0.03    0.28    0.13    0.10    0.64    2.33      3.72      0.31
    1930    0.75    0.03    0.02    0.02    0.01    0.01    1.59    0.62    0.05    0.49    3.56    1.19      8.34      0.70
    1931    0.14    0.04    0.03    0.02    0.43    0.15    0.02    0.16    0.86    0.62    0.14    0.06      2.67      0.22
    1932    0.02    0.02    0.01    0.01    0.01    0.04    0.01    0.04    2.92    1.77    0.60    0.12      5.56      0.46
    1933    0.04    0.03    0.02    0.02    0.08    0.32    0.11    0.06    0.15    0.18    0.06    0.11      1.18      0.10
    1934    0.09    2.95    0.99    0.03    0.02    0.02    0.10    0.19    0.12    0.25    0.73    0.57      6.08      0.51
    1935    0.13    0.02    0.01    0.01    0.01    0.00    0.00    0.30    0.11    0.56    0.48    1.57      3.20      0.27
    1936    0.51    1.22    0.43    0.02    0.02    0.17    0.06    0.14    2.16    1.57    0.32    0.04      6.66      0.55
    1937    0.04    0.02    0.02    0.03    0.01    0.01    0.11    0.41    0.14    0.17    0.12    0.24      1.32      0.11
    1938    0.10    0.02    0.01    0.01    0.19    0.07    0.02    1.42    0.50    0.33    6.27    2.11     11.03      0.92
    1939    0.07    0.05    0.04    0.03    0.09    0.04    0.47    0.20    0.43    0.17    0.04    0.20      1.83      0.15
    1940    0.07    0.06    0.02    0.03    0.01    0.00    0.77    3.62    7.94    3.28    2.06    0.89     18.75      1.56
    1941    0.12    0.11    0.09    0.07    0.07    0.06    0.10    0.31    9.62    3.22    0.36    0.15     14.29      1.19
    1942    0.58    0.19    0.23    0.08    0.05    0.04    0.03    0.18    1.05    0.84    1.07    0.35      4.69      0.39
    1943    0.04    0.96    0.34    0.03    0.02    0.03    0.02    1.31    1.96    0.63    0.51    0.23      6.08      0.51
    1944    0.32    0.12    0.03    0.02    0.01    0.01    0.04    1.54    2.00    1.73    0.64    0.07      6.54      0.55
    1945    0.05    0.04    0.03    0.02    0.02    0.02    0.13    0.07    0.06    0.08    0.12    4.87      5.50      0.46
    1946    1.71    0.05    0.04    0.03    0.02    0.17    0.06    1.08    0.39    4.67    1.76    0.11     10.07      0.84
    1947    0.05    0.04    0.03    0.02    0.02    0.18    0.24    1.76    0.65    0.87    0.30    0.31      4.47      0.37
    1948    0.20    0.03    0.02    0.01    0.01    0.01    0.09    0.12    0.08    0.27    0.51    0.24      1.59      0.13
    1949    0.42    0.25    0.04    0.01    0.01    0.01    0.36    0.19    0.04    5.57    1.87    0.77      9.52      0.79
    1950    0.27    0.04    0.03    0.02    0.02    0.01    0.01    0.15    5.01    1.86    0.42    0.18      8.03      0.67
    1951    0.31    0.17    0.03    0.02    0.02    0.02    0.01    0.78    0.35    2.24    2.55    0.95      7.45      0.62
    1952    0.11    0.30    0.10    0.03    0.02    0.07    3.90    2.17    0.34    1.42    1.35    0.30     10.12      0.84
    1953    0.07    0.06    0.22    0.07    0.03    0.08    0.47    2.30    0.92    3.94    3.19    0.68     12.02      1.00
    1954    0.09    0.07    0.06    0.04    0.15    0.07    0.25    0.08    3.98    2.98    4.64    1.46     13.88      1.16
    1955    0.14    0.19    0.08    0.06    0.05    0.05    0.04    0.14    1.48    1.67    0.79    0.12      4.81      0.40
    1956    0.06    0.05    0.04    0.03    0.52    0.19    0.02    1.42    3.37    3.57    1.66    0.29     11.22      0.93
    1957    0.28    0.09    0.06    0.05    0.05    0.03    0.03    2.07    0.85    0.06    0.32    0.11      3.98      0.33
    1958    0.05    0.04    0.03    0.02    0.01    0.01    0.06   26.39    8.56    0.14    1.08    0.37     36.76      3.06
    1959    0.10    0.07    0.05    0.04    0.03    0.02    0.04    0.40    0.20    0.02    0.02    0.01      1.01      0.08
    1960    0.01    0.01    0.07    0.06    0.01    0.00    2.79    1.45    9.04    3.45    0.62    0.95     18.46      1.54
    1961    0.27    0.08    0.06    0.05    0.04    0.03    0.09    0.04   30.78   11.11    4.19    1.35     48.08      4.01
    1962    0.20    0.16    0.13    0.10    0.08    0.07    0.06    0.05    3.17    2.34    3.37    1.06     10.79      0.90
    1963    0.13    0.10    0.08    0.06    0.04    0.04    0.03    0.03    6.35    2.15    0.19    0.14      9.32      0.78
    1964    0.06    0.68    0.23    0.03    0.02    0.41    0.63    0.21    0.03    0.05    0.08    0.03      2.47      0.21
    1965    0.08    0.02    0.02    0.01    0.00    0.04    0.02    0.00    0.26    0.82    0.42    0.18      1.88      0.16
    1966    0.04    0.01    0.01    0.01    0.00    0.01    2.90    1.80   17.65    5.77    0.17    0.13     28.51      2.38
    1967    0.11    0.11    0.07    0.05    0.04    0.03    0.09    3.70    1.94    0.83    0.55    0.12      7.64      0.64
    1968    0.82    0.27    0.05    0.03    0.03    0.02    0.44    0.16    0.03    0.04    0.03    0.03      1.95      0.16
    1969    0.16    0.05    0.01    0.01    0.00    0.00    0.00    0.75    1.05    1.40    0.52    0.06      4.02      0.33
    1970    0.03    0.02    0.01    0.01    0.01    0.01    0.01    0.01    0.07    0.80    1.09    0.29      2.36      0.20
    1971    0.02    0.02    0.01    0.06    0.02    0.03    0.07    0.09    0.44    0.34    0.12    0.20      1.42      0.12
    1972    0.06    0.01    0.02    0.01    0.00    0.59    0.20    0.12    0.04    1.24    0.77    0.14      3.21      0.27
    1973    0.17    0.06    0.22    0.08    0.03    0.01    0.01    0.43    7.02    2.35    9.96    3.37     23.70      1.98
    1974    0.32    0.13    0.08    0.06    0.05    0.04    0.04    4.99    1.86    0.25    0.20    0.07      8.09      0.67
    1975    0.16    0.06    0.04    0.05    0.10    0.03    2.35    0.85   11.83    4.98    0.47    0.12     21.03      1.75
    1976    0.10    2.50    1.28    0.14    0.06    0.04    0.25    7.48    5.44    2.24    0.91    0.26     20.71      1.73
    1977    0.14    0.11    0.09    0.07    0.06    0.06    0.07    0.04    0.04    0.04    1.82    0.67      3.21      0.27
    1978    0.05    0.04    0.03    0.02    0.02    0.01    0.01    0.24    0.87    0.43    0.13    0.11      1.96      0.16
    1979    0.12    0.03    0.01    0.01    0.00    0.00    0.02    0.56    4.71    1.53    1.64    0.58      9.22      0.77
    1980    0.06    0.52    0.17    0.03    0.02    0.10    0.07    0.01    0.10    2.00    3.62    1.64      8.33      0.69
    1981    0.24    0.05    0.04    0.08    0.02    0.07    0.25    0.17    0.62    0.78    0.26    0.03      2.60      0.22
    1982    1.45    0.50    0.03    0.02    0.03    0.02    0.01    9.92    4.30    1.36    0.38    1.47     19.49      1.62
    1983    0.50    0.07    0.06    0.04    0.03    0.34    0.12    1.99    0.70    0.08    0.07    0.35      4.34      0.36
    1984    0.50    0.14    0.27    0.21    0.05    0.33    0.26    1.13    0.48    0.53    0.36    0.12      4.39      0.37
    1985    0.04    0.08    1.62    0.55    0.02    0.05    0.03    0.01   12.25    5.59    1.82    0.52     22.57      1.88
    1986    0.10    0.08    0.06    0.05    0.04    0.03    0.74    0.37    1.52    2.82    1.52    1.92      9.25      0.77
    1987    0.59    0.09    0.06    0.05    0.04    0.03    0.53    0.25    1.54    0.58    0.43    0.52      4.71      0.39
    1988    0.13    0.04    0.03    0.02    0.01    0.03    0.26    0.11    0.27    0.59    1.48    0.90      3.87      0.32
    1989    0.17    0.03    0.02    0.01    0.01    0.01    2.21    1.48    1.43    2.19    0.65    0.06      8.26      0.69
    1990    0.05    0.04    0.03    0.04    0.02    0.02    0.03    0.07    3.24   14.29    4.37    1.21     23.39      1.95
    1991    1.55    0.39    0.09    0.07    0.05    0.04    0.03    0.03    0.68    0.54    0.15    0.04      3.67      0.31
    1992    0.95    0.34    0.03    0.02    0.02    0.01    3.91    3.47    1.29    3.58    1.34    0.09     15.06      1.25
    1993    0.08    0.06    0.05    0.04    0.03    0.10    0.11    0.04    9.97    3.96    0.24    0.10     14.78      1.23
    1994    0.09    0.07    0.05    0.04    0.03    0.02    0.02    1.22    0.52    0.72    0.70    0.23      3.71      0.31
    1995    0.70    0.30    1.22    0.42    0.02    0.02    0.13    0.21    0.94    5.44    4.65    4.05     18.09      1.51
    1996    1.96    3.14    1.38    0.13    0.09    0.28    0.11    1.54   25.04    8.01    0.30    0.20     42.16      3.51
    1997    0.18    0.15    0.11    0.08    0.06    0.05    0.04    4.59    1.64    0.08    0.07    0.06      7.11      0.59
    1998    0.05    0.05    0.03    0.02    0.01    0.01    0.03    0.17    0.16    0.09    0.02    2.00      2.64      0.22
    1999    0.68    0.02    0.04    0.02    0.17    0.07    0.01    0.01    0.20    2.52    0.90    0.18      4.83      0.40
    2000    0.05    0.02    0.01    0.01    0.01    0.01    0.63    1.00    0.28   20.40    7.13    0.52     30.07      2.51
    2001    0.16    0.09    0.07    0.05    0.05    0.03    0.03    2.80    0.99    2.23    1.45    0.43      8.37      0.70
    2002    0.08    0.06    0.04    0.03    0.02    0.02    0.01    0.01    0.01    0.01    5.09    1.72      7.12      0.59
    2003    0.06    0.04    0.03    0.03    0.02    0.01    0.28    0.10    2.20    1.22    0.24    0.04      4.26      0.35
    2004    0.26    0.08    0.02    0.03    0.01    0.01    1.03    0.38    0.28    0.14    0.76    0.29      3.29      0.27
    2005    0.02    0.02    0.01    0.01    0.01    0.00    0.15   13.32    6.82    1.05    0.18    0.10     21.69      1.81
    2006    0.09    0.07    0.05    0.04    0.03    0.02    0.34    0.49    7.08    3.90    0.93    0.12     13.16      1.10
    2007    0.10    0.08    0.60    0.19    0.07    0.03    0.03    0.58    3.04   16.40    5.86    0.99     27.98      2.33
    2008    0.24    0.14    0.11    0.08    0.06    0.05    0.04    0.43    8.73    3.05    0.33    0.11     13.39      1.12
    2009    0.10    1.26    0.43    0.05    0.11    0.04    0.03    3.50    1.80    0.33    0.10    0.14      7.89      0.66
  
 AVERAGE    0.24    0.23    0.14    0.05    0.05    0.06    0.35    1.40    3.34    2.36    1.33    0.60     10.14      0.84
