    1920    0.02    0.00    0.00    0.00    0.01    0.00    0.00    0.00    0.57    0.19    0.01    0.00      0.80      0.07
    1921    0.00    0.00    0.00    0.00    0.00    0.00    0.00    0.00    0.02    0.01    0.09    0.03      0.14      0.01
    1922    0.00    0.00    0.00    0.00    0.00    0.00    0.00    0.01    0.02    0.01    0.03    0.01      0.08      0.01
    1923    0.00    0.00    0.00    0.00    0.00    0.00    0.00    0.00    0.00    0.00    0.00    0.00      0.00      0.00
    1924    0.00    0.00    0.00    0.00    0.00    0.00    0.00    0.00    0.28    0.09    0.00    0.00      0.37      0.03
    1925    0.00    0.00    0.00    0.00    0.00    0.00    0.00    0.00    0.00    0.00    0.00    0.00      0.00      0.00
    1926    0.01    0.00    0.00    0.00    0.00    0.00    0.00    0.00    0.00    0.00    0.05    0.02      0.08      0.01
    1927    0.00    0.00    0.00    0.00    0.00    0.00    0.00    0.00    0.00    0.00    0.00    0.00      0.00      0.00
    1928    0.00    0.00    0.00    0.00    0.00    0.00    0.00    0.00    0.00    0.00    0.00    0.01      0.01      0.00
    1929    0.00    0.00    0.00    0.00    0.00    0.00    0.00    0.00    0.00    0.00    0.06    0.02      0.08      0.01
    1930    0.00    0.00    0.00    0.00    0.00    0.00    0.00    0.00    0.00    0.00    0.00    0.00      0.01      0.00
    1931    0.02    0.01    0.00    0.00    0.00    0.00    0.00    0.00    0.00    0.00    0.00    0.00      0.03      0.00
    1932    0.00    0.00    0.00    0.00    0.00    0.00    0.00    0.00    0.01    0.02    0.01    0.00      0.04      0.00
    1933    0.00    0.00    0.00    0.00    0.00    0.01    0.00    0.00    0.00    0.00    0.00    0.00      0.01      0.00
    1934    0.00    0.00    0.00    0.00    0.00    0.00    0.00    0.02    0.01    0.01    0.01    0.00      0.05      0.00
    1935    0.00    0.00    0.00    0.00    0.00    0.00    0.00    0.00    0.00    0.00    0.00    0.03      0.03      0.00
    1936    0.01    0.00    0.00    0.00    0.00    0.00    0.00    0.00    0.03    0.02    0.00    0.00      0.06      0.01
    1937    0.00    0.00    0.00    0.00    0.00    0.00    0.00    0.00    0.00    0.00    0.00    0.00      0.00      0.00
    1938    0.00    0.00    0.00    0.00    0.00    0.00    0.00    0.00    0.00    0.00    0.23    0.08      0.31      0.03
    1939    0.00    0.00    0.00    0.00    0.00    0.00    0.00    0.00    0.01    0.00    0.00    0.01      0.02      0.00
    1940    0.00    0.19    0.06    0.00    0.00    0.00    0.01    0.06    0.06    0.02    0.03    0.01      0.45      0.04
    1941    0.00    0.00    0.00    0.00    0.00    0.00    0.00    0.00    0.07    0.02    0.00    0.00      0.09      0.01
    1942    0.00    0.00    0.00    0.00    0.00    0.00    0.00    0.02    0.02    0.01    0.01    0.00      0.07      0.01
    1943    0.00    0.01    0.00    0.00    0.00    0.00    0.00    0.05    0.04    0.01    0.01    0.00      0.13      0.01
    1944    0.00    0.00    0.00    0.00    0.00    0.00    0.00    0.01    0.00    0.01    0.01    0.00      0.04      0.00
    1945    0.16    0.05    0.00    0.00    0.00    0.00    0.00    0.00    0.00    0.00    0.00    0.01      0.23      0.02
    1946    0.00    0.00    0.00    0.00    0.00    0.00    0.00    0.00    0.00    0.02    0.01    0.00      0.03      0.00
    1947    0.00    0.00    0.00    0.00    0.00    0.00    0.00    0.00    0.00    0.00    0.00    0.00      0.00      0.00
    1948    0.00    0.00    0.00    0.00    0.00    0.00    0.00    0.00    0.00    0.00    0.00    0.00      0.00      0.00
    1949    0.00    0.00    0.00    0.00    0.00    0.00    0.03    0.01    0.00    0.07    0.02    0.03      0.17      0.01
    1950    0.01    0.00    0.00    0.00    0.00    0.00    0.00    0.00    0.08    0.03    0.00    0.00      0.13      0.01
    1951    0.00    0.00    0.00    0.00    0.00    0.00    0.00    0.00    0.00    0.09    0.03    0.00      0.13      0.01
    1952    0.00    0.00    0.00    0.00    0.00    0.00    0.02    0.02    0.00    0.00    0.02    0.01      0.08      0.01
    1953    0.00    0.00    0.01    0.00    0.00    0.01    0.00    0.05    0.02    0.05    0.02    0.00      0.16      0.01
    1954    0.00    0.00    0.00    0.00    0.03    0.01    0.00    0.00    0.00    0.01    0.06    0.02      0.13      0.01
    1955    0.00    0.00    0.00    0.00    0.00    0.01    0.00    0.00    0.01    0.00    0.00    0.00      0.03      0.00
    1956    0.00    0.00    0.00    0.00    0.00    0.00    0.00    0.01    0.01    0.01    0.00    0.00      0.03      0.00
    1957    0.00    0.00    0.00    0.00    0.00    0.00    0.00    0.00    0.00    0.00    0.00    0.00      0.00      0.00
    1958    0.00    0.00    0.00    0.00    0.00    0.00    0.00    0.05    0.02    0.00    0.00    0.00      0.07      0.01
    1959    0.00    0.00    0.00    0.00    0.00    0.00    0.00    0.00    0.00    0.00    0.00    0.00      0.00      0.00
    1960    0.00    0.00    0.00    0.00    0.00    0.00    0.03    0.02    0.01    0.01    0.00    0.00      0.06      0.01
    1961    0.00    0.00    0.00    0.00    0.00    0.00    0.00    0.00    0.28    0.10    0.02    0.01      0.41      0.03
    1962    0.00    0.03    0.01    0.00    0.00    0.00    0.00    0.00    0.01    0.01    0.01    0.00      0.06      0.01
    1963    0.00    0.00    0.00    0.00    0.00    0.00    0.00    0.00    0.03    0.01    0.00    0.00      0.04      0.00
    1964    0.00    0.01    0.00    0.00    0.00    0.00    0.00    0.00    0.00    0.00    0.00    0.00      0.01      0.00
    1965    0.01    0.00    0.00    0.00    0.00    0.00    0.00    0.00    0.00    0.00    0.00    0.00      0.01      0.00
    1966    0.00    0.00    0.00    0.00    0.00    0.00    0.01    0.00    0.02    0.01    0.00    0.00      0.04      0.00
    1967    0.00    0.00    0.00    0.00    0.00    0.00    0.00    0.00    0.00    0.00    0.00    0.00      0.00      0.00
    1968    0.00    0.00    0.00    0.00    0.00    0.00    0.00    0.00    0.00    0.00    0.00    0.00      0.00      0.00
    1969    0.00    0.00    0.00    0.00    0.00    0.00    0.00    0.00    0.00    0.00    0.00    0.00      0.01      0.00
    1970    0.00    0.00    0.00    0.00    0.00    0.00    0.00    0.00    0.00    0.01    0.02    0.00      0.03      0.00
    1971    0.00    0.00    0.00    0.00    0.00    0.00    0.00    0.00    0.02    0.01    0.00    0.00      0.02      0.00
    1972    0.00    0.00    0.00    0.00    0.00    0.00    0.00    0.00    0.00    0.00    0.00    0.00      0.01      0.00
    1973    0.00    0.00    0.00    0.00    0.00    0.00    0.00    0.00    0.03    0.01    0.13    0.04      0.22      0.02
    1974    0.00    0.00    0.00    0.00    0.00    0.00    0.00    0.04    0.01    0.00    0.00    0.00      0.05      0.00
    1975    0.00    0.00    0.00    0.00    0.00    0.00    0.00    0.00    0.08    0.04    0.01    0.00      0.13      0.01
    1976    0.00    0.00    0.00    0.00    0.00    0.00    0.00    0.01    0.00    0.01    0.01    0.00      0.04      0.00
    1977    0.00    0.00    0.00    0.00    0.00    0.00    0.00    0.00    0.00    0.00    0.00    0.00      0.00      0.00
    1978    0.00    0.00    0.00    0.00    0.00    0.00    0.00    0.00    0.00    0.00    0.00    0.00      0.01      0.00
    1979    0.00    0.00    0.00    0.00    0.00    0.00    0.00    0.00    0.05    0.02    0.01    0.00      0.09      0.01
    1980    0.00    0.03    0.01    0.00    0.00    0.00    0.00    0.00    0.00    0.00    0.05    0.02      0.11      0.01
    1981    0.00    0.00    0.00    0.00    0.00    0.00    0.00    0.00    0.01    0.03    0.01    0.00      0.06      0.00
    1982    0.00    0.00    0.00    0.00    0.00    0.00    0.00    0.16    0.06    0.00    0.00    0.01      0.24      0.02
    1983    0.00    0.00    0.00    0.00    0.00    0.00    0.00    0.01    0.00    0.00    0.00    0.00      0.02      0.00
    1984    0.00    0.00    0.00    0.00    0.00    0.00    0.00    0.01    0.00    0.00    0.00    0.00      0.01      0.00
    1985    0.00    0.00    0.01    0.00    0.00    0.00    0.00    0.00    0.40    0.14    0.00    0.00      0.55      0.05
    1986    0.00    0.00    0.00    0.00    0.00    0.00    0.00    0.00    0.01    0.05    0.02    0.00      0.09      0.01
    1987    0.00    0.00    0.00    0.00    0.00    0.00    0.00    0.00    0.01    0.00    0.00    0.00      0.02      0.00
    1988    0.00    0.00    0.00    0.00    0.00    0.00    0.04    0.01    0.00    0.00    0.00    0.00      0.05      0.00
    1989    0.00    0.00    0.00    0.00    0.00    0.00    0.00    0.00    0.04    0.01    0.00    0.00      0.06      0.00
    1990    0.00    0.00    0.00    0.00    0.00    0.00    0.00    0.00    0.03    0.03    0.01    0.00      0.07      0.01
    1991    0.01    0.00    0.00    0.00    0.00    0.00    0.00    0.00    0.00    0.00    0.00    0.00      0.02      0.00
    1992    0.00    0.00    0.00    0.00    0.00    0.00    0.47    0.19    0.03    0.01    0.00    0.00      0.70      0.06
    1993    0.00    0.00    0.00    0.00    0.00    0.00    0.00    0.00    0.07    0.03    0.00    0.00      0.10      0.01
    1994    0.00    0.00    0.00    0.00    0.00    0.00    0.00    0.02    0.01    0.00    0.00    0.01      0.04      0.00
    1995    0.01    0.00    0.00    0.00    0.00    0.00    0.00    0.00    0.00    0.05    0.02    0.02      0.10      0.01
    1996    0.01    0.01    0.00    0.00    0.00    0.00    0.00    0.15    0.12    0.02    0.00    0.00      0.31      0.03
    1997    0.00    0.00    0.00    0.00    0.00    0.00    0.00    0.00    0.00    0.00    0.00    0.00      0.00      0.00
    1998    0.00    0.00    0.00    0.00    0.00    0.00    0.00    0.00    0.00    0.00    0.00    0.06      0.06      0.01
    1999    0.02    0.00    0.00    0.00    0.00    0.00    0.00    0.00    0.00    0.03    0.01    0.00      0.06      0.01
    2000    0.00    0.00    0.00    0.00    0.00    0.00    0.00    0.00    0.00    0.20    0.08    0.00      0.29      0.02
    2001    0.00    0.00    0.00    0.00    0.00    0.00    0.00    0.02    0.01    0.00    0.00    0.00      0.04      0.00
    2002    0.00    0.00    0.00    0.00    0.00    0.00    0.00    0.00    0.00    0.00    0.19    0.07      0.26      0.02
    2003    0.00    0.00    0.00    0.00    0.00    0.00    0.00    0.00    0.00    0.00    0.00    0.00      0.00      0.00
    2004    0.03    0.01    0.00    0.00    0.00    0.00    0.02    0.01    0.00    0.00    0.00    0.00      0.07      0.01
    2005    0.01    0.00    0.00    0.00    0.00    0.00    0.01    0.13    0.04    0.00    0.01    0.00      0.21      0.02
    2006    0.00    0.00    0.00    0.00    0.00    0.00    0.00    0.00    0.08    0.03    0.01    0.00      0.13      0.01
    2007    0.00    0.00    0.00    0.00    0.00    0.00    0.00    0.00    0.00    0.07    0.02    0.00      0.09      0.01
    2008    0.00    0.00    0.00    0.00    0.00    0.00    0.00    0.00    0.09    0.03    0.00    0.00      0.12      0.01
    2009    0.00    0.02    0.01    0.00    0.00    0.00    0.00    0.00    0.00    0.00    0.00    0.00      0.03      0.00
  
 AVERAGE    0.00    0.00    0.00    0.00    0.00    0.00    0.01    0.01    0.03    0.02    0.02    0.01      0.10      0.01
