    1920    0.15    0.03    0.00    0.00    0.05    0.02    0.00    0.00    5.05    1.71    0.05    0.02      7.07      0.59
    1921    0.00    0.00    0.00    0.00    0.00    0.00    0.00    0.01    0.18    0.06    0.76    0.26      1.27      0.11
    1922    0.00    0.00    0.00    0.00    0.00    0.00    0.00    0.05    0.20    0.07    0.27    0.09      0.67      0.06
    1923    0.00    0.00    0.00    0.00    0.00    0.00    0.00    0.00    0.00    0.00    0.02    0.01      0.03      0.00
    1924    0.00    0.00    0.00    0.00    0.00    0.00    0.00    0.00    2.46    0.83    0.01    0.00      3.30      0.27
    1925    0.00    0.00    0.00    0.00    0.00    0.00    0.00    0.00    0.00    0.03    0.01    0.00      0.04      0.00
    1926    0.07    0.02    0.00    0.00    0.00    0.00    0.00    0.00    0.00    0.00    0.48    0.16      0.72      0.06
    1927    0.00    0.00    0.00    0.00    0.00    0.00    0.00    0.00    0.00    0.00    0.00    0.00      0.00      0.00
    1928    0.00    0.00    0.00    0.00    0.00    0.00    0.00    0.00    0.00    0.01    0.01    0.07      0.08      0.01
    1929    0.02    0.00    0.00    0.00    0.00    0.00    0.00    0.00    0.02    0.01    0.50    0.17      0.73      0.06
    1930    0.00    0.01    0.00    0.00    0.00    0.00    0.02    0.01    0.00    0.00    0.01    0.01      0.06      0.00
    1931    0.15    0.05    0.00    0.00    0.01    0.00    0.00    0.01    0.01    0.00    0.00    0.00      0.22      0.02
    1932    0.00    0.00    0.00    0.00    0.00    0.00    0.00    0.00    0.09    0.16    0.10    0.02      0.38      0.03
    1933    0.00    0.00    0.00    0.00    0.00    0.05    0.02    0.01    0.01    0.00    0.00    0.00      0.10      0.01
    1934    0.00    0.03    0.01    0.00    0.00    0.00    0.00    0.19    0.07    0.08    0.05    0.01      0.43      0.04
    1935    0.00    0.00    0.00    0.00    0.00    0.00    0.00    0.00    0.00    0.00    0.01    0.29      0.30      0.02
    1936    0.09    0.00    0.00    0.00    0.00    0.00    0.00    0.00    0.29    0.15    0.02    0.00      0.55      0.05
    1937    0.00    0.00    0.00    0.00    0.00    0.00    0.01    0.00    0.00    0.00    0.00    0.03      0.04      0.00
    1938    0.01    0.00    0.00    0.00    0.00    0.00    0.00    0.00    0.00    0.03    1.99    0.67      2.69      0.22
    1939    0.00    0.00    0.00    0.00    0.00    0.00    0.00    0.00    0.08    0.03    0.00    0.06      0.17      0.01
    1940    0.02    1.71    0.56    0.01    0.00    0.00    0.08    0.55    0.56    0.15    0.22    0.07      3.93      0.33
    1941    0.00    0.00    0.00    0.00    0.00    0.00    0.00    0.02    0.58    0.19    0.00    0.00      0.79      0.07
    1942    0.00    0.00    0.00    0.00    0.00    0.00    0.00    0.21    0.20    0.07    0.12    0.04      0.65      0.05
    1943    0.00    0.12    0.04    0.00    0.00    0.00    0.00    0.45    0.32    0.06    0.10    0.03      1.11      0.09
    1944    0.00    0.00    0.00    0.00    0.00    0.00    0.00    0.11    0.04    0.11    0.08    0.02      0.37      0.03
    1945    1.41    0.46    0.00    0.00    0.00    0.00    0.04    0.01    0.00    0.00    0.00    0.07      1.99      0.17
    1946    0.03    0.00    0.00    0.00    0.00    0.00    0.00    0.01    0.00    0.15    0.05    0.00      0.25      0.02
    1947    0.00    0.00    0.00    0.00    0.00    0.00    0.00    0.00    0.00    0.03    0.01    0.00      0.04      0.00
    1948    0.00    0.00    0.00    0.00    0.00    0.00    0.00    0.00    0.00    0.01    0.01    0.02      0.04      0.00
    1949    0.00    0.00    0.00    0.00    0.00    0.00    0.24    0.08    0.00    0.62    0.21    0.30      1.46      0.12
    1950    0.10    0.00    0.00    0.00    0.00    0.00    0.00    0.00    0.72    0.24    0.02    0.01      1.10      0.09
    1951    0.00    0.00    0.00    0.00    0.00    0.00    0.00    0.00    0.01    0.81    0.30    0.01      1.13      0.09
    1952    0.00    0.00    0.00    0.00    0.00    0.00    0.21    0.19    0.04    0.01    0.21    0.07      0.73      0.06
    1953    0.00    0.00    0.08    0.03    0.00    0.07    0.02    0.47    0.16    0.43    0.15    0.00      1.41      0.12
    1954    0.00    0.00    0.00    0.00    0.27    0.09    0.00    0.00    0.00    0.10    0.54    0.17      1.18      0.10
    1955    0.00    0.00    0.00    0.00    0.00    0.12    0.04    0.03    0.05    0.03    0.00    0.00      0.28      0.02
    1956    0.00    0.00    0.00    0.00    0.00    0.00    0.00    0.09    0.05    0.09    0.03    0.00      0.26      0.02
    1957    0.00    0.00    0.00    0.00    0.00    0.00    0.00    0.02    0.01    0.00    0.00    0.00      0.03      0.00
    1958    0.00    0.00    0.00    0.00    0.00    0.00    0.00    0.43    0.14    0.00    0.00    0.00      0.58      0.05
    1959    0.00    0.00    0.00    0.00    0.00    0.00    0.00    0.00    0.01    0.00    0.00    0.00      0.01      0.00
    1960    0.00    0.00    0.00    0.00    0.00    0.00    0.24    0.15    0.09    0.05    0.01    0.00      0.56      0.05
    1961    0.00    0.00    0.00    0.00    0.00    0.00    0.00    0.00    2.51    0.85    0.18    0.06      3.61      0.30
    1962    0.00    0.25    0.08    0.00    0.00    0.00    0.00    0.00    0.08    0.05    0.07    0.02      0.57      0.05
    1963    0.00    0.00    0.00    0.00    0.00    0.00    0.00    0.00    0.28    0.09    0.00    0.00      0.37      0.03
    1964    0.00    0.04    0.01    0.00    0.00    0.01    0.00    0.00    0.00    0.00    0.00    0.00      0.08      0.01
    1965    0.07    0.02    0.00    0.00    0.00    0.00    0.00    0.00    0.00    0.01    0.00    0.00      0.11      0.01
    1966    0.00    0.00    0.00    0.00    0.00    0.00    0.10    0.04    0.18    0.06    0.00    0.00      0.38      0.03
    1967    0.00    0.00    0.00    0.00    0.00    0.00    0.00    0.01    0.01    0.01    0.00    0.00      0.02      0.00
    1968    0.01    0.00    0.00    0.00    0.00    0.00    0.01    0.00    0.00    0.00    0.00    0.00      0.02      0.00
    1969    0.00    0.00    0.00    0.00    0.00    0.00    0.00    0.01    0.01    0.02    0.01    0.00      0.05      0.00
    1970    0.00    0.00    0.00    0.00    0.00    0.00    0.00    0.00    0.00    0.10    0.15    0.04      0.29      0.02
    1971    0.00    0.00    0.00    0.00    0.00    0.01    0.00    0.00    0.14    0.05    0.00    0.00      0.19      0.02
    1972    0.00    0.00    0.00    0.00    0.00    0.00    0.00    0.00    0.00    0.02    0.02    0.01      0.05      0.00
    1973    0.00    0.00    0.01    0.00    0.00    0.00    0.00    0.00    0.27    0.09    1.16    0.39      1.92      0.16
    1974    0.00    0.00    0.00    0.00    0.00    0.00    0.00    0.34    0.12    0.00    0.00    0.00      0.46      0.04
    1975    0.00    0.00    0.00    0.00    0.00    0.00    0.00    0.00    0.69    0.38    0.05    0.00      1.13      0.09
    1976    0.00    0.03    0.01    0.00    0.03    0.01    0.00    0.06    0.04    0.09    0.05    0.01      0.33      0.03
    1977    0.00    0.00    0.00    0.00    0.00    0.00    0.00    0.00    0.00    0.00    0.02    0.01      0.03      0.00
    1978    0.00    0.00    0.00    0.01    0.00    0.00    0.00    0.04    0.01    0.00    0.00    0.00      0.06      0.01
    1979    0.00    0.00    0.00    0.00    0.00    0.00    0.00    0.01    0.46    0.18    0.11    0.03      0.79      0.07
    1980    0.00    0.26    0.08    0.00    0.00    0.00    0.00    0.00    0.00    0.02    0.44    0.15      0.95      0.08
    1981    0.00    0.00    0.00    0.00    0.00    0.03    0.02    0.00    0.05    0.29    0.09    0.00      0.50      0.04
    1982    0.01    0.00    0.00    0.00    0.00    0.00    0.00    1.41    0.54    0.04    0.01    0.09      2.12      0.18
    1983    0.03    0.00    0.00    0.00    0.00    0.00    0.00    0.08    0.03    0.00    0.00    0.00      0.14      0.01
    1984    0.02    0.01    0.00    0.00    0.00    0.00    0.01    0.06    0.02    0.00    0.00    0.00      0.11      0.01
    1985    0.00    0.00    0.12    0.04    0.00    0.00    0.00    0.00    3.49    1.20    0.02    0.00      4.87      0.41
    1986    0.00    0.00    0.00    0.00    0.00    0.00    0.01    0.00    0.09    0.48    0.21    0.02      0.81      0.07
    1987    0.00    0.00    0.00    0.00    0.00    0.00    0.01    0.00    0.09    0.03    0.01    0.00      0.13      0.01
    1988    0.00    0.00    0.00    0.00    0.00    0.00    0.32    0.11    0.00    0.02    0.02    0.01      0.47      0.04
    1989    0.00    0.00    0.00    0.00    0.00    0.00    0.00    0.02    0.37    0.13    0.00    0.00      0.53      0.04
    1990    0.00    0.00    0.00    0.00    0.00    0.00    0.00    0.00    0.30    0.24    0.05    0.01      0.60      0.05
    1991    0.06    0.02    0.00    0.00    0.00    0.00    0.00    0.00    0.04    0.03    0.01    0.00      0.16      0.01
    1992    0.03    0.01    0.00    0.00    0.00    0.00    4.12    1.65    0.25    0.09    0.01    0.00      6.15      0.51
    1993    0.00    0.00    0.00    0.00    0.00    0.00    0.00    0.00    0.60    0.24    0.01    0.00      0.86      0.07
    1994    0.00    0.00    0.00    0.00    0.00    0.00    0.00    0.16    0.05    0.00    0.02    0.09      0.33      0.03
    1995    0.07    0.03    0.01    0.00    0.00    0.00    0.00    0.00    0.00    0.40    0.19    0.22      0.92      0.08
    1996    0.07    0.05    0.02    0.00    0.00    0.00    0.00    1.31    1.06    0.22    0.01    0.00      2.73      0.23
    1997    0.00    0.02    0.01    0.00    0.00    0.00    0.00    0.01    0.00    0.00    0.00    0.00      0.04      0.00
    1998    0.00    0.00    0.00    0.00    0.00    0.00    0.00    0.00    0.00    0.00    0.02    0.53      0.56      0.05
    1999    0.17    0.00    0.00    0.00    0.00    0.00    0.00    0.00    0.00    0.29    0.10    0.00      0.56      0.05
    2000    0.00    0.00    0.00    0.00    0.00    0.00    0.00    0.00    0.00    1.78    0.72    0.04      2.55      0.21
    2001    0.00    0.00    0.00    0.00    0.00    0.00    0.00    0.21    0.07    0.03    0.03    0.01      0.35      0.03
    2002    0.00    0.00    0.00    0.00    0.00    0.00    0.00    0.00    0.00    0.00    1.72    0.58      2.29      0.19
    2003    0.00    0.00    0.00    0.00    0.00    0.00    0.00    0.00    0.00    0.00    0.00    0.00      0.00      0.00
    2004    0.26    0.08    0.00    0.00    0.00    0.00    0.15    0.09    0.02    0.00    0.01    0.00      0.61      0.05
    2005    0.07    0.02    0.00    0.00    0.00    0.00    0.05    1.15    0.39    0.03    0.12    0.04      1.87      0.16
    2006    0.00    0.00    0.00    0.00    0.00    0.00    0.01    0.01    0.72    0.27    0.11    0.03      1.15      0.10
    2007    0.00    0.00    0.00    0.00    0.00    0.00    0.00    0.00    0.00    0.60    0.21    0.00      0.81      0.07
    2008    0.00    0.00    0.00    0.00    0.00    0.00    0.00    0.00    0.77    0.27    0.01    0.00      1.05      0.09
    2009    0.00    0.14    0.05    0.00    0.00    0.00    0.00    0.03    0.02    0.01    0.00    0.00      0.25      0.02
  
 AVERAGE    0.03    0.04    0.01    0.00    0.00    0.00    0.06    0.11    0.28    0.17    0.14    0.06      0.91      0.08
