    1920    0.06    0.01    0.00    0.00    0.08    0.03    0.00    0.00    4.02    1.37    0.05    0.05      5.67      0.47
    1921    0.04    0.04    0.03    0.03    0.02    0.02    0.02    0.02    0.13    0.04    0.42    0.15      0.96      0.08
    1922    0.02    0.01    0.01    0.01    0.01    0.01    0.01    0.03    0.27    0.10    0.14    0.05      0.66      0.06
    1923    0.01    0.01    0.01    0.01    0.00    0.00    0.00    0.00    0.00    0.00    0.02    0.01      0.07      0.01
    1924    0.00    0.00    0.00    0.00    0.00    0.00    0.00    0.00    3.16    1.07    0.04    0.03      4.32      0.36
    1925    0.03    0.02    0.02    0.02    0.01    0.01    0.01    0.01    0.01    0.02    0.01    0.01      0.17      0.01
    1926    0.06    0.02    0.00    0.00    0.00    0.00    0.00    0.00    0.00    0.00    0.27    0.09      0.47      0.04
    1927    0.00    0.00    0.00    0.00    0.00    0.00    0.00    0.00    0.00    0.00    0.00    0.00      0.03      0.00
    1928    0.00    0.00    0.00    0.00    0.00    0.00    0.00    0.00    0.01    0.01    0.01    0.07      0.11      0.01
    1929    0.02    0.00    0.00    0.00    0.00    0.00    0.00    0.01    0.05    0.02    0.54    0.19      0.83      0.07
    1930    0.01    0.01    0.00    0.00    0.00    0.00    0.02    0.01    0.00    0.00    0.02    0.02      0.10      0.01
    1931    0.11    0.04    0.00    0.00    0.01    0.00    0.00    0.00    0.01    0.01    0.00    0.00      0.18      0.01
    1932    0.00    0.00    0.00    0.00    0.00    0.00    0.00    0.00    0.14    0.14    0.08    0.02      0.38      0.03
    1933    0.00    0.00    0.00    0.00    0.00    0.04    0.01    0.01    0.01    0.01    0.00    0.00      0.10      0.01
    1934    0.00    0.00    0.00    0.00    0.00    0.00    0.01    0.11    0.04    0.05    0.04    0.01      0.27      0.02
    1935    0.00    0.00    0.00    0.00    0.00    0.00    0.00    0.00    0.00    0.00    0.02    0.31      0.35      0.03
    1936    0.10    0.00    0.00    0.00    0.00    0.00    0.00    0.00    0.19    0.11    0.02    0.00      0.45      0.04
    1937    0.00    0.00    0.00    0.00    0.00    0.00    0.00    0.00    0.00    0.00    0.00    0.01      0.03      0.00
    1938    0.00    0.00    0.00    0.00    0.00    0.00    0.00    0.00    0.00    0.01    2.61    0.91      3.53      0.29
    1939    0.03    0.02    0.02    0.02    0.01    0.01    0.01    0.01    0.06    0.02    0.01    0.04      0.26      0.02
    1940    0.01    0.18    0.06    0.03    0.01    0.00    0.09    0.68    0.47    0.11    0.14    0.05      1.85      0.15
    1941    0.01    0.01    0.01    0.01    0.01    0.00    0.01    0.03    0.49    0.17    0.01    0.01      0.76      0.06
    1942    0.01    0.01    0.00    0.00    0.00    0.00    0.00    0.04    0.06    0.07    0.15    0.05      0.39      0.03
    1943    0.00    0.22    0.08    0.01    0.00    0.00    0.00    0.16    0.18    0.05    0.05    0.02      0.78      0.06
    1944    0.01    0.00    0.00    0.00    0.00    0.00    0.00    0.21    0.09    0.15    0.08    0.01      0.56      0.05
    1945    0.68    0.24    0.01    0.01    0.01    0.01    0.03    0.01    0.00    0.00    0.00    0.08      1.08      0.09
    1946    0.03    0.00    0.00    0.00    0.00    0.00    0.00    0.02    0.01    0.18    0.06    0.00      0.31      0.03
    1947    0.00    0.00    0.00    0.00    0.00    0.00    0.00    0.00    0.00    0.06    0.02    0.00      0.10      0.01
    1948    0.00    0.00    0.00    0.00    0.00    0.00    0.00    0.00    0.00    0.00    0.02    0.04      0.07      0.01
    1949    0.01    0.00    0.00    0.00    0.00    0.00    0.08    0.03    0.00    0.19    0.07    0.18      0.56      0.05
    1950    0.06    0.00    0.00    0.00    0.00    0.00    0.00    0.00    0.64    0.22    0.04    0.01      1.00      0.08
    1951    0.01    0.01    0.00    0.00    0.00    0.00    0.00    0.01    0.01    0.50    0.24    0.03      0.82      0.07
    1952    0.01    0.01    0.00    0.00    0.00    0.00    0.65    0.30    0.03    0.02    0.13    0.04      1.21      0.10
    1953    0.01    0.01    0.02    0.01    0.00    0.03    0.01    0.24    0.08    0.80    0.29    0.01      1.51      0.13
    1954    0.01    0.01    0.01    0.01    0.08    0.03    0.00    0.00    0.01    0.16    0.33    0.10      0.75      0.06
    1955    0.01    0.01    0.00    0.00    0.00    0.02    0.01    0.01    0.12    0.16    0.05    0.00      0.39      0.03
    1956    0.00    0.00    0.00    0.00    0.01    0.00    0.00    0.22    0.23    0.17    0.11    0.02      0.78      0.07
    1957    0.01    0.01    0.00    0.00    0.00    0.00    0.00    0.03    0.01    0.00    0.00    0.00      0.09      0.01
    1958    0.00    0.00    0.00    0.00    0.00    0.00    0.00    0.65    0.22    0.01    0.03    0.01      0.92      0.08
    1959    0.01    0.01    0.00    0.00    0.00    0.00    0.00    0.00    0.00    0.00    0.00    0.00      0.04      0.00
    1960    0.00    0.00    0.00    0.00    0.00    0.00    0.77    0.27    0.05    0.03    0.01    0.01      1.15      0.10
    1961    0.01    0.01    0.00    0.00    0.00    0.00    0.00    0.00    4.82    1.64    0.13    0.05      6.67      0.56
    1962    0.04    0.16    0.05    0.03    0.02    0.02    0.02    0.01    0.03    0.08    0.10    0.02      0.58      0.05
    1963    0.01    0.01    0.01    0.01    0.00    0.00    0.00    0.00    0.56    0.19    0.02    0.01      0.81      0.07
    1964    0.01    0.11    0.04    0.01    0.00    0.01    0.06    0.02    0.00    0.00    0.00    0.00      0.28      0.02
    1965    0.02    0.01    0.00    0.00    0.00    0.00    0.00    0.00    0.00    0.02    0.01    0.01      0.08      0.01
    1966    0.00    0.00    0.00    0.00    0.00    0.00    0.33    0.11    0.38    0.13    0.01    0.01      0.98      0.08
    1967    0.01    0.01    0.00    0.00    0.00    0.00    0.00    0.03    0.05    0.02    0.00    0.00      0.13      0.01
    1968    0.01    0.00    0.00    0.00    0.00    0.00    0.01    0.00    0.00    0.00    0.00    0.00      0.03      0.00
    1969    0.00    0.00    0.00    0.00    0.00    0.00    0.00    0.05    0.03    0.05    0.02    0.00      0.16      0.01
    1970    0.00    0.00    0.00    0.00    0.00    0.00    0.00    0.00    0.00    0.04    0.20    0.06      0.30      0.03
    1971    0.00    0.00    0.00    0.00    0.00    0.05    0.02    0.00    0.06    0.03    0.00    0.00      0.18      0.02
    1972    0.00    0.00    0.00    0.00    0.00    0.01    0.00    0.00    0.00    0.03    0.04    0.01      0.09      0.01
    1973    0.00    0.00    0.02    0.01    0.00    0.00    0.00    0.00    0.91    0.31    1.37    0.48      3.10      0.26
    1974    0.02    0.02    0.02    0.01    0.01    0.01    0.01    0.15    0.05    0.01    0.01    0.01      0.33      0.03
    1975    0.00    0.00    0.00    0.00    0.02    0.01    0.00    0.00    0.42    0.42    0.10    0.01      1.00      0.08
    1976    0.01    0.05    0.03    0.00    0.01    0.00    0.01    0.20    0.10    0.03    0.02    0.01      0.45      0.04
    1977    0.00    0.00    0.00    0.00    0.00    0.00    0.00    0.00    0.00    0.00    0.06    0.02      0.09      0.01
    1978    0.00    0.00    0.00    0.00    0.00    0.00    0.00    0.01    0.01    0.00    0.00    0.00      0.03      0.00
    1979    0.00    0.00    0.00    0.00    0.00    0.00    0.00    0.00    0.18    0.06    0.11    0.04      0.40      0.03
    1980    0.00    0.00    0.00    0.00    0.00    0.01    0.00    0.00    0.00    0.03    0.27    0.10      0.43      0.04
    1981    0.00    0.00    0.00    0.00    0.00    0.00    0.01    0.00    0.03    0.10    0.03    0.00      0.19      0.02
    1982    0.01    0.00    0.00    0.00    0.00    0.00    0.00    0.67    0.25    0.01    0.01    0.03      0.99      0.08
    1983    0.01    0.01    0.00    0.00    0.00    0.00    0.00    0.05    0.02    0.00    0.00    0.00      0.11      0.01
    1984    0.03    0.01    0.00    0.00    0.00    0.00    0.00    0.02    0.01    0.00    0.00    0.00      0.08      0.01
    1985    0.00    0.00    0.66    0.23    0.01    0.01    0.01    0.00    1.41    0.49    0.02    0.02      2.85      0.24
    1986    0.02    0.01    0.01    0.01    0.01    0.01    0.02    0.01    0.08    0.16    0.07    0.01      0.41      0.03
    1987    0.00    0.00    0.00    0.00    0.00    0.00    0.00    0.00    0.09    0.03    0.00    0.00      0.15      0.01
    1988    0.00    0.00    0.00    0.00    0.00    0.00    0.25    0.09    0.00    0.03    0.02    0.01      0.41      0.03
    1989    0.00    0.00    0.00    0.00    0.00    0.00    0.12    0.04    0.02    0.01    0.00    0.00      0.21      0.02
    1990    0.00    0.00    0.00    0.01    0.00    0.00    0.00    0.00    0.06    0.35    0.11    0.02      0.56      0.05
    1991    0.10    0.03    0.00    0.00    0.00    0.00    0.00    0.00    0.02    0.03    0.01    0.00      0.21      0.02
    1992    0.02    0.01    0.00    0.00    0.00    0.00    1.16    0.71    0.21    0.08    0.03    0.01      2.23      0.19
    1993    0.01    0.01    0.01    0.01    0.01    0.00    0.00    0.00    0.40    0.15    0.01    0.01      0.62      0.05
    1994    0.01    0.00    0.00    0.00    0.00    0.00    0.00    0.05    0.02    0.01    0.03    0.03      0.16      0.01
    1995    0.18    0.46    0.15    0.01    0.01    0.01    0.00    0.00    0.00    0.78    0.30    0.12      2.02      0.17
    1996    0.06    0.11    0.03    0.01    0.01    0.01    0.00    1.40    0.75    0.10    0.02    0.02      2.52      0.21
    1997    0.02    0.02    0.01    0.01    0.01    0.01    0.01    0.03    0.01    0.00    0.00    0.00      0.13      0.01
    1998    0.00    0.00    0.01    0.00    0.00    0.00    0.00    0.00    0.00    0.00    0.02    0.26      0.30      0.02
    1999    0.09    0.00    0.00    0.00    0.01    0.02    0.00    0.00    0.00    0.28    0.10    0.00      0.51      0.04
    2000    0.00    0.00    0.00    0.00    0.00    0.00    0.02    0.01    0.00    1.21    0.61    0.08      1.94      0.16
    2001    0.02    0.01    0.01    0.01    0.01    0.01    0.01    0.16    0.06    0.05    0.05    0.01      0.40      0.03
    2002    0.01    0.00    0.00    0.00    0.00    0.00    0.00    0.00    0.00    0.00    0.99    0.34      1.36      0.11
    2003    0.01    0.01    0.01    0.01    0.01    0.01    0.00    0.00    0.01    0.01    0.00    0.00      0.08      0.01
    2004    0.12    0.04    0.00    0.12    0.04    0.06    0.35    0.14    0.01    0.01    0.01    0.00      0.90      0.07
    2005    0.01    0.00    0.00    0.00    0.00    0.00    0.01    1.12    0.39    0.01    0.08    0.03      1.66      0.14
    2006    0.01    0.01    0.01    0.01    0.00    0.00    0.01    0.01    0.33    0.14    0.10    0.03      0.66      0.06
    2007    0.03    0.01    0.01    0.00    0.00    0.00    0.00    0.03    0.01    0.62    0.23    0.02      0.96      0.08
    2008    0.01    0.01    0.01    0.00    0.00    0.00    0.01    0.01    0.56    0.20    0.01    0.01      0.83      0.07
    2009    0.01    0.02    0.01    0.00    0.00    0.00    0.00    0.01    0.03    0.02    0.00    0.00      0.11      0.01
  
 AVERAGE    0.03    0.02    0.02    0.01    0.01    0.01    0.05    0.09    0.26    0.16    0.13    0.05      0.82      0.07
