    1920    0.00    0.00    0.00    0.00    0.00    0.00    0.00    0.00    0.13    0.05    0.00    0.01      0.21      0.02
    1921    0.01    0.01    0.01    0.00    0.00    0.00    0.00    0.00    0.01    0.00    0.03    0.01      0.09      0.01
    1922    0.01    0.01    0.00    0.00    0.00    0.00    0.00    0.02    0.04    0.01    0.05    0.02      0.18      0.02
    1923    0.01    0.01    0.01    0.01    0.01    0.01    0.01    0.01    0.01    0.01    0.01    0.01      0.07      0.01
    1924    0.01    0.01    0.00    0.00    0.00    0.00    0.00    0.00    0.00    0.00    0.00    0.00      0.05      0.00
    1925    0.00    0.00    0.00    0.00    0.00    0.00    0.00    0.00    0.00    0.02    0.01    0.00      0.06      0.00
    1926    0.00    0.00    0.00    0.00    0.00    0.00    0.00    0.00    0.00    0.00    0.01    0.00      0.04      0.00
    1927    0.00    0.00    0.00    0.00    0.00    0.00    0.00    0.00    0.00    0.00    0.00    0.00      0.03      0.00
    1928    0.00    0.00    0.00    0.00    0.00    0.00    0.00    0.00    0.00    0.00    0.00    0.01      0.03      0.00
    1929    0.00    0.00    0.00    0.00    0.00    0.00    0.00    0.00    0.00    0.00    0.09    0.03      0.14      0.01
    1930    0.00    0.00    0.00    0.00    0.00    0.00    0.02    0.01    0.00    0.00    0.03    0.01      0.09      0.01
    1931    0.00    0.00    0.00    0.00    0.00    0.00    0.00    0.00    0.00    0.00    0.00    0.00      0.03      0.00
    1932    0.00    0.00    0.00    0.00    0.00    0.00    0.00    0.00    0.04    0.02    0.01    0.00      0.09      0.01
    1933    0.00    0.00    0.00    0.00    0.00    0.02    0.01    0.00    0.00    0.00    0.00    0.00      0.07      0.01
    1934    0.00    0.01    0.00    0.00    0.00    0.00    0.00    0.01    0.01    0.01    0.01    0.01      0.07      0.01
    1935    0.01    0.01    0.01    0.01    0.01    0.01    0.01    0.01    0.01    0.01    0.01    0.06      0.12      0.01
    1936    0.02    0.01    0.01    0.01    0.01    0.01    0.01    0.01    0.01    0.01    0.01    0.01      0.09      0.01
    1937    0.01    0.01    0.01    0.00    0.00    0.00    0.00    0.00    0.00    0.00    0.00    0.00      0.06      0.00
    1938    0.00    0.00    0.00    0.00    0.00    0.00    0.00    0.00    0.00    0.00    0.10    0.04      0.18      0.01
    1939    0.01    0.00    0.00    0.00    0.00    0.00    0.00    0.00    0.00    0.00    0.00    0.00      0.05      0.00
    1940    0.00    0.00    0.00    0.00    0.00    0.00    0.00    0.04    0.03    0.01    0.01    0.00      0.12      0.01
    1941    0.00    0.00    0.00    0.00    0.00    0.00    0.01    0.00    0.04    0.01    0.00    0.00      0.10      0.01
    1942    0.00    0.00    0.00    0.00    0.00    0.00    0.00    0.00    0.01    0.01    0.01    0.00      0.05      0.00
    1943    0.00    0.01    0.00    0.00    0.00    0.00    0.00    0.01    0.02    0.01    0.01    0.00      0.08      0.01
    1944    0.01    0.01    0.00    0.00    0.00    0.00    0.00    0.00    0.00    0.00    0.01    0.01      0.06      0.00
    1945    0.02    0.01    0.01    0.01    0.01    0.01    0.00    0.01    0.01    0.01    0.01    0.03      0.11      0.01
    1946    0.01    0.01    0.01    0.01    0.01    0.00    0.01    0.01    0.01    0.01    0.01    0.01      0.07      0.01
    1947    0.01    0.01    0.01    0.01    0.00    0.00    0.00    0.00    0.00    0.01    0.00    0.00      0.06      0.01
    1948    0.00    0.00    0.00    0.00    0.00    0.00    0.00    0.00    0.00    0.00    0.00    0.00      0.05      0.00
    1949    0.00    0.00    0.00    0.00    0.00    0.00    0.00    0.00    0.00    0.01    0.00    0.01      0.06      0.00
    1950    0.00    0.00    0.00    0.00    0.00    0.00    0.00    0.00    0.06    0.02    0.00    0.00      0.11      0.01
    1951    0.00    0.00    0.00    0.00    0.00    0.00    0.00    0.00    0.00    0.03    0.01    0.00      0.07      0.01
    1952    0.00    0.00    0.00    0.00    0.00    0.00    0.07    0.03    0.00    0.02    0.01    0.00      0.16      0.01
    1953    0.00    0.00    0.00    0.00    0.00    0.00    0.01    0.05    0.02    0.14    0.07    0.01      0.32      0.03
    1954    0.01    0.01    0.01    0.01    0.01    0.01    0.01    0.01    0.03    0.03    0.03    0.01      0.14      0.01
    1955    0.01    0.01    0.01    0.01    0.01    0.01    0.01    0.01    0.01    0.03    0.01    0.01      0.10      0.01
    1956    0.01    0.01    0.01    0.01    0.01    0.01    0.01    0.04    0.02    0.01    0.02    0.01      0.15      0.01
    1957    0.01    0.01    0.01    0.01    0.01    0.01    0.01    0.01    0.01    0.01    0.01    0.01      0.11      0.01
    1958    0.01    0.01    0.01    0.01    0.01    0.01    0.01    0.14    0.05    0.01    0.01    0.01      0.29      0.02
    1959    0.01    0.01    0.01    0.01    0.01    0.01    0.01    0.01    0.01    0.01    0.01    0.01      0.11      0.01
    1960    0.01    0.01    0.01    0.01    0.01    0.01    0.69    0.24    0.05    0.02    0.01    0.01      1.08      0.09
    1961    0.01    0.01    0.01    0.01    0.01    0.01    0.01    0.01    1.83    0.63    0.03    0.03      2.59      0.22
    1962    0.02    0.02    0.02    0.02    0.01    0.01    0.01    0.01    0.01    0.03    0.05    0.01      0.23      0.02
    1963    0.01    0.01    0.01    0.01    0.01    0.01    0.01    0.01    0.24    0.09    0.01    0.01      0.42      0.04
    1964    0.01    0.05    0.02    0.01    0.01    0.01    0.01    0.01    0.01    0.01    0.01    0.01      0.15      0.01
    1965    0.01    0.01    0.01    0.01    0.01    0.01    0.01    0.01    0.01    0.01    0.01    0.01      0.08      0.01
    1966    0.01    0.01    0.01    0.01    0.01    0.01    0.03    0.01    0.12    0.04    0.01    0.01      0.26      0.02
    1967    0.01    0.01    0.01    0.01    0.01    0.01    0.01    0.01    0.01    0.01    0.01    0.01      0.10      0.01
    1968    0.01    0.01    0.01    0.01    0.01    0.01    0.01    0.01    0.01    0.01    0.01    0.01      0.08      0.01
    1969    0.01    0.00    0.00    0.00    0.00    0.00    0.00    0.00    0.00    0.00    0.00    0.00      0.05      0.00
    1970    0.00    0.00    0.00    0.00    0.00    0.00    0.00    0.00    0.00    0.00    0.01    0.00      0.05      0.00
    1971    0.00    0.00    0.00    0.00    0.00    0.01    0.00    0.00    0.00    0.00    0.00    0.00      0.04      0.00
    1972    0.00    0.00    0.00    0.00    0.00    0.00    0.00    0.00    0.00    0.00    0.00    0.00      0.03      0.00
    1973    0.00    0.00    0.01    0.00    0.00    0.00    0.00    0.00    0.08    0.03    0.24    0.09      0.47      0.04
    1974    0.01    0.01    0.00    0.00    0.00    0.00    0.00    0.02    0.01    0.00    0.00    0.00      0.07      0.01
    1975    0.00    0.00    0.00    0.00    0.00    0.00    0.00    0.00    0.22    0.14    0.02    0.01      0.42      0.04
    1976    0.01    0.01    0.01    0.01    0.01    0.01    0.01    0.08    0.04    0.02    0.01    0.01      0.20      0.02
    1977    0.01    0.01    0.01    0.01    0.01    0.01    0.01    0.01    0.01    0.01    0.02    0.01      0.10      0.01
    1978    0.01    0.01    0.01    0.01    0.01    0.01    0.01    0.01    0.01    0.01    0.01    0.01      0.09      0.01
    1979    0.01    0.01    0.01    0.01    0.01    0.01    0.01    0.01    0.05    0.02    0.04    0.01      0.18      0.02
    1980    0.01    0.01    0.01    0.01    0.01    0.01    0.01    0.01    0.01    0.03    0.06    0.02      0.17      0.01
    1981    0.01    0.01    0.01    0.01    0.01    0.01    0.01    0.01    0.01    0.01    0.01    0.01      0.09      0.01
    1982    0.01    0.01    0.01    0.01    0.01    0.01    0.01    0.17    0.08    0.01    0.01    0.01      0.33      0.03
    1983    0.01    0.01    0.01    0.01    0.01    0.01    0.01    0.04    0.01    0.01    0.01    0.01      0.13      0.01
    1984    0.02    0.01    0.01    0.01    0.00    0.00    0.00    0.01    0.00    0.01    0.01    0.01      0.09      0.01
    1985    0.01    0.01    0.06    0.02    0.01    0.01    0.01    0.01    0.40    0.15    0.01    0.01      0.69      0.06
    1986    0.01    0.01    0.01    0.01    0.01    0.01    0.01    0.01    0.02    0.03    0.01    0.01      0.13      0.01
    1987    0.01    0.01    0.01    0.01    0.01    0.01    0.01    0.01    0.02    0.01    0.01    0.01      0.10      0.01
    1988    0.01    0.01    0.01    0.01    0.01    0.01    0.01    0.01    0.01    0.01    0.01    0.01      0.09      0.01
    1989    0.01    0.01    0.01    0.01    0.01    0.01    0.09    0.04    0.05    0.02    0.01    0.01      0.26      0.02
    1990    0.01    0.01    0.01    0.01    0.01    0.01    0.01    0.01    0.01    0.10    0.03    0.01      0.21      0.02
    1991    0.02    0.01    0.01    0.01    0.01    0.01    0.01    0.01    0.01    0.01    0.01    0.01      0.11      0.01
    1992    0.01    0.01    0.01    0.01    0.01    0.01    0.38    0.17    0.02    0.03    0.01    0.01      0.67      0.06
    1993    0.01    0.01    0.01    0.01    0.01    0.01    0.01    0.01    0.08    0.03    0.01    0.01      0.20      0.02
    1994    0.01    0.01    0.01    0.01    0.01    0.01    0.01    0.01    0.01    0.01    0.01    0.01      0.10      0.01
    1995    0.01    0.01    0.01    0.01    0.01    0.01    0.01    0.01    0.01    0.01    0.01    0.01      0.10      0.01
    1996    0.01    0.01    0.01    0.01    0.01    0.01    0.01    0.09    0.09    0.02    0.01    0.01      0.26      0.02
    1997    0.01    0.01    0.01    0.01    0.01    0.01    0.01    0.03    0.01    0.01    0.01    0.01      0.12      0.01
    1998    0.01    0.01    0.01    0.01    0.01    0.01    0.01    0.01    0.01    0.01    0.01    0.06      0.14      0.01
    1999    0.02    0.01    0.01    0.01    0.01    0.01    0.01    0.01    0.01    0.10    0.03    0.01      0.21      0.02
    2000    0.01    0.01    0.01    0.01    0.01    0.01    0.01    0.01    0.01    1.38    0.59    0.05      2.08      0.17
    2001    0.02    0.02    0.02    0.02    0.02    0.01    0.01    0.11    0.04    0.14    0.10    0.02      0.52      0.04
    2002    0.02    0.02    0.02    0.01    0.01    0.01    0.01    0.01    0.01    0.01    0.53    0.19      0.86      0.07
    2003    0.02    0.02    0.02    0.02    0.02    0.02    0.02    0.01    0.05    0.02    0.02    0.02      0.23      0.02
    2004    0.02    0.01    0.01    0.01    0.01    0.01    0.01    0.01    0.01    0.01    0.01    0.01      0.17      0.01
    2005    0.01    0.01    0.01    0.01    0.01    0.01    0.01    0.49    0.18    0.02    0.03    0.02      0.83      0.07
    2006    0.02    0.02    0.02    0.02    0.02    0.02    0.02    0.02    0.27    0.12    0.02    0.02      0.58      0.05
    2007    0.02    0.02    0.02    0.02    0.02    0.02    0.02    0.02    0.02    0.72    0.29    0.03      1.21      0.10
    2008    0.03    0.03    0.02    0.02    0.02    0.02    0.02    0.02    0.37    0.13    0.03    0.02      0.73      0.06
    2009    0.02    0.02    0.02    0.02    0.02    0.02    0.02    0.02    0.02    0.02    0.02    0.02      0.25      0.02
  
 AVERAGE    0.01    0.01    0.01    0.01    0.01    0.01    0.02    0.03    0.06    0.05    0.03    0.01      0.25      0.02
