    1920    0.00    0.00    0.00    0.00    0.00    0.00    0.00    0.00    0.16    0.06    0.01    0.01      0.26      0.02
    1921    0.01    0.01    0.01    0.01    0.01    0.01    0.01    0.01    0.01    0.01    0.04    0.01      0.12      0.01
    1922    0.01    0.01    0.01    0.01    0.01    0.01    0.01    0.03    0.05    0.02    0.07    0.02      0.23      0.02
    1923    0.01    0.01    0.01    0.01    0.01    0.01    0.01    0.01    0.01    0.01    0.01    0.01      0.10      0.01
    1924    0.01    0.01    0.01    0.01    0.01    0.01    0.01    0.01    0.01    0.01    0.01    0.01      0.07      0.01
    1925    0.01    0.01    0.01    0.00    0.00    0.00    0.00    0.00    0.00    0.02    0.01    0.00      0.08      0.01
    1926    0.00    0.00    0.00    0.00    0.00    0.00    0.00    0.00    0.00    0.00    0.01    0.00      0.05      0.00
    1927    0.00    0.00    0.00    0.00    0.00    0.00    0.00    0.00    0.00    0.00    0.00    0.00      0.04      0.00
    1928    0.00    0.00    0.00    0.00    0.00    0.00    0.00    0.00    0.01    0.00    0.00    0.01      0.04      0.00
    1929    0.00    0.00    0.00    0.00    0.00    0.00    0.00    0.00    0.00    0.00    0.11    0.04      0.18      0.01
    1930    0.00    0.00    0.00    0.00    0.00    0.00    0.03    0.01    0.00    0.00    0.04    0.01      0.11      0.01
    1931    0.00    0.00    0.00    0.00    0.00    0.00    0.00    0.00    0.00    0.00    0.00    0.00      0.04      0.00
    1932    0.00    0.00    0.00    0.00    0.00    0.00    0.00    0.00    0.05    0.03    0.01    0.01      0.12      0.01
    1933    0.01    0.01    0.01    0.00    0.00    0.03    0.01    0.01    0.01    0.01    0.01    0.01      0.09      0.01
    1934    0.01    0.01    0.01    0.01    0.01    0.01    0.01    0.02    0.01    0.01    0.01    0.01      0.09      0.01
    1935    0.01    0.01    0.01    0.01    0.01    0.01    0.01    0.01    0.01    0.01    0.01    0.07      0.15      0.01
    1936    0.02    0.01    0.01    0.01    0.01    0.01    0.01    0.01    0.01    0.02    0.01    0.01      0.12      0.01
    1937    0.01    0.01    0.01    0.01    0.01    0.01    0.01    0.01    0.01    0.01    0.01    0.01      0.08      0.01
    1938    0.01    0.01    0.01    0.01    0.01    0.01    0.01    0.01    0.01    0.01    0.13    0.05      0.23      0.02
    1939    0.01    0.01    0.01    0.01    0.01    0.01    0.01    0.01    0.01    0.01    0.01    0.00      0.07      0.01
    1940    0.00    0.01    0.00    0.00    0.00    0.00    0.00    0.06    0.04    0.01    0.01    0.01      0.15      0.01
    1941    0.01    0.01    0.01    0.00    0.00    0.00    0.01    0.00    0.05    0.02    0.01    0.01      0.13      0.01
    1942    0.01    0.01    0.01    0.01    0.01    0.00    0.01    0.01    0.01    0.01    0.01    0.01      0.07      0.01
    1943    0.01    0.01    0.01    0.01    0.01    0.01    0.01    0.01    0.03    0.01    0.01    0.01      0.11      0.01
    1944    0.01    0.01    0.01    0.01    0.01    0.01    0.01    0.01    0.01    0.01    0.01    0.01      0.08      0.01
    1945    0.03    0.01    0.01    0.01    0.01    0.01    0.01    0.01    0.01    0.01    0.01    0.03      0.14      0.01
    1946    0.01    0.01    0.01    0.01    0.01    0.01    0.01    0.01    0.01    0.01    0.01    0.01      0.09      0.01
    1947    0.01    0.01    0.01    0.01    0.01    0.01    0.01    0.01    0.01    0.01    0.01    0.01      0.08      0.01
    1948    0.01    0.01    0.01    0.01    0.01    0.01    0.01    0.01    0.01    0.01    0.01    0.01      0.07      0.01
    1949    0.01    0.01    0.00    0.00    0.00    0.00    0.00    0.00    0.00    0.02    0.01    0.01      0.07      0.01
    1950    0.00    0.00    0.00    0.00    0.00    0.00    0.00    0.00    0.08    0.03    0.00    0.00      0.14      0.01
    1951    0.00    0.00    0.00    0.00    0.00    0.00    0.00    0.00    0.00    0.04    0.02    0.00      0.09      0.01
    1952    0.00    0.00    0.00    0.00    0.00    0.00    0.09    0.04    0.00    0.03    0.01    0.01      0.21      0.02
    1953    0.01    0.01    0.00    0.00    0.00    0.00    0.01    0.07    0.02    0.18    0.08    0.01      0.40      0.03
    1954    0.01    0.01    0.01    0.01    0.01    0.01    0.01    0.01    0.03    0.04    0.04    0.01      0.18      0.01
    1955    0.01    0.01    0.01    0.01    0.01    0.01    0.01    0.01    0.01    0.03    0.01    0.01      0.14      0.01
    1956    0.01    0.01    0.01    0.01    0.01    0.01    0.01    0.05    0.03    0.01    0.02    0.01      0.20      0.02
    1957    0.01    0.01    0.01    0.01    0.01    0.01    0.01    0.01    0.01    0.01    0.01    0.01      0.15      0.01
    1958    0.01    0.01    0.01    0.01    0.01    0.01    0.01    0.18    0.06    0.01    0.01    0.01      0.37      0.03
    1959    0.01    0.01    0.01    0.01    0.01    0.01    0.01    0.01    0.01    0.01    0.01    0.01      0.15      0.01
    1960    0.01    0.01    0.02    0.01    0.01    0.01    0.86    0.30    0.06    0.02    0.02    0.02      1.35      0.11
    1961    0.02    0.02    0.01    0.01    0.01    0.01    0.01    0.01    2.28    0.78    0.04    0.03      3.23      0.27
    1962    0.03    0.03    0.02    0.02    0.02    0.02    0.02    0.02    0.02    0.04    0.06    0.02      0.31      0.03
    1963    0.02    0.01    0.01    0.01    0.01    0.01    0.01    0.01    0.30    0.11    0.01    0.01      0.54      0.04
    1964    0.01    0.07    0.02    0.01    0.01    0.01    0.01    0.01    0.01    0.01    0.01    0.01      0.20      0.02
    1965    0.01    0.01    0.01    0.01    0.01    0.01    0.01    0.01    0.01    0.01    0.01    0.01      0.11      0.01
    1966    0.01    0.01    0.01    0.01    0.01    0.01    0.04    0.01    0.15    0.05    0.01    0.01      0.33      0.03
    1967    0.01    0.01    0.01    0.01    0.01    0.01    0.01    0.01    0.01    0.01    0.01    0.01      0.14      0.01
    1968    0.01    0.01    0.01    0.01    0.01    0.01    0.01    0.01    0.01    0.01    0.01    0.01      0.11      0.01
    1969    0.01    0.01    0.01    0.01    0.01    0.01    0.01    0.01    0.01    0.01    0.01    0.01      0.07      0.01
    1970    0.01    0.00    0.00    0.00    0.00    0.00    0.00    0.00    0.00    0.00    0.01    0.00      0.06      0.01
    1971    0.00    0.00    0.00    0.00    0.00    0.01    0.00    0.00    0.00    0.00    0.00    0.00      0.05      0.00
    1972    0.00    0.00    0.00    0.00    0.00    0.00    0.00    0.00    0.00    0.00    0.00    0.00      0.04      0.00
    1973    0.00    0.00    0.01    0.00    0.00    0.00    0.00    0.00    0.11    0.04    0.30    0.11      0.58      0.05
    1974    0.01    0.01    0.01    0.01    0.01    0.01    0.01    0.03    0.01    0.00    0.00    0.00      0.09      0.01
    1975    0.00    0.00    0.00    0.00    0.00    0.00    0.00    0.00    0.28    0.18    0.03    0.01      0.53      0.04
    1976    0.01    0.01    0.01    0.01    0.01    0.01    0.01    0.10    0.05    0.03    0.01    0.01      0.26      0.02
    1977    0.01    0.01    0.01    0.01    0.01    0.01    0.01    0.01    0.01    0.01    0.03    0.01      0.14      0.01
    1978    0.01    0.01    0.01    0.01    0.01    0.01    0.01    0.01    0.01    0.01    0.01    0.01      0.12      0.01
    1979    0.01    0.01    0.01    0.01    0.01    0.01    0.01    0.01    0.06    0.02    0.06    0.02      0.23      0.02
    1980    0.01    0.01    0.01    0.01    0.01    0.01    0.01    0.01    0.01    0.04    0.07    0.02      0.22      0.02
    1981    0.01    0.01    0.01    0.01    0.01    0.01    0.01    0.01    0.01    0.02    0.01    0.01      0.13      0.01
    1982    0.01    0.01    0.01    0.01    0.01    0.01    0.01    0.22    0.10    0.01    0.01    0.01      0.42      0.03
    1983    0.01    0.01    0.01    0.01    0.01    0.01    0.01    0.06    0.02    0.01    0.01    0.01      0.17      0.01
    1984    0.03    0.01    0.01    0.01    0.01    0.01    0.01    0.01    0.01    0.01    0.01    0.01      0.11      0.01
    1985    0.01    0.01    0.08    0.03    0.01    0.01    0.01    0.01    0.50    0.18    0.01    0.01      0.87      0.07
    1986    0.01    0.01    0.01    0.01    0.01    0.01    0.01    0.01    0.02    0.04    0.01    0.01      0.17      0.01
    1987    0.01    0.01    0.01    0.01    0.01    0.01    0.01    0.01    0.02    0.01    0.01    0.01      0.13      0.01
    1988    0.01    0.01    0.01    0.01    0.01    0.01    0.01    0.01    0.01    0.01    0.01    0.01      0.12      0.01
    1989    0.01    0.01    0.01    0.01    0.01    0.01    0.11    0.05    0.07    0.02    0.01    0.01      0.33      0.03
    1990    0.01    0.01    0.01    0.01    0.01    0.01    0.01    0.01    0.01    0.12    0.04    0.01      0.27      0.02
    1991    0.03    0.01    0.01    0.01    0.01    0.01    0.01    0.01    0.01    0.01    0.01    0.01      0.14      0.01
    1992    0.02    0.01    0.01    0.01    0.01    0.01    0.47    0.21    0.02    0.04    0.01    0.02      0.84      0.07
    1993    0.02    0.01    0.01    0.01    0.01    0.01    0.01    0.01    0.10    0.04    0.01    0.01      0.27      0.02
    1994    0.01    0.01    0.01    0.01    0.01    0.01    0.01    0.01    0.01    0.01    0.01    0.01      0.13      0.01
    1995    0.01    0.01    0.01    0.01    0.01    0.01    0.01    0.01    0.01    0.01    0.01    0.01      0.13      0.01
    1996    0.01    0.01    0.01    0.01    0.01    0.01    0.01    0.11    0.11    0.02    0.01    0.01      0.34      0.03
    1997    0.01    0.01    0.01    0.01    0.01    0.01    0.01    0.04    0.01    0.01    0.01    0.01      0.16      0.01
    1998    0.01    0.01    0.01    0.01    0.01    0.01    0.01    0.01    0.01    0.01    0.01    0.08      0.18      0.01
    1999    0.03    0.01    0.01    0.01    0.01    0.01    0.01    0.01    0.01    0.12    0.04    0.01      0.28      0.02
    2000    0.01    0.01    0.01    0.01    0.01    0.01    0.01    0.01    0.01    1.72    0.73    0.06      2.60      0.22
    2001    0.03    0.03    0.02    0.02    0.02    0.02    0.02    0.14    0.05    0.17    0.12    0.02      0.67      0.06
    2002    0.02    0.02    0.02    0.02    0.02    0.02    0.02    0.02    0.02    0.02    0.66    0.24      1.09      0.09
    2003    0.03    0.03    0.02    0.02    0.02    0.02    0.03    0.02    0.06    0.02    0.02    0.02      0.31      0.03
    2004    0.02    0.02    0.02    0.02    0.02    0.02    0.02    0.02    0.02    0.02    0.02    0.02      0.23      0.02
    2005    0.02    0.02    0.02    0.02    0.02    0.02    0.02    0.61    0.23    0.03    0.04    0.03      1.06      0.09
    2006    0.03    0.03    0.02    0.02    0.02    0.02    0.02    0.02    0.34    0.15    0.03    0.03      0.74      0.06
    2007    0.03    0.03    0.03    0.03    0.03    0.03    0.03    0.02    0.02    0.90    0.37    0.04      1.54      0.13
    2008    0.04    0.03    0.03    0.03    0.03    0.03    0.03    0.02    0.46    0.17    0.03    0.03      0.93      0.08
    2009    0.03    0.03    0.03    0.03    0.03    0.03    0.03    0.03    0.03    0.03    0.03    0.03      0.34      0.03
  
 AVERAGE    0.01    0.01    0.01    0.01    0.01    0.01    0.03    0.03    0.07    0.07    0.04    0.02      0.32      0.03
