    1920    4.23    1.69    1.02    0.79    0.82    0.47    1.76    1.24   51.14   20.66   18.59    7.51    109.92      9.16
    1921    4.05    1.63    1.41    3.32    0.70    1.60    1.57    6.62   29.22    9.15   21.22    7.25     87.74      7.31
    1922    4.00    1.60    0.62    0.38    0.27    0.24    4.13   28.25   33.60   20.41   15.79    9.54    118.83      9.90
    1923    5.29   14.33    1.64    0.52    0.30    0.35    0.52    6.60   20.63    8.97   19.43    9.27     87.85      7.32
    1924    7.09    6.31    1.17    0.60    0.40    0.28    0.32    5.65   44.22   24.26   11.85    6.71    108.86      9.07
    1925    8.82    3.77    1.14    0.44    0.62    0.40    0.47   16.84    6.13   18.18   14.65    7.33     78.80      6.57
    1926   16.00    3.17    0.73    0.31    1.59    0.48    1.85    9.62    8.78   10.86   19.71    7.44     80.55      6.71
    1927    3.71    4.64    1.64    0.74    0.42    0.59    0.65    0.95   28.88   11.71   14.02   13.56     81.50      6.79
    1928    5.19    1.80    0.81    0.41    0.27    0.27    5.14   14.30    9.60   21.09   15.79    6.91     81.56      6.80
    1929    3.70    1.63    1.73    0.70    0.54    0.99    1.12    1.18    2.06   12.56   15.77   25.04     67.02      5.59
    1930    6.16    3.86    1.11    0.36    0.41    0.46    6.48    7.28    6.09   10.33   19.44   13.55     75.53      6.29
    1931   10.70    2.75    0.74    0.45    4.57    0.83    0.68   17.21   14.50   12.61   11.75    9.20     85.99      7.17
    1932    4.72    1.54    0.63    0.40    0.35    0.33    0.36    5.68   22.30   15.02   14.08    6.06     71.46      5.95
    1933    4.87    1.74    0.57    0.31    0.28    0.85    0.61   12.97    5.78    8.52    9.07    8.06     53.65      4.47
    1934    5.89    3.38    0.97    0.39    0.34    0.56    4.73   12.02    7.21   16.14   13.07    9.10     73.80      6.15
    1935    4.73    2.74    1.01    1.95    0.62    0.80    0.58    7.04    4.40    7.75   14.04   11.77     57.43      4.79
    1936    4.93    1.97    1.88    0.68    0.34    2.19    3.58   10.80   34.11   27.87    9.91    6.72    104.97      8.75
    1937    4.39    1.78    0.54    1.14    0.49    0.36    8.33   13.11    6.61   11.61   10.71   16.01     75.08      6.26
    1938    5.65    3.31    0.99    0.34    1.30    0.48    3.84   17.99    5.17    8.94   18.37    7.46     73.84      6.15
    1939    3.98    2.47    1.85    0.57    1.52    1.16    8.29   10.04   20.61   10.50    9.54    9.53     80.07      6.67
    1940    5.89    6.14    1.29    1.62    0.62    0.43   20.68   23.59   24.85   20.72   20.85   29.83    156.51     13.04
    1941    7.71    2.90    1.14    0.53    0.30    0.24    0.33   22.91   40.81   10.37   23.83    6.92    117.98      9.83
    1942    4.04    1.45    0.48    0.80    0.48    1.02    1.85    3.84    7.21   15.92   22.28    9.35     68.72      5.73
    1943    5.77    3.51    0.94    0.40    0.27    0.24    1.38   21.46   36.10   21.99   22.66   10.93    125.64     10.47
    1944    7.89    3.66    2.15    0.56    0.25    0.22    2.26   24.70   26.15   25.41   16.26    5.99    115.50      9.63
    1945    3.93    1.94    0.83    0.39    0.29    0.68    2.81    8.27    6.09   13.05   15.93   21.95     76.16      6.35
    1946   10.19    3.14    0.84    0.33    0.22    2.27    1.31   13.33    6.65   34.81   15.97    6.87     95.95      8.00
    1947    5.14    1.97    0.59    0.27    0.23    0.30    0.97   11.72   11.64   22.22   12.29   18.14     85.50      7.12
    1948    9.18    2.85    0.91    0.44    0.26    0.22    4.78    4.03    7.52   15.08   16.44    9.91     71.64      5.97
    1949    6.31    4.46    1.15    0.37    0.24    0.22   15.01    1.76    4.73   37.89    6.77   14.59     93.50      7.79
    1950    5.13    6.19    1.96    1.07    0.44    0.26   12.15    6.20   38.99   21.76   12.90    9.62    116.67      9.72
    1951    5.78    4.28    0.97    0.31    0.25    0.36    3.20    9.53    7.03   15.32   30.59   21.67     99.29      8.27
    1952    6.57    8.50    1.37    0.40    0.26    0.29   23.39   22.52    9.49   23.36   18.87    6.14    121.16     10.10
    1953    2.92    3.64    0.97    0.43    0.36    0.51    9.64   34.02   14.40   40.44   26.00    7.05    140.39     11.70
    1954    5.25    2.00    0.97    0.40    9.32    0.78    1.34    1.69    9.56   29.79   36.37    7.54    105.01      8.75
    1955    8.25    5.79    1.30    0.45    0.28    0.33    2.94   16.14   30.30   23.32   29.69    8.27    127.07     10.59
    1956    5.11    1.76    0.69    0.40    3.21    1.01    2.16   38.52   24.22   30.13   20.50    8.11    135.80     11.32
    1957   17.46    2.89    0.60    0.30    3.01    0.79    1.61   23.71   10.06    5.53   12.00    5.91     83.88      6.99
    1958    4.51    2.60    0.74    0.36    0.31    0.33   13.64   39.15    5.92    5.01   11.43    5.96     89.98      7.50
    1959    5.99    1.85    0.61    0.38    0.30    0.77    1.74   12.78   23.18    6.43    5.76    4.28     64.08      5.34
    1960    2.99    1.20    0.48    0.94    0.40    0.29    0.36    5.61   22.03    7.42   17.32   18.44     77.48      6.46
    1961    5.78    1.69    0.56    0.36    0.89    2.11    6.56    2.99   54.78   16.29   33.03    8.35    133.39     11.12
    1962   14.86    3.44    0.88    0.43    0.32    0.26    0.30    1.55    6.44   25.84   25.74    7.93     87.96      7.33
    1963    3.87    2.42    1.96    0.52    4.57    0.64    0.81    6.68   19.55   14.72   16.80    6.78     79.33      6.61
    1964    5.41    4.24    1.08    0.82    1.02    6.47    5.51   18.37    7.72    8.62   14.66    7.09     81.00      6.75
    1965    4.22    1.67    1.47    0.47    0.30   10.63    2.21    5.84   12.13   28.05   15.97   10.36     93.35      7.78
    1966    4.35    1.44    0.68    0.48    0.30    0.25   12.60    8.53   31.74    8.66    8.95    8.32     86.30      7.19
    1967    7.89    4.14    1.04    1.39    0.52    0.31    9.93   29.92   16.88   27.16   16.36    6.40    121.94     10.16
    1968   11.50    2.56    0.90    1.68    0.59    0.43    2.45    1.46   11.81    8.44   17.02   13.18     72.01      6.00
    1969    7.53    2.40    0.58    0.29    0.28    0.25    0.23   19.16   25.41   14.27   22.37    9.75    102.50      8.54
    1970    5.13    2.02    1.32    0.49    0.26    0.29    0.44    3.19    8.04   17.66   23.29    6.61     68.75      5.73
    1971    4.01    1.54    0.65    0.49    0.43    0.37    5.86    8.24   10.09    7.45   10.03    7.57     56.72      4.73
    1972    4.29    1.39    1.14    0.41    0.24    0.60    0.45    2.01    2.03   26.60   14.59    9.28     63.04      5.25
    1973    5.25    2.34    2.48    0.68    0.35    0.28    0.27   14.46   17.79   13.06   38.69   16.34    112.00      9.33
    1974   11.30    4.52    1.31    0.55    0.39    0.35    1.21   23.19   13.04   28.16   15.57    6.45    106.05      8.84
    1975    5.33    2.29    0.85    0.33    0.23    0.38    0.95    2.84   44.00   19.74   18.58    9.74    105.25      8.77
    1976    5.53   15.17    6.50    1.11    0.68    0.61   13.85   25.48   29.45   37.64   29.31   10.01    175.34     14.61
    1977    5.23    1.86    1.33    0.66    0.48    0.49    2.75    4.27    2.94    3.53   20.16   11.59     55.29      4.61
    1978    7.19    2.61    2.15    0.71    1.69    0.67    0.63   10.20   13.38    9.01   10.37    9.13     67.73      5.64
    1979   14.17    3.02    0.68    0.73    0.60    0.40    5.48   15.55   18.03    6.10   12.80    6.56     84.12      7.01
    1980    4.50    6.85    3.17    6.38    0.80    1.23    1.99    1.69    8.00   23.22   19.56   17.57     94.97      7.91
    1981    5.57    2.74    1.04    0.81    0.41    0.32    5.59    4.30   12.32   15.31   10.54    6.64     65.59      5.47
    1982    6.62    2.80    2.66    0.66    1.52    1.10    0.86   19.17   24.38   16.87    8.60   16.98    102.24      8.52
    1983    4.87    1.59    0.67    0.39    0.28    1.72    1.76   28.12    6.39   17.84    8.30   16.77     88.68      7.39
    1984    9.46    2.66    6.60    1.23    1.82    6.43    4.59    4.65   21.62   23.90   16.96    8.72    108.65      9.05
    1985    4.90    1.88    0.70    0.37    0.34    1.55    6.04    6.47   24.73   20.02   33.13    9.66    109.80      9.15
    1986    4.56    1.57    0.62    1.79    0.57    0.48    1.68   16.55   16.16   20.18   21.90   14.12    100.18      8.35
    1987    5.45    1.92    2.65    0.57    0.26    0.27    6.23    7.49   10.59   17.24   20.85   11.25     84.78      7.07
    1988    5.59    2.03    0.79    0.37    0.35    6.59    4.02   10.73   11.17   21.80   19.77   20.40    103.60      8.63
    1989    7.31    4.46    1.09    0.42    0.88    0.43   20.18   14.48   18.93   34.53   11.86    6.85    121.41     10.12
    1990    3.27    1.49    0.96    0.46    0.31    0.29    0.63   15.00   30.32   45.36   10.54   15.77    124.39     10.37
    1991    6.24    2.20    0.65    0.29    0.39    0.95    5.23   10.07   39.52   21.88   11.54   10.67    109.63      9.14
    1992   14.45    3.43    0.95    0.39    0.36    0.33   13.93   19.36   21.30   33.12   12.52    6.09    126.23     10.52
    1993    2.49    0.97    0.52    0.42    0.31    0.24    1.53    2.02   32.65   11.54    7.64    8.98     69.32      5.78
    1994    4.32    1.65    0.62    0.40    0.29    0.27    0.40    6.74   13.25   25.71   20.55    6.47     80.68      6.72
    1995   10.98    2.55    3.37    0.61    0.67    0.58    1.45    2.79   29.49   15.85   18.02   20.21    106.59      8.88
    1996   14.47    8.24    4.87    0.96    0.38    0.27    1.04    4.00   20.77    7.65   14.92    5.95     83.53      6.96
    1997    4.57   10.19    2.75    0.91    0.41    0.35    2.90   26.52   17.20   23.86    9.61    6.99    106.25      8.85
    1998    4.04    4.60    2.06    0.57    0.26    0.21    2.37    5.61   15.25   15.36   22.97   12.84     86.15      7.18
    1999    4.58    1.57    0.58    0.52    0.36    0.30    0.31    6.91    9.66   11.06   12.72   12.46     61.02      5.09
    2000    4.85    1.59    0.62    0.35    0.29    0.24    0.82   19.46    5.00   42.83   28.82   15.64    120.52     10.04
    2001    6.55    2.68    0.87    5.58    0.84    0.49    3.00   14.37   18.57   24.86   19.25    7.37    104.45      8.70
    2002    6.63    2.55    1.08    0.52    0.32    1.94    0.98    2.20    2.36    4.31   24.85   14.80     62.53      5.21
    2003    6.73    2.54    1.54    0.68    0.35    0.40    4.42    2.18    8.75   11.55   19.00    6.84     64.97      5.41
    2004   16.56    2.74    0.62    1.19    0.55    0.40    3.26   16.60   26.24   14.05   23.84    7.66    113.71      9.48
    2005    4.36    1.69    0.53    0.26    0.23    0.25    0.68   16.26   11.69   14.18   18.08    7.48     75.68      6.31
    2006    5.06    2.93    1.06    0.41    0.41    0.69    2.27    9.56   19.08   25.51   22.76    6.87     96.60      8.05
    2007    4.26    6.80    3.13    1.06    1.34    0.70    0.62   10.86   19.52   26.74   16.25   27.30    118.58      9.88
    2008    5.56    6.49    1.35    0.45    0.25    0.21    0.28   12.23   36.07   15.25   13.54   12.58    104.26      8.69
    2009    5.69   15.33    1.46    0.33    0.25    0.26    0.34   20.62   13.79    7.16   10.39    5.71     81.33      6.78
  
 AVERAGE    6.46    3.45    1.34    0.75    0.75    0.89    3.89   12.13   17.98   18.25   17.39   10.61     93.90      7.82
