    1920    0.06    0.05    0.05    0.04    0.03    0.03    0.02    0.02   46.75   15.98    2.92    0.92     66.86      5.57
    1921    0.92    0.80    0.67    0.54    0.46    0.40    0.35    0.31   13.76    4.99    2.52    0.83     26.52      2.21
    1922    0.54    0.46    0.38    0.31    0.26    0.21    0.18    6.82    7.88    2.85    0.97    0.56     21.43      1.79
    1923    0.56    0.48    0.41    0.35    0.29    0.24    0.21    0.18    1.75    0.74    2.31    0.80      8.33      0.69
    1924    0.27    0.25    0.20    0.17    0.14    0.12    0.10    0.09   26.37   10.57    0.61    0.53     39.41      3.28
    1925    0.50    0.44    0.36    0.29    0.25    0.20    0.18    0.41    0.14    1.19    0.48    0.15      4.59      0.38
    1926    0.14    0.13    0.11    0.09    0.07    0.06    0.05    0.24    0.24    0.12    0.88    0.30      2.42      0.20
    1927    0.11    0.09    0.07    0.06    0.05    0.04    0.03    0.03    1.81    0.66    0.32    0.13      3.40      0.28
    1928    0.08    0.07    0.06    0.05    0.04    0.03    0.07    0.91    0.40    0.39    0.27    0.13      2.51      0.21
    1929    0.15    0.13    0.11    0.09    0.07    0.06    0.05    0.05    0.04    0.09    0.21    2.79      3.84      0.32
    1930    0.99    0.09    0.08    0.06    0.05    0.04    0.43    0.56    0.16    0.05    1.65    0.81      4.97      0.41
    1931    0.17    0.16    0.13    0.11    0.11    0.07    0.06    6.78    4.08    0.81    0.37    0.46     13.31      1.11
    1932    0.46    0.40    0.33    0.27    0.22    0.19    0.16    0.13    3.80    4.05    1.80    0.36     12.18      1.01
    1933    0.37    0.32    0.26    0.21    0.18    0.15    0.13    0.58    0.24    0.16    0.85    0.39      3.84      0.32
    1934    0.16    0.15    0.12    0.10    0.08    0.07    0.36    0.79    0.55    1.27    0.52    0.26      4.41      0.37
    1935    0.27    0.23    0.19    0.15    0.13    0.11    0.09    0.15    0.07    0.30    0.55    0.59      2.81      0.23
    1936    0.15    0.10    0.08    0.06    0.05    0.04    0.04    0.08    1.36    3.06    0.95    0.26      6.23      0.52
    1937    0.25    0.21    0.17    0.14    0.11    0.10    0.12    0.32    0.14    0.12    0.10    0.27      2.06      0.17
    1938    0.10    0.09    0.07    0.06    0.05    0.04    0.04    0.51    0.20    0.31    0.77    0.23      2.46      0.21
    1939    0.11    0.09    0.07    0.06    0.05    0.04    0.20    0.16    1.37    0.53    0.11    0.13      2.91      0.24
    1940    0.13    0.11    0.09    0.08    0.06    0.05    0.69    4.78    4.75    2.26    1.15    0.80     14.96      1.25
    1941    0.58    0.52    0.43    0.35    0.29    0.24    0.21    1.34   13.94    4.81    0.55    0.49     23.77      1.98
    1942    0.49    0.42    0.35    0.28    0.24    0.20    0.17    0.15    0.15    1.41    1.33    0.40      5.60      0.47
    1943    0.25    0.22    0.18    0.14    0.12    0.10    0.08    1.56    5.57    2.26    3.22    1.03     14.74      1.23
    1944    0.43    0.38    0.31    0.25    0.21    0.17    0.15    7.15    5.78    2.01    0.76    0.47     18.07      1.51
    1945    0.46    0.39    0.32    0.26    0.22    0.18    0.16    0.91    0.33    0.21    0.14    4.80      8.39      0.70
    1946    1.70    0.26    0.21    0.17    0.14    0.11    0.10    0.09    0.08    4.99    1.94    0.21     10.01      0.83
    1947    0.22    0.19    0.16    0.13    0.10    0.08    0.07    0.22    0.20    2.25    0.80    0.26      4.70      0.39
    1948    0.20    0.19    0.15    0.12    0.10    0.08    0.08    0.08    0.50    0.52    0.63    0.45      3.10      0.26
    1949    0.18    0.17    0.14    0.11    0.09    0.08    1.11    0.39    0.07   10.94    3.81    0.32     17.40      1.45
    1950    0.33    0.30    0.25    0.20    0.17    0.14    0.62    0.23    7.12    2.65    0.31    0.33     12.64      1.05
    1951    0.31    0.27    0.23    0.18    0.15    0.13    0.11    0.68    1.32    1.20    1.82    0.69      7.11      0.59
    1952    0.31    0.50    0.22    0.19    0.16    0.13    3.08    4.77    1.39    1.28    2.61    0.73     15.38      1.28
    1953    0.42    0.37    0.30    0.25    0.20    0.17    0.15   14.54    5.41   87.07   89.15   20.12    218.15     18.18
    1954    1.17    1.03    0.87    0.72    0.59    0.52    0.46    0.41    0.35    5.53    8.67    2.40     22.72      1.89
    1955    0.59    0.51    0.43    0.35    0.29    0.24    0.21    1.35   24.65   18.64    3.95    0.78     51.99      4.33
    1956    0.75    0.65    0.54    0.44    0.42    0.31    0.28   25.53   12.46   15.45   20.22    5.43     82.48      6.87
    1957    0.97    0.87    0.74    0.61    0.51    0.44    0.38    1.09    0.43    0.31    0.44    0.28      7.07      0.59
    1958    0.27    0.23    0.19    0.15    0.13    0.10    0.33   15.88    5.41    0.35    0.45    0.43     23.94      1.99
    1959    0.42    0.36    0.30    0.24    0.20    0.17    0.14    0.67    0.54    0.12    0.13    0.13      3.41      0.28
    1960    0.12    0.10    0.25    0.08    0.06    0.05    0.04    0.07    0.37    0.32    0.72    1.36      3.52      0.29
    1961    0.38    0.16    0.13    0.11    0.09    0.07    0.10    0.06   24.99    8.74    2.87    0.92     38.63      3.22
    1962    1.68    0.57    0.47    0.38    0.32    0.27    0.23    0.20    0.23    0.76    5.88    2.04     13.03      1.09
    1963    0.31    0.27    0.22    0.18    0.15    0.12    0.11    0.09    2.49    1.32    0.58    0.21      6.04      0.50
    1964    0.23    0.20    0.17    0.14    0.11    0.11    0.08    0.07    0.09    0.06    0.11    0.07      1.44      0.12
    1965    0.07    0.06    0.04    0.04    0.03    0.25    0.08    0.02    0.44    1.21    0.45    0.21      2.91      0.24
    1966    0.15    0.13    0.11    0.09    0.07    0.06    0.13    0.10    5.37    1.95    0.21    0.25      8.61      0.72
    1967    0.25    0.22    0.18    0.15    0.12    0.10    0.08    1.38    1.43    2.83    1.27    0.36      8.37      0.70
    1968    0.34    0.31    0.26    0.21    0.18    0.15    0.12    0.11    0.16    0.09    0.22    0.15      2.30      0.19
    1969    0.17    0.07    0.06    0.05    0.04    0.03    0.03    0.55    1.77    1.60    0.80    0.25      5.43      0.45
    1970    0.27    0.24    0.19    0.15    0.13    0.11    0.09    0.08    0.32    0.69    1.41    0.42      4.09      0.34
    1971    0.14    0.12    0.10    0.08    0.06    0.05    0.04    0.20    0.40    0.13    0.06    0.07      1.45      0.12
    1972    0.07    0.06    0.05    0.04    0.03    0.04    0.02    0.04    0.02    1.44    0.65    0.07      2.53      0.21
    1973    0.08    0.07    0.05    0.04    0.04    0.03    0.03    1.21    3.49    1.16   37.68   12.84     56.72      4.73
    1974    0.74    0.65    0.54    0.44    0.37    0.31    0.27    2.69    0.95    0.98    0.51    0.32      8.78      0.73
    1975    0.30    0.26    0.21    0.17    0.14    0.12    0.15    0.09    7.70    3.24    0.31    0.35     13.04      1.09
    1976    0.34    0.28    0.24    0.20    0.17    0.14    0.27    5.16    6.02   19.40   24.38    6.57     63.18      5.26
    1977    0.85    0.74    0.62    0.51    0.43    0.36    0.31    0.28    0.25    0.23    0.88    0.56      6.01      0.50
    1978    0.18    0.16    0.12    0.10    0.09    0.07    0.06    0.19    0.53    0.17    0.18    0.14      1.99      0.17
    1979    0.13    0.08    0.07    0.06    0.05    0.04    0.06    1.06    1.63    0.47    0.21    0.17      4.03      0.34
    1980    0.18    2.86    1.00    0.14    0.12    0.09    0.08    0.07    0.22    3.54    4.20    1.71     14.21      1.18
    1981    0.39    0.36    0.30    0.24    0.20    0.17    0.60    0.29    1.28    0.91    0.55    0.28      5.58      0.47
    1982    0.28    0.24    0.19    0.16    0.13    0.11    0.09    5.49    4.03    1.34    0.32    0.35     12.74      1.06
    1983    0.35    0.31    0.25    0.20    0.17    0.14    0.12    9.80    3.43    0.25    0.28    0.82     16.13      1.34
    1984    1.23    0.32    0.26    0.21    0.18    0.88    0.57    0.14    1.52    3.49    1.56    0.37     10.71      0.89
    1985    0.38    0.33    0.27    0.22    0.18    0.15    0.13    0.12    1.75    1.91    1.61    0.51      7.56      0.63
    1986    0.30    0.27    0.22    0.18    0.14    0.12    0.10    1.25    1.01    4.23    6.23    1.87     15.92      1.33
    1987    0.47    0.42    0.34    0.28    0.23    0.19    1.19    0.40    0.79    0.68    1.51    0.55      7.07      0.59
    1988    0.30    0.26    0.21    0.17    0.14    0.13    0.21    0.28    0.13    1.52    1.52    5.33     10.19      0.85
    1989    1.77    0.35    0.29    0.24    0.20    0.16    3.38    2.72    2.43    3.16    0.85    0.46     16.01      1.33
    1990    0.43    0.36    0.30    0.24    0.20    0.17    0.14    0.14    2.29    8.43    2.77    1.38     16.85      1.40
    1991    0.77    0.39    0.33    0.27    0.22    0.18    0.16    0.13    2.93    1.77    0.27    0.29      7.71      0.64
    1992    0.27    0.25    0.21    0.17    0.14    0.12    4.20    3.38    1.03    3.71    1.66    0.44     15.58      1.30
    1993    0.44    0.37    0.30    0.25    0.20    0.17    0.15    0.13   21.63    7.45    0.44    0.43     31.95      2.66
    1994    0.41    0.36    0.29    0.24    0.19    0.16    0.14    0.12    0.94    2.77    1.34    0.25      7.22      0.60
    1995    0.25    0.22    0.19    0.15    0.12    0.10    0.09    0.11    2.23    1.28    2.37    1.87      8.99      0.75
    1996    0.40    0.33    0.27    0.22    0.18    0.15    0.13    0.16    4.88    1.74    0.22    0.24      8.92      0.74
    1997    0.23    0.19    0.16    0.13    0.11    0.09    0.08    1.75    0.73    0.38    0.13    0.14      4.11      0.34
    1998    0.14    0.12    0.16    0.08    0.07    0.05    0.04    0.15    0.21    0.07    0.05    0.11      1.24      0.10
    1999    0.05    0.04    0.04    0.03    0.02    0.02    0.02    0.02    0.05    1.06    0.53    1.00      2.85      0.24
    2000    0.32    0.11    0.09    0.07    0.06    0.05    0.07    2.89    1.22   24.85   31.64    8.55     69.90      5.82
    2001    0.87    0.77    0.64    0.53    0.45    0.38    0.33    1.62    0.94    2.80    2.81    0.67     12.82      1.07
    2002    0.48    0.42    0.35    0.28    0.23    0.20    0.17    0.15    0.14    0.12    8.92    3.28     14.74      1.23
    2003    0.26    0.23    0.19    0.15    0.12    0.10    0.17    0.08    1.82    1.30    0.97    0.25      5.64      0.47
    2004    2.20    0.73    0.23    0.19    0.15    0.13    0.10    0.57    1.68    0.53    2.05    0.71      9.26      0.77
    2005    0.27    0.23    0.19    0.15    0.12    0.10    0.09    7.84    2.85    0.45    0.99    0.32     13.60      1.13
    2006    0.34    0.30    0.25    0.20    0.17    0.14    0.87    0.78    9.03    4.33    2.36    0.65     19.42      1.62
    2007    0.54    0.47    0.39    0.32    0.27    0.23    0.20    0.16    1.50    4.97    2.68    1.64     13.38      1.11
    2008    0.43    0.37    0.32    0.27    0.22    0.19    0.18    1.66    5.06    2.73    0.92    0.46     12.80      1.07
    2009    0.45    2.62    0.87    0.31    0.26    0.21    0.19    5.24    2.54    0.38    0.34    0.35     13.75      1.15
  
 AVERAGE    0.43    0.36    0.26    0.20    0.17    0.15    0.31    1.80    3.78    3.90    3.59    1.27     16.21      1.35
