    1920    0.55    0.40    0.24    0.15    0.13    0.11    0.12    0.15   15.23    5.87    5.05    2.46     30.45      2.54
    1921    0.94    0.61    0.38    0.35    0.31    0.25    0.28    0.37    5.63    2.67    2.14    1.39     15.31      1.28
    1922    0.86    0.55    0.33    0.25    0.21    0.20    0.27    3.00    3.80    4.06    4.79    2.15     20.46      1.71
    1923    1.04    0.78    0.53    0.36    0.30    0.29    0.32    0.36    0.95    0.80    1.65    1.18      8.57      0.71
    1924    0.91    0.71    0.46    0.30    0.23    0.19    0.18    0.26    9.70    4.64    1.30    1.03     19.90      1.66
    1925    0.87    0.64    0.40    0.26    0.24    0.23    0.22    0.34    0.44    0.91    0.81    0.72      6.08      0.51
    1926    0.63    0.47    0.26    0.16    0.15    0.14    0.16    0.28    0.45    0.54    0.98    0.81      5.05      0.42
    1927    0.55    0.36    0.22    0.15    0.11    0.09    0.09    0.09    0.92    0.67    0.68    0.67      4.60      0.38
    1928    0.53    0.33    0.20    0.12    0.08    0.07    0.14    0.64    0.61    0.75    0.82    0.77      5.06      0.42
    1929    0.62    0.39    0.21    0.14    0.11    0.09    0.12    0.14    0.16    0.26    0.46    1.64      4.34      0.36
    1930    0.98    0.49    0.27    0.12    0.10    0.09    0.32    0.54    0.51    0.51    1.25    1.07      6.25      0.52
    1931    0.75    0.47    0.22    0.13    0.16    0.16    0.12    2.85    2.18    1.19    1.05    1.08     10.35      0.86
    1932    0.84    0.50    0.27    0.19    0.18    0.18    0.17    0.25    1.88    2.32    1.75    1.17      9.71      0.81
    1933    0.83    0.54    0.31    0.22    0.18    0.18    0.20    0.42    0.49    0.59    0.99    0.92      5.88      0.49
    1934    0.72    0.51    0.28    0.16    0.12    0.13    0.29    0.67    0.77    1.23    1.10    0.94      6.93      0.58
    1935    0.73    0.47    0.27    0.20    0.17    0.15    0.13    0.21    0.32    0.49    0.77    0.92      4.84      0.40
    1936    0.69    0.39    0.21    0.13    0.09    0.13    0.20    0.28    0.96    1.90    1.24    0.83      7.06      0.59
    1937    0.62    0.37    0.18    0.13    0.11    0.09    0.17    0.39    0.46    0.56    0.64    0.77      4.50      0.38
    1938    0.64    0.38    0.22    0.14    0.11    0.10    0.12    0.42    0.44    0.60    0.94    0.78      4.88      0.41
    1939    0.56    0.34    0.17    0.09    0.12    0.15    0.27    0.37    1.02    0.85    0.70    0.68      5.33      0.44
    1940    0.57    0.41    0.23    0.14    0.10    0.09    0.44    2.26    2.59    3.89    5.19    2.47     18.40      1.53
    1941    1.12    0.71    0.44    0.31    0.26    0.25    0.31    0.79    5.93    2.74    1.27    1.22     15.35      1.28
    1942    1.00    0.67    0.42    0.37    0.34    0.34    0.34    0.39    0.52    1.08    1.30    1.04      7.83      0.65
    1943    0.84    0.57    0.33    0.24    0.19    0.17    0.20    0.89    2.75    1.77    5.90    2.70     16.56      1.38
    1944    0.92    0.62    0.40    0.28    0.21    0.19    0.24    3.10    3.00    1.83    3.18    1.70     15.68      1.31
    1945    0.88    0.58    0.38    0.29    0.25    0.25    0.30    0.61    0.63    0.73    0.81    2.70      8.41      0.70
    1946    1.49    0.63    0.37    0.24    0.18    0.22    0.26    0.30    0.37    2.43    1.51    0.85      8.85      0.74
    1947    0.71    0.46    0.25    0.15    0.12    0.18    0.25    0.36    0.50    1.50    1.09    0.93      6.49      0.54
    1948    0.75    0.45    0.23    0.16    0.12    0.10    0.17    0.28    0.58    0.77    0.98    1.00      5.57      0.46
    1949    0.79    0.49    0.25    0.14    0.10    0.09    0.61    0.44    0.38    4.70    2.19    0.99     11.17      0.93
    1950    0.78    0.52    0.32    0.21    0.14    0.11    0.39    0.38    3.22    1.77    0.92    0.84      9.60      0.80
    1951    0.73    0.55    0.31    0.17    0.14    0.13    0.17    0.50    1.00    1.19    1.62    1.33      7.83      0.65
    1952    0.91    0.84    0.44    0.21    0.15    0.16    1.45    2.40    1.32    1.44    5.03    2.38     16.73      1.39
    1953    0.82    0.58    0.40    0.28    0.24    0.24    0.28    5.82    2.80   27.23   22.51    5.29     66.49      5.54
    1954    1.03    0.70    0.47    0.36    0.40    0.41    0.39    0.45    0.57    2.75    7.45    3.10     18.09      1.51
    1955    1.05    0.73    0.48    0.34    0.28    0.27    0.31    0.80    9.45   13.47    4.80    1.26     33.24      2.77
    1956    1.03    0.70    0.46    0.35    0.40    0.42    0.38    9.41    5.42   11.72    8.38    2.43     41.10      3.42
    1957    1.20    0.88    0.55    0.41    0.43    0.44    0.47    0.74    0.82    0.85    0.91    0.93      8.62      0.72
    1958    0.79    0.58    0.38    0.29    0.26    0.26    0.35    6.41    2.81    0.97    1.07    0.99     15.15      1.26
    1959    0.82    0.55    0.32    0.22    0.18    0.19    0.24    0.51    0.67    0.65    0.65    0.61      5.61      0.47
    1960    0.49    0.32    0.31    0.22    0.14    0.12    0.14    0.22    0.47    0.63    0.94    1.32      5.33      0.44
    1961    0.92    0.49    0.22    0.14    0.12    0.12    0.19    0.28    9.36    3.91    5.64    2.60     24.00      2.00
    1962    1.63    0.96    0.43    0.27    0.21    0.20    0.20    0.21    0.33    0.67    2.97    1.65      9.74      0.81
    1963    0.79    0.56    0.37    0.23    0.21    0.19    0.18    0.25    1.35    1.17    1.07    0.90      7.26      0.60
    1964    0.72    0.52    0.29    0.18    0.20    0.25    0.29    0.33    0.41    0.49    0.56    0.54      4.78      0.40
    1965    0.42    0.27    0.19    0.13    0.09    0.22    0.21    0.23    0.52    1.03    0.89    0.85      5.06      0.42
    1966    0.68    0.40    0.19    0.12    0.09    0.07    0.15    0.27    2.51    1.44    0.86    0.79      7.57      0.63
    1967    0.65    0.48    0.26    0.15    0.11    0.09    0.14    0.82    1.09    1.88    1.51    1.07      8.27      0.69
    1968    0.97    0.61    0.29    0.21    0.17    0.16    0.21    0.25    0.32    0.43    0.53    0.59      4.74      0.39
    1969    0.62    0.42    0.21    0.12    0.10    0.09    0.08    0.37    1.10    1.31    1.19    1.00      6.60      0.55
    1970    0.78    0.47    0.23    0.14    0.10    0.11    0.12    0.16    0.36    0.72    1.21    0.91      5.33      0.44
    1971    0.60    0.36    0.18    0.13    0.11    0.10    0.15    0.31    0.56    0.58    0.60    0.60      4.28      0.36
    1972    0.49    0.29    0.17    0.12    0.07    0.12    0.13    0.18    0.24    0.92    0.81    0.66      4.19      0.35
    1973    0.54    0.35    0.21    0.13    0.07    0.06    0.06    0.65    1.82    1.13   18.63    6.85     30.50      2.54
    1974    0.99    0.63    0.35    0.24    0.20    0.17    0.21    1.31    0.87    1.07    1.05    0.84      7.93      0.66
    1975    0.66    0.46    0.26    0.16    0.13    0.14    0.23    0.33    3.42    2.04    1.12    0.99      9.93      0.83
    1976    0.75    0.62    0.39    0.27    0.23    0.20    0.28    2.41    3.10   14.71    9.87    2.70     35.55      2.96
    1977    1.02    0.68    0.45    0.34    0.30    0.34    0.39    0.44    0.45    0.43    0.69    0.74      6.28      0.52
    1978    0.68    0.48    0.37    0.31    0.26    0.21    0.19    0.28    0.56    0.58    0.66    0.70      5.27      0.44
    1979    0.67    0.45    0.22    0.17    0.14    0.10    0.16    0.72    1.19    0.88    0.85    0.77      6.32      0.53
    1980    0.58    1.57    0.79    0.26    0.17    0.18    0.21    0.22    0.35    1.87    2.44    1.69     10.33      0.86
    1981    1.05    0.61    0.31    0.23    0.18    0.20    0.47    0.49    1.06    1.14    1.15    0.94      7.82      0.65
    1982    0.70    0.46    0.30    0.21    0.19    0.21    0.21    2.42    2.22    1.48    1.11    1.05     10.58      0.88
    1983    0.82    0.50    0.29    0.20    0.18    0.21    0.25    4.08    1.95    0.84    0.84    1.12     11.26      0.94
    1984    1.32    0.74    0.38    0.29    0.23    0.54    0.55    0.50    1.18    2.18    1.69    1.25     10.87      0.91
    1985    0.92    0.55    0.31    0.23    0.19    0.22    0.27    0.34    1.10    1.46    1.58    1.23      8.39      0.70
    1986    0.87    0.54    0.31    0.23    0.20    0.18    0.22    0.79    0.94    2.45   10.38    4.10     21.20      1.77
    1987    0.99    0.61    0.40    0.28    0.22    0.24    0.67    0.51    0.79    0.94    1.47    1.18      8.31      0.69
    1988    0.84    0.51    0.30    0.21    0.19    0.26    0.35    0.47    0.57    1.27    1.47    5.74     12.18      1.02
    1989    2.57    0.71    0.40    0.25    0.22    0.20    1.58    1.61    1.76    4.76    2.36    1.07     17.48      1.46
    1990    0.78    0.51    0.35    0.26    0.23    0.23    0.25    0.36    1.34    4.03    2.08    1.61     12.04      1.00
    1991    1.32    0.76    0.43    0.27    0.24    0.26    0.29    0.39    1.65    1.45    1.00    0.93      8.98      0.75
    1992    0.86    0.58    0.32    0.21    0.19    0.18    1.89    1.88    1.20    3.16    3.61    1.68     15.74      1.31
    1993    0.81    0.50    0.33    0.25    0.21    0.19    0.24    0.32    8.24    3.48    1.00    0.92     16.49      1.37
    1994    0.78    0.50    0.30    0.23    0.19    0.21    0.22    0.25    0.67    1.69    1.39    0.94      7.37      0.61
    1995    0.79    0.51    0.31    0.21    0.21    0.22    0.23    0.32    1.34    1.22    1.82    2.11      9.29      0.77
    1996    1.30    0.70    0.42    0.27    0.19    0.19    0.24    0.35    2.39    1.38    0.89    0.80      9.10      0.76
    1997    0.57    0.43    0.29    0.19    0.14    0.12    0.14    0.95    0.74    0.78    0.76    0.67      5.78      0.48
    1998    0.53    0.44    0.37    0.21    0.12    0.08    0.13    0.26    0.44    0.50    0.49    0.54      4.11      0.34
    1999    0.44    0.27    0.14    0.09    0.06    0.05    0.05    0.11    0.22    0.79    0.77    1.08      4.07      0.34
    2000    0.78    0.44    0.22    0.11    0.09    0.07    0.13    1.42    1.02   12.31   13.42    4.04     34.04      2.84
    2001    1.02    0.65    0.38    0.32    0.32    0.28    0.29    0.92    0.91    1.87    3.44    1.83     12.24      1.02
    2002    1.00    0.67    0.43    0.31    0.24    0.25    0.29    0.34    0.36    0.39    3.89    2.03     10.20      0.85
    2003    0.80    0.51    0.32    0.25    0.19    0.18    0.26    0.30    1.10    1.14    1.22    0.98      7.24      0.60
    2004    1.64    0.92    0.32    0.20    0.15    0.12    0.19    0.50    1.18    0.90    1.58    1.18      8.90      0.74
    2005    0.74    0.45    0.23    0.14    0.12    0.11    0.15    3.30    1.69    0.99    1.33    1.11     10.38      0.86
    2006    0.83    0.61    0.35    0.20    0.19    0.22    0.59    0.74    4.14    4.48    8.54    3.32     24.21      2.02
    2007    0.93    0.67    0.49    0.36    0.31    0.28    0.26    0.35    0.95    2.71    2.07    3.32     12.69      1.06
    2008    1.68    0.84    0.52    0.33    0.26    0.23    0.30    0.98    2.68    2.05    3.03    1.86     14.75      1.23
    2009    1.04    1.72    0.79    0.35    0.31    0.30    0.31    2.42    1.62    1.02    1.08    1.06     12.02      1.00
  
 AVERAGE    0.86    0.57    0.33    0.22    0.19    0.19    0.29    0.96    1.87    2.40    2.62    1.50     11.99      1.00
