    1920    0.66    0.38    0.24    0.15    0.10    0.06    0.26    0.19   22.00   20.41   18.08    6.07     68.59      5.72
    1921    1.16    0.50    0.27    0.22    0.19    0.16    0.18    0.25    9.77    9.72   12.19    3.94     38.55      3.21
    1922    0.79    0.48    0.25    0.20    0.17    0.16    0.83    6.78   12.32   12.95   11.36    6.18     52.47      4.37
    1923    1.73    2.29    0.93    0.26    0.21    0.20    0.22    0.30    6.14    3.88   10.05    4.17     30.38      2.53
    1924    1.01    0.69    0.36    0.25    0.21    0.19    0.18    0.19   17.31   14.07    3.87    1.14     39.47      3.29
    1925    1.17    0.93    0.44    0.25    0.22    0.21    0.20    1.02    0.66    3.82    7.08    3.26     19.26      1.60
    1926    3.18    1.34    0.33    0.21    0.20    0.19    0.20    1.90    1.10    0.83    9.52    3.83     22.82      1.90
    1927    0.77    0.54    0.36    0.25    0.19    0.18    0.17    0.17    5.52    2.45    2.93    4.63     18.16      1.51
    1928    1.84    0.50    0.28    0.19    0.17    0.16    0.40    0.71    0.81    4.61    8.41    3.05     21.12      1.76
    1929    0.80    0.46    0.29    0.23    0.20    0.18    0.18    0.18    0.17    0.49    0.84    8.26     12.28      1.02
    1930    3.27    0.60    0.30    0.17    0.15    0.14    1.34    1.02    0.55    0.83    9.97    7.74     26.09      2.17
    1931    2.65    0.77    0.31    0.20    0.62    0.28    0.20    7.90    9.41    7.28    7.52    4.98     42.12      3.51
    1932    1.59    0.48    0.31    0.25    0.20    0.18    0.18    0.48    7.13   13.18    8.67    2.44     35.09      2.92
    1933    0.91    0.59    0.30    0.21    0.19    0.18    0.17    3.09    1.55    1.09    8.00    4.30     20.58      1.71
    1934    1.34    0.63    0.30    0.20    0.17    0.16    1.05    2.12    1.29    8.21   10.78    5.43     31.69      2.64
    1935    1.57    0.63    0.33    0.48    0.24    0.22    0.22    0.63    0.97    1.07    9.25    6.84     22.44      1.87
    1936    1.86    0.46    0.27    0.21    0.18    0.17    0.38    0.91    9.59   19.45    8.96    2.59     45.02      3.75
    1937    1.12    0.59    0.29    0.21    0.18    0.17    1.29    1.75    1.33    3.73    6.19    4.82     21.69      1.81
    1938    1.76    0.63    0.37    0.23    0.25    0.22    0.24    4.92    2.50    8.52   11.14    3.53     34.30      2.86
    1939    0.78    0.49    0.32    0.23    0.44    0.27    0.71    0.96    7.34    6.95    3.46    3.64     25.61      2.13
    1940    1.82    0.84    0.42    0.27    0.21    0.19    4.36    5.13   14.01   14.53    8.17    6.74     56.69      4.72
    1941    2.54    0.69    0.38    0.26    0.21    0.19    0.25    5.91   15.53    7.20    7.52    3.45     44.13      3.68
    1942    1.11    0.62    0.32    0.26    0.24    0.23    0.26    0.35    0.55    1.84    9.60    3.81     19.18      1.60
    1943    0.93    0.60    0.31    0.23    0.19    0.18    0.18    3.08   13.01   12.71   16.20    7.46     55.08      4.59
    1944    1.77    0.67    0.40    0.25    0.20    0.18    0.20    7.45   15.43   17.23   11.12    2.92     57.81      4.82
    1945    0.69    0.41    0.25    0.21    0.19    0.19    0.91    0.87    0.71    2.91    3.07   12.84     23.25      1.94
    1946    4.64    0.53    0.29    0.21    0.18    0.28    0.25    1.13    0.86   14.00    9.94    2.51     34.83      2.90
    1947    0.78    0.42    0.24    0.18    0.17    0.17    0.22    1.23    1.45    9.52    4.72    3.26     22.37      1.86
    1948    1.56    0.56    0.29    0.21    0.18    0.16    0.32    0.28    0.76    1.62    7.67    5.85     19.47      1.62
    1949    1.79    0.57    0.29    0.19    0.16    0.15    3.96    1.66    0.79   24.04    8.97    5.45     48.02      4.00
    1950    2.33    0.69    0.37    0.24    0.19    0.17    8.14    3.44   20.64   15.62    4.19    2.95     58.96      4.91
    1951    1.49    0.70    0.37    0.22    0.19    0.19    0.23    0.99    1.57    8.64   19.47   19.44     53.51      4.46
    1952    5.18    1.52    0.65    0.25    0.20    0.19   11.72   14.80   10.66   13.63   10.61    3.00     72.40      6.03
    1953    0.83    0.56    0.33    0.25    0.26    0.25    0.63   14.44   16.91   31.88   21.54    5.48     93.37      7.78
    1954    1.20    0.64    0.37    0.26    0.85    0.35    0.30    0.35    0.42    8.08   21.43    7.54     41.77      3.48
    1955    1.68    0.90    0.45    0.28    0.22    0.23    0.26    5.44   13.74   15.26   17.53    5.51     61.49      5.12
    1956    1.18    0.66    0.36    0.26    0.24    0.25    0.25    9.79   15.65   21.32   26.19    9.23     85.39      7.12
    1957    7.67    2.72    0.37    0.25    0.66    0.29    0.43    0.90    1.52    1.13   11.43    4.58     31.95      2.66
    1958    0.99    0.62    0.32    0.23    0.21    0.22    4.74   20.85    7.31    2.23    5.39    3.24     46.35      3.86
    1959    1.30    0.63    0.31    0.23    0.20    0.21    0.25    1.98   14.29    8.15    3.91    1.57     33.03      2.75
    1960    0.80    0.44    0.29    0.25    0.23    0.21    0.21    0.26    6.63    5.24    6.50    8.53     29.59      2.47
    1961    2.85    0.50    0.29    0.23    0.23    0.43    1.01    0.60   29.71   19.78   13.97    4.92     74.51      6.21
    1962   11.51    4.26    0.40    0.25    0.21    0.20    0.19    0.21    1.14    4.95   13.36    5.19     41.87      3.49
    1963    0.95    0.72    0.39    0.24    0.27    0.23    0.22    0.40    5.77    9.91   15.40    4.95     39.44      3.29
    1964    1.12    0.82    0.40    0.26    0.25    0.29    0.84    1.37    3.37    4.71    9.51    3.50     26.45      2.20
    1965    0.85    0.52    0.34    0.25    0.21    1.12    0.62    0.67    0.96   11.27   12.60    5.31     34.73      2.89
    1966    1.33    0.49    0.33    0.26    0.21    0.18    1.39    1.01    3.07    6.03    4.67    1.78     20.74      1.73
    1967    0.96    0.67    0.36    0.23    0.20    0.17    0.30    3.30   12.92   18.45   13.97    3.70     55.24      4.60
    1968    2.50    1.17    0.34    0.27    0.23    0.20    0.30    0.28    3.10    2.46    8.62    7.22     26.70      2.23
    1969    2.52    0.72    0.32    0.21    0.20    0.18    0.17    4.61    9.44   13.75   10.22    6.36     48.71      4.06
    1970    2.24    0.66    0.38    0.27    0.20    0.19    0.19    0.73    1.37    5.72   11.61    4.01     27.58      2.30
    1971    0.83    0.46    0.27    0.23    0.21    0.19    0.42    1.29    1.57    1.83    8.94    3.63     19.88      1.66
    1972    0.86    0.46    0.42    0.24    0.18    0.16    0.16    0.29    0.31    3.98    5.15    2.35     14.57      1.21
    1973    0.91    0.48    0.29    0.21    0.17    0.15    0.14    2.81   15.81    9.94   30.74   12.69     74.33      6.19
    1974    1.91    0.74    0.38    0.26    0.21    0.18    0.51   13.67    7.25   16.40   15.87    4.24     61.61      5.13
    1975    0.92    0.66    0.36    0.22    0.19    0.19    0.22    0.35   12.83   13.30    9.39    4.84     43.46      3.62
    1976    1.41    0.91    0.61    0.31    0.26    0.26    2.40    6.81   24.89   27.81   22.39    7.34     95.39      7.95
    1977    1.28    0.53    0.32    0.24    0.24    0.27    0.99    0.77    0.66    0.65    4.37    5.66     15.99      1.33
    1978    2.10    0.57    0.31    0.25    0.24    0.22    0.19    0.98    2.34    3.47    2.59    1.36     14.63      1.22
    1979   12.29    4.44    0.33    0.23    0.22    0.19    0.65    5.41   10.51    5.42    4.07    1.82     45.57      3.80
    1980    0.85    1.38    0.64    1.28    0.51    0.24    0.44    0.37    1.31   22.71   14.72   12.92     57.36      4.78
    1981    4.10    0.50    0.33    0.27    0.22    0.19    0.26    0.55    3.42   10.19   12.25    3.78     36.05      3.00
    1982    0.85    0.58    0.37    0.25    0.23    0.26    0.25    3.97   14.73   11.92    5.66    4.37     43.44      3.62
    1983    1.64    0.48    0.28    0.21    0.19    0.19    0.27    9.99    4.14    8.15    4.81   10.86     41.23      3.44
    1984    5.32    1.02    0.68    0.33    0.26    1.52    1.22    0.95   10.94   24.53   17.06    5.85     69.67      5.81
    1985    1.35    0.47    0.28    0.23    0.21    0.29    0.39    0.45   11.77   17.73   18.87    6.30     58.33      4.86
    1986    1.19    0.64    0.35    0.27    0.24    0.24    0.28    3.31    6.90   25.06   21.50    9.68     69.65      5.80
    1987    2.30    0.56    0.36    0.25    0.21    0.21    0.74    0.90    0.85    9.54   15.16    6.07     37.16      3.10
    1988    1.29    0.54    0.31    0.23    0.23    0.70    1.25    2.46    7.00   17.31   22.87   15.60     69.78      5.82
    1989    4.29    0.90    0.44    0.27    0.26    0.29   10.62    8.30   16.34   27.97   10.34    1.72     81.72      6.81
    1990    0.86    0.51    0.35    0.26    0.23    0.22    0.22    3.48   10.22   29.52    9.65   11.36     66.88      5.57
    1991    4.69    0.73    0.36    0.24    0.23    0.23    1.86    3.06   15.72   13.64    5.77    6.84     53.39      4.45
    1992    4.27    1.17    0.37    0.25    0.24    0.23   10.64   16.28   12.59   31.81   17.84    3.39     99.10      8.26
    1993    0.66    0.39    0.29    0.25    0.22    0.21    0.22    0.38   23.80   18.70    4.47    1.17     50.74      4.23
    1994    0.95    0.56    0.31    0.23    0.21    0.20    0.20    1.14    4.57   14.41   11.66    3.18     37.63      3.14
    1995    2.53    1.18    0.42    0.27    0.25    0.28    0.33    1.07   11.89   17.58   15.82   14.62     66.23      5.52
    1996    7.73    1.98    0.55    0.34    0.24    0.21    0.23    1.08    7.57    3.36   10.16    3.97     37.41      3.12
    1997    0.69    0.70    0.36    0.24    0.20    0.19    0.21    8.47    4.45   12.85    9.29    2.51     40.17      3.35
    1998    0.89    1.00    0.65    0.31    0.22    0.19    0.37    0.32    2.98    1.74    9.03    6.94     24.64      2.05
    1999    1.87    0.50    0.34    0.24    0.20    0.18    0.18    0.86    3.10    6.42    4.85    7.82     26.57      2.21
    2000    2.85    0.47    0.27    0.21    0.19    0.18    0.19    4.75    2.40   34.48   28.50   11.17     85.64      7.14
    2001    2.61    0.66    0.34    1.27    0.51    0.25    0.53    1.19    5.29   14.03   12.26    4.43     43.36      3.61
    2002    1.21    0.64    0.38    0.25    0.21    0.25    0.26    0.32    0.43    0.60    8.80   10.61     23.96      2.00
    2003    3.30    0.56    0.32    0.24    0.19    0.17    1.99    0.82    4.41   11.14   13.95    4.34     41.42      3.45
    2004   10.65    3.95    0.35    0.26    0.21    0.19    2.44    4.08   12.53    9.47    6.43    3.48     54.04      4.50
    2005    1.21    0.55    0.30    0.21    0.20    0.19    0.21    6.61    3.03    8.14    8.66    2.73     32.04      2.67
    2006    0.91    0.64    0.37    0.23    0.21    0.22    1.34    3.81   15.45   20.44   17.20    4.80     65.61      5.47
    2007    0.91    0.59    0.37    0.25    0.22    0.20    0.20    0.35    2.69   15.71   14.22   20.99     56.68      4.72
    2008    6.49    0.70    0.40    0.25    0.20    0.19    0.20    2.20    6.40   11.94   13.94   10.17     53.08      4.42
    2009    2.91    1.50    0.66    0.27    0.21    0.20    0.20    5.14    7.05    7.62    5.41    1.81     32.97      2.75
  
 AVERAGE    2.25    0.84    0.37    0.27    0.23    0.24    1.06    3.09    7.45   11.32   11.02    5.78     43.93      3.66
