    1920    3.47    2.10    1.03    0.77    0.61    0.49    0.80    0.78   36.75   24.05   15.68    9.25     95.79      7.98
    1921    4.81    2.32    1.31    2.15    1.16    1.13    1.17    2.69   21.61   12.23   13.82    9.45     73.86      6.16
    1922    4.81    2.36    0.94    0.41    0.23    0.17    1.51   15.16   27.90   22.17   13.82    9.09     98.58      8.21
    1923    5.85    4.71    2.47    1.05    0.62    0.69    0.74    3.19   12.72   10.48   13.18    8.89     64.58      5.38
    1924    5.80    5.20    2.42    0.84    0.41    0.24    0.23    1.62   22.24   19.18   10.99    6.90     76.07      6.34
    1925    8.73    5.86    2.42    0.78    0.49    0.42    0.52    6.27    5.62   11.92   13.22    8.62     64.87      5.41
    1926    9.98    5.44    1.71    0.45    1.10    0.70    0.98    4.89    5.31    6.44   11.56    8.63     57.18      4.76
    1927    4.69    3.79    2.60    1.31    0.56    0.45    0.56    0.78   14.21   10.15   11.40   13.38     63.88      5.32
    1928    7.42    3.14    1.43    0.58    0.27    0.22    3.62    6.61    6.54   12.33   15.06    8.68     65.90      5.49
    1929    4.33    2.40    2.71    1.58    0.84    0.83    0.97    1.19    1.96    7.08   12.65   20.91     57.44      4.79
    1930   10.74    4.84    2.15    0.59    0.34    0.31    3.42    5.79    6.10    9.29   15.93   14.32     73.82      6.15
    1931   13.12    5.90    1.82    0.81    2.85    1.84    1.27    0.99    8.98   10.51    9.22    8.28     65.60      5.47
    1932    5.75    2.93    1.37    0.70    0.44    0.36    0.41    2.23   10.27   12.55   17.38    9.36     63.74      5.31
    1933    4.92    2.71    0.94    0.29    0.28    0.45    0.53    8.50    7.50    6.46    9.95    9.72     52.24      4.35
    1934    7.50    5.53    2.50    0.85    0.43    0.48    1.86    7.73    6.67   11.16   13.24    9.83     67.78      5.65
    1935    6.32    5.31    2.50    1.50    0.86    1.53    1.11    5.69    5.11    6.06    9.13   10.47     55.59      4.63
    1936    6.51    3.37    1.84    0.99    0.46    0.61    1.49    4.80   22.13   26.34   13.63    7.66     89.82      7.49
    1937    5.71    3.36    1.31    1.39    0.80    0.41    3.62   10.03    7.91    8.17    9.15   13.46     65.32      5.44
    1938    8.42    4.10    1.71    0.49    0.75    0.50    2.33    5.91    5.07    6.22   10.44    7.77     53.71      4.48
    1939    4.33    2.69    2.11    1.04    0.56    0.99    4.51    4.86   12.48    9.90    7.21    6.85     57.52      4.79
    1940    5.81    4.44    2.14    0.92    0.52    0.42   10.11   14.60   17.96   17.28   15.84   22.02    112.06      9.34
    1941   11.29    4.32    1.90    0.82    0.37    0.24    0.39   11.35   22.98   12.54   15.11    9.35     90.65      7.55
    1942    4.75    2.30    0.78    0.75    0.66    0.66    1.62    4.59    6.02   11.44   17.72   10.53     61.82      5.15
    1943    6.26    4.05    1.81    0.62    0.28    0.22    0.81   14.03   24.50   19.23   18.03   14.54    104.36      8.70
    1944    8.35    4.06    1.93    0.72    0.24    0.18    0.90   19.94   25.99   26.23   20.29    8.66    117.48      9.79
    1945    4.80    3.19    1.50    0.58    0.27    0.36    0.90    2.43    3.93    8.58   10.74   18.07     55.34      4.61
    1946    9.80    3.61    1.38    0.45    0.19    0.54    0.97    5.43    5.56   20.80   14.33    7.92     70.97      5.91
    1947    5.10    2.60    0.91    0.28    0.19    0.25    0.85    5.49    9.22   16.16   11.61   12.82     65.49      5.46
    1948    9.20    4.14    1.74    0.75    0.33    0.22    2.47    2.86    3.87    7.74   10.34    9.20     52.86      4.41
    1949    6.13    4.02    1.91    0.61    0.24    0.20    9.78    4.74    3.05   22.71   12.06    8.46     73.91      6.16
    1950    6.14    4.16    2.54    1.32    0.56    0.27    4.19    4.16   15.89   15.04    9.52    7.67     71.47      5.96
    1951    5.63    3.64    1.59    0.45    0.23    0.26    0.71    1.99    2.68    6.50   10.90   11.00     45.58      3.80
    1952    7.28    5.22    2.42    0.71    0.29    0.27    5.84    7.86    7.03    9.93    9.70    6.41     62.95      5.25
    1953    3.71    2.86    1.43    0.52    0.32    0.31    1.40    8.30    6.77   17.20   17.48    8.76     69.05      5.75
    1954    4.60    2.53    1.13    0.42    3.11    1.61    0.76    0.98    3.18   11.05   16.42    9.61     55.41      4.62
    1955    6.40    4.85    2.25    0.70    0.29    0.27    0.75    4.31    9.78    9.35   11.31    7.57     57.83      4.82
    1956    4.42    2.27    0.97    0.41    0.56    0.50    0.76    8.14   10.33   11.73   10.33    7.52     57.96      4.83
    1957    9.67    4.94    1.36    0.33    1.04    0.75    1.10   10.25    8.12    5.19   10.25    7.16     60.16      5.01
    1958    4.55    2.56    0.90    0.35    0.28    0.30    8.96   24.77   12.17    5.73    9.96    8.46     79.00      6.58
    1959    7.56    3.97    1.46    0.65    0.37    0.47    1.06    8.42   15.89    9.02    5.72    5.01     59.59      4.97
    1960    3.49    1.67    0.67    1.65    0.91    0.36    0.39    2.16    8.24    6.78   11.57   10.95     48.83      4.07
    1961    6.92    3.13    1.01    0.40    0.54    1.11    2.64    2.67   24.90   16.57   24.53   12.69     97.12      8.09
    1962    9.22    5.20    1.83    0.67    0.30    0.20    0.23    0.96    3.67   18.00   21.15   10.06     71.49      5.96
    1963    4.23    3.01    2.17    0.93    0.73    0.44    0.49    3.37   10.97   12.59   15.88    9.25     64.07      5.34
    1964    5.69    4.26    1.99    0.77    0.82    2.97    4.00    6.54    5.96    5.92    8.44    6.87     54.23      4.52
    1965    4.49    2.28    1.36    0.64    0.36    2.65    2.53    4.66    5.40   14.59   14.78    9.41     63.15      5.26
    1966    5.05    2.52    1.14    0.62    0.30    0.26    7.43    5.55   15.48   11.46    8.69    7.27     65.77      5.48
    1967    7.32    4.53    1.80    1.28    0.94    0.47    1.60   10.24   15.10   17.96   14.67    7.76     83.65      6.97
    1968    6.40    3.44    1.49    1.28    0.86    0.63    1.26    1.39    4.90    5.63    8.41    8.55     44.24      3.69
    1969    7.41    3.92    1.35    0.42    0.28    0.21    0.19    9.19   11.35   10.83   18.94   11.73     75.80      6.32
    1970    6.04    3.08    1.48    0.65    0.26    0.21    0.26    1.50    4.17    7.31   13.71    8.74     47.42      3.95
    1971    5.02    2.71    1.06    0.57    0.47    0.40    7.09    9.48    7.96    7.48    9.57    7.99     59.79      4.98
    1972    4.96    2.26    1.07    0.48    0.21    0.22    0.28    1.46    1.66    9.34    7.99    8.02     37.96      3.16
    1973    5.53    2.88    1.45    0.64    0.29    0.22    0.21    9.76   11.87    9.69   31.87   17.05     91.45      7.62
    1974   10.66    5.67    1.91    0.79    0.41    0.28    1.06   11.35    9.27   19.46   17.31    8.03     86.21      7.18
    1975    5.04    3.16    1.27    0.35    0.19    0.31    1.39    2.51   24.42   18.87   13.58   11.79     82.87      6.91
    1976    7.48    8.51    6.45    2.50    0.85    0.68    4.58   14.06   27.37   26.27   18.96   10.63    128.36     10.70
    1977    5.76    2.76    1.23    0.54    0.38    0.57    1.63    2.70    2.90    3.09    9.57    9.54     40.67      3.39
    1978    6.98    3.63    1.83    0.95    3.24    1.72    0.57    7.00    9.15    8.22    7.36    7.04     57.68      4.81
    1979   12.83    6.09    1.46    0.54    0.43    0.30    1.70    6.75   15.46    8.99    6.72    5.74     67.01      5.58
    1980    4.25    5.26    3.21    4.15    1.93    0.93    2.52    2.21    4.54   16.61   16.50   12.31     74.42      6.20
    1981    6.59    3.29    1.71    1.05    0.50    0.28    3.10    2.61    5.69    6.88    7.65    5.66     45.01      3.75
    1982    3.90    2.74    2.26    1.08    1.87    1.69    1.14   16.38   20.45   14.44    9.72    9.60     85.27      7.11
    1983    5.91    2.43    0.86    0.37    0.25    0.62    1.39   12.24    8.32    7.82    7.05    8.57     55.83      4.65
    1984    9.05    4.48    6.31    2.96    1.67    3.37    5.10    4.44   10.68   17.89   13.36    8.60     87.90      7.33
    1985    5.32    2.51    0.93    0.39    0.37    1.27    2.79    3.60   12.26   14.43   24.70   13.00     81.58      6.80
    1986    5.40    2.65    1.02    1.10    0.66    0.41    1.29    9.59   11.44   17.13   18.57   12.87     82.12      6.84
    1987    6.66    2.89    1.72    0.79    0.25    0.23    1.81    3.97    7.03   11.73   18.68   12.42     68.16      5.68
    1988    7.34    3.80    1.49    0.48    0.29    8.16    4.43    6.08    7.90   15.51   15.95   11.62     83.04      6.92
    1989    8.25    4.91    1.99    0.65    0.44    0.31   10.60    7.35   12.48   23.78   12.77    6.39     89.92      7.49
    1990    3.90    2.15    1.20    0.53    0.24    0.20    0.30    4.73   10.16   31.22   15.52    9.14     79.30      6.61
    1991    6.69    3.29    1.19    0.35    0.29    0.40    4.15    5.63   17.56   15.48   10.10    9.42     74.56      6.21
    1992    9.01    4.98    1.90    0.64    0.67    0.45   22.37   17.25   17.03   23.71   14.17    6.63    118.80      9.90
    1993    3.22    1.33    0.54    0.41    0.29    0.17    0.25    1.16   20.84   13.36    7.77    6.40     55.73      4.64
    1994    4.31    2.23    0.86    0.37    0.23    0.19    0.30    5.82   11.17   15.77   19.58    9.94     70.77      5.90
    1995    7.35    4.01    3.19    1.43    0.96    0.98    1.33    1.52   12.66   12.29   12.17   11.61     69.51      5.79
    1996   12.02    7.12    5.91    2.51    0.56    0.26    0.76    2.36    9.58    8.54    9.08    6.52     65.22      5.44
    1997    3.51    6.70    3.15    0.78    0.29    0.22    1.35   21.41   13.39   10.28    9.05    6.31     76.46      6.37
    1998    3.79    3.57    2.49    0.98    0.27    0.17    1.48    1.77    7.40    4.90    2.34    1.96     31.13      2.59
    1999    1.57    1.05    0.48    0.27    0.27    0.27    0.26    2.29    3.30    7.84   10.19    8.86     36.65      3.05
    2000    5.31    2.35    0.89    0.35    0.25    0.19    0.44    5.82    5.17   25.35   25.35   13.42     84.88      7.07
    2001    8.38    4.28    1.57    4.54    2.22    0.62    1.15    5.47   11.52   18.03   13.97    7.81     79.56      6.63
    2002    5.11    3.08    1.40    0.54    0.28    4.01    2.46    3.16    3.67    4.48   17.90   12.82     58.90      4.91
    2003    6.90    3.21    1.58    0.87    0.37    0.29    3.01    2.05    4.06    7.03   10.59    8.26     48.22      4.02
    2004    7.55    4.00    1.35    0.79    0.49    0.39    1.58    4.41   13.27   10.24   15.39    9.45     68.91      5.74
    2005    4.73    2.53    0.96    0.26    0.20    0.19    0.78   10.72    8.75   13.40   16.76    9.19     68.47      5.71
    2006    4.80    3.22    1.73    0.67    0.48    0.49    1.64    7.05   14.85   20.76   17.58    8.87     82.13      6.84
    2007    6.73    5.83    2.78    1.02    0.65    0.56    0.57    2.41    7.09   19.89   15.00   22.65     85.19      7.10
    2008   10.65    5.20    2.67    0.85    0.28    0.20    0.28    2.10   15.32   14.69   12.39   11.32     75.95      6.33
    2009    7.29    7.30    3.26    0.75    0.34    0.35    0.64   11.81   11.21    8.28    7.23    5.29     63.77      5.31
  
 AVERAGE    6.45    3.77    1.82    0.88    0.61    0.70    2.28    6.28   11.12   13.08   13.28    9.76     70.03      5.84
