    1920    0.02    0.00    0.02    0.01    0.04    0.02    0.00    0.00   14.64    5.48    0.33    0.11     20.68      1.72
    1921    0.11    0.12    0.12    0.12    0.12    0.12    0.11    0.10    1.24    0.43    0.67    0.22      3.47      0.29
    1922    0.09    0.08    0.07    0.06    0.06    0.05    0.05    1.15    2.11    0.70    0.09    0.07      4.58      0.38
    1923    0.08    0.08    0.08    0.08    0.08    0.08    0.07    0.07    0.20    0.09    0.37    0.12      1.39      0.12
    1924    0.05    0.04    0.04    0.03    0.03    0.02    0.02    0.05   11.87    4.84    0.38    0.12     17.48      1.46
    1925    0.12    0.13    0.13    0.13    0.13    0.13    0.12    0.32    0.11    0.10    0.08    0.08      1.58      0.13
    1926    0.09    0.06    0.06    0.05    0.04    0.04    0.03    0.04    0.03    0.02    0.16    0.06      0.69      0.06
    1927    0.02    0.02    0.02    0.01    0.01    0.01    0.01    0.01    0.54    0.21    0.06    0.03      0.95      0.08
    1928    0.01    0.01    0.01    0.01    0.01    0.01    0.09    0.14    0.26    0.30    0.12    0.03      1.00      0.08
    1929    0.02    0.02    0.02    0.02    0.02    0.02    0.02    0.01    0.01    0.07    0.11    0.48      0.80      0.07
    1930    0.16    0.02    0.01    0.01    0.01    0.01    0.08    0.08    0.02    0.04    0.98    0.36      1.78      0.15
    1931    0.03    0.02    0.02    0.02    0.03    0.01    0.01    0.23    0.59    0.22    0.02    0.02      1.23      0.10
    1932    0.02    0.02    0.02    0.01    0.01    0.01    0.01    0.02    0.97    0.75    0.19    0.03      2.06      0.17
    1933    0.03    0.03    0.03    0.02    0.02    0.02    0.02    0.07    0.04    0.03    0.02    0.01      0.34      0.03
    1934    0.01    0.17    0.06    0.01    0.01    0.01    0.03    0.12    0.06    0.12    0.88    0.36      1.83      0.15
    1935    0.02    0.02    0.02    0.02    0.02    0.02    0.02    0.07    0.03    0.09    0.24    0.51      1.10      0.09
    1936    0.16    0.02    0.02    0.02    0.02    0.01    0.01    0.05    0.54    0.75    0.21    0.02      1.82      0.15
    1937    0.02    0.02    0.02    0.02    0.02    0.02    0.05    0.13    0.04    0.01    0.03    0.08      0.47      0.04
    1938    0.02    0.01    0.01    0.01    0.01    0.01    0.01    0.21    0.08    0.02    0.42    0.19      0.99      0.08
    1939    0.01    0.01    0.01    0.01    0.01    0.01    0.06    0.03    0.16    0.06    0.01    0.01      0.40      0.03
    1940    0.01    0.02    0.01    0.01    0.01    0.01    0.36    2.27    2.80    3.49    7.75    2.63     19.35      1.61
    1941    0.20    0.22    0.23    0.23    0.24    0.23    0.22    0.20    4.02    1.38    0.24    0.18      7.58      0.63
    1942    0.18    0.16    0.15    0.13    0.12    0.11    0.10    0.09    0.10    0.40    0.51    0.14      2.19      0.18
    1943    0.07    0.06    0.05    0.05    0.04    0.04    0.03    0.18    1.13    0.44    0.27    0.09      2.45      0.20
    1944    0.04    0.04    0.04    0.04    0.04    0.03    0.03    0.49    1.55    1.18    0.34    0.06      3.88      0.32
    1945    0.07    0.07    0.07    0.07    0.07    0.07    0.07    0.06    0.06    0.05    0.04    2.55      3.25      0.27
    1946    0.89    0.06    0.05    0.05    0.04    0.11    0.04    0.04    0.03    1.52    0.58    0.04      3.46      0.29
    1947    0.04    0.03    0.03    0.03    0.03    0.04    0.02    0.36    0.14    0.42    0.15    0.04      1.32      0.11
    1948    0.03    0.02    0.02    0.02    0.02    0.02    0.08    0.08    0.10    0.10    0.21    0.11      0.78      0.07
    1949    0.06    0.04    0.01    0.01    0.01    0.01    0.08    0.03    0.01    2.67    0.91    0.13      3.97      0.33
    1950    0.04    0.03    0.03    0.03    0.02    0.02    0.02    0.02    1.98    0.80    0.07    0.04      3.11      0.26
    1951    0.04    0.04    0.03    0.03    0.03    0.03    0.03    0.13    0.11    0.31    0.51    0.18      1.46      0.12
    1952    0.03    0.06    0.02    0.03    0.02    0.02    1.19    0.84    0.16    0.76    0.64    0.13      3.92      0.33
    1953    0.06    0.06    0.06    0.06    0.06    0.06    0.14    3.18    1.18   10.69   12.54    3.05     31.16      2.60
    1954    0.22    0.21    0.20    0.20    0.19    0.18    0.17    0.16    1.12    1.34    1.52    0.40      5.90      0.49
    1955    0.14    0.13    0.12    0.11    0.11    0.10    0.09    0.09    1.08    0.75    0.40    0.09      3.21      0.27
    1956    0.08    0.07    0.07    0.06    0.06    0.05    0.05    1.72    1.75    2.16    9.49    2.99     18.55      1.55
    1957    0.17    0.17    0.17    0.16    0.15    0.13    0.12    0.29    0.12    0.09    0.08    0.08      1.72      0.14
    1958    0.07    0.06    0.05    0.04    0.04    0.03    0.03    7.92    2.62    0.09    0.33    0.11     11.40      0.95
    1959    0.07    0.07    0.06    0.06    0.05    0.05    0.04    0.32    0.14    0.04    0.03    0.03      0.96      0.08
    1960    0.03    0.02    0.16    0.05    0.02    0.01    0.66    0.28    1.33    0.57    0.24    0.46      3.83      0.32
    1961    0.13    0.06    0.06    0.07    0.07    0.07    0.06    0.06   14.40    4.91   11.71    3.90     35.50      2.96
    1962    0.20    0.20    0.19    0.18    0.17    0.15    0.14    0.12    0.57    0.42    2.58    0.89      5.81      0.48
    1963    0.11    0.10    0.09    0.09    0.08    0.07    0.07    0.06    2.30    0.83    0.12    0.06      3.99      0.33
    1964    0.06    0.19    0.06    0.05    0.04    0.04    0.04    0.03    0.03    0.03    0.06    0.02      0.66      0.05
    1965    0.02    0.02    0.01    0.01    0.01    0.01    0.01    0.01    0.09    0.36    0.12    0.02      0.70      0.06
    1966    0.01    0.01    0.01    0.01    0.01    0.01    0.49    0.34    5.61    1.86    0.07    0.07      8.48      0.71
    1967    0.08    0.08    0.08    0.08    0.08    0.08    0.07    0.86    0.60    0.25    0.40    0.12      2.78      0.23
    1968    0.09    0.06    0.06    0.06    0.06    0.05    0.05    0.04    0.04    0.04    0.03    0.03      0.61      0.05
    1969    0.04    0.02    0.02    0.02    0.01    0.01    0.01    0.17    0.33    0.36    0.15    0.02      1.17      0.10
    1970    0.02    0.02    0.01    0.01    0.01    0.01    0.01    0.01    0.07    0.15    0.43    0.14      0.89      0.07
    1971    0.01    0.01    0.01    0.01    0.01    0.01    0.03    0.02    0.20    0.09    0.02    0.02      0.44      0.04
    1972    0.01    0.01    0.01    0.01    0.00    0.15    0.05    0.04    0.01    0.59    0.25    0.02      1.14      0.09
    1973    0.01    0.01    0.01    0.01    0.01    0.01    0.01    0.18    1.13    0.37    3.00    1.03      5.77      0.48
    1974    0.06    0.06    0.05    0.05    0.05    0.05    0.05    2.48    0.88    0.06    0.07    0.06      3.91      0.33
    1975    0.05    0.05    0.04    0.04    0.04    0.03    1.49    0.53    5.23    3.50    0.64    0.12     11.75      0.98
    1976    0.12    0.24    0.12    0.13    0.13    0.12    0.11    3.26    2.71    7.19    8.77    2.31     25.21      2.10
    1977    0.24    0.24    0.23    0.21    0.18    0.16    0.15    0.14    0.12    0.11    0.55    0.20      2.53      0.21
    1978    0.09    0.08    0.14    0.06    0.05    0.05    0.04    0.16    0.37    0.12    0.13    0.06      1.34      0.11
    1979    0.03    0.03    0.02    0.02    0.02    0.02    0.02    0.48    0.83    0.24    0.26    0.09      2.05      0.17
    1980    0.03    0.15    0.05    0.02    0.02    0.02    0.02    0.02    0.02    0.85    1.43    0.51      3.14      0.26
    1981    0.04    0.04    0.03    0.03    0.03    0.03    0.38    0.14    0.34    0.34    0.10    0.03      1.53      0.13
    1982    0.05    0.03    0.03    0.02    0.02    0.02    0.02    1.17    0.81    0.25    0.04    0.18      2.64      0.22
    1983    0.06    0.04    0.03    0.03    0.03    0.04    0.03    1.36    0.48    0.04    0.04    0.09      2.27      0.19
    1984    0.38    0.12    0.06    0.04    0.02    0.07    0.10    0.16    0.14    0.59    0.27    0.03      1.98      0.17
    1985    0.03    0.03    0.11    0.04    0.03    0.03    0.03    0.03    1.69    0.93    0.54    0.15      3.63      0.30
    1986    0.05    0.05    0.05    0.05    0.05    0.04    0.13    0.09    0.31    1.01    0.82    0.41      3.06      0.25
    1987    0.08    0.07    0.07    0.07    0.07    0.07    0.07    0.06    0.24    0.09    0.21    0.15      1.24      0.10
    1988    0.04    0.04    0.04    0.03    0.03    0.03    0.09    0.04    0.05    0.42    0.75    0.39      1.94      0.16
    1989    0.06    0.03    0.03    0.03    0.03    0.03    1.63    1.16    0.98    0.68    0.14    0.08      4.91      0.41
    1990    0.09    0.09    0.09    0.09    0.09    0.09    0.08    0.08    0.71    6.35    2.08    0.25     10.10      0.84
    1991    0.34    0.11    0.11    0.11    0.10    0.10    0.09    0.09    0.43    0.29    0.09    0.06      1.93      0.16
    1992    0.18    0.06    0.05    0.04    0.04    0.03    1.90    4.18    1.35    7.73    4.27    0.60     20.43      1.70
    1993    0.18    0.18    0.18    0.16    0.14    0.13    0.11    0.10    5.61    2.00    0.13    0.11      9.03      0.75
    1994    0.11    0.10    0.09    0.08    0.08    0.07    0.06    0.09    0.09    0.56    0.31    0.04      1.69      0.14
    1995    0.12    0.04    0.04    0.03    0.03    0.03    0.02    0.04    0.62    1.25    1.40    5.68      9.30      0.77
    1996    1.89    0.35    0.13    0.13    0.13    0.14    0.11    0.47    6.89    2.30    0.14    0.14     12.81      1.07
    1997    0.13    0.12    0.11    0.10    0.09    0.09    0.08    0.85    0.30    0.07    0.06    0.06      2.04      0.17
    1998    0.05    0.04    0.03    0.03    0.03    0.03    0.02    0.02    0.03    0.08    0.02    0.88      1.27      0.11
    1999    0.31    0.02    0.02    0.02    0.01    0.01    0.01    0.01    0.02    0.78    0.31    0.16      1.69      0.14
    2000    0.05    0.02    0.01    0.01    0.01    0.01    0.13    0.28    0.08    9.75    9.59    2.19     22.14      1.85
    2001    0.14    0.13    0.13    0.13    0.12    0.12    0.11    1.03    0.35    0.64    0.47    0.15      3.52      0.29
    2002    0.09    0.08    0.07    0.07    0.06    0.06    0.05    0.05    0.04    0.04    3.26    1.13      5.00      0.42
    2003    0.06    0.05    0.05    0.04    0.04    0.03    0.05    0.02    0.38    0.24    0.07    0.02      1.06      0.09
    2004    0.22    0.07    0.02    0.02    0.02    0.01    0.06    0.08    0.09    0.04    1.83    0.64      3.10      0.26
    2005    0.03    0.03    0.03    0.03    0.02    0.02    0.02    5.09    1.97    0.16    0.09    0.07      7.56      0.63
    2006    0.07    0.07    0.07    0.06    0.06    0.06    0.13    0.09    3.96    2.18   10.82    3.52     21.09      1.76
    2007    0.18    0.17    0.16    0.16    0.15    0.14    0.13    0.36    1.25   26.43   17.84    3.33     50.30      4.19
    2008    0.24    0.23    0.22    0.20    0.18    0.16    0.15    0.15    2.49    1.17    0.20    0.13      5.53      0.46
    2009    0.12    1.15    0.38    0.11    0.10    0.09    0.08    0.72    0.56    0.14    0.09    0.08      3.62      0.30
  
 AVERAGE    0.12    0.09    0.07    0.06    0.05    0.05    0.15    0.54    1.37    1.47    1.43    0.52      5.92      0.49
