    1920    0.88    2.60    1.11    0.21    0.13    0.08    0.11    0.10   29.09   11.95    7.05   11.85     65.17      5.43
    1921    4.23    0.78    0.62    3.86    1.34    0.43    0.40    0.41    8.60    3.53   18.55    6.94     49.70      4.14
    1922    1.07    6.80    2.43    0.50    0.38    0.32    3.29   10.30    6.44   31.50   29.52    7.86    100.40      8.37
    1923    1.32    2.90    1.11    0.47    0.39    0.36    0.34    0.70   13.88    5.10    2.42    1.38     30.36      2.53
    1924    0.86    0.87    0.40    0.31    0.27    0.23    0.21    0.20    2.35    1.59    0.62    1.63      9.54      0.79
    1925    3.57    1.46    0.30    0.20    0.17    0.15    0.13    0.33    0.40    2.10    1.19    0.57     10.55      0.88
    1926   17.50    6.00    0.28    0.19    0.17    0.16    0.15    0.39    0.29    0.28    2.37    1.14     28.91      2.41
    1927    0.33    0.41    0.34    0.13    0.09    0.08    0.07    0.07    0.58    0.30    0.27    0.64      3.32      0.28
    1928    0.38    0.18    0.09    0.05    0.04    0.04    0.11    0.16    0.15    0.76    0.51    0.32      2.78      0.23
    1929    0.22    0.22    0.55    0.21    0.06    0.26    0.18    1.17    0.66    0.41    0.64    0.74      5.34      0.45
    1930    0.55    0.43    0.18    0.08    0.07    0.06    1.38    0.59    0.18    1.00    2.03    1.10      7.66      0.64
    1931    1.81    0.83    0.19    0.13    0.38    0.17    0.11    0.83    0.56    0.32    0.34    0.48      6.13      0.51
    1932    0.34    0.16    0.09    0.06    0.05    0.05    0.05    0.15    1.18    0.64    0.68    0.51      3.95      0.33
    1933    0.32    0.19    0.08    0.05    0.04    0.04    0.04    0.11    0.10    0.30    0.52    0.89      2.68      0.22
    1934    0.62    0.27    0.09    0.05    0.04    0.04    0.44    0.56    1.01    0.73    0.49    0.59      4.91      0.41
    1935    0.43    0.28    0.13    0.86    0.35    0.09    0.07    0.44    0.74    1.52    0.93    0.67      6.51      0.54
    1936    0.60    0.51    0.41    0.16    0.11    0.12    0.19    0.14    0.40    3.90    1.76    0.85      9.15      0.76
    1937    0.62    0.32    0.18    0.14    0.11    0.92    0.59    0.46    0.45    0.82    0.84    1.73      7.19      0.60
    1938    1.15    0.54    0.23    0.15    0.14    0.21    0.34    0.24    0.24    0.88    2.02    1.09      7.22      0.60
    1939    0.48    0.27    0.16    0.11    8.36    2.98    0.37    0.27    1.40    0.96    0.56    0.60     16.53      1.38
    1940    0.42    1.44    0.54    0.14    0.12    0.11    1.71    1.00    0.53    0.72    0.63    1.16      8.52      0.71
    1941    0.98    0.44    0.28    0.15    0.12    0.11    0.11    0.65    1.32    0.66    0.50    0.47      5.78      0.48
    1942    0.44    0.23    0.32    1.27    0.46    0.23    0.26    0.14    0.30    0.79    0.88    0.97      6.28      0.52
    1943    0.58    0.66    0.26    0.10    0.07    0.06    0.06    0.65    0.61    0.36    2.11    1.55      7.08      0.59
    1944    0.79    0.38    0.17    0.11    0.09    0.09    0.09    2.21    2.18    1.22    3.02    1.65     11.99      1.00
    1945    2.65    1.16    0.32    0.25    0.23    1.42    0.54    0.27    0.30    0.34    0.56    1.18      9.21      0.77
    1946    0.69    0.29    0.16    0.11    0.09    0.16    0.10    0.11    0.14    1.36    0.75    0.36      4.31      0.36
    1947    0.41    0.23    0.09    0.06    0.05    0.61    0.40    0.16    0.36    0.57    0.42    0.36      3.71      0.31
    1948    9.97    3.50    0.20    0.13    0.10    0.09    0.11    0.13    0.19    0.28    0.80    0.59     16.09      1.34
    1949    0.37    0.69    0.28    0.07    0.05    0.04    0.04    0.03    0.03    0.03    0.02    0.02      1.66      0.14
    1950    0.02    0.01    0.01    0.01    0.01    0.01    1.77    0.92    3.56    1.83    1.03    6.31     15.49      1.29
    1951    2.73    0.55    0.32    0.25    0.23    0.21    0.20    0.21    0.37    0.86    4.53    3.18     13.63      1.14
    1952    1.20    0.98    0.46    0.24    0.19    0.17    1.11    0.50    0.42    2.22    1.21    0.60      9.31      0.78
    1953    0.43    0.28    0.17    0.12    0.10    0.09    0.40    6.38    2.89    4.27    7.34    2.89     25.34      2.11
    1954    0.90    0.57    0.35    0.25    3.61    1.30    0.24    0.23    0.74    1.11    7.03    2.91     19.23      1.60
    1955    1.22    0.60    0.25    0.18    0.16    0.15    0.15    3.84    3.62    3.04    1.98    1.09     16.28      1.36
    1956    0.74    0.43    0.30    0.21    0.18    0.16    0.17    5.58    6.73    2.77    3.16    2.03     22.46      1.87
    1957    4.20    1.72    0.38    0.27    0.23    0.21    0.22    2.26    1.05    0.46    1.63    0.86     13.49      1.12
    1958    0.43    0.28    0.16    0.13    0.11    0.10    7.19    3.80    0.82    0.51    1.66    1.03     16.21      1.35
    1959    0.77    0.39    0.19    0.14    0.12    0.11    0.12    0.25    0.95    0.71    0.43    0.36      4.54      0.38
    1960    0.26    0.15    0.40    1.30    0.46    0.08    0.07    0.29    0.95    0.90    0.77    1.00      6.63      0.55
    1961    0.68    0.29    0.12    0.09    0.08    0.30    0.54    0.24    1.66    0.93    1.37    0.88      7.17      0.60
    1962    2.35    1.04    0.19    0.13    0.11    0.10    0.10    0.11    0.11    0.79    1.09    0.56      6.68      0.56
    1963    0.36    0.22    0.16    0.08    0.06    0.20    0.11    0.09    3.84    1.88    1.20    0.92      9.11      0.76
    1964    0.57    4.00    1.51    0.17    0.15    0.23    0.27    0.37    0.30    0.42    0.43    0.37      8.80      0.73
    1965    0.29    0.18    0.11    0.08    0.06    0.05    0.44    0.31    0.17    1.17    3.13    1.60      7.59      0.63
    1966    0.61    0.28    0.13    0.10    0.09    0.08    3.67    1.46    1.83    1.21    0.75    0.63     10.83      0.90
    1967    0.50    0.32    0.18    0.14    0.12    0.10    0.09    0.17    0.73    0.50    0.67    0.47      3.99      0.33
    1968    0.39    0.22    0.10    0.07    0.06    0.05    0.22    0.12    0.28    0.22    0.22    0.21      2.14      0.18
    1969    0.28    0.15    0.05    0.03    0.08    0.03    0.02    0.04    0.37    0.76    0.94    0.58      3.33      0.28
    1970    0.48    0.26    0.10    0.05    0.04    0.04    0.06    0.15    0.58    1.75    1.50    0.83      5.85      0.49
    1971    0.51    0.29    0.16    0.11    0.09    0.09    0.21    0.65    0.40    0.33    1.12    0.79      4.73      0.39
    1972    0.41    0.19    0.10    0.07    0.06    0.05    0.05    0.13    0.14    0.34    0.29    0.36      2.19      0.18
    1973    0.26    0.13    0.06    0.04    0.03    0.03    0.02    1.47    0.67    0.24    5.60    2.47     11.01      0.92
    1974    0.73    0.36    0.14    0.10    0.09    0.08    0.08    0.66    0.35    0.90    1.04    0.63      5.16      0.43
    1975    0.85    0.43    0.13    0.08    0.07    0.06    2.13    0.94   11.33    4.53    1.01    0.86     22.42      1.87
    1976    0.69    0.55    0.31    0.23    0.50    0.21    0.21    2.21    1.52    2.86    1.95    1.04     12.27      1.02
    1977    0.74    0.50    0.34    0.26    0.23    0.21    0.21    0.23    0.24    2.03    1.73    1.14      7.86      0.66
    1978    0.70    0.35    0.20    0.15    4.74    1.71    0.16    0.94    1.01    0.85    0.68    0.56     12.05      1.00
    1979    1.85    0.82    0.18    0.13    0.11    0.09    0.09    0.28    1.21    0.60    0.32    0.30      5.99      0.50
    1980    0.24    2.12    0.83    0.91    0.35    0.10    1.50    0.64    0.21    1.13    0.93    0.74      9.70      0.81
    1981    0.47    0.25    0.13    0.09    0.07    0.06    2.09    0.82    0.60    0.39    0.45    0.37      5.77      0.48
    1982    0.25    0.14    0.07    0.05    0.39    0.20    0.07    1.72    3.03    1.69    0.96    0.77      9.34      0.78
    1983    0.53    0.30    0.18    0.14    0.13    0.12    0.13    3.25    1.35    0.72    0.55    0.59      8.00      0.67
    1984    0.81    0.39    0.27    0.53    0.22    0.13    0.45    0.22    0.29    3.38    1.59    0.55      8.82      0.73
    1985    0.77    0.39    0.15    0.10    0.09    0.23    0.14    0.11    0.27    0.61   12.67    4.81     20.34      1.70
    1986    0.75    0.70    0.28    0.16    0.14    0.13    0.34    0.48    0.75    0.68    1.77    1.29      7.48      0.62
    1987    0.64    0.29    0.17    0.13    0.11    0.10    1.24    0.57    0.36    0.40    0.97    0.66      5.63      0.47
    1988    0.38    0.20    0.11    0.08    0.07    1.34    5.87    2.15    2.79    3.01    6.07    5.09     27.17      2.26
    1989    2.24    0.79    0.43    0.32    0.29    0.26    1.11    1.67    2.10    1.80    1.05    0.82     12.89      1.07
    1990    0.59    0.37    0.24    0.20    0.16    0.14    0.13    0.43    0.79    3.22    1.47    0.73      8.49      0.71
    1991    1.90    0.84    0.21    0.14    0.12    0.11    0.22    0.63    1.77    0.97    1.05    1.19      9.18      0.76
    1992    3.05    1.33    0.27    0.18    0.20    0.15    2.67    1.28    0.74   10.31    4.27    0.99     25.43      2.12
    1993    0.66    0.39    0.28    0.22    0.18    0.16    0.27    0.26   10.65    4.16    0.81    0.73     18.78      1.57
    1994    0.58    0.35    0.54    0.21    0.15    1.75    0.76    0.92    0.70    1.37    1.10    0.77      9.20      0.77
    1995    0.64    0.40    0.78    0.28    0.15    0.13    0.12    0.11    0.49    1.59    0.95    1.16      6.80      0.57
    1996    2.30    1.10    0.29    0.15    0.11    0.10    0.13    1.53    1.28    0.56    0.80    0.56      8.91      0.74
    1997    0.51    0.35    0.14    0.09    0.07    0.07    1.39    4.68    1.82    0.95    0.84    0.64     11.54      0.96
    1998    0.44    2.80    1.44    0.24    0.16    0.13    0.49    0.27    0.22    0.23    0.60    0.96      7.96      0.66
    1999    0.50    0.19    0.11    0.10    0.07    0.59    0.25    0.23    0.23    0.59    0.60    0.76      4.21      0.35
    2000    0.50    0.21    0.09    0.06    0.05    0.04    0.06    0.18    0.13    1.99    2.30    1.24      6.84      0.57
    2001    0.76    0.41    0.16    2.22    0.83    0.12    0.16    0.36    1.74    1.89    2.12    1.47     12.24      1.02
    2002    0.80    0.41    0.23    0.19    0.17    1.77    0.66    0.64    0.37    0.35    4.52    2.21     12.33      1.03
    2003    0.62    0.33    0.19    0.14    0.12    0.11    0.11    0.12    0.30    0.97    0.59    0.37      3.96      0.33
    2004    3.80    1.48    0.16    0.39    0.15    0.08   32.35   11.16    2.40    1.27    0.96    0.80     55.01      4.58
    2005    0.60    0.38    0.24    0.19    0.17    0.15    0.23    1.27    0.55    4.86    2.24    0.69     11.56      0.96
    2006    0.53    0.34    0.20    0.14    0.12    0.11    0.11    0.21    1.33    3.11    1.65    0.77      8.62      0.72
    2007    0.64    1.62    0.63    0.18    0.15    0.14    0.13    0.72    0.68    1.61    1.62    1.69      9.81      0.82
    2008    0.96    1.99    0.81    0.21    0.16    0.14    0.13    0.14    0.76    0.79    0.60    0.82      7.52      0.63
    2009    1.22    0.60    0.17    0.10    0.08    0.08    0.07    0.23    0.78    0.60    0.38    0.31      4.63      0.39
  
 AVERAGE    1.22    0.81    0.32    0.26    0.35    0.27    0.95    1.05    1.81    1.90    2.17    1.35     12.47      1.04
