    1920    0.58    1.27    0.58    0.13    0.09    0.07    0.07    0.08   18.64    7.32    2.32    2.72     33.86      2.82
    1921    1.47    0.79    0.56    1.70    0.61    0.37    0.34    0.34    4.08    1.78    9.52    3.98     25.56      2.13
    1922    0.91    3.28    1.20    0.35    0.29    0.24    1.41    4.81    3.13   11.25   17.67    6.05     50.61      4.22
    1923    1.34    1.58    0.63    0.41    0.34    0.30    0.28    0.29    7.04    2.82    1.27    0.85     17.16      1.43
    1924    0.66    0.48    0.30    0.23    0.19    0.16    0.15    0.14    1.02    0.72    0.38    0.80      5.21      0.43
    1925    1.67    0.75    0.20    0.12    0.10    0.09    0.08    0.13    0.18    0.94    0.61    0.37      5.22      0.44
    1926    9.41    3.36    0.20    0.13    0.12    0.11    0.10    0.16    0.16    0.18    1.07    0.58     15.60      1.30
    1927    0.22    0.20    0.15    0.08    0.05    0.05    0.04    0.04    0.24    0.15    0.15    0.31      1.68      0.14
    1928    0.21    0.11    0.05    0.03    0.02    0.02    0.04    0.07    0.08    0.34    0.27    0.20      1.46      0.12
    1929    0.15    0.12    0.23    0.10    0.03    0.10    0.08    0.50    0.32    0.24    0.35    0.41      2.62      0.22
    1930    0.33    0.24    0.11    0.05    0.04    0.03    0.57    0.27    0.11    0.45    0.93    0.59      3.70      0.31
    1931    0.88    0.44    0.12    0.07    0.15    0.07    0.06    0.35    0.26    0.19    0.21    0.26      3.07      0.26
    1932    0.20    0.10    0.05    0.03    0.03    0.03    0.03    0.06    0.50    0.32    0.35    0.30      2.01      0.17
    1933    0.21    0.12    0.05    0.03    0.02    0.02    0.02    0.04    0.05    0.14    0.25    0.42      1.38      0.11
    1934    0.33    0.17    0.06    0.03    0.02    0.02    0.17    0.23    0.45    0.38    0.30    0.34      2.50      0.21
    1935    0.27    0.17    0.08    0.36    0.15    0.05    0.04    0.18    0.32    0.69    0.50    0.40      3.19      0.27
    1936    0.36    0.28    0.20    0.08    0.06    0.05    0.08    0.08    0.18    1.71    0.88    0.50      4.46      0.37
    1937    0.39    0.21    0.11    0.08    0.06    0.37    0.25    0.21    0.23    0.41    0.45    0.85      3.63      0.30
    1938    0.62    0.32    0.14    0.08    0.07    0.08    0.14    0.12    0.14    0.40    0.93    0.59      3.62      0.30
    1939    0.31    0.17    0.09    0.06    3.79    1.40    0.18    0.18    0.64    0.50    0.37    0.36      8.05      0.67
    1940    0.27    0.66    0.26    0.08    0.07    0.06    0.72    0.44    0.27    0.38    0.38    0.60      4.17      0.35
    1941    0.53    0.27    0.14    0.08    0.06    0.05    0.06    0.27    0.58    0.36    0.30    0.29      2.98      0.25
    1942    0.26    0.15    0.14    0.53    0.20    0.09    0.11    0.09    0.14    0.36    0.44    0.50      3.01      0.25
    1943    0.35    0.32    0.14    0.05    0.04    0.03    0.03    0.26    0.27    0.20    0.96    0.77      3.42      0.29
    1944    0.46    0.24    0.10    0.06    0.05    0.05    0.05    0.94    0.97    0.62    1.45    0.92      5.91      0.49
    1945    1.32    0.63    0.20    0.15    0.13    0.59    0.24    0.15    0.17    0.20    0.28    0.56      4.62      0.38
    1946    0.38    0.17    0.09    0.06    0.05    0.06    0.05    0.06    0.08    0.59    0.38    0.23      2.20      0.18
    1947    0.23    0.14    0.05    0.03    0.03    0.24    0.16    0.08    0.17    0.28    0.25    0.22      1.90      0.16
    1948    4.69    1.75    0.14    0.08    0.06    0.05    0.05    0.07    0.10    0.14    0.38    0.32      7.86      0.65
    1949    0.23    0.33    0.14    0.04    0.03    0.02    0.02    0.02    0.02    0.01    0.01    0.01      0.88      0.07
    1950    0.01    0.01    0.01    0.01    0.00    0.00    0.73    0.40    1.57    0.91    0.61    2.96      7.21      0.60
    1951    1.46    0.38    0.22    0.16    0.14    0.13    0.12    0.12    0.16    0.39    2.04    1.54      6.86      0.57
    1952    0.71    0.53    0.25    0.15    0.12    0.10    0.45    0.22    0.20    1.00    0.64    0.39      4.75      0.40
    1953    0.27    0.17    0.10    0.07    0.05    0.05    0.15    2.81    1.37    2.02    1.87    1.09     10.02      0.84
    1954    0.69    0.43    0.26    0.18    1.60    0.58    0.17    0.16    0.32    0.50    3.22    1.51      9.61      0.80
    1955    0.70    0.37    0.17    0.12    0.10    0.09    0.09    1.67    1.62    1.46    1.09    0.73      8.21      0.68
    1956    0.49    0.28    0.18    0.13    0.11    0.10    0.10    2.46    3.03    1.43    1.30    1.08     10.69      0.89
    1957    2.13    0.95    0.25    0.17    0.14    0.13    0.14    0.99    0.51    0.29    0.77    0.47      6.93      0.58
    1958    0.27    0.17    0.10    0.07    0.06    0.06    3.20    1.74    0.47    0.35    0.84    0.61      7.94      0.66
    1959    0.46    0.25    0.12    0.08    0.07    0.06    0.07    0.10    0.41    0.35    0.27    0.23      2.48      0.21
    1960    0.17    0.09    0.16    0.54    0.20    0.04    0.04    0.12    0.41    0.43    0.41    0.53      3.14      0.26
    1961    0.40    0.19    0.07    0.05    0.04    0.11    0.22    0.12    0.72    0.46    0.68    0.50      3.57      0.30
    1962    1.11    0.54    0.11    0.07    0.06    0.05    0.06    0.06    0.06    0.34    0.50    0.31      3.27      0.27
    1963    0.21    0.13    0.08    0.04    0.04    0.07    0.05    0.06    1.66    0.89    0.64    0.55      4.42      0.37
    1964    0.38    1.80    0.71    0.10    0.08    0.09    0.11    0.16    0.17    0.23    0.26    0.23      4.33      0.36
    1965    0.18    0.11    0.06    0.04    0.03    0.03    0.17    0.13    0.11    0.52    1.41    0.83      3.62      0.30
    1966    0.40    0.19    0.08    0.06    0.05    0.04    1.57    0.67    0.84    0.63    0.47    0.41      5.41      0.45
    1967    0.32    0.20    0.11    0.08    0.06    0.05    0.05    0.07    0.31    0.25    0.34    0.28      2.12      0.18
    1968    0.23    0.13    0.06    0.04    0.03    0.03    0.08    0.06    0.12    0.12    0.13    0.13      1.17      0.10
    1969    0.15    0.09    0.03    0.02    0.03    0.02    0.01    0.02    0.15    0.33    0.44    0.33      1.61      0.13
    1970    0.27    0.16    0.06    0.03    0.02    0.02    0.03    0.06    0.25    0.78    0.73    0.49      2.91      0.24
    1971    0.34    0.19    0.09    0.06    0.05    0.05    0.08    0.28    0.20    0.19    0.53    0.43      2.49      0.21
    1972    0.27    0.13    0.06    0.04    0.03    0.02    0.02    0.05    0.06    0.16    0.16    0.20      1.19      0.10
    1973    0.16    0.08    0.04    0.02    0.02    0.01    0.01    0.61    0.30    0.15    2.49    1.22      5.11      0.43
    1974    0.46    0.24    0.09    0.06    0.05    0.05    0.05    0.27    0.17    0.41    0.51    0.37      2.74      0.23
    1975    0.44    0.24    0.07    0.04    0.04    0.04    0.90    0.42    5.47    2.35    0.70    0.63     11.34      0.94
    1976    0.50    0.35    0.22    0.16    0.20    0.14    0.13    0.97    0.70    1.36    1.04    0.67      6.43      0.54
    1977    0.48    0.31    0.22    0.15    0.13    0.12    0.12    0.13    0.14    0.89    0.81    0.60      4.10      0.34
    1978    0.42    0.22    0.12    0.09    2.05    0.77    0.09    0.39    0.45    0.43    0.40    0.36      5.78      0.48
    1979    0.88    0.43    0.11    0.07    0.06    0.05    0.05    0.11    0.52    0.31    0.20    0.19      2.97      0.25
    1980    0.15    0.92    0.38    0.39    0.16    0.06    0.63    0.30    0.13    0.52    0.47    0.42      4.52      0.38
    1981    0.30    0.16    0.07    0.05    0.04    0.03    0.88    0.37    0.27    0.22    0.25    0.23      2.87      0.24
    1982    0.16    0.09    0.04    0.03    0.15    0.08    0.04    0.73    1.33    0.84    0.58    0.51      4.59      0.38
    1983    0.36    0.19    0.11    0.08    0.07    0.06    0.06    1.40    0.64    0.39    0.34    0.35      4.05      0.34
    1984    0.43    0.23    0.13    0.22    0.10    0.07    0.18    0.11    0.14    1.49    0.80    0.37      4.25      0.35
    1985    0.42    0.23    0.09    0.06    0.05    0.08    0.06    0.06    0.12    0.28    6.24    2.54     10.23      0.85
    1986    0.53    0.41    0.17    0.12    0.10    0.09    0.13    0.20    0.34    0.35    0.86    0.69      3.99      0.33
    1987    0.40    0.19    0.10    0.07    0.06    0.05    0.52    0.25    0.18    0.22    0.48    0.38      2.92      0.24
    1988    0.25    0.13    0.06    0.04    0.04    0.56    2.55    1.02    1.31    1.48    1.47    1.48     10.39      0.87
    1989    1.11    0.59    0.31    0.22    0.19    0.17    0.46    0.72    0.96    0.90    0.64    0.54      6.80      0.57
    1990    0.38    0.23    0.15    0.11    0.09    0.08    0.07    0.17    0.34    1.44    0.76    0.44      4.26      0.36
    1991    0.92    0.45    0.13    0.08    0.07    0.06    0.09    0.26    0.78    0.50    0.56    0.64      4.54      0.38
    1992    1.44    0.70    0.16    0.10    0.09    0.08    1.14    0.57    0.37    4.91    2.25    0.71     12.51      1.04
    1993    0.47    0.27    0.19    0.14    0.12    0.10    0.11    0.13    5.07    2.13    0.60    0.53      9.85      0.82
    1994    0.41    0.24    0.24    0.13    0.10    0.75    0.33    0.40    0.35    0.67    0.61    0.48      4.72      0.39
    1995    0.39    0.24    0.35    0.13    0.08    0.07    0.06    0.06    0.20    0.69    0.48    0.58      3.34      0.28
    1996    1.08    0.57    0.17    0.08    0.06    0.05    0.05    0.65    0.57    0.32    0.43    0.34      4.38      0.36
    1997    0.29    0.19    0.08    0.05    0.04    0.04    0.58    2.03    0.89    0.54    0.52    0.43      5.67      0.47
    1998    0.29    1.26    0.64    0.13    0.09    0.07    0.19    0.12    0.13    0.14    0.28    0.45      3.78      0.32
    1999    0.28    0.12    0.06    0.05    0.04    0.24    0.11    0.10    0.12    0.28    0.31    0.40      2.11      0.18
    2000    0.29    0.14    0.05    0.03    0.03    0.02    0.02    0.07    0.07    0.86    1.04    0.65      3.29      0.27
    2001    0.45    0.26    0.10    0.95    0.37    0.07    0.06    0.15    0.76    0.88    1.04    0.82      5.91      0.49
    2002    0.52    0.26    0.14    0.11    0.09    0.74    0.29    0.28    0.20    0.21    2.02    1.10      5.96      0.50
    2003    0.41    0.20    0.11    0.08    0.07    0.06    0.06    0.06    0.13    0.43    0.31    0.23      2.15      0.18
    2004    1.69    0.72    0.10    0.16    0.07    0.05   21.55    7.37    1.23    0.79    0.65    0.63     35.02      2.92
    2005    0.47    0.30    0.19    0.15    0.13    0.11    0.11    0.53    0.27    2.19    1.14    0.48      6.07      0.51
    2006    0.37    0.23    0.13    0.09    0.08    0.07    0.07    0.09    0.58    1.40    0.86    0.51      4.47      0.37
    2007    0.40    0.76    0.31    0.10    0.08    0.08    0.07    0.30    0.30    0.73    0.80    0.87      4.81      0.40
    2008    0.57    0.94    0.40    0.12    0.09    0.07    0.07    0.07    0.32    0.36    0.32    0.43      3.76      0.31
    2009    0.60    0.33    0.10    0.05    0.04    0.04    0.04    0.09    0.33    0.29    0.23    0.20      2.35      0.20
  
 AVERAGE    0.67    0.44    0.18    0.14    0.17    0.13    0.50    0.50    0.90    0.89    1.07    0.71      6.31      0.53
