    1920    0.19    1.40    0.51    0.05    0.05    0.05    0.05    0.04   17.44    6.16    0.96    1.03     27.92      2.33
    1921    0.27    0.21    0.22    0.22    0.23    0.23    0.23    0.23    0.23    0.22    0.22    0.21      2.72      0.23
    1922    0.21    0.37    0.19    0.19    0.19    0.18    0.17    0.50    0.94    0.26    1.58    0.56      5.33      0.44
    1923    0.17    1.40    0.47    0.18    0.18    0.18    0.17    0.16    6.04    2.12    0.38    0.18     11.64      0.97
    1924    0.18    0.16    0.16    0.16    0.15    0.15    0.14    0.14    0.58    0.26    0.12    0.21      2.42      0.20
    1925    1.80    0.59    0.13    0.13    0.13    0.12    0.12    0.11    0.11    0.44    0.15    0.10      3.93      0.33
    1926   15.99    5.25    0.18    0.17    0.16    0.15    0.14    0.13    0.12    0.11    0.54    0.18     23.12      1.93
    1927    0.10    0.09    0.08    0.08    0.07    0.07    0.06    0.06    0.06    0.05    0.05    0.04      0.80      0.07
    1928    0.04    0.04    0.04    0.03    0.03    0.03    0.03    0.02    0.02    0.08    0.03    0.02      0.40      0.03
    1929    0.02    0.02    0.14    0.05    0.01    0.04    0.01    0.20    0.07    0.01    0.01    0.01      0.59      0.05
    1930    0.01    0.01    0.01    0.01    0.01    0.01    0.70    0.25    0.02    0.13    0.33    0.10      1.59      0.13
    1931    0.61    0.22    0.03    0.03    0.09    0.03    0.03    0.12    0.04    0.02    0.02    0.02      1.27      0.11
    1932    0.02    0.02    0.02    0.02    0.02    0.02    0.02    0.02    0.16    0.05    0.02    0.02      0.43      0.04
    1933    0.02    0.02    0.02    0.02    0.02    0.02    0.02    0.02    0.01    0.04    0.28    0.11      0.58      0.05
    1934    0.02    0.01    0.01    0.01    0.01    0.01    0.08    0.34    0.15    0.01    0.01    0.01      0.71      0.06
    1935    0.01    0.05    0.02    0.02    0.01    0.01    0.01    0.03    0.01    0.06    0.02    0.01      0.28      0.02
    1936    0.01    0.19    0.08    0.02    0.02    0.02    0.02    0.02    0.06    0.61    0.21    0.03      1.28      0.11
    1937    0.02    0.02    0.02    0.02    0.02    0.07    0.03    0.05    0.02    0.04    0.04    0.38      0.73      0.06
    1938    0.15    0.02    0.02    0.02    0.02    0.07    0.03    0.02    0.02    0.06    0.68    0.24      1.37      0.11
    1939    0.03    0.03    0.03    0.03    1.84    0.65    0.10    0.05    0.22    0.07    0.05    0.05      3.15      0.26
    1940    0.04    0.38    0.13    0.05    0.05    0.04    1.11    0.73    0.28    0.08    0.05    0.11      3.05      0.25
    1941    0.07    0.05    0.06    0.06    0.06    0.06    0.06    0.23    0.17    0.05    0.06    0.06      0.97      0.08
    1942    0.06    0.06    0.10    0.95    0.32    0.06    0.06    0.06    0.06    0.06    0.05    0.05      1.88      0.16
    1943    0.05    0.82    0.29    0.06    0.06    0.06    0.05    0.18    0.60    0.18    0.41    0.75      3.52      0.29
    1944    0.21    0.05    0.05    0.05    0.05    0.05    0.04    2.73    1.44    0.30    0.62    0.19      5.79      0.48
    1945    1.82    0.64    0.10    0.10    0.10    0.53    0.18    0.11    0.10    0.10    0.10    0.10      3.99      0.33
    1946    0.10    0.10    0.09    0.09    0.09    0.16    0.09    0.09    0.09    0.59    0.20    0.08      1.76      0.15
    1947    0.08    0.08    0.08    0.08    0.08    0.12    0.07    0.07    0.06    0.07    0.05    0.05      0.89      0.07
    1948    8.71    2.89    0.11    0.10    0.10    0.09    0.40    0.16    0.07    0.07    0.06    0.06     12.82      1.07
    1949    0.05    1.06    0.37    0.06    0.05    0.05    0.05    0.04    0.04    0.04    0.03    0.03      1.88      0.16
    1950    0.03    0.03    0.03    0.03    0.02    0.02    0.11    0.04    1.66    0.79    0.14    0.91      3.79      0.32
    1951    0.31    0.05    0.05    0.05    0.05    0.05    0.05    0.04    0.04    0.04    0.57    0.53      1.84      0.15
    1952    0.12    1.14    0.40    0.07    0.06    0.06    0.08    0.06    0.06    0.31    0.10    0.06      2.53      0.21
    1953    0.06    0.06    0.06    0.06    0.06    0.06    0.06    6.68    2.29    0.85    1.52    0.42     12.21      1.02
    1954    0.13    0.12    0.12    0.12    1.55    0.52    0.13    0.13    0.14    0.34    1.59    0.51      5.39      0.45
    1955    0.13    0.13    0.13    0.13    0.13    0.13    0.13    0.59    0.51    0.39    0.17    0.14      2.72      0.23
    1956    0.14    0.14    0.15    0.15    0.15    0.15    0.15    1.89    3.02    1.07    0.70    0.22      7.93      0.66
    1957    1.15    0.38    0.20    0.20    0.20    0.20    0.20    2.02    0.67    0.22    0.32    0.20      5.97      0.50
    1958    0.21    0.21    0.21    0.21    0.20    0.20    1.97    0.89    0.20    0.19    0.50    0.18      5.17      0.43
    1959    0.19    0.19    0.19    0.19    0.19    0.18    0.18    0.17    0.15    0.15    0.14    0.13      2.05      0.17
    1960    0.12    0.11    0.11    0.10    0.09    0.09    0.08    0.07    0.07    0.06    0.20    0.09      1.19      0.10
    1961    0.06    0.06    0.05    0.05    0.05    0.16    0.08    0.04    0.22    0.07    3.24    1.12      5.19      0.43
    1962    0.88    0.30    0.07    0.07    0.06    0.06    0.06    0.05    0.05    0.20    0.23    0.05      2.07      0.17
    1963    0.05    0.04    0.04    0.04    0.04    0.04    0.04    0.04    1.29    0.47    0.10    0.04      2.23      0.19
    1964    0.05    2.19    0.77    0.07    0.07    0.08    0.06    0.05    0.05    0.07    0.05    0.05      3.55      0.30
    1965    0.04    0.04    0.04    0.04    0.03    0.03    0.03    0.03    0.03    0.03    0.49    0.19      1.02      0.08
    1966    0.03    0.03    0.03    0.03    0.03    0.02    6.62    2.21    0.13    0.07    0.07    0.06      9.33      0.78
    1967    0.06    0.06    0.05    0.05    0.05    0.04    0.04    0.04    0.40    0.13    0.04    0.03      1.00      0.08
    1968    0.03    0.03    0.03    0.03    0.03    0.03    0.02    0.02    0.06    0.02    0.02    0.02      0.36      0.03
    1969    0.02    0.02    0.02    0.02    0.02    0.02    0.02    0.02    0.07    0.07    0.12    0.04      0.45      0.04
    1970    0.01    0.01    0.01    0.01    0.01    0.01    0.01    0.01    0.01    0.87    0.74    0.16      1.87      0.16
    1971    0.02    0.02    0.02    0.02    0.02    0.02    0.17    0.08    0.02    0.02    0.47    0.19      1.09      0.09
    1972    0.03    0.03    0.03    0.03    0.03    0.03    0.03    0.03    0.03    0.03    0.03    0.03      0.36      0.03
    1973    0.03    0.03    0.03    0.03    0.03    0.03    0.03    0.42    0.15    0.03    3.39    1.17      5.36      0.45
    1974    0.06    0.06    0.05    0.05    0.05    0.04    0.04    0.08    0.03    0.08    0.42    0.14      1.10      0.09
    1975    0.03    0.03    0.03    0.03    0.03    0.02    0.92    0.33    3.26    1.16    0.07    0.07      5.98      0.50
    1976    0.06    0.06    0.06    0.06    0.06    0.06    0.06    1.27    0.52    0.60    0.20    0.08      3.11      0.26
    1977    0.09    0.09    0.09    0.09    0.09    0.10    0.10    0.10    0.10    0.09    0.13    0.09      1.15      0.10
    1978    0.10    0.10    0.10    0.10    1.96    0.68    0.12    0.11    0.10    0.09    0.09    0.09      3.64      0.30
    1979    0.09    0.08    0.08    0.08    0.08    0.07    0.07    0.07    0.14    0.05    0.05    0.05      0.91      0.08
    1980    0.04    0.16    0.05    0.75    0.26    0.04    0.63    0.22    0.04    0.13    0.30    0.09      2.71      0.23
    1981    0.04    0.03    0.03    0.03    0.03    0.03    2.08    0.73    0.05    0.05    0.04    0.04      3.18      0.27
    1982    0.04    0.04    0.03    0.03    0.03    0.03    0.03    0.35    0.70    0.40    0.07    0.04      1.79      0.15
    1983    0.04    0.04    0.04    0.04    0.04    0.04    0.04    0.74    0.26    0.05    0.05    0.04      1.42      0.12
    1984    0.04    0.04    0.04    0.04    0.04    0.04    0.06    0.03    0.03    2.67    0.93    0.06      4.03      0.34
    1985    0.17    0.06    0.06    0.06    0.06    0.06    0.05    0.05    0.05    0.04   10.87    3.58     15.11      1.26
    1986    0.12    0.11    0.11    0.10    0.09    0.09    0.88    0.32    0.08    0.08    0.16    0.07      2.19      0.18
    1987    0.07    0.07    0.06    0.06    0.06    0.06    0.08    0.05    0.05    0.05    0.05    0.05      0.70      0.06
    1988    0.05    0.04    0.04    0.04    0.04    0.76    3.66    1.18    0.62    0.46    0.27    0.17      7.34      0.61
    1989    0.23    0.08    0.09    0.09    0.10    0.10    1.48    0.69    0.84    0.26    0.12    0.12      4.20      0.35
    1990    0.12    0.12    0.12    0.12    0.12    0.12    0.12    0.12    0.12    0.61    0.20    0.13      2.02      0.17
    1991    0.17    0.12    0.13    0.13    0.13    0.13    0.12    0.15    0.11    0.10    0.09    0.09      1.45      0.12
    1992    0.89    0.29    0.09    0.09    0.08    0.08    5.68    1.99    0.11    1.50    0.50    0.12     11.43      0.95
    1993    0.12    0.12    0.11    0.11    0.11    0.11    0.42    0.14    2.36    0.83    0.13    0.13      4.69      0.39
    1994    0.12    0.12    0.68    0.23    0.13    1.77    0.61    0.46    0.15    0.13    0.13    0.13      4.68      0.39
    1995    0.13    0.13    0.28    0.12    0.13    0.13    0.13    0.12    0.11    0.95    0.32    0.10      2.65      0.22
    1996    1.93    0.75    0.12    0.11    0.11    0.11    0.10    0.64    0.28    0.09    0.09    0.08      4.41      0.37
    1997    0.08    0.08    0.08    0.08    0.07    0.07    1.13    2.82    0.87    0.10    0.09    0.09      5.55      0.46
    1998    0.09    0.68    0.78    0.18    0.09    0.09    0.12    0.08    0.08    0.08    0.17    0.08      2.51      0.21
    1999    0.07    0.07    0.07    0.41    0.14    0.72    0.24    0.07    0.06    0.16    0.05    0.06      2.11      0.18
    2000    0.05    0.05    0.05    0.05    0.05    0.05    0.04    0.04    0.04    0.30    0.26    0.06      1.04      0.09
    2001    0.03    0.03    0.03    0.43    0.15    0.03    0.03    0.05    0.06    0.25    0.09    0.02      1.20      0.10
    2002    0.02    0.02    0.02    0.02    0.02    7.92    2.63    0.35    0.12    0.08    1.99    0.71     13.90      1.16
    2003    0.09    0.08    0.08    0.08    0.07    0.07    0.07    0.06    0.06    0.05    0.05    0.05      0.82      0.07
    2004    4.12    1.42    0.09    0.49    0.16    0.08   18.49    6.04    0.34    0.15    0.15    0.14     31.69      2.64
    2005    0.14    0.13    0.12    0.12    0.11    0.10    0.10    0.09    0.08    1.69    1.11    0.18      3.96      0.33
    2006    0.09    0.09    0.08    0.08    0.07    0.07    0.07    0.07    0.06    0.67    0.22    0.07      1.63      0.14
    2007    0.07    3.19    1.20    0.10    0.10    0.09    0.09    0.08    0.08    0.07    0.10    0.06      5.21      0.43
    2008    0.06    2.02    0.72    0.08    0.08    0.08    0.07    0.07    0.52    0.25    0.06    0.06      4.08      0.34
    2009    1.43    0.50    0.07    0.07    0.07    0.06    0.06    0.06    0.13    0.05    0.05    0.05      2.60      0.22
  
 AVERAGE    0.51    0.36    0.14    0.11    0.14    0.22    0.61    0.47    0.59    0.37    0.47    0.21      4.20      0.35
