    1920    1.71    0.87    0.40    0.24    0.37    0.21    0.50    0.33   71.72   15.39   11.86    6.29    109.90      9.16
    1921    4.10    2.01    0.95    0.82    0.52    0.41    0.45    0.82    8.61    2.78    7.29    3.82     32.58      2.71
    1922    2.31    1.19    0.57    0.36    0.29    0.25    0.46    1.24   11.28    3.72    4.46    3.72     29.85      2.49
    1923    2.78    2.13    1.00    0.47    0.31    0.27    0.28    0.30    8.67    2.06    6.12    4.38     28.78      2.40
    1924    4.25    2.34    0.98    0.47    0.32    0.26    0.23    0.25   43.70    7.82    4.50    3.48     68.61      5.72
    1925    5.28    2.46    1.09    0.48    0.36    0.31    0.27    1.35    0.70    2.84    2.28    2.00     19.42      1.62
    1926    3.48    1.60    0.70    0.35    0.31    0.26    0.46    1.20    1.70    1.50    8.71    3.28     23.54      1.96
    1927    2.12    2.32    0.92    0.48    0.29    0.23    0.21    0.19   23.08    1.97    3.34    3.90     39.06      3.25
    1928    2.50    1.20    0.53    0.29    0.22    0.20    1.23    1.51    2.48    5.90    6.00    4.28     26.35      2.20
    1929    2.70    1.29    0.72    0.50    0.38    0.31    0.28    0.28    0.28    0.81    2.18    7.14     16.86      1.41
    1930    2.64    1.42    0.60    0.29    0.21    0.18    0.91    3.40    1.38    1.90   15.06    5.32     33.32      2.78
    1931    3.65    1.78    0.78    0.47    4.38    0.75    0.53    3.37    2.42    5.11    3.61    3.12     29.96      2.50
    1932    2.27    1.20    0.56    0.33    0.27    0.26    0.24    0.78    9.78   13.52    5.07    4.29     38.57      3.21
    1933    3.06    1.52    0.67    0.42    0.32    0.27    0.25    1.35    0.97    2.86    3.18    4.82     19.69      1.64
    1934    4.76    2.37    0.95    0.42    0.31    0.30    0.35    2.30    2.68    4.68    5.62    4.42     29.16      2.43
    1935    3.05    1.81    0.87    0.50    0.37    0.28    0.24    2.31    0.86    2.45    6.87    4.91     24.52      2.04
    1936    3.40    1.90    1.03    0.55    0.32    0.29    0.37    1.30    9.39   12.46    5.67    4.20     40.88      3.41
    1937    2.76    1.43    0.69    0.52    0.40    0.29    0.31    5.11    1.60    2.21    3.41    7.23     25.96      2.16
    1938    3.50    1.85    0.88    0.44    0.33    0.29    0.63    2.09    1.26    1.64    3.37    2.65     18.93      1.58
    1939    1.80    1.01    0.65    0.41    0.33    0.27    1.62    0.70    2.79    2.33    2.21    2.19     16.33      1.36
    1940    1.67    1.16    0.57    0.36    0.28    0.19    1.68   18.64   12.62    6.37    7.76   25.92     77.22      6.44
    1941    6.38    3.15    1.19    0.56    0.40    0.34    0.32    5.52   28.85    4.07    5.98    4.35     61.10      5.09
    1942    2.97    1.53    0.72    0.48    0.42    0.43    0.44    0.46    2.03   10.25   14.99    6.25     40.97      3.41
    1943    4.39    2.49    1.08    0.50    0.35    0.32    0.34    6.52   17.19    4.00    8.48    6.61     52.28      4.36
    1944    4.22    2.31    1.22    0.61    0.39    0.32    0.71    8.93   23.91   13.70   18.49    5.87     80.69      6.72
    1945    4.97    2.56    1.17    0.63    0.43    0.39    0.44    0.61    0.77    1.00    1.57    8.58     23.11      1.93
    1946    2.94    1.53    0.67    0.38    0.28    0.28    0.31    1.11    0.79   12.05    4.06    3.32     27.71      2.31
    1947    2.54    1.44    0.62    0.34    0.27    1.16    1.25    4.04    2.77    7.81    4.43    8.61     35.27      2.94
    1948    4.52    2.33    0.95    0.48    0.34    0.29    0.38    0.74    1.47    3.18    4.11    6.05     24.85      2.07
    1949    4.37    2.92    1.28    0.55    0.34    0.27    6.25    0.99    0.95   14.02    2.92    4.91     39.76      3.31
    1950    2.86    2.20    1.10    0.68    0.44    0.30    1.60    0.97   15.00    5.20    5.14    4.76     40.25      3.35
    1951    3.67    3.91    1.37    0.56    0.37    0.32    0.33   10.53    2.10    4.31   13.42    6.19     47.07      3.92
    1952    4.10    2.32    1.17    0.56    0.38    0.32    5.57    6.84    2.79    7.28    7.57    4.90     43.80      3.65
    1953    3.94    2.24    1.03    0.53    0.37    0.32    3.34   16.77    4.13   21.69   16.39    6.54     77.31      6.44
    1954    4.63    2.55    1.19    0.60    0.49    0.44    0.40    0.39    0.63    1.24    4.92    2.33     19.80      1.65
    1955    2.21    1.49    0.78    0.41    0.31    0.26    0.24    1.52    3.94    4.81    6.69    4.26     26.94      2.24
    1956    2.63    1.24    0.56    0.34    1.21    0.48    0.43   16.88   11.09   13.70   13.57    6.64     68.78      5.73
    1957    8.13    3.34    1.23    0.58    0.46    0.41    0.41    2.02    1.84    1.68    6.05    2.92     29.08      2.42
    1958    2.23    1.36    0.64    0.36    0.30    0.28    2.10   22.02    2.83    2.42    5.64    3.78     43.97      3.66
    1959    3.77    1.88    0.82    0.45    0.32    0.31    0.37    3.79    6.34    2.91    2.64    2.32     25.92      2.16
    1960    1.59    0.82    0.46    0.36    0.30    0.25    0.25    1.40    2.59    2.82    5.33    4.70     20.85      1.74
    1961    3.13    1.52    0.69    0.39    0.30    0.30    0.53    0.58   23.47    4.58   13.71    6.14     55.35      4.61
    1962    6.76    3.35    1.37    0.58    0.38    0.31    0.29    0.28    1.29    3.06   21.14    4.09     42.92      3.58
    1963    2.65    1.52    0.83    0.43    0.34    0.30    0.30    0.43    7.73    3.20    7.42    4.63     29.77      2.48
    1964    3.32    2.11    0.98    0.47    0.36    0.78    0.59    1.26    1.21    1.38    2.11    1.85     16.43      1.37
    1965    1.42    0.79    0.41    0.24    0.17    0.26    0.26    0.32    2.61    5.51    3.08    2.84     17.91      1.49
    1966    1.89    0.93    0.45    0.28    0.21    0.17    0.25    0.32    9.27    3.34    3.46    2.91     23.48      1.96
    1967    2.72    1.61    0.71    0.37    0.26    0.21    0.53    2.98    4.64    4.60    5.60    3.94     28.18      2.35
    1968    5.28    2.15    0.94    0.49    0.33    0.27    0.35    0.40    0.52    0.71    1.33    2.38     15.15      1.26
    1969    3.11    1.36    0.55    0.27    0.19    0.15    0.13    1.93    6.53    5.35    9.52    5.57     34.67      2.89
    1970    3.74    1.79    0.78    0.43    0.31    0.29    0.28    0.30    1.04    4.74    3.72    2.70     20.11      1.68
    1971    1.66    0.83    0.40    0.28    0.23    0.19    0.63    1.20    1.34    2.18    2.42    2.35     13.72      1.14
    1972    1.79    0.93    0.49    0.29    0.18    0.17    0.16    0.17    0.22   10.20    3.40    3.70     21.71      1.81
    1973    2.61    1.33    0.62    0.33    0.23    0.19    0.17    1.19    4.97    3.56   41.89    6.70     63.78      5.32
    1974    5.12    2.79    1.18    0.57    0.38    0.32    0.34   12.26    2.06    4.19    6.45    4.05     39.72      3.31
    1975    3.82    1.97    0.82    0.43    0.33    0.29    0.31    0.40   19.86    4.88    3.88    3.17     40.16      3.35
    1976    2.13    9.97    2.81    1.05    0.57    0.41    0.69   23.05   13.17   28.07   28.19    6.56    116.66      9.72
    1977    4.23    2.05    1.02    0.61    0.44    0.41    0.45    0.58    0.70    0.67    6.32    3.18     20.65      1.72
    1978    2.14    1.09    0.61    0.42    0.36    0.32    0.26    0.62    5.74    3.04    2.90    3.96     21.46      1.79
    1979    3.33    1.71    0.67    0.38    0.30    0.24    0.25    2.32    3.13    1.97    3.70    2.48     20.49      1.71
    1980    1.84    5.29    1.34    1.59    0.63    0.42    0.39    0.38    0.66    6.72    6.37    6.72     32.35      2.70
    1981    3.90    2.10    0.92    0.50    0.35    0.31    1.43    0.78    1.35    1.88    1.91    1.64     17.08      1.42
    1982    1.57    0.94    0.49    0.27    0.23    0.26    0.26   12.76    9.45   11.15    6.24    5.06     48.68      4.06
    1983    3.27    1.53    0.76    0.45    0.33    1.33    0.66   32.22    2.90    4.44    3.81   12.10     63.79      5.32
    1984    5.79    2.73    1.66    0.95    0.65    3.45    1.31    1.49    5.47    8.90    8.87    6.43     47.70      3.97
    1985    4.07    1.83    0.86    0.54    0.41    0.45    0.55    0.70    3.23    3.59   13.18    5.48     34.89      2.91
    1986    3.61    1.77    0.78    0.47    0.36    0.30    0.33    5.85    5.18    4.76    5.90    4.87     34.18      2.85
    1987    3.21    1.47    0.75    0.45    0.33    0.31    1.32    0.79    4.34    2.37    3.89    3.91     23.12      1.93
    1988    2.66    1.31    0.63    0.36    0.30    1.92    0.77    1.13    3.33    3.58    8.08   10.43     34.51      2.88
    1989    5.24    3.14    1.35    0.60    0.44    0.39    3.45    3.84    4.85    8.78    5.53    4.05     41.67      3.47
    1990    2.35    1.26    0.75    0.48    0.35    0.31    0.32    1.29    6.49   22.06    5.62    7.70     48.99      4.08
    1991    4.78    2.45    0.97    0.48    0.38    0.38    1.47    1.40   11.39    6.12    6.63    5.10     41.56      3.46
    1992    5.65    2.69    1.08    0.53    0.40    0.35    3.17    5.50    4.32   23.38    6.60    4.93     58.59      4.88
    1993    2.91    1.41    0.74    0.46    0.35    0.31    0.33    0.52   29.70    3.86    3.41    4.88     48.88      4.07
    1994    2.99    1.46    0.65    0.39    0.30    0.27    0.27    2.77    1.85    5.94    4.98    3.77     25.64      2.14
    1995    5.89    2.29    1.27    0.64    0.40    0.35    0.38    0.79   16.66   12.82   19.30   16.89     77.69      6.47
    1996    5.82    3.60    1.88    0.96    0.54    0.42    0.44    0.60   16.76    2.84    3.15    2.57     39.58      3.30
    1997    1.57    1.19    0.77    0.53    0.38    0.29    0.28   23.84    2.80    4.44    3.76    3.16     43.01      3.58
    1998    2.23    2.53    1.17    0.58    0.35    0.28    0.28    0.44    1.29    1.18    1.89    2.40     14.62      1.22
    1999    1.58    0.86    0.51    0.31    0.20    0.16    0.14    0.16    0.76    5.68    2.69    4.39     17.43      1.45
    2000    2.49    1.19    0.53    0.29    0.22    0.19    0.28    2.55    1.38   17.53    6.92    7.06     40.64      3.39
    2001    4.58    2.29    0.94    0.58    0.45    0.35    0.36    4.29    2.38   15.95    7.12    5.42     44.70      3.73
    2002    3.86    2.11    0.99    0.55    0.38    0.34    0.35    0.36    0.36    0.41    7.72    2.60     20.02      1.67
    2003    2.33    1.24    0.62    0.38    0.25    0.20    0.64    0.36    1.73    2.20    2.37    2.10     14.40      1.20
    2004    2.09    1.16    0.49    0.26    0.18    0.15    1.38    0.70    3.08    2.56    9.54    4.66     26.26      2.19
    2005    3.13    1.63    0.72    0.37    0.27    0.23    0.25    9.27    2.44    3.05    4.00    3.26     28.62      2.38
    2006    2.34    1.77    0.89    0.42    0.30    0.27    0.59    0.93   15.45   17.31    7.89    5.81     53.98      4.50
    2007    3.74    2.00    0.98    0.53    0.42    0.37    0.32    0.40    2.51   24.33    9.42   19.92     64.94      5.41
    2008    5.27    2.67    1.28    0.61    0.42    0.35    0.35    5.77   21.66    5.16    5.83    4.84     54.20      4.52
    2009    3.43    3.09    1.23    0.55    0.39    0.34    0.33   13.88    2.97    2.88    3.53    3.02     35.64      2.97
  
 AVERAGE    3.40    1.99    0.89    0.48    0.40    0.38    0.73    3.86    7.18    6.33    6.97    5.15     37.76      3.15
