    1920    3.88    0.62    1.80    0.88    8.89    1.46    6.01    1.10  120.93   49.72   22.39    5.88    223.56     18.63
    1921    2.60    0.80    3.98   11.50    0.50    3.06    4.23    7.05   37.55    9.09   32.29    3.54    116.19      9.68
    1922    1.53    0.59    0.21    0.20    0.16    0.15    5.99   14.04   42.49   13.92   13.87    4.85     97.99      8.17
    1923    3.06   15.38    0.65    0.22    0.16    0.20    0.61    0.90   33.00    9.11   30.89    8.91    103.09      8.59
    1924   12.50    3.62    0.39    0.20    0.17    0.15    0.57    2.87  102.53   35.87    8.25    3.72    170.82     14.24
    1925   17.35    3.54    0.40    0.16    0.82    0.27    0.20   15.96    3.76   29.15   11.05    3.79     86.46      7.21
    1926   22.52    3.37    0.38    0.21    1.52    0.27    8.47   10.81   17.20    4.61   37.43    5.07    111.85      9.32
    1927    1.57   13.20    0.71    0.44    0.19    1.28    0.40    0.24   55.54    7.45   17.79   13.51    112.33      9.36
    1928    2.46    2.16    0.50    0.19    0.16    2.89   13.51   13.75   22.16   28.61   23.38    4.36    114.14      9.51
    1929    1.60    0.41    2.16    1.70   15.44    0.67    0.47    0.60    0.81    7.22   27.22   23.74     82.04      6.84
    1930    4.23    1.16    0.31    0.16    0.19    0.21   21.66   18.66    9.39   23.58   35.12   14.75    129.41     10.78
    1931    4.76    1.18    0.79    0.49   19.30    0.69    0.44   21.02   12.35   25.38    5.56   12.16    104.13      8.68
    1932    2.43    0.51    0.25    0.19    0.27    0.44    0.38   11.83   44.39   39.52   15.67    4.07    119.96     10.00
    1933    2.60    0.78    1.76    0.28    0.20    1.22    0.47   13.82   17.67   13.49   16.74   22.37     91.38      7.61
    1934   24.93    2.14    0.32    0.16    0.20    0.67    6.13   13.94   11.38   22.19   18.46   13.44    113.97      9.50
    1935    2.71    2.37    0.34    0.87    0.23    0.21    0.23   16.61    7.04   17.29   31.78   10.00     89.70      7.47
    1936    2.65    8.20   15.88    0.60    0.19   10.51    5.17   10.95   28.23   48.19    6.02    4.96    141.57     11.80
    1937    2.18    0.59    0.81    2.70    0.36    0.29    7.45   18.43    8.89    7.67   13.69   17.47     80.52      6.71
    1938    5.15    1.52    1.30    0.24   19.46    1.87    4.00   16.36    4.76    9.39   27.09    7.21     98.35      8.20
    1939    1.97    0.59    1.02    0.26    4.80    0.46   11.48    4.47   20.33    7.31    5.07    4.65     62.42      5.20
    1940    2.58    9.04    0.50    5.48    0.36    0.18   14.92   37.17   34.06   19.19   19.20   34.22    176.89     14.74
    1941   13.40    1.27    0.31    0.24    0.16    0.14    0.16   32.40   66.67    6.27   10.93    3.32    135.27     11.27
    1942    2.83    0.56    4.32    4.63    0.40    6.49    3.29    6.21   18.08   33.68   31.37   24.98    136.85     11.40
    1943    3.45    8.48    0.42    0.18    0.15    0.68    2.89   19.22   52.90    5.69   23.71   13.75    131.53     10.96
    1944    3.76    3.21    0.42    0.17    0.15    0.14    3.86   38.22   50.14   41.73   25.31    3.76    170.88     14.24
    1945    9.22    1.14    0.27    0.16    0.15    0.44    3.12    2.07    4.72    9.20   14.33   36.77     81.59      6.80
    1946    5.64    0.94    0.30    0.17    0.15    6.61    0.84    6.33    3.25   30.46   14.88    4.03     73.59      6.13
    1947    3.97    0.85    0.26    0.34    1.44   11.49    8.03   28.69   10.21   28.06    5.16   31.24    129.74     10.81
    1948   10.70    1.31    0.25    0.17    0.15    0.14    8.05    7.84    9.55   17.70   21.18   16.41     93.43      7.79
    1949   16.79   18.82    0.79    0.19    0.15    0.15   21.36    2.40    2.73   46.35    3.91   25.10    138.75     11.56
    1950    7.83   17.22    1.29   11.58    0.35    0.17    9.76    3.90   37.55   21.45   12.60   18.64    142.32     11.86
    1951    6.67   13.34    0.69    0.17    1.18    0.39    0.70   34.20   16.42   25.78   38.57   19.55    157.66     13.14
    1952    4.52   16.96    0.74    0.18    0.17    0.16   39.91   26.13    6.17   32.42   13.33    3.68    144.38     12.03
    1953    3.12    5.81    2.35    0.32    0.21    3.93    9.78   41.52   22.40   45.64   39.11    8.42    182.61     15.22
    1954    5.33    1.12    1.68    0.24   23.64    0.87    1.97    1.98   33.04   38.86   62.62    4.58    175.92     14.66
    1955   16.85    7.54    0.71    0.27    0.46    0.28    0.40   17.55   30.87   23.98   26.99    5.05    130.96     10.91
    1956    2.70    0.55    1.15    0.26   18.09    4.47    1.72   42.79   48.05   44.91   32.26   11.62    208.57     17.38
    1957   24.30    1.41    0.22    0.16    2.19    0.58    3.57   23.76   14.24    4.00   24.07    6.19    104.71      8.73
    1958    7.06    1.78    0.30    0.18    1.38    0.43   18.56   60.05    6.21    4.03   25.30    5.14    130.44     10.87
    1959   19.97    1.13    0.31    0.20    0.18    0.98    3.04   21.02   30.41    7.26    4.67    4.36     93.53      7.79
    1960    1.91    0.56    0.57    1.46    0.27    0.21    1.03    9.93   14.24   11.72   20.63   29.74     92.27      7.69
    1961    3.62    0.61    0.20    0.23    1.37    2.17    6.02    3.22   70.69   23.12   51.63    6.45    169.34     14.11
    1962   30.99    3.94    0.42    0.23    0.18    0.15    0.21    1.47   10.15   21.22   48.09    4.55    121.61     10.13
    1963    2.07    2.36    1.82    0.26    2.36    0.44    2.12    8.55   40.54   20.43   37.12    6.86    124.94     10.41
    1964    3.88   11.15    0.58    0.26    2.43   10.16    5.88   13.30   10.39    6.33    7.54    4.29     76.18      6.35
    1965    3.65    1.54    0.86    0.22    0.15    4.41    3.07    4.11   28.94   33.71   12.75    9.06    102.46      8.54
    1966    2.07    0.38    0.21    0.22    0.19    0.16    5.24    5.40   26.88   16.69    8.96    4.54     70.95      5.91
    1967    5.53    4.58    0.44    0.24    0.20    0.16    8.88   19.29   25.62   18.79   15.71    3.70    103.14      8.59
    1968   24.06    1.62    0.54    0.25    0.20    0.16   15.19    1.78    7.32    4.45   10.89   12.81     79.28      6.61
    1969   19.98    1.36    0.25    0.16    0.21    0.18    0.14   14.99   27.08   28.95   31.90    9.17    134.37     11.20
    1970    7.08    1.22    0.35    0.20    0.16    5.18    0.68    5.05   14.42   28.90   25.76    3.42     92.43      7.70
    1971    1.18    0.45    0.23    0.30    0.25    0.25    9.65   15.18   11.56   12.71    8.03    7.53     67.31      5.61
    1972    4.00    0.68    1.80    0.23    1.89    0.91    0.41    1.54    1.56   34.30   22.68   13.06     83.07      6.92
    1973    4.41    0.82    0.85    0.23    0.17    0.17    0.16   18.19   27.65   17.48   92.23   12.72    175.09     14.59
    1974   12.84    3.34    0.43    1.68    0.35    0.24    2.86   39.67    6.23   20.04   22.55    3.89    114.12      9.51
    1975   13.87    1.42    0.30    0.16    0.19    0.94    4.69    2.75   62.31   24.59    8.41    5.06    124.69     10.39
    1976    2.01   30.42   11.03    0.75    0.42    0.38   16.83   60.40   41.07   52.70   42.87    8.25    267.13     22.26
    1977    2.86    2.49    3.06    0.37    0.20    1.37    3.60    5.76    2.41    1.53   30.72   15.81     70.18      5.85
    1978    2.34    0.56    1.12    0.75    9.46    0.42    0.39    8.30   25.26   12.85   11.60   16.29     89.35      7.45
    1979   13.81    1.14    0.19    0.18    0.20    0.19    3.51   21.89   19.40    4.16   21.68    3.70     90.06      7.51
    1980    5.04   31.24    4.93   25.08    0.71    0.55    1.22    0.98    8.16   31.86   30.19   24.92    164.89     13.74
    1981    5.23    1.03    0.23    0.83    0.21    0.45   23.13    4.76   16.10   11.77    7.06    2.96     73.78      6.15
    1982    8.92    1.02    1.11    0.23    2.42    2.24    0.75   36.95   37.84   34.64    7.09    7.25    140.45     11.70
    1983    1.98    0.45    1.47    0.28    0.16   18.25    4.66   65.23    7.02   21.15    6.70   42.78    170.13     14.18
    1984   15.54    1.26    9.43    7.80    0.92   19.81    8.34    6.05   26.98   43.41   27.40    8.17    175.11     14.59
    1985    4.91    0.87    0.34    0.25    0.23    5.53    3.65    6.91   25.10   22.92   46.74   10.92    128.36     10.70
    1986    2.99    1.38    0.28    0.37    0.28    0.22    8.57   31.35   31.87   24.91   29.63   10.59    142.44     11.87
    1987    2.18    0.36    0.91    0.21    0.15    0.33   15.21    7.15   23.72    8.20   23.97   13.76     96.14      8.01
    1988    3.04    0.73    0.26    0.17    3.21   17.10   11.94    9.81   26.53   22.16   32.39   30.35    157.67     13.14
    1989    8.77    3.80    0.42    0.20    9.10    0.61   29.38   27.08   25.86   35.13    5.98    2.62    148.94     12.41
    1990    0.87    1.05    1.93    0.46    0.23    0.27    2.13   14.02   37.09   65.88    8.03   26.80    158.77     13.23
    1991    8.45    1.51    0.29    0.16    1.04    1.46   11.27    9.67   42.32   33.11   20.24    5.96    135.50     11.29
    1992   24.17    2.37    0.37    0.18    0.67    0.29   32.00   29.72   20.20   64.17   11.26    4.13    189.52     15.79
    1993    1.24    0.41    1.31    0.24    0.15    0.14    8.99    7.31   77.22   19.70    4.78   27.17    148.65     12.39
    1994    4.31    0.78    0.77    0.32    0.19    0.36    0.31   17.32   17.84   30.98   18.07    4.48     95.71      7.98
    1995   25.75    1.53   16.15    0.41    0.62    1.39    1.64    8.75   49.61   41.19   35.90   32.78    215.72     17.98
    1996    8.70   12.23    3.88    0.44    0.19    0.26    5.15    9.92   56.80    9.00   13.73    3.11    123.41     10.28
    1997    0.81    8.05    0.92    3.84    0.29    0.16    0.71   56.54   13.59   17.72    6.97    3.59    113.20      9.43
    1998    1.79   13.65   11.22    0.35    0.19    0.16    2.09    9.82   18.56    4.35    6.31   11.27     79.77      6.65
    1999    1.93    0.77    3.52    0.38    0.24    0.22    0.20    2.59    8.76   32.60   14.02   22.01     87.25      7.27
    2000    2.45    0.62    0.27    0.17    0.19    0.16    7.48   23.19    9.58   59.03   29.09   22.21    154.46     12.87
    2001    7.80    2.83    0.40    8.84    1.79    0.48    5.03   24.50   16.13   43.52   27.73    6.74    145.78     12.15
    2002    6.13    2.11    1.53    0.36    0.19    3.17    1.62    1.65    1.37    3.80   37.04   16.69     75.66      6.30
    2003    8.27    1.04    2.29    0.38    0.18    0.15    7.87    0.97   19.40   16.21   10.56    6.13     73.45      6.12
    2004   20.57    1.43    0.24    0.66    0.22    0.15   18.34    5.65   21.56   14.31   33.04    6.92    123.07     10.26
    2005    2.57    2.16    0.31    0.16    0.15    0.15    4.21   31.63   14.81   17.43   25.08    5.36    104.02      8.67
    2006    4.09    9.86    0.83    0.21    0.32    0.59    7.88   16.14   48.37   62.00   26.26    4.22    180.77     15.06
    2007    7.29   16.30    2.78    0.84    2.16    0.39    0.31   11.03   16.32   78.23   32.87   40.49    209.03     17.42
    2008    3.42   15.41    1.09    0.23    0.22    0.19    2.60   30.59   49.97   13.53   18.20    7.92    143.35     11.95
    2009    5.33   21.12    0.70    0.17    0.20    0.26    0.54   53.83   23.40   11.29   14.43    4.18    135.45     11.29
  
 AVERAGE    7.33    4.48    1.63    1.22    1.91    1.88    6.35   16.54   26.27   24.27   22.13   11.85    125.87     10.49
