    1920    2.82    1.72    0.90    0.50    1.02    0.73    0.94    0.81   74.37   38.44   18.43   11.00    151.67     12.64
    1921    6.57    3.21    1.66    2.00    1.01    0.78    0.94    1.34   11.06    7.15   11.62    8.26     55.59      4.63
    1922    4.50    2.22    0.93    0.55    0.41    0.35    0.48    1.86   14.40    8.81    7.49    6.50     48.50      4.04
    1923    4.45    4.54    2.23    0.79    0.47    0.39    0.40    0.45    8.01    4.82    9.00    7.49     43.03      3.59
    1924    6.36    4.10    1.73    0.67    0.44    0.34    0.34    0.46   58.44   25.38    9.79    6.96    115.01      9.58
    1925    6.99    4.43    1.83    0.68    0.51    0.45    0.38    2.01    1.57    6.84    5.91    4.53     36.12      3.01
    1926    6.95    4.32    1.68    0.65    0.53    0.43    0.83    1.66    3.57    3.46   12.86    8.03     44.96      3.75
    1927    4.13    3.72    1.89    0.81    0.47    0.41    0.40    0.34   24.38    8.78    5.44    6.23     57.01      4.75
    1928    4.47    2.44    1.14    0.55    0.36    0.39    1.65    2.65    5.44    9.48   11.33    8.84     48.76      4.06
    1929    5.32    2.43    1.14    0.83    2.27    1.15    0.72    0.65    0.65    1.02    5.79    7.62     29.58      2.47
    1930    5.39    2.79    1.10    0.48    0.35    0.31    3.53    4.26    3.94    6.95   14.05   11.64     54.80      4.57
    1931    7.88    4.05    1.67    0.85    3.22    1.47    0.78    3.80    3.85    7.33    6.61    6.20     47.72      3.98
    1932    4.43    2.15    0.91    0.52    0.42    0.39    0.38    1.25   15.31   16.33   11.46    8.32     61.87      5.16
    1933    5.32    2.69    1.29    0.72    0.48    0.45    0.45    1.64    3.44    4.32    5.93    8.56     35.29      2.94
    1934   10.70    6.13    2.19    0.72    0.49    0.46    0.62    2.01    2.81    5.69    7.37    7.65     46.84      3.90
    1935    5.44    2.95    1.24    0.67    0.48    0.38    0.34    2.15    1.97    3.73    9.50    7.89     36.75      3.06
    1936    5.11    3.49    3.94    1.78    0.64    1.22    1.20    2.03    7.13   20.27   12.09    7.47     66.37      5.53
    1937    4.80    2.36    1.09    0.81    0.61    0.47    0.74    3.05    3.12    3.44    4.63    6.26     31.38      2.61
    1938    5.11    2.89    1.36    0.66    3.15    1.53    1.07    2.90    2.77    3.27    7.70    6.65     39.05      3.25
    1939    4.17    2.03    1.01    0.58    0.54    0.51    1.34    1.34    3.96    3.99    3.71    3.33     26.51      2.21
    1940    2.54    2.41    1.24    0.91    0.54    0.32    1.85   11.40   13.25   10.79   11.32   20.30     76.89      6.41
    1941   12.67    5.76    2.06    0.87    0.55    0.44    0.41    8.16   33.62   13.30    6.95    5.53     90.30      7.53
    1942    3.70    1.91    1.14    1.01    0.73    0.77    0.95    1.28    3.43    9.92   13.43   14.05     52.31      4.36
    1943    9.29    5.41    2.34    0.82    0.51    0.46    0.57    2.90   21.46   10.11    9.19    8.96     72.04      6.00
    1944    6.31    3.60    1.54    0.68    0.46    0.38    0.44   11.16   22.10   23.64   20.64   11.23    102.19      8.52
    1945    6.91    3.79    1.43    0.67    0.48    0.45    0.55    0.73    0.99    1.62    3.01   11.84     32.46      2.71
    1946    7.20    3.07    1.15    0.56    0.38    0.55    0.58    0.81    1.17    7.04    6.18    4.81     33.50      2.79
    1947    3.53    1.98    0.81    0.48    0.44    1.31    1.55    6.91    5.48    9.13    7.76   12.69     52.07      4.34
    1948    9.26    4.63    1.67    0.67    0.44    0.37    0.68    1.14    1.88    3.98    6.53    7.50     38.75      3.23
    1949    7.74    7.63    3.52    1.01    0.51    0.39    3.52    1.90    1.53   16.79    7.99    8.51     61.06      5.09
    1950    6.55    6.10    3.08    2.40    1.08    0.55    1.07    1.20   10.98    8.77    7.79    8.97     58.54      4.88
    1951    7.10    5.63    2.62    0.84    0.60    0.53    0.50    8.99    6.13    8.17   16.81   14.14     72.07      6.01
    1952    9.20    7.27    3.30    0.99    0.59    0.47   13.01    9.56    5.48   11.23   10.06    7.26     78.42      6.54
    1953    4.70    3.14    1.79    0.92    0.58    0.60    1.22   13.84    9.80   20.55   32.71   15.15    105.00      8.75
    1954    7.76    3.88    1.69    0.85    4.65    1.92    1.06    1.12    8.63   14.46   41.07   16.80    103.90      8.66
    1955    8.74    5.81    2.60    1.01    0.68    0.56    0.51    2.43    8.16    8.72   11.61    9.30     60.13      5.01
    1956    5.75    2.76    1.21    0.71    2.74    1.64    1.18   14.92   22.56   31.47   28.65   14.26    127.85     10.65
    1957   12.31    6.58    2.17    0.79    0.65    0.63    0.71    4.43    4.42    3.85    7.30    6.16     50.00      4.17
    1958    4.70    2.86    1.17    0.58    0.50    0.48    2.74   28.42   11.08    4.73    8.46    6.87     72.59      6.05
    1959    7.54    4.18    1.49    0.69    0.47    0.45    0.56    3.43    8.37    6.40    4.98    4.11     42.67      3.56
    1960    2.88    1.50    0.81    0.61    0.45    0.35    0.37    1.02    2.37    3.31    5.80   10.95     30.41      2.53
    1961    7.25    3.24    1.11    0.56    0.49    0.53    0.76    1.03   34.55   15.44   29.24   14.63    108.83      9.07
    1962   14.09    7.82    2.76    0.95    0.58    0.45    0.42    0.49    1.06    3.87   18.13    9.63     60.26      5.02
    1963    4.55    2.55    1.38    0.72    0.56    0.52    0.53    1.04   12.55    8.90   15.34   11.00     59.63      4.97
    1964    6.72    4.85    2.26    0.87    0.70    1.27    1.35    2.53    3.29    3.68    3.88    3.55     34.95      2.91
    1965    2.75    1.73    0.97    0.52    0.33    0.37    0.58    0.83    6.19   10.82    8.92    7.56     41.56      3.46
    1966    5.05    2.29    0.89    0.54    0.40    0.33    0.42    0.78    5.37    5.51    5.45    4.74     31.78      2.65
    1967    3.74    2.65    1.25    0.57    0.39    0.30    0.79    3.20    6.53    7.25    8.09    6.65     41.41      3.45
    1968    8.78    4.95    1.85    0.77    0.49    0.38    1.85    1.17    1.46    1.96    2.73    3.85     30.25      2.52
    1969    5.87    3.50    1.24    0.48    0.35    0.28    0.24    1.75    5.98    8.96   13.25   10.43     52.33      4.36
    1970    7.40    3.93    1.51    0.68    0.44    0.48    0.57    0.72    2.18    7.07    9.45    7.00     41.42      3.45
    1971    4.03    1.92    0.83    0.52    0.41    0.35    0.92    2.41    3.09    4.14    4.61    4.54     27.76      2.31
    1972    3.60    1.94    0.92    0.52    0.42    0.43    0.37    0.40    0.53    8.56    7.52    6.55     31.77      2.65
    1973    5.11    2.68    1.12    0.56    0.36    0.29    0.25    2.50    6.54    6.32   53.68   22.48    101.89      8.49
    1974    9.79    5.78    2.33    0.99    0.68    0.50    0.54   12.18    5.89    5.92    8.62    6.97     60.18      5.02
    1975    6.12    3.63    1.41    0.62    0.45    0.44    0.59    0.84   28.12   13.68    7.73    6.29     69.93      5.83
    1976    4.11    9.73    5.43    1.91    0.90    0.64    2.44   28.75   21.65   39.64   40.42   15.99    171.61     14.30
    1977    7.19    3.69    1.90    0.99    0.61    0.56    0.70    1.05    1.27    1.16    7.67    6.36     33.14      2.76
    1978    3.93    1.92    0.95    0.65    1.10    0.65    0.48    0.97    5.12    4.98    5.39    6.61     32.76      2.73
    1979    6.64    3.75    1.31    0.57    0.42    0.35    0.41    3.63    4.81    4.07    6.56    5.42     37.93      3.16
    1980    3.85    9.99    4.82    6.60    2.71    0.94    0.79    0.78    1.20    7.88   10.54   11.74     61.83      5.15
    1981    8.30    4.10    1.46    0.73    0.51    0.43    4.13    2.48    3.58    4.54    4.73    3.79     38.79      3.23
    1982    3.39    2.09    1.03    0.56    0.46    0.53    0.52   10.69   14.55   15.38   11.29    8.55     69.06      5.76
    1983    5.39    2.48    1.18    0.70    0.46    2.63    1.65   32.02   12.09    7.78    7.33   19.16     92.87      7.74
    1984   12.36    5.55    3.09    2.13    1.24    3.63    2.76    2.52    7.28   17.62   18.45   11.90     88.53      7.38
    1985    7.42    3.72    1.41    0.76    0.56    0.63    0.88    1.26    5.35    7.22   20.79   13.30     63.32      5.28
    1986    7.34    3.67    1.40    0.73    0.57    0.47    0.80    7.71   10.85   10.99   15.85   12.02     72.40      6.03
    1987    7.08    3.09    1.27    0.71    0.49    0.45    1.85    1.75    5.26    4.94    7.81    8.00     42.71      3.56
    1988    5.59    2.78    1.08    0.57    0.53    2.48    2.63    2.83    7.26    8.82   14.30   20.78     69.64      5.80
    1989   11.88    5.77    2.33    0.87    1.08    0.86    7.17    8.69    9.97   16.39   11.93    7.61     84.54      7.04
    1990    4.14    2.08    1.28    0.82    0.57    0.48    0.54    1.73   10.88   32.79   15.85   13.31     84.46      7.04
    1991    9.86    5.04    1.86    0.74    0.59    0.61    1.31    1.89   14.52   14.27   12.50    9.96     73.15      6.10
    1992   11.05    6.25    2.29    0.84    0.62    0.54    8.21    9.74    8.47   36.16   17.82    9.65    111.64      9.30
    1993    5.23    2.36    1.21    0.71    0.48    0.42    0.79    1.15   39.10   16.26    7.39   10.95     86.05      7.17
    1994    7.57    3.53    1.38    0.79    0.53    0.46    0.44    2.33    3.76    8.93    9.07    7.22     46.02      3.84
    1995    9.81    5.36    4.26    1.80    0.80    0.69    0.71    1.15   18.73   18.48   24.67   25.30    111.76      9.31
    1996   12.49    7.02    3.66    1.43    0.73    0.56    0.69    1.37   23.78   10.82    6.99    5.53     75.06      6.26
    1997    3.17    2.40    1.40    0.96    0.66    0.45    0.43   24.82    9.77    6.36    6.33    4.98     61.72      5.14
    1998    3.25    3.49    3.09    1.33    0.59    0.41    0.43    1.08    3.30    3.00    2.97    3.73     26.67      2.22
    1999    2.78    1.44    0.95    0.59    0.37    0.29    0.25    0.31    0.96    7.66    6.20    7.88     29.69      2.47
    2000    5.58    2.60    0.99    0.49    0.36    0.29    0.63    4.16    3.58   25.46   17.54   13.90     75.56      6.30
    2001   10.07    5.53    2.19    1.57    1.07    0.76    0.80    4.94    5.18   16.51   15.53   10.87     74.99      6.25
    2002    7.33    4.08    1.88    0.94    0.58    0.57    0.69    0.77    0.80    0.99   10.21    7.36     36.20      3.02
    2003    5.18    2.87    1.32    0.75    0.45    0.34    0.69    0.65    3.17    4.18    4.65    4.48     28.71      2.39
    2004    6.35    3.75    1.32    0.60    0.42    0.30    2.59    1.85    4.46    5.25   11.66    8.95     47.51      3.96
    2005    5.50    2.96    1.22    0.54    0.38    0.32    0.39    7.39    5.35    5.89    9.44    7.90     47.29      3.94
    2006    5.34    4.03    2.03    0.78    0.51    0.47    0.80    2.58   18.78   35.36   25.09   11.64    107.41      8.95
    2007    6.84    6.19    3.31    1.37    0.95    0.71    0.56    1.26    2.99   39.68   23.26   29.97    117.08      9.76
    2008   13.03    6.71    3.20    1.10    0.66    0.51    0.55    7.15   21.14   11.49    9.77    8.62     83.92      6.99
    2009    6.20    7.14    3.24    0.93    0.60    0.52    0.51   22.72   11.34    6.76    7.49    6.29     73.74      6.14
  
 AVERAGE    6.53    3.95    1.80    0.90    0.74    0.65    1.23    4.54    9.96   10.97   11.92    9.49     62.69      5.22
