    1920    0.00    0.00    0.00    0.00    0.01    0.01    0.00    0.00    3.50    3.89    0.38    0.05      7.87      0.66
    1921    0.06    0.05    0.05    0.04    0.03    0.03    0.03    0.02    0.16    0.16    0.09    0.09      0.80      0.07
    1922    0.04    0.03    0.03    0.02    0.02    0.02    0.01    0.01    0.28    0.29    0.02    0.03      0.80      0.07
    1923    0.03    0.07    0.07    0.02    0.01    0.01    0.01    0.01    0.02    0.02    0.06    0.06      0.40      0.03
    1924    0.01    0.01    0.01    0.01    0.01    0.01    0.01    0.00    4.03    4.08    0.06    0.05      8.28      0.69
    1925    0.05    0.05    0.04    0.03    0.03    0.02    0.02    0.03    0.03    0.84    0.84    0.04      2.03      0.17
    1926    0.31    0.31    0.04    0.03    0.03    0.02    0.02    0.02    0.12    0.12    0.57    0.58      2.16      0.18
    1927    0.04    0.04    0.03    0.03    0.02    0.02    0.02    0.02    1.05    1.06    0.03    0.03      2.38      0.20
    1928    0.03    0.03    0.02    0.02    0.02    0.05    0.05    0.01    0.19    0.28    0.13    0.05      0.88      0.07
    1929    0.05    0.05    0.04    0.04    0.83    0.83    0.03    0.03    0.03    0.03    0.41    0.42      2.79      0.23
    1930    0.03    0.02    0.02    0.02    0.01    0.01    0.86    0.86    0.03    0.85    0.85    0.06      3.61      0.30
    1931    0.06    0.05    0.05    0.04    0.04    0.03    0.03    0.03    0.02    0.03    0.03    0.19      0.60      0.05
    1932    0.19    0.03    0.03    0.02    0.02    0.02    0.02    0.01    0.85    0.99    0.23    0.09      2.51      0.21
    1933    0.05    0.05    0.04    0.04    0.03    0.03    0.02    0.02    0.04    0.05    0.04    0.09      0.51      0.04
    1934    0.25    0.20    0.04    0.03    0.03    0.02    0.02    0.03    0.03    0.02    0.03    0.03      0.73      0.06
    1935    0.04    0.03    0.03    0.02    0.02    0.02    0.01    0.01    0.01    0.13    0.23    0.10      0.66      0.05
    1936    0.04    0.25    0.30    0.05    0.03    0.02    0.02    0.02    0.02    0.59    0.60    0.05      1.97      0.16
    1937    0.04    0.04    0.03    0.03    0.02    0.02    0.02    0.02    0.02    0.02    0.02    0.02      0.30      0.02
    1938    0.02    0.02    0.02    0.02    0.08    0.08    0.01    0.05    0.05    0.01    0.22    0.22      0.82      0.07
    1939    0.04    0.04    0.03    0.03    0.02    0.02    0.02    0.02    0.10    0.10    0.02    0.03      0.47      0.04
    1940    0.03    0.04    0.04    0.02    0.02    0.01    0.03    0.44    1.03    0.67    0.05    0.06      2.45      0.20
    1941    0.06    0.06    0.06    0.05    0.04    0.04    0.03    0.66    1.50    0.85    0.05    0.05      3.45      0.29
    1942    0.05    0.04    0.04    0.03    0.03    0.02    0.02    0.02    0.02    0.12    0.12    0.24      0.77      0.06
    1943    0.24    0.05    0.04    0.03    0.03    0.03    0.02    0.02    0.16    0.15    0.16    0.16      1.07      0.09
    1944    0.04    0.04    0.03    0.03    0.02    0.02    0.02    1.34    1.52    1.25    1.27    0.20      5.77      0.48
    1945    0.13    0.13    0.06    0.05    0.05    0.04    0.04    0.03    0.03    0.03    0.03    0.45      1.06      0.09
    1946    0.45    0.03    0.03    0.02    0.02    0.01    0.01    0.01    0.01    0.18    0.19    0.02      0.98      0.08
    1947    0.02    0.02    0.02    0.01    0.01    0.27    0.27    0.03    0.03    0.04    0.04    0.20      0.97      0.08
    1948    0.37    0.17    0.04    0.04    0.03    0.03    0.03    0.03    0.02    0.02    0.02    0.02      0.84      0.07
    1949    0.03    0.19    0.19    0.03    0.02    0.02    0.03    0.03    0.01    1.42    1.43    0.12      3.53      0.29
    1950    0.15    0.07    0.04    0.14    0.14    0.03    0.02    0.02    0.17    0.31    0.15    0.04      1.29      0.11
    1951    0.05    0.04    0.04    0.03    0.03    0.02    0.02    0.30    0.36    0.44    0.97    0.92      3.23      0.27
    1952    0.31    0.29    0.29    0.05    0.05    0.04    1.01    1.02    0.04    0.21    0.21    0.05      3.57      0.30
    1953    0.05    0.05    0.04    0.04    0.03    0.03    0.03    0.97    1.14    0.59    1.43    1.06      5.47      0.46
    1954    0.07    0.07    0.06    0.05    1.79    1.79    0.05    0.05    0.21    1.09    2.42    1.54      9.17      0.76
    1955    0.07    0.07    0.06    0.06    0.05    0.04    0.04    0.17    0.90    0.75    0.05    0.06      2.33      0.19
    1956    0.06    0.05    0.05    0.04    0.04    0.03    0.03    1.17    3.45    2.51    1.68    1.44     10.55      0.88
    1957    0.08    0.08    0.07    0.06    0.06    0.05    0.05    0.37    0.37    0.04    0.13    0.13      1.48      0.12
    1958    0.05    0.05    0.04    0.03    0.03    0.03    0.09    1.00    0.92    0.04    0.05    0.05      2.37      0.20
    1959    0.63    0.63    0.05    0.04    0.03    0.03    0.03    0.03    0.07    0.05    0.02    0.03      1.63      0.14
    1960    0.03    0.02    0.02    0.02    0.01    0.01    0.01    0.01    0.01    0.01    0.01    1.04      1.20      0.10
    1961    1.04    0.03    0.03    0.02    0.02    0.02    0.01    0.01    2.28    2.29    2.62    2.62     11.00      0.92
    1962    0.97    0.97    0.07    0.06    0.05    0.05    0.04    0.04    0.04    0.03    0.38    0.36      3.07      0.26
    1963    0.05    0.04    0.04    0.03    0.03    0.03    0.02    0.02    1.02    1.02    0.30    0.30      2.90      0.24
    1964    0.06    0.54    0.54    0.05    0.04    0.08    0.08    0.03    0.03    0.03    0.03    0.03      1.54      0.13
    1965    0.03    0.03    0.02    0.02    0.02    0.01    0.01    0.01    0.14    0.15    0.16    0.16      0.77      0.06
    1966    0.05    0.04    0.04    0.03    0.03    0.02    0.26    0.26    0.36    0.37    0.04    0.05      1.54      0.13
    1967    0.04    0.04    0.03    0.03    0.02    0.02    0.02    0.02    0.88    0.88    0.04    0.05      2.07      0.17
    1968    0.05    0.04    0.04    0.03    0.03    0.02    0.25    0.25    0.02    0.02    0.02    0.02      0.79      0.07
    1969    0.02    0.01    0.01    0.01    0.01    0.01    0.01    0.01    0.17    0.28    0.14    0.03      0.72      0.06
    1970    0.04    0.04    0.03    0.03    0.02    0.02    0.02    0.02    0.02    1.24    1.72    0.49      3.69      0.31
    1971    0.05    0.05    0.04    0.03    0.03    0.03    0.02    0.03    0.02    0.02    0.02    0.02      0.36      0.03
    1972    0.02    0.02    0.02    0.01    0.01    0.01    0.01    0.01    0.01    0.05    0.07    0.02      0.24      0.02
    1973    0.01    0.01    0.01    0.01    0.01    0.00    0.00    0.11    0.16    0.05    5.84    5.84     12.03      1.00
    1974    0.06    0.06    0.05    0.05    0.04    0.03    0.03    0.32    0.32    0.03    0.07    0.07      1.14      0.09
    1975    0.04    0.03    0.03    0.03    0.02    0.02    0.02    0.02    2.23    2.23    0.04    0.05      4.76      0.40
    1976    0.05    0.04    0.04    0.03    0.03    0.03    1.50    3.21    1.77    1.77    3.73    2.05     14.26      1.19
    1977    0.08    0.08    0.07    0.06    0.06    0.05    0.05    0.04    0.04    0.04    0.43    0.43      1.43      0.12
    1978    0.03    0.03    0.03    0.02    0.25    0.25    0.02    0.02    0.43    0.43    0.03    0.04      1.59      0.13
    1979    0.05    0.04    0.04    0.03    0.03    0.02    0.02    0.06    1.95    1.90    0.05    0.05      4.23      0.35
    1980    0.05    0.71    0.71    4.58    4.65    0.07    0.05    0.05    0.05    0.61    0.82    0.36     12.72      1.06
    1981    0.14    0.06    0.06    0.05    0.04    0.04    5.12    5.12    0.33    0.33    0.06    0.06     11.42      0.95
    1982    0.06    0.06    0.05    0.04    0.04    0.03    0.03    0.55    1.34    0.87    0.06    0.06      3.19      0.27
    1983    0.06    0.06    0.05    0.04    0.04    0.42    0.41    1.99    1.99    0.05    0.05    1.18      6.33      0.53
    1984    1.28    0.09    0.06    0.07    0.07    0.04    0.04    0.03    0.37    2.69    2.35    0.07      7.16      0.60
    1985    0.18    0.18    0.06    0.06    0.05    0.04    0.04    0.04    0.13    0.14    1.21    1.23      3.36      0.28
    1986    0.06    0.05    0.05    0.04    0.03    0.03    0.65    0.83    0.26    0.09    0.82    0.80      3.72      0.31
    1987    0.07    0.06    0.05    0.05    0.04    0.04    0.12    0.12    0.05    0.05    0.60    0.62      1.89      0.16
    1988    0.05    0.05    0.04    0.03    0.03    0.05    1.13    1.09    0.61    0.63    0.45    0.85      5.00      0.42
    1989    0.43    0.07    0.06    0.06    0.38    0.38    1.08    1.50    1.16    0.79    0.08    0.08      6.08      0.51
    1990    0.07    0.07    0.06    0.05    0.05    0.04    0.04    0.04    0.84    3.43    2.57    0.07      7.32      0.61
    1991    0.11    0.06    0.06    0.05    0.05    0.04    0.04    0.03    0.49    1.32    0.91    0.06      3.24      0.27
    1992    0.14    0.14    0.06    0.05    0.04    0.04    3.91    3.93    0.05    2.07    2.08    0.08     12.58      1.05
    1993    0.07    0.07    0.06    0.05    0.05    0.04    0.04    0.03    2.44    2.44    0.06    0.12      5.48      0.46
    1994    0.12    0.06    0.05    0.05    0.04    0.04    0.03    0.40    0.44    0.04    0.04    0.05      1.36      0.11
    1995    0.06    0.06    1.52    1.52    0.05    0.04    0.04    0.03    0.83    1.38    0.64    0.11      6.27      0.52
    1996    0.18    0.22    0.10    0.06    0.05    0.04    0.05    0.41    2.21    1.87    0.07    0.07      5.34      0.45
    1997    0.07    0.06    0.05    0.05    0.04    0.04    0.03    1.01    1.02    0.04    0.04    0.04      2.49      0.21
    1998    0.03    0.03    0.39    0.39    0.02    0.02    0.02    0.02    0.02    0.02    0.01    0.03      1.00      0.08
    1999    0.03    0.01    0.01    0.01    0.01    0.01    0.01    0.01    0.00    0.65    0.66    0.02      1.43      0.12
    2000    0.03    0.03    0.02    0.02    0.01    0.01    0.01    0.01    0.01    1.38    1.59    0.22      3.33      0.28
    2001    0.09    0.09    0.05    0.05    0.04    0.04    0.03    0.12    0.11    0.41    0.58    0.17      1.78      0.15
    2002    0.06    0.06    0.05    0.04    0.04    1.42    1.42    0.04    0.04    0.04    1.19    1.20      5.60      0.47
    2003    0.05    0.05    0.04    0.03    0.03    0.03    0.07    0.07    0.02    0.05    0.03    0.03      0.50      0.04
    2004    1.90    1.91    0.04    0.04    0.03    0.03    1.04    1.04    0.03    0.03    0.03    0.04      6.17      0.51
    2005    0.05    0.04    0.04    0.03    0.03    0.02    0.02    0.34    0.34    0.36    2.65    2.29      6.22      0.52
    2006    0.07    0.06    0.06    0.05    0.04    0.04    0.03    0.45    1.04    2.72    3.10    1.01      8.66      0.72
    2007    0.08    2.05    1.98    0.07    0.07    0.06    0.06    0.06    0.06    3.52    4.16    1.75     13.92      1.16
    2008    1.14    2.97    2.97    0.08    0.07    0.07    0.07    0.65    1.54    1.01    0.33    0.33     11.23      0.94
    2009    0.08    0.08    0.07    0.06    0.06    0.05    0.05    0.04    0.38    0.38    0.05    0.06      1.37      0.11
  
 AVERAGE    0.15    0.17    0.14    0.11    0.12    0.09    0.24    0.37    0.59    0.74    0.65    0.40      3.76      0.31
