    1920    0.28    0.21    0.12    0.08    0.34    0.35    0.10    0.10    0.93    1.11    0.41    0.37      4.39      0.37
    1921    0.29    0.20    0.14    0.12    0.10    0.10    0.10    0.10    0.12    0.14    0.16    0.18      1.74      0.15
    1922    0.16    0.13    0.09    0.07    0.06    0.06    0.07    0.30    0.28    0.16    0.17    0.16      1.70      0.14
    1923    0.13    0.10    0.07    0.05    0.04    0.04    0.03    0.03    0.07    0.08    0.19    0.22      1.04      0.09
    1924    0.09    0.31    0.30    0.04    0.03    0.03    0.03    0.03    0.11    0.13    0.08    0.09      1.28      0.11
    1925    0.09    0.07    0.04    0.02    0.02    0.01    0.01    0.02    0.02    0.15    0.18    0.13      0.76      0.06
    1926    0.18    0.18    0.12    0.04    0.02    0.02    0.34    0.37    0.10    0.11    0.21    0.23      1.90      0.16
    1927    0.12    0.08    0.05    0.03    0.02    0.03    0.03    0.03    0.05    0.07    0.07    0.09      0.67      0.06
    1928    0.10    0.22    0.21    0.04    0.02    0.02    0.03    0.04    0.05    0.37    0.50    0.24      1.85      0.15
    1929    0.16    0.11    0.06    0.04    0.06    0.07    0.05    0.05    0.05    0.06    0.19    0.27      1.17      0.10
    1930    0.18    0.10    0.06    0.03    0.03    0.03    0.17    0.19    0.07    0.12    0.24    0.25      1.47      0.12
    1931    0.27    0.28    0.17    0.09    0.05    0.05    0.04    0.05    0.08    0.12    0.11    0.71      2.03      0.17
    1932    0.76    0.15    0.08    0.05    0.04    0.04    0.05    0.05    0.07    0.12    0.36    0.38      2.15      0.18
    1933    0.15    0.10    0.07    0.05    0.04    0.04    0.03    0.03    0.04    0.06    0.09    0.10      0.79      0.07
    1934    0.24    0.27    0.11    0.05    0.04    0.04    0.06    0.17    0.19    0.15    0.17    0.16      1.66      0.14
    1935    0.13    0.13    0.11    0.04    0.03    0.03    0.03    0.03    0.04    0.05    0.07    0.11      0.78      0.07
    1936    0.12    0.11    0.10    0.04    0.03    0.03    0.03    0.03    0.04    0.21    0.23    0.10      1.06      0.09
    1937    0.08    0.10    0.08    0.03    0.03    0.03    0.03    0.07    0.08    0.09    0.11    0.13      0.86      0.07
    1938    0.13    0.10    0.06    0.03    0.10    0.11    0.05    0.06    0.06    0.07    0.22    0.25      1.24      0.10
    1939    0.10    0.06    0.04    0.03    0.06    0.06    0.13    0.14    0.08    0.10    0.10    0.09      0.99      0.08
    1940    0.08    0.09    0.07    0.06    0.05    0.02    0.08    0.24    0.35    0.30    0.26    0.27      1.91      0.16
    1941    0.25    0.18    0.09    0.05    0.04    0.04    0.04    0.12    0.19    0.11    0.11    0.09      1.31      0.11
    1942    0.08    0.07    0.09    0.11    0.05    0.05    0.05    0.06    0.08    0.10    0.13    0.21      1.07      0.09
    1943    0.20    0.12    0.07    0.04    0.03    0.03    0.02    0.28    0.39    0.17    0.12    0.33      1.80      0.15
    1944    0.34    0.12    0.05    0.04    0.03    0.03    0.03    0.85    1.09    0.50    0.49    0.41      3.97      0.33
    1945    0.76    0.73    0.20    0.09    0.07    0.07    0.08    0.09    0.10    0.12    0.13    0.15      2.59      0.22
    1946    0.14    0.10    0.08    0.06    0.06    0.06    0.06    0.07    0.07    0.13    0.16    0.12      1.11      0.09
    1947    0.12    0.10    0.06    0.04    0.04    0.03    0.03    0.04    0.05    0.07    0.08    0.08      0.72      0.06
    1948    0.84    0.86    0.09    0.05    0.03    0.03    0.03    0.04    0.05    0.06    0.09    0.09      2.26      0.19
    1949    0.10    0.16    0.12    0.03    0.02    0.02    0.10    0.11    0.04    0.41    0.46    0.16      1.73      0.14
    1950    0.17    0.21    0.17    0.11    0.09    0.03    0.04    0.04    0.07    0.32    0.35    0.22      1.81      0.15
    1951    0.22    0.13    0.07    0.04    0.03    0.03    0.03    0.04    0.07    0.11    0.33    0.44      1.54      0.13
    1952    0.28    0.41    0.36    0.07    0.05    0.05    0.14    0.18    0.12    0.21    0.24    0.16      2.26      0.19
    1953    0.15    0.11    0.07    0.05    0.04    0.04    0.05    0.40    0.51    0.89    1.06    0.51      3.90      0.32
    1954    0.34    0.20    0.10    0.08    1.46    1.50    0.12    0.12    0.15    0.29    0.45    0.40      5.21      0.43
    1955    0.21    0.14    0.10    0.08    0.07    0.07    0.07    0.16    0.27    0.19    0.19    0.17      1.72      0.14
    1956    0.15    0.11    0.08    0.06    0.05    0.05    0.05    0.47    0.97    0.71    0.40    0.39      3.49      0.29
    1957    0.36    0.28    0.12    0.07    0.06    0.06    0.07    0.40    0.48    0.20    0.28    0.31      2.71      0.23
    1958    0.21    0.16    0.11    0.09    0.09    0.09    0.12    0.21    0.17    0.33    0.44    0.31      2.31      0.19
    1959    0.29    0.23    0.12    0.09    0.08    0.07    0.07    0.08    0.10    0.13    0.15    0.14      1.54      0.13
    1960    0.12    0.09    0.07    0.06    0.05    0.05    0.06    0.09    0.10    0.12    0.15    0.22      1.19      0.10
    1961    0.22    0.13    0.06    0.04    0.04    0.04    0.04    0.05    0.11    0.15    0.72    0.78      2.37      0.20
    1962    0.34    0.32    0.13    0.07    0.06    0.05    0.06    0.11    0.14    0.24    0.31    0.20      2.03      0.17
    1963    0.16    0.19    0.19    0.10    0.06    0.05    0.05    0.05    0.44    0.48    0.39    0.46      2.63      0.22
    1964    0.22    0.32    0.27    0.08    0.06    0.06    0.07    0.14    0.15    0.15    0.18    0.16      1.85      0.15
    1965    0.54    0.55    0.13    0.08    0.06    0.06    0.06    0.07    0.08    0.09    0.19    0.25      2.14      0.18
    1966    0.14    0.09    0.06    0.04    0.04    0.03    1.27    1.34    0.19    0.22    0.24    0.23      3.90      0.32
    1967    0.18    0.14    0.09    0.06    0.05    0.04    0.04    0.05    0.12    0.13    0.12    0.14      1.17      0.10
    1968    0.12    0.10    0.07    0.05    0.04    0.04    0.09    0.11    0.07    0.09    0.10    0.10      0.98      0.08
    1969    0.09    0.06    0.04    0.03    0.03    0.03    0.02    0.02    0.04    0.08    0.30    0.32      1.06      0.09
    1970    0.13    0.09    0.05    0.03    0.02    0.03    0.05    0.07    0.08    0.25    0.48    0.40      1.66      0.14
    1971    0.21    0.14    0.09    0.05    0.05    0.04    0.09    0.13    0.11    0.13    0.20    0.24      1.48      0.12
    1972    0.17    0.11    0.06    0.04    0.04    0.04    0.04    0.04    0.04    0.05    0.07    0.08      0.77      0.06
    1973    0.07    0.05    0.04    0.03    0.03    0.04    0.03    0.27    0.30    0.09    4.73    4.89     10.57      0.88
    1974    0.33    0.23    0.12    0.09    0.08    0.07    0.06    0.09    0.19    0.20    0.27    0.28      2.01      0.17
    1975    0.18    0.13    0.08    0.06    0.05    0.06    0.07    0.10    0.64    0.71    0.29    0.27      2.64      0.22
    1976    0.23    0.24    0.17    0.08    0.07    0.07    0.26    0.88    0.79    0.44    0.57    0.47      4.28      0.36
    1977    0.35    0.23    0.16    0.12    0.11    0.10    0.10    0.11    0.12    0.12    0.17    0.21      1.90      0.16
    1978    0.17    0.14    0.11    0.10    0.09    0.09    0.08    0.12    0.14    0.15    0.19    0.21      1.59      0.13
    1979    0.18    0.12    0.07    0.05    0.05    0.04    0.04    0.04    0.06    0.07    0.08    0.08      0.86      0.07
    1980    0.08    0.16    0.16    0.75    0.79    0.19    0.32    0.30    0.19    0.32    0.82    0.85      4.94      0.41
    1981    0.44    0.28    0.15    0.10    0.08    0.08    3.40    3.49    0.28    0.32    0.34    0.33      9.28      0.77
    1982    0.28    0.21    0.16    0.13    0.12    0.12    0.12    0.13    0.21    0.28    0.26    0.31      2.33      0.19
    1983    0.32    0.20    0.14    0.10    0.09    0.09    0.09    0.13    0.15    0.14    0.14    0.14      1.73      0.14
    1984    0.14    0.11    0.08    0.09    0.08    0.07    0.08    0.08    0.09    0.54    0.61    0.22      2.19      0.18
    1985    0.67    0.67    0.17    0.10    0.07    0.07    0.07    0.07    0.08    0.10    0.56    0.63      3.28      0.27
    1986    0.20    0.15    0.09    0.06    0.05    0.05    0.44    0.49    0.14    0.17    0.20    0.24      2.28      0.19
    1987    0.20    0.12    0.07    0.05    0.05    0.04    0.05    0.05    0.06    0.08    0.12    0.14      1.03      0.09
    1988    0.10    0.07    0.05    0.04    0.04    0.04    1.03    1.06    0.20    0.25    0.29    0.32      3.48      0.29
    1989    0.33    0.30    0.14    0.07    0.06    0.06    0.25    0.30    0.30    0.33    0.22    0.20      2.57      0.21
    1990    0.16    0.12    0.09    0.08    0.07    0.07    0.07    0.07    0.09    0.37    0.39    0.18      1.76      0.15
    1991    0.27    0.25    0.09    0.06    0.05    0.05    0.05    0.07    0.10    0.27    0.31    0.18      1.77      0.15
    1992    0.29    0.28    0.09    0.05    0.05    0.05    6.77    6.91    0.36    0.45    0.51    0.42     16.24      1.35
    1993    0.31    0.21    0.16    0.13    0.11    0.11    0.13    0.15    0.17    0.20    0.22    0.22      2.10      0.18
    1994    0.20    0.15    0.18    0.17    0.11    0.10    0.11    0.22    0.26    0.20    0.23    0.22      2.15      0.18
    1995    0.20    0.27    0.75    0.63    0.11    0.09    0.08    0.09    0.11    0.29    0.30    0.21      3.13      0.26
    1996    0.51    0.81    0.48    0.11    0.08    0.08    0.14    0.25    0.26    0.24    0.27    0.24      3.46      0.29
    1997    0.19    0.15    0.10    0.08    0.07    0.07    0.38    0.63    0.35    0.22    0.23    0.21      2.69      0.22
    1998    0.16    0.18    1.70    1.65    0.12    0.10    0.10    0.11    0.13    0.14    0.14    0.14      4.68      0.39
    1999    0.12    0.08    0.07    0.12    0.12    0.06    0.07    0.07    0.07    0.12    0.15    0.11      1.16      0.10
    2000    0.09    0.08    0.06    0.04    0.03    0.03    0.03    0.04    0.04    0.17    0.26    0.18      1.05      0.09
    2001    0.12    0.11    0.08    0.05    0.03    0.03    0.03    0.13    0.16    0.11    0.13    0.14      1.11      0.09
    2002    0.13    0.08    0.05    0.04    0.03    4.69    4.79    0.24    0.24    0.24    0.41    0.45     11.39      0.95
    2003    0.26    0.17    0.11    0.08    0.07    0.06    0.13    0.14    0.09    0.12    0.12    0.12      1.47      0.12
    2004    1.10    1.14    0.26    0.32    0.14    0.09    0.70    0.75    0.20    0.20    0.20    0.19      5.30      0.44
    2005    0.15    0.12    0.09    0.06    0.05    0.05    0.04    0.21    0.24    0.76    2.16    1.67      5.58      0.47
    2006    0.37    0.24    0.13    0.09    0.08    0.07    0.07    0.19    0.25    0.44    0.48    0.25      2.67      0.22
    2007    0.21    0.69    0.76    0.22    0.11    0.10    0.10    0.10    0.10    0.12    0.16    0.17      2.85      0.24
    2008    0.16    3.13    3.15    0.15    0.11    0.10    0.10    0.10    0.11    0.15    0.17    0.18      7.60      0.63
    2009    0.30    0.30    0.10    0.07    0.06    0.05    0.05    0.05    0.11    0.15    0.12    0.10      1.46      0.12
  
 AVERAGE    0.24    0.24    0.18    0.10    0.09    0.13    0.28    0.29    0.19    0.23    0.33    0.31      2.60      0.22
