    1920    0.38    0.21    0.08    0.05    3.12    1.16    0.14    0.27    7.80    4.13    1.48    1.04     19.86      1.66
    1921    0.62    0.33    0.23    0.21    0.19    0.66    0.27    0.25    0.68    0.46    1.07    0.74      5.70      0.47
    1922    0.46    0.28    0.17    0.14    0.13    0.12    0.69    2.41    1.11    0.59    0.67    0.56      7.34      0.61
    1923    0.38    0.23    0.16    0.12    0.11    0.10    0.10    0.11    0.68    0.43    1.63    0.91      4.98      0.42
    1924    0.33    2.66    0.99    0.12    0.11    0.11    0.12    0.13    0.98    0.58    0.40    0.46      7.00      0.58
    1925    0.36    0.18    0.10    0.07    0.06    0.06    0.06    0.13    0.15    1.47    0.83    0.90      4.37      0.36
    1926    0.94    0.82    0.26    0.09    0.08    0.07    3.25    1.35    0.45    0.47    1.45    0.84     10.09      0.84
    1927    0.32    0.20    0.14    0.12    0.10    0.23    0.12    0.13    0.51    0.36    0.36    0.63      3.22      0.27
    1928    0.37    1.80    0.69    0.10    0.08    0.16    0.17    0.16    0.20    3.46    2.39    0.95     10.54      0.88
    1929    0.42    0.20    0.13    0.12    0.47    0.39    0.18    0.20    0.21    0.25    3.51    2.37      8.47      0.71
    1930    0.76    0.32    0.17    0.12    0.11    0.12    6.66    2.43    0.29    2.21    1.74    0.91     15.85      1.32
    1931    2.46    1.05    1.05    0.36    0.18    0.17    0.16    0.16    0.60    0.55    0.41    9.68     16.84      1.40
    1932    3.57    0.34    0.21    0.17    0.15    0.15    0.14    0.15    0.39    0.42    2.67    1.32      9.69      0.81
    1933    0.31    0.53    0.19    0.12    0.12    0.11    0.10    0.10    0.11    0.44    0.52    0.44      3.08      0.26
    1934    6.02    2.36    0.18    0.12    0.10    0.10    1.22    1.65    0.93    0.63    0.60    0.50     14.41      1.20
    1935    0.32    1.29    0.47    0.13    0.12    0.12    0.12    0.14    0.17    0.27    0.46    0.76      4.37      0.36
    1936    0.44    3.13    1.39    0.14    0.10    0.10    0.11    0.11    0.12    1.51    0.76    0.42      8.34      0.70
    1937    0.30    0.18    0.16    0.08    0.07    0.14    0.23    0.50    0.43    0.40    0.55    1.00      4.03      0.34
    1938    0.62    0.52    0.19    0.09    0.67    0.57    0.28    0.20    0.18    0.21    3.22    1.42      8.17      0.68
    1939    0.28    0.15    0.11    0.09    0.18    0.40    1.09    0.51    0.41    0.38    0.31    0.27      4.19      0.35
    1940    0.22    1.14    0.43    0.09    0.08    0.07    0.81    1.97    1.47    0.90    1.07    0.87      9.12      0.76
    1941    1.10    0.48    0.17    0.15    0.13    0.13    0.15    2.60    2.34    0.94    0.62    0.49      9.30      0.78
    1942    0.51    0.27    1.21    1.11    0.30    0.19    0.21    0.22    0.23    0.27    0.34    1.35      6.23      0.52
    1943    0.66    2.82    1.04    0.13    0.11    0.11    0.11    1.10    1.39    0.68    0.80    2.67     11.63      0.97
    1944    1.28    0.27    0.15    0.12    0.11    0.11    0.11   10.92    5.85    2.58    2.14    1.27     24.92      2.08
    1945    9.06    3.41    0.37    0.30    0.29    0.95    0.37    0.33    0.33    0.36    0.37    0.36     16.50      1.37
    1946    0.33    0.25    0.20    0.18    0.16    0.87    0.34    0.20    0.22    1.83    0.91    0.41      5.89      0.49
    1947    0.34    0.30    0.13    0.10    0.08    0.08    0.08    0.10    0.12    0.56    0.35    0.22      2.45      0.20
    1948    8.89    3.10    0.15    0.12    0.10    0.09    0.86    0.70    0.30    0.35    0.39    0.32     15.37      1.28
    1949    0.18   19.08    6.29    0.17    0.15    0.14    0.13    0.16    0.16    1.09    0.58    0.35     28.50      2.37
    1950    0.57    2.44    1.00    5.61    1.98    0.16    0.15    0.15    0.69    0.64    0.45    1.88     15.69      1.31
    1951    0.91    0.22    0.13    0.11    0.10    0.10    0.09    0.09    0.12    0.18    3.88    3.25      9.17      0.76
    1952    1.18    8.16    2.84    0.19    0.17    0.15    0.24    0.18    0.27    0.95    0.58    0.40     15.30      1.28
    1953    0.34    0.32    0.15    0.11    0.10    0.09    0.11    8.17    3.80    1.75    7.76    3.44     26.12      2.18
    1954    0.74    0.41    0.29    0.26    5.09    1.83    0.32    0.33    0.65    1.75    3.39    1.59     16.63      1.39
    1955    0.71    0.41    0.28    0.25    0.23    0.24    0.23    1.67    0.83    0.59    0.70    0.63      6.76      0.56
    1956    0.64    0.29    0.29    0.16    0.15    0.17    0.16    5.72    6.76    2.72    2.71    3.70     23.47      1.96
    1957   21.30    7.23    0.45    0.38    0.38    0.39    0.44   14.90    6.35    1.17    1.99    1.12     56.10      4.67
    1958    0.80    0.57    0.44    0.40    0.40    0.39    2.55    2.46    0.90   14.37    9.98    2.81     36.06      3.00
    1959    2.01    0.84    0.45    0.39    0.38    0.37    0.37    0.38    0.90    0.90    0.70    0.56      8.25      0.69
    1960    0.44    0.35    0.30    0.26    0.23    0.21    0.21    2.55    1.08    0.58    0.67    0.99      7.86      0.66
    1961    0.68    0.29    0.16    0.14    0.14    0.14    0.17    0.19    0.41    0.34   35.10   11.87     49.61      4.13
    1962    3.04    7.00    2.26    0.28    0.24    0.23    0.26    0.29    0.35    1.93    1.05    0.52     17.44      1.45
    1963    0.40    0.73    0.72    0.20    0.16    0.16    0.16    0.16    5.35    2.16    5.90    2.72     18.82      1.57
    1964    0.72    0.74    0.26    0.18    0.17    0.18    0.35    1.86    0.88    1.42    0.98    0.61      8.37      0.70
    1965    3.04    1.45    0.31    0.22    0.19    0.17    0.18    0.30    0.30    0.31    9.14    3.82     19.44      1.62
    1966    0.57    0.29    0.19    0.16    0.15    0.14   17.60    6.66    1.35    1.00    0.98    0.93     30.03      2.50
    1967    0.67    0.43    0.27    0.21    0.20    0.19    0.20    0.21    0.43    0.35    0.46    0.42      4.04      0.34
    1968    0.32    0.23    0.15    0.12    0.11    0.11    0.88    0.38    0.35    0.35    0.40    0.34      3.74      0.31
    1969    0.25    0.14    0.07    0.06    0.09    0.06    0.05    0.06    0.19    0.31    2.39    1.13      4.80      0.40
    1970    0.34    0.15    0.08    0.06    0.05    0.10    0.16    0.22    0.23    3.74    5.74    2.24     13.12      1.09
    1971    0.62    0.32    0.20    0.15    0.34    0.17    0.80    0.86    0.78    0.64    2.11    1.31      8.29      0.69
    1972    0.56    0.30    0.20    0.17    0.15    0.15    0.15    0.16    0.20    0.27    0.35    0.38      3.04      0.25
    1973    0.28    0.17    0.11    0.09    2.58    1.01    0.14    5.08    1.99    0.40   17.69    6.42     35.98      3.00
    1974    0.68    0.40    0.23    0.20    0.18    0.17    0.18    0.52    1.68    1.35    1.60    1.07      8.26      0.69
    1975    0.59    0.32    0.19    0.16    0.15    0.33    0.64    0.47    8.80    3.94    1.26    1.00     17.84      1.49
    1976    1.00    0.64    0.31    0.24    1.11    0.42    1.65    5.28    2.27    2.04    1.73    1.16     17.85      1.49
    1977    0.70    0.46    0.35    0.30    0.28    0.27    0.28    0.32    0.34    1.08    1.78    0.93      7.11      0.59
    1978    0.54    0.33    0.26    0.21    1.49    0.54    0.17    0.86    0.47    0.59    0.71    0.68      6.84      0.57
    1979    0.48    0.24    0.14    0.12    0.11    0.10    0.10    0.12    0.39    0.29    0.30    0.32      2.72      0.23
    1980    0.27    1.87    0.78    3.54    1.95    0.82    1.32    0.73    0.46    1.83    5.74    2.86     22.17      1.85
    1981    0.94    0.43    0.26    0.23    0.21    0.22   28.10    9.38    1.38    0.80    0.72    0.70     43.37      3.61
    1982    0.59    0.38    0.28    0.23    0.22    0.20    0.20    0.72    1.57    1.32    0.81    0.75      7.26      0.61
    1983    0.52    0.31    0.19    0.15    0.13    0.14    0.16    0.63    0.36    0.33    0.32    0.32      3.55      0.30
    1984    0.32    0.18    0.15    0.23    0.42    0.17    0.21    0.15    0.27    6.29    2.60    0.56     11.54      0.96
    1985    3.28    1.35    0.22    0.15    0.14    0.14    0.16    0.16    0.17    0.23   12.52    4.57     23.11      1.93
    1986    0.54    0.33    0.19    0.15    0.13    0.12    2.80    1.18    0.54    0.55    0.60    2.47      9.60      0.80
    1987    1.15    0.23    0.16    0.13    0.12    0.11    0.24    0.17    0.34    0.29    0.45    0.37      3.76      0.31
    1988    0.26    0.14    0.28    0.10    0.07    0.25    6.33    2.30    0.56    0.63    1.24    0.83     12.99      1.08
    1989    2.74    1.15    0.19    0.14    0.14    0.14    5.44    2.22    2.25    1.25    0.71    0.53     16.90      1.41
    1990    0.36    0.24    0.19    0.18    0.16    0.14    0.14    0.14    0.55    1.49    0.75    0.36      4.70      0.39
    1991    1.52    0.61    0.13    0.10    0.09    0.09    0.09    0.24    0.25    1.74    1.02    0.48      6.36      0.53
    1992    3.14    1.28    0.15    0.11    0.10    0.45   36.30   12.48    0.96    1.43    1.12    0.85     58.38      4.87
    1993    0.53    0.31    0.26    0.24    0.23    0.23    1.43    0.63    0.74    0.67    0.70    0.59      6.55      0.55
    1994    0.45    0.26    1.50    0.52    0.17    0.64    0.27    1.90    0.90    0.52    0.73    0.58      8.45      0.70
    1995    1.62    2.74    9.77    3.18    0.24    0.23    0.21    0.22    0.29    2.49    1.19    0.49     22.66      1.89
    1996    9.59    6.81    1.40    0.26    0.22    0.21    1.81    2.67    1.26    1.95    1.42    0.85     28.45      2.37
    1997    0.51    0.40    0.26    0.22    0.21    0.20    5.14    4.03    1.23    0.78    0.75    0.61     14.34      1.20
    1998    0.39    5.14   21.28    6.56    0.33    0.30    0.29    0.73    0.43    0.43    0.42    0.38     36.68      3.06
    1999    0.31    0.22    0.22    0.26    0.15    5.55    2.03    0.25    0.25    0.51    0.37    0.30     10.42      0.87
    2000    0.20    0.15    0.18    0.10    0.08    0.07    0.09    0.09    0.09    0.24    0.71    0.48      2.49      0.21
    2001    0.24    0.18    0.07    0.09    0.06    0.04    0.11    1.29    0.77    0.71    0.69    0.62      4.86      0.40
    2002    0.39    0.15    0.10    0.08    0.07   43.65   14.48    0.50    0.53    0.56    2.28    1.19     64.00      5.33
    2003    0.54    0.31    0.20    0.18    0.16    0.15    2.77    1.06    0.32    0.60    0.48    0.40      7.18      0.60
    2004   23.67    7.89    0.29    0.95    0.33    0.20    4.06    1.60    0.86    0.59    0.54    0.46     41.44      3.45
    2005    0.30    0.22    0.16    0.14    0.12    0.11    0.11    4.91    1.94   11.87   18.88    5.91     44.67      3.72
    2006    0.91    0.50    0.32    0.27    0.26    0.25    0.26    4.03    1.93    4.49    2.27    0.96     16.46      1.37
    2007    0.68   10.47    6.95    1.27    0.37    0.34    0.33    0.34    0.35    0.41    0.49    0.49     22.49      1.87
    2008    0.71   25.25    8.34    0.33    0.29    0.26    0.28    0.30    0.94    0.86    0.72    0.61     38.89      3.24
    2009    6.15    2.36    0.26    0.20    0.19    0.18    0.17    0.35    1.60    0.85    0.54    0.42     13.28      1.11
  
 AVERAGE    1.67    1.73    0.94    0.41    0.36    0.80    1.81    1.62    1.13    1.37    2.41    1.37     15.62      1.30
