    1920    2.92    2.41    1.79    1.28    2.71    1.68    4.54    2.87   38.54   30.49   25.13   14.24    128.60     10.72
    1921    3.35    1.68    1.70    3.27    1.67    1.63    1.13    7.19   31.21    9.08   24.91    4.22     91.03      7.59
    1922    4.00   24.35    1.70    0.60    0.32    0.18   10.82   24.10   21.22   19.47   11.89    5.28    123.92     10.33
    1923    4.03   23.05    1.69    0.45    0.20    0.22    0.93    1.60   28.95    4.56   23.49    6.49     95.66      7.97
    1924    4.98    5.25    1.35    1.53    0.77    0.40    0.63    1.49   51.11   20.49   10.38    5.48    103.87      8.66
    1925    8.88    4.65    1.40    0.54    0.57    0.56    0.61   10.04   10.68   27.58   15.13    6.16     86.82      7.23
    1926   15.88    3.78    1.25    0.53    0.55    0.65    2.07    9.82   14.94    4.23   27.72    4.60     86.02      7.17
    1927    2.90    8.03    1.87    2.22    0.75    1.47    0.82    0.69   26.10    9.78   17.44   17.58     89.64      7.47
    1928    3.23    4.60    2.06    0.75    0.39    0.56    5.76    6.82    7.83   29.70   19.09    3.94     84.73      7.06
    1929    2.41    1.61    2.02    2.10    1.55    3.55    1.54    1.65    5.12    3.92   25.23   27.85     78.56      6.55
    1930    3.78    3.45    1.23    0.82    1.33    0.86   19.96    4.11    3.70   16.66   25.53   12.13     93.56      7.80
    1931   21.47    2.63    1.19    1.35    5.22    1.24    0.74    9.85   10.59   21.12    4.93   27.14    107.47      8.96
    1932    4.82    2.54    1.98    0.90    0.53    0.54    0.78    7.82   34.85   35.51   19.96    5.55    115.78      9.65
    1933    3.41    1.65    0.86    0.52    0.47    0.56    0.52    7.02   14.60   15.48   18.10   16.13     79.31      6.61
    1934   10.01    2.86    1.07    0.38    0.30    0.88    8.11   20.36   12.30   14.93    6.87    6.96     85.01      7.08
    1935    3.26    8.69    1.40    5.23    0.88    1.20    1.03    8.93   11.43   25.80   22.30    9.13     99.29      8.27
    1936    3.66   12.48   10.69    1.29    0.50    1.59    3.81    6.89   40.89   32.74    4.55   10.34    129.45     10.79
    1937    3.95    2.37    1.22    1.04    0.68    2.01    7.86   17.47    7.30   11.11   15.80   19.84     90.64      7.55
    1938    5.66    2.45    1.41    0.75    4.67    2.21    3.06   15.17    2.96   10.93   15.46    4.86     69.59      5.80
    1939    3.25    2.04    1.03    0.50   10.35    1.53   21.08    7.68   24.84   14.06    4.54    6.43     97.32      8.11
    1940    3.70   13.45    1.60    2.04    0.79    0.42   18.56   38.22   37.81   26.91   24.04   32.77    200.32     16.69
    1941    8.14    2.81    3.20    1.33    0.70    0.87    2.38   19.47   54.04    6.02   18.56    4.74    122.26     10.19
    1942    3.72    1.72    6.07   14.42    1.98    7.46    2.64    8.12   12.14   20.13   25.89   13.14    117.44      9.79
    1943    5.10    4.74    1.51    0.58    0.32    0.49    1.35   14.30   49.06   12.24   30.88   21.95    142.53     11.88
    1944    4.79    2.40    1.41    0.63    0.25    0.20    5.70   35.90   41.37   55.20   35.42    4.01    187.27     15.61
    1945   14.95    3.04    1.21    0.64    0.66    6.24    1.88    4.09    5.78   12.16   11.00   23.60     85.25      7.10
    1946    3.97    1.91    0.79    0.41    0.23    8.41    1.96    5.75    4.32   32.77   11.44    5.86     77.84      6.49
    1947    6.49    2.66    1.12    0.64    0.51    7.66    2.98    9.64   12.85   23.47    6.41   25.97    100.41      8.37
    1948   14.48    2.61    1.47    0.76    0.37    0.26    9.61    5.90    7.54   13.82   17.69   14.39     88.91      7.41
    1949    6.01   14.96    1.92    0.79    0.38    0.25   12.10    2.05    4.35   34.49    4.45   18.71    100.46      8.37
    1950   12.49   17.04    3.11    7.26    0.98    0.54   11.37    5.23   44.11   20.83   15.43   14.60    152.99     12.75
    1951   14.01    9.11    1.68    0.51    0.47    0.58    2.16   14.44    8.75   23.75   28.92   20.14    124.51     10.38
    1952   10.58   22.79    2.19    0.82    0.38    0.25   27.72   17.80    6.53   23.02   14.77    3.84    130.70     10.89
    1953    4.09    6.52    1.45    0.55    0.93    3.97    5.81   44.01   27.38   52.35   35.79    9.06    191.92     15.99
    1954    5.11    2.43    1.58    0.70   31.81    1.36    2.87    3.02   15.00   31.05   43.72    4.69    143.35     11.95
    1955   13.99    3.54    1.54    1.09    1.08    1.17    1.13   17.59   25.21   14.65   14.06    5.10    100.15      8.35
    1956    7.89    2.54    4.03    0.90    4.44    5.44    2.54   30.64   38.77   29.49   26.38   10.34    163.40     13.62
    1957   17.40    2.50    0.73    0.29    1.85    6.33    3.60   24.97   12.39    3.97   21.39    4.95    100.38      8.36
    1958    7.20    2.68    1.01    1.22    0.86    1.31   23.47   36.73    4.92    5.54   19.07    4.01    108.03      9.00
    1959    7.94    2.11    1.04    0.90    0.57    0.77    1.26    7.24   19.02    5.94    4.06   13.38     64.25      5.35
    1960    3.37    1.77    1.57    2.61    0.86    0.88    1.98    7.07   10.65   10.66   16.35   21.76     79.53      6.63
    1961    6.10    2.24    0.77    1.03    0.83    2.94   13.28    3.60   42.55   15.41   57.73    4.43    150.91     12.58
    1962   26.21    7.89    1.73    0.88    0.54    0.58    1.01   10.11    7.31   16.56   29.71    4.17    106.70      8.89
    1963    3.26    2.96    2.25    0.93    3.72    2.36    2.67    5.26   33.14   18.04   26.54    7.76    108.89      9.07
    1964    4.20    8.33    1.49    0.57    1.92    7.73    7.58   12.30    6.96   10.86   12.67    5.22     79.84      6.65
    1965    9.68    4.13    5.69    1.15    0.47    4.93    4.04    4.02   19.81   16.76   23.44   10.08    104.20      8.68
    1966    3.36    1.59    0.66    0.28    0.23    0.37   10.19   10.66   21.96   15.22   12.90    4.44     81.85      6.82
    1967    4.53    3.97    1.31    0.61    0.59    0.48    4.00   13.05   20.14   22.76   18.63    3.96     94.03      7.84
    1968   14.76    2.62    1.20    1.01    0.81    0.82    5.60    1.69    8.83    4.86   10.25    9.73     62.17      5.18
    1969   13.40    2.78    0.99    0.36    6.93    0.93    0.55    6.11   15.26   22.12   20.82    6.61     96.87      8.07
    1970    5.83    2.22    1.16    0.65    0.40    0.93    0.98   10.23   12.82   23.62   26.59    4.06     89.48      7.46
    1971    3.11    4.53    1.78    2.29    1.91    2.02   12.28   18.01   11.50    9.14   13.90    6.60     87.07      7.26
    1972    3.52    1.88    1.00    0.63    0.37    0.36    1.34    2.67    2.47   22.49   16.60    9.52     62.84      5.24
    1973    3.37    2.16    1.53    1.23    0.79    0.80    0.86   13.42   11.93    9.46   83.30   12.90    141.74     11.81
    1974   10.78    2.79    1.18    1.26    0.83    0.48    1.92   27.34    8.31   19.82   25.82    4.91    105.45      8.79
    1975    5.30    2.53    0.99    0.35    0.42    3.50    2.18    9.23   43.12   24.33    8.33    7.56    107.85      8.99
    1976    7.77   17.45    7.31    1.52    8.04    1.60   12.44   35.95   25.49   39.71   39.31    5.12    201.71     16.81
    1977    3.29    1.99    6.47    1.29    0.82    1.14    4.21    2.32    2.55    9.46   26.25    8.83     68.63      5.72
    1978    4.05    2.09    2.30    1.98   10.09    1.19    0.67   13.40   22.60   12.85   15.20    7.91     94.33      7.86
    1979    9.87    2.44    0.95    0.89    0.71    0.45    2.43   12.26   15.51    8.28   15.87    4.01     73.67      6.14
    1980    5.30   13.62    5.22   22.24    4.90    5.24    9.23    2.50    3.57   34.69   22.54   29.23    158.29     13.19
    1981    4.06    2.36    1.12    0.73    0.45    0.46   20.94    3.65   17.12    9.83   12.61    3.90     77.23      6.44
    1982    3.54    1.83    0.92    0.61    4.97    2.58    1.48   31.99   33.02   38.98    8.35   14.67    142.96     11.91
    1983    3.67    1.85    0.86    0.61    0.59    1.53    4.43   39.52    8.68   19.19    7.23   25.03    113.21      9.43
    1984   18.85    2.86   10.05    9.69    4.12   11.16   10.62    3.03   13.53   42.75   23.39    4.68    154.72     12.89
    1985   12.27    2.76    1.81    0.73    3.68    5.75    3.87    2.58   18.59   17.24   41.42    7.93    118.63      9.89
    1986    4.71    4.23    1.34    0.60    0.88    0.73    8.47   23.88   16.70   11.31   30.23   13.07    116.14      9.68
    1987    3.29    1.42    1.04    0.54    0.28    0.45   10.90    6.28   12.45    9.84   23.00    9.03     78.52      6.54
    1988    3.75    2.00    0.88    0.75    0.73   15.27   23.53    7.47   17.91   21.84   24.63   18.60    137.38     11.45
    1989   13.17    3.13    1.15    0.56    3.44    1.11   15.16   14.63   26.85   16.50   13.59    3.99    113.28      9.44
    1990    2.96    2.63    1.41    0.90    0.50    0.44    2.17   11.69   30.05   42.90    7.14   16.04    118.83      9.90
    1991   15.20    2.63    0.97    0.44    1.17    1.96    7.13   10.37   37.18   23.97   16.06    8.68    125.76     10.48
    1992   22.42    2.84    1.00    0.64    3.41    0.99   41.34   11.13   18.66   62.12   14.19    3.93    182.67     15.22
    1993    2.34    1.15    4.98    0.97    0.67    0.75    4.63    9.16   57.62   16.75    6.42   10.47    115.89      9.66
    1994    4.54    2.06   10.10    1.19    0.74    1.85    1.90   21.81   15.73   22.61   18.87    4.85    106.25      8.85
    1995   12.24    4.37   15.23    1.43    2.46    1.94    1.41    8.46   35.71   30.57   22.06   15.50    151.39     12.62
    1996   19.83   11.89    4.19    1.04    0.52    0.47    3.23   23.47   39.04    7.77   14.57    3.53    129.55     10.80
    1997    2.65   10.61    1.71    1.35    0.73    0.77    5.17   34.46    8.05   21.86   12.89    3.84    104.09      8.67
    1998    2.32    9.47   20.97    1.56    0.66    0.44    5.78   10.31   10.99   16.62   31.04   20.35    130.50     10.87
    1999    3.62    1.87    2.48    3.79    0.98    5.63    1.75    3.65   10.98   28.68   13.05   11.46     87.94      7.33
    2000    3.52    1.85    1.43    1.22    0.65    0.39    5.33   18.12    5.33   48.06   26.50   19.29    131.68     10.97
    2001    6.76    2.57    1.24   10.14    1.97    1.01    7.87   16.36   13.18   37.12   24.63    9.81    132.66     11.06
    2002    4.78    3.45    2.37    1.03    0.59   15.20    2.34    9.57    2.74    5.25   36.67   14.46     98.43      8.20
    2003    8.36    2.45    1.57    0.78    0.39    1.22    6.59    1.78   10.23   15.51    9.33    4.98     63.19      5.27
    2004   25.08    2.81    2.23    8.83    1.02    0.71   31.29   12.26   21.34    7.30   21.94    6.22    141.05     11.75
    2005    3.79    6.61    1.44    0.54    0.53    0.58    4.90   15.01   10.84   21.21   33.71    5.00    104.17      8.68
    2006    4.66    5.62    1.67    0.70    2.80    2.17    8.57   23.11   32.92   33.56   20.10    3.99    139.87     11.66
    2007    9.12   28.59    3.94    1.13    1.12    1.13    1.46    2.96   11.24   42.78   24.11   31.74    159.32     13.28
    2008    3.93   33.85    4.67    1.13    4.85    0.98    1.06   11.73   27.77   23.08   20.70   10.17    143.90     11.99
    2009   10.92    5.58    1.49    0.47    0.52    0.58    0.61   17.00   15.54   12.11    6.72    3.83     75.39      6.28
  
 AVERAGE    7.50    5.55    2.55    1.78    1.95    2.17    6.45   12.70   19.52   20.89   20.40   10.64    112.10      9.34
