    1920    1.85    1.43    0.88    0.50    0.37    0.36    0.51    0.79   18.27   16.19   18.93   12.73     72.80      6.07
    1921    6.80    3.47    1.58    0.95    0.73    0.61    0.54    0.80   12.96    7.32    9.47    7.59     52.82      4.40
    1922    4.99   10.19    4.81    1.09    0.50    0.35    0.97    7.72    8.77    8.79    9.45    7.91     65.54      5.46
    1923    5.65    9.61    4.63    1.10    0.47    0.34    0.35    0.44   10.67    5.43    7.12    6.09     51.90      4.32
    1924    4.46    3.18    1.66    0.75    0.51    0.35    0.32    0.39   28.00   13.82    5.84    5.56     64.83      5.40
    1925    5.04    3.72    1.91    0.70    0.44    0.35    0.32    0.82    1.78    9.57    7.97    6.37     39.00      3.25
    1926    7.22    5.09    2.29    0.79    0.47    0.38    0.43    0.93    2.99    3.25   10.39    7.32     41.56      3.46
    1927    4.11    2.84    1.72    0.94    0.56    0.44    0.40    0.36    8.83    5.11    5.13    7.38     37.80      3.15
    1928    5.81    3.38    1.82    0.79    0.42    0.34    0.50    1.05    1.86   10.24    9.25    6.68     42.16      3.51
    1929    4.48    2.45    1.24    0.81    0.62    0.63    0.66    0.67    0.98    1.48    8.07   12.70     34.76      2.90
    1930    7.28    3.55    1.69    0.69    0.51    0.41    4.66    2.85    2.10    4.34    9.68    8.55     46.32      3.86
    1931   11.68    6.77    2.37    0.96    0.84    0.74    0.53    1.01    2.06    6.49    5.87   12.17     51.50      4.29
    1932    8.14    3.96    1.88    0.83    0.48    0.37    0.36    0.64   15.71   18.72   15.52    8.95     75.58      6.30
    1933    5.59    2.99    1.27    0.58    0.39    0.33    0.30    0.48    2.32    4.13    6.24    7.82     32.44      2.70
    1934    7.28    4.83    2.14    0.70    0.40    0.36    0.61    5.00    4.72    5.46    6.08    5.83     43.40      3.62
    1935    4.48    3.22    1.80    1.00    0.69    0.51    0.48    0.83    2.05    8.78   10.57    8.28     42.68      3.56
    1936    6.13    5.00    3.80    1.90    0.70    0.56    0.72    1.22   19.48   18.69    9.61    7.41     75.23      6.27
    1937    5.88    3.49    1.61    0.76    0.49    0.46    0.76    3.69    3.63    4.28    6.01    9.67     40.73      3.39
    1938    7.54    4.19    1.88    0.77    0.66    0.72    0.80    2.60    2.43    2.98    5.05    5.23     34.87      2.91
    1939    3.96    2.36    1.11    0.51    0.97    0.75    5.51    3.82    9.05    8.05    6.84    6.09     49.01      4.08
    1940    4.88    4.51    2.51    1.02    0.63    0.41    4.04   20.22   22.99   25.05   23.68   28.85    138.77     11.56
    1941   12.76    4.67    2.29    1.07    0.60    0.46    0.53    4.29   30.24   13.82    7.84    7.29     85.84      7.15
    1942    5.35    2.98    1.61    2.80    1.66    1.22    1.35    1.78    3.11    6.37   15.49   11.23     54.94      4.58
    1943    7.22    4.44    2.20    0.82    0.44    0.36    0.39    1.89   26.19   12.55   17.79   19.39     93.67      7.81
    1944    9.33    4.06    1.84    0.73    0.41    0.31    0.42   16.48   24.32   42.36   39.63   13.96    153.86     12.82
    1945    6.96    4.70    2.13    0.77    0.50    0.61    0.78    0.99    1.54    2.63    3.91    9.04     34.56      2.88
    1946    6.67    3.31    1.36    0.54    0.33    0.54    0.72    1.03    1.56   12.75    8.07    5.32     42.22      3.52
    1947    4.67    3.14    1.48    0.61    0.39    0.51    0.82    1.37    2.98    7.50    6.89   13.18     43.55      3.63
    1948   10.19    5.46    2.34    0.88    0.47    0.34    0.74    1.22    2.00    3.42    5.84    7.14     40.04      3.34
    1949    6.33    6.08    3.36    1.22    0.53    0.36    1.30    1.11    1.39   14.76    7.97    6.88     51.29      4.27
    1950    6.76    7.21    4.11    2.07    1.07    0.60    1.33    1.68   22.53   13.65   11.69   11.26     83.96      7.00
    1951    8.92    6.30    3.20    1.13    0.52    0.41    0.46    2.02    2.45    7.29   16.03   17.00     65.74      5.48
    1952    9.57   10.94    5.54    1.60    0.60    0.40   10.38    7.53    4.40    7.99    9.30    7.32     75.56      6.30
    1953    4.98    3.46    1.87    0.71    0.49    0.57    0.88   23.06   16.21   38.99   39.79   14.83    145.85     12.15
    1954    6.87    3.88    1.81    0.75   13.90    5.40    0.98    1.24    3.00   12.44   31.60   14.43     96.31      8.03
    1955    7.18    4.93    2.36    0.96    0.62    0.52    0.50    3.39    9.64    7.29    7.07    6.92     51.39      4.28
    1956    5.84    3.73    1.94    0.91    0.70    0.89    1.02   12.57   21.49   24.18   25.26   12.14    110.66      9.22
    1957    9.16    5.80    2.20    0.68    0.51    0.69    0.97    8.06    5.92    4.32    8.55    7.01     53.86      4.49
    1958    5.12    3.41    1.56    0.70    0.52    0.46    6.85   19.91    9.20    4.60    6.93    6.27     65.54      5.46
    1959    4.97    3.15    1.42    0.70    0.45    0.38    0.41    0.71    4.24    3.84    3.28    4.23     27.77      2.31
    1960    3.70    2.19    1.08    0.71    0.48    0.36    0.42    0.78    1.75    2.96    4.92    9.10     28.47      2.37
    1961    7.29    4.06    1.65    0.69    0.49    0.50    1.73    1.73   21.24   11.60   41.17   18.47    110.61      9.22
    1962   13.65    8.19    3.19    1.20    0.58    0.43    0.43    0.93    1.74    3.98   12.20    8.37     54.87      4.57
    1963    4.78    2.93    1.57    0.77    0.63    0.68    0.75    1.08   13.88    9.10   15.27   10.07     61.50      5.13
    1964    6.20    4.25    2.24    0.83    0.58    0.78    1.29    2.50    3.39    4.30    5.45    5.54     37.37      3.11
    1965    5.12    3.75    2.28    1.13    0.54    0.56    0.85    1.20    4.89    5.70   10.43    8.82     45.27      3.77
    1966    6.08    3.31    1.34    0.53    0.35    0.30    0.79    1.60    6.74    6.54    6.82    6.57     40.97      3.41
    1967    5.09    3.35    1.69    0.68    0.45    0.35    0.43    1.66    5.63    8.24   12.02    8.18     47.76      3.98
    1968    6.94    4.61    2.05    0.84    0.55    0.44    0.61    0.79    1.17    2.01    2.87    3.79     26.67      2.22
    1969    4.81    3.53    1.57    0.52    0.54    0.53    0.37    0.57    2.68    7.06    8.78    7.58     38.54      3.21
    1970    6.03    3.64    1.60    0.67    0.40    0.35    0.37    0.90    2.31    7.41   13.56    8.64     45.89      3.82
    1971    4.93    3.12    1.71    0.93    0.71    0.64    1.56    4.57    4.84    5.35    6.44    6.59     41.38      3.45
    1972    5.15    2.98    1.32    0.61    0.39    0.31    0.34    0.49    0.69    5.88    5.59    5.04     28.79      2.40
    1973    4.18    2.52    1.25    0.68    0.45    0.36    0.34    1.66    2.58    3.41   52.06   25.24     94.72      7.89
    1974    8.18    4.98    2.23    0.88    0.58    0.40    0.41    9.56    5.31    5.65   13.03    9.01     60.22      5.02
    1975    5.83    3.53    1.58    0.58    0.39    0.45    0.60    1.05   21.20   14.28    8.03    7.08     64.60      5.38
    1976    6.36    7.06    4.37    1.94    1.33    1.10    1.97   17.92   14.39   32.57   39.72   15.15    143.88     11.99
    1977    5.60    3.00    1.76    1.05    0.61    0.49    0.64    0.87    1.00    1.60    8.76    6.54     31.91      2.66
    1978    4.37    2.69    1.33    0.81    1.14    0.81    0.53    1.94    7.43    6.33    6.84    7.06     41.27      3.44
    1979    6.48    4.19    1.80    0.75    0.50    0.37    0.41    1.38    3.49    3.92    5.47    5.40     34.15      2.85
    1980    4.24    4.39    2.90    7.36    3.69    1.64    1.95    2.06    2.04   16.08   12.53   23.00     81.87      6.82
    1981   11.37    3.97    1.75    0.73    0.44    0.35    5.26    2.92    4.24    4.67    5.53    5.30     46.52      3.88
    1982    3.99    2.40    1.09    0.54    0.54    0.66    0.64   13.53   17.88   26.70   13.20    9.33     90.50      7.54
    1983    6.97    3.68    1.53    0.65    0.44    0.42    0.60   19.28    8.86    6.02    6.39   12.45     67.30      5.61
    1984   12.30    6.46    3.38    2.48    1.63    2.00    2.57    2.66    3.89   21.88   24.33   10.91     94.48      7.87
    1985    6.71    4.45    2.13    0.84    0.64    0.83    1.08    1.24    4.39    5.75   24.55   13.24     65.85      5.49
    1986    6.46    4.00    1.96    0.73    0.50    0.41    0.63    7.33    6.65    5.89   18.38   12.22     65.15      5.43
    1987    6.50    3.34    1.40    0.63    0.38    0.32    0.95    1.32    2.58    3.74    8.05    7.44     36.63      3.05
    1988    5.57    3.27    1.40    0.63    0.45    2.36    7.96    4.99    5.97   11.20   20.92   17.19     81.90      6.82
    1989    9.75    5.47    2.42    0.83    0.64    0.59    2.41    3.68   10.90    9.57   10.76    7.95     64.96      5.41
    1990    4.96    2.95    1.48    0.73    0.44    0.34    0.40    1.22   11.98   23.18   12.11    9.56     69.36      5.78
    1991    9.13    5.59    2.29    0.76    0.51    0.52    0.79    1.61   16.89   13.70   13.23    9.16     74.17      6.18
    1992   11.62    6.86    2.40    0.82    0.67    0.57   21.15    9.31    5.96   43.00   24.23    8.47    135.06     11.25
    1993    4.64    2.39    1.30    0.82    0.49    0.40    0.54    1.14   31.62   15.42    6.78    6.79     72.33      6.03
    1994    5.71    3.40    2.34    1.28    0.64    0.54    0.61    5.71    5.60    7.94   13.35    8.91     56.04      4.67
    1995    6.69    4.71    4.62    2.32    0.96    0.82    0.74    1.11   16.53   16.16   18.79   13.75     87.18      7.27
    1996   12.18    8.03    4.04    1.71    0.67    0.45    0.52    6.79   20.18   10.30    6.99    6.39     78.27      6.52
    1997    4.20    3.45    2.07    0.94    0.57    0.44    0.60   15.36    7.56    7.00    7.55    6.47     56.20      4.68
    1998    4.36    3.19    7.11    3.32    0.81    0.50    0.63    1.39    2.64    4.89   15.88   17.41     62.14      5.18
    1999    8.61    3.64    1.71    1.07    0.70    0.69    0.82    1.00    1.81   10.13    7.94    6.85     44.97      3.75
    2000    5.65    3.24    1.48    0.78    0.49    0.35    0.46    3.67    3.07   24.09   22.53   16.72     82.53      6.88
    2001    8.90    4.37    1.96    1.59    1.09    0.71    0.87    3.46    4.56   17.55   23.52   11.71     80.27      6.69
    2002    6.87    4.08    2.09    0.93    0.52    2.42    1.55    1.73    2.18    2.40   16.89   10.59     52.25      4.35
    2003    6.35    4.06    1.85    0.78    0.44    0.39    0.63    0.84    1.39    3.75    4.41    4.37     29.26      2.44
    2004   10.62    5.95    2.04    1.47    0.90    0.55   13.22    6.90    7.32    6.90   11.60    8.80     76.27      6.36
    2005    5.89    3.82    1.99    0.74    0.46    0.37    0.50    2.34    3.07    6.40   20.88   11.52     57.98      4.83
    2006    5.64    3.77    2.01    0.80    0.60    0.64    0.95    6.99   15.59   25.86   21.13    9.58     93.57      7.80
    2007    5.83   14.13    6.78    1.72    0.77    0.61    0.59    0.76    1.55   20.13   15.23   25.14     93.24      7.77
    2008   11.88   18.62    8.21    1.78    0.97    0.76    0.61    1.47   10.85   10.35   14.91   10.04     90.45      7.54
    2009    7.66    5.23    2.58    0.91    0.49    0.39    0.35    3.05    4.13    4.49    5.06    4.50     38.85      3.24
  
 AVERAGE    6.71    4.58    2.30    1.06    0.79    0.63    1.56    3.94    8.25   10.69   13.08    9.91     63.50      5.29
