    1920    0.58    0.43    0.24    0.12    0.28    0.17    0.50    0.29   17.16   13.96    8.93    4.87     47.54      3.96
    1921    1.91    0.83    0.50    0.41    0.37    0.35    0.33    0.62   12.63    4.97    6.67    3.05     32.63      2.72
    1922    1.06   11.11    3.91    0.37    0.32    0.30    2.65    8.70    7.73    5.24    3.06    1.88     46.34      3.86
    1923    1.38   10.30    3.61    0.40    0.35    0.33    0.32    0.33   10.37    3.89    5.40    2.61     39.30      3.28
    1924    1.00    0.94    0.41    0.32    0.28    0.26    0.24    0.24   26.03   12.43    2.68    1.37     46.21      3.85
    1925    2.00    1.20    0.44    0.31    0.27    0.25    0.24    1.12    1.68   10.00    5.34    1.83     24.68      2.06
    1926    4.85    2.17    0.48    0.33    0.30    0.28    0.27    1.31    2.87    1.26    8.62    3.74     26.47      2.21
    1927    0.85    1.37    0.56    0.30    0.25    0.23    0.22    0.20    8.10    3.45    2.62    4.11     22.27      1.86
    1928    1.73    0.86    0.41    0.26    0.22    0.20    0.77    0.78    0.86    9.69    5.74    1.77     23.30      1.94
    1929    0.94    0.58    0.38    0.39    0.41    0.56    0.29    0.30    0.41    0.48    5.47    7.40     17.61      1.47
    1930    2.73    0.82    0.39    0.28    0.25    0.23    5.30    2.17    0.53    3.32    6.08    3.74     25.83      2.15
    1931    6.98    2.87    0.59    0.41    0.81    0.36    0.33    1.20    1.97    3.10    1.52   10.63     30.78      2.56
    1932    4.55    0.78    0.47    0.34    0.29    0.28    0.28    0.99    8.41    8.51    6.71    2.96     34.56      2.88
    1933    1.29    0.71    0.45    0.35    0.32    0.29    0.27    0.37    1.93    3.28    3.60    4.01     16.88      1.41
    1934    3.65    1.78    0.52    0.35    0.30    0.29    1.20    5.11    2.92    2.34    1.88    1.75     22.09      1.84
    1935    1.11    1.54    0.61    0.35    0.29    0.27    0.27    0.59    1.40    4.12    3.64    2.99     17.19      1.43
    1936    1.50    3.03    2.21    0.51    0.29    0.28    0.29    0.43    6.31    9.77    3.56    2.13     30.29      2.52
    1937    1.40    0.84    0.46    0.34    0.30    0.29    1.29    2.59    1.55    1.45    2.37    4.69     17.58      1.46
    1938    2.61    0.89    0.48    0.33    1.49    0.90    0.57    1.83    0.85    1.65    4.84    2.32     18.78      1.56
    1939    0.89    0.52    0.34    0.27    2.70    1.17    4.37    1.76    5.28    3.27    1.30    1.32     23.19      1.93
    1940    1.05    2.74    1.02    0.50    0.29    0.25    5.01   10.31   13.50    7.16    7.34   12.18     61.36      5.11
    1941    5.28    1.18    0.60    0.46    0.39    0.37    0.37    5.61   13.92    5.00    1.80    1.42     36.39      3.03
    1942    1.13    0.71    1.43    4.67    1.51    1.17    0.84    1.28    1.66    3.27    5.66    5.11     28.43      2.37
    1943    2.54    1.33    0.59    0.39    0.34    0.32    0.31    4.70   13.85    4.80    6.21   10.24     45.62      3.80
    1944    3.75    0.79    0.46    0.36    0.33    0.31    0.86   16.96   14.07   15.62   15.82    5.32     74.65      6.22
    1945    8.25    3.46    0.60    0.42    0.38    1.56    0.70    0.58    0.92    1.65    1.40    5.69     25.60      2.13
    1946    2.65    0.76    0.46    0.35    0.31    1.47    0.66    0.63    0.49    8.38    3.73    1.43     21.33      1.78
    1947    1.68    0.88    0.40    0.30    0.26    0.72    0.59    0.77    1.21    3.94    1.97    4.56     17.29      1.44
    1948    8.47    2.91    0.48    0.34    0.29    0.26    1.55    1.01    0.90    1.80    3.48    3.02     24.51      2.04
    1949    2.01    4.84    1.69    0.35    0.29    0.27    2.46    1.02    0.43    7.55    3.25    4.16     28.31      2.36
    1950    3.79    5.73    2.16    2.05    0.69    0.29    2.12    0.95   11.30    8.40    4.03    3.96     45.47      3.79
    1951    3.51    2.03    0.60    0.38    0.35    0.33    0.33    3.23    2.09    5.05    8.56    8.19     34.65      2.89
    1952    3.67   10.76    3.79    0.44    0.38    0.36    7.16    4.59    1.61    5.28    2.91    1.52     42.46      3.54
    1953    1.39    1.42    0.54    0.38    0.34    0.58    0.74   12.22    8.99   19.19   22.66    7.34     75.79      6.32
    1954    1.62    0.86    0.50    0.40   19.02    6.54    0.43    0.47    3.32    7.70   13.37    5.00     59.24      4.94
    1955    2.01    1.00    0.52    0.40    0.37    0.35    0.34    5.59    7.50    3.49    2.43    1.52     25.51      2.13
    1956    1.86    0.87    0.81    0.38    0.60    0.75    0.38   11.64   18.01    9.04   10.12    5.24     59.69      4.97
    1957    5.29    2.13    0.53    0.40    0.38    1.32    0.87    9.87    5.21    1.27    6.12    3.10     36.49      3.04
    1958    1.50    0.85    0.48    0.39    0.37    0.37    7.57    9.85    3.23    1.53    4.05    2.34     32.52      2.71
    1959    2.91    1.26    0.50    0.40    0.35    0.33    0.34    1.14    3.72    2.00    1.08    1.35     15.39      1.28
    1960    0.93    0.58    0.38    0.35    0.28    0.26    0.41    1.12    1.09    1.53    2.59    6.03     15.52      1.29
    1961    3.11    0.82    0.39    0.31    0.29    0.42    1.83    0.96   11.44    5.40   22.22    8.55     55.75      4.65
    1962   10.30    4.99    0.82    0.45    0.38    0.36    0.37    3.21    1.79    3.42    6.89    2.99     35.99      3.00
    1963    1.21    1.46    0.90    0.41    0.36    0.34    0.36    0.49   10.95    5.35    7.58    4.34     33.76      2.81
    1964    1.99    4.27    1.51    0.40    0.36    1.10    1.33    2.39    1.43    1.74    1.93    1.38     19.85      1.65
    1965    5.56    2.66    1.12    0.42    0.33    0.49    0.50    0.56    1.97    2.11    7.11    4.58     27.40      2.28
    1966    1.67    0.78    0.43    0.33    0.30    0.28    4.57    2.78    4.37    3.25    2.74    1.80     23.29      1.94
    1967    1.33    1.19    0.49    0.35    0.31    0.29    0.28    1.67    5.53    3.44    3.42    2.10     20.39      1.70
    1968    2.13    1.27    0.49    0.35    0.32    0.30    1.34    0.55    1.40    1.01    1.08    1.23     11.46      0.95
    1969    1.75    0.79    0.30    0.23    2.26    0.80    0.20    0.24    2.19    4.20    5.92    2.66     21.53      1.79
    1970    1.64    0.78    0.39    0.29    0.25    0.25    0.37    1.72    2.80    7.78   11.00    4.32     31.58      2.63
    1971    1.42    1.65    1.11    0.47    0.40    0.35    2.96    3.18    2.88    2.19    3.87    2.81     23.29      1.94
    1972    1.42    0.78    0.44    0.34    0.30    0.28    0.28    0.29    0.31    2.25    1.61    1.04      9.35      0.78
    1973    0.64    0.41    0.27    0.28    0.29    0.19    0.18    3.28    1.90    0.80   33.91   13.79     55.94      4.66
    1974    2.44    1.00    0.45    0.69    0.31    0.28    0.26    6.51    2.77    2.96    7.80    3.67     29.16      2.43
    1975    1.40    0.81    0.46    0.33    0.29    1.05    0.67    1.02   15.14    7.66    2.77    2.15     33.76      2.81
    1976    2.75    5.32    2.05    0.43    1.24    0.83    1.29    8.78    6.37   12.16   18.38    6.66     66.26      5.52
    1977    1.56    0.92    1.85    0.86    0.42    0.39    0.49    0.46    0.50    1.41    7.01    3.48     19.37      1.61
    1978    1.27    0.73    0.47    0.37    2.84    0.99    0.30    2.06    3.52    4.00    3.06    2.23     21.84      1.82
    1979    2.55    1.12    0.46    0.36    0.32    0.29    0.28    1.29    3.28    1.47    1.70    1.22     14.34      1.19
    1980    1.69    3.88    1.87   14.09    6.32    1.33    2.71    1.10    0.64    8.65    8.81    7.94     59.04      4.92
    1981    3.38    1.04    0.57    0.41    0.36    0.34    9.96    3.60    3.75    2.26    2.43    1.73     29.82      2.48
    1982    1.16    0.70    0.43    0.34    0.69    0.34    0.32   10.59   10.92    9.71    4.02    3.25     42.46      3.54
    1983    1.94    0.87    0.48    0.38    0.35    0.34    0.57   12.55    4.83    2.79    1.75    4.59     31.43      2.62
    1984    7.36    2.60    2.31    3.41    1.81    1.31    2.02    0.80    1.74   16.30    7.84    2.01     49.52      4.13
    1985   10.77    4.26    0.96    0.46    0.60    0.98    0.83    0.51    2.60    2.50   15.31    6.70     46.47      3.87
    1986    2.12    1.25    0.55    0.39    0.36    0.34    3.95    4.45    3.25    1.73    6.88    5.17     30.44      2.54
    1987    1.97    0.81    0.47    0.37    0.33    0.32    0.76    0.76    1.84    1.35    6.37    3.49     18.84      1.57
    1988    1.41    0.75    0.44    0.34    0.30    3.57   16.33    5.60    3.96    4.22    5.82    7.41     50.14      4.18
    1989    7.74    3.15    0.67    0.44    0.89    0.40    3.62    4.36    9.11    4.43    2.71    1.94     39.47      3.29
    1990    1.42    0.97    0.56    0.43    0.38    0.35    0.36    1.28    5.84   15.58    5.85    2.26     35.28      2.94
    1991    8.87    3.34    0.58    0.42    0.38    0.36    0.91    2.32    7.56    5.87    3.85    3.04     37.51      3.13
    1992    7.44    2.99    0.58    0.41    0.46    0.38   20.82    7.98    3.34   17.62    8.66    2.35     73.03      6.09
    1993    1.37    0.78    2.67    0.96    0.42    0.40    1.16    1.69   17.09    7.41    2.57    2.41     38.94      3.24
    1994    2.00    0.91    5.43    1.97    0.41    0.60    1.40    7.20    4.26    4.51    5.57    2.75     37.00      3.08
    1995    2.84    2.75    7.82    2.56    0.45    0.43    0.42    0.53    7.87   10.82    5.09    3.12     44.71      3.73
    1996    9.48    8.11    2.26    0.49    0.41    0.39    0.44    6.97    9.12    3.25    2.71    1.69     45.32      3.78
    1997    1.21    2.34    0.87    0.46    0.40    0.38    1.82   12.20    4.89    2.02    2.60    1.64     30.83      2.57
    1998    1.10    4.68   17.56    5.71    0.41    0.38    0.75    5.35    2.68    2.14    7.75    7.55     56.07      4.67
    1999    2.88    0.94    0.54    2.92    1.01    1.96    0.88    0.50    1.10    5.94    3.45    2.44     24.57      2.05
    2000    1.60    0.81    0.48    0.37    0.33    0.31    1.63    1.91    0.80   12.94    9.18    4.52     34.87      2.91
    2001    2.32    1.06    0.52    4.33    1.69    0.36    0.94    3.10    2.98    6.94    6.10    3.61     33.95      2.83
    2002    1.89    0.99    0.57    0.44    0.37   10.51    4.10    4.03    1.73    0.91   12.63    5.87     44.04      3.67
    2003    2.05    0.90    0.49    0.38    0.34    0.32    0.71    0.37    0.86    2.26    1.27    0.91     10.86      0.91
    2004   11.39    4.21    1.64    3.18    0.97    0.29   18.76    7.62    4.69    2.21    2.86    1.93     59.74      4.98
    2005    1.16    1.09    0.47    0.35    0.32    0.30    0.29    2.79    2.22    7.97   12.38    4.76     34.08      2.84
    2006    1.66    1.11    0.52    0.37    0.43    0.34    0.67    4.26    7.51   11.12    6.96    2.55     37.50      3.13
    2007    2.98   23.20    8.35    0.52    0.43    0.41    0.39    0.39    1.21    9.91    7.30    8.44     63.53      5.29
    2008    3.48   30.48   10.45    0.47    0.41    0.39    0.38    0.70    6.25    6.74    4.20    2.69     66.65      5.55
    2009    3.57    1.69    0.56    0.39    0.36    0.35    0.35    0.87    3.07    2.13    1.06    0.95     15.34      1.28
  
 AVERAGE    2.94    2.61    1.36    0.85    0.80    0.70    1.89    3.25    5.16    5.50    6.03    3.87     34.95      2.91
