    1920    0.42    0.31    0.17    0.09    0.20    0.13    0.36    0.21   12.44   10.03    6.30    3.34     34.00      2.83
    1921    1.20    0.52    0.34    0.29    0.26    0.25    0.23    0.44    9.11    3.55    4.70    2.09     22.98      1.92
    1922    0.66    7.92    2.79    0.26    0.23    0.21    1.88    6.22    5.50    3.69    2.08    1.19     32.62      2.72
    1923    0.84    7.29    2.56    0.29    0.25    0.24    0.23    0.24    7.45    2.79    3.81    1.80     27.80      2.32
    1924    0.63    0.61    0.28    0.22    0.20    0.18    0.17    0.17   18.96    8.97    1.86    0.89     33.17      2.76
    1925    1.31    0.79    0.30    0.21    0.19    0.17    0.16    0.79    1.19    7.16    3.76    1.20     17.23      1.44
    1926    3.32    1.46    0.32    0.23    0.20    0.19    0.19    0.93    2.03    0.88    6.12    2.59     18.46      1.54
    1927    0.52    0.92    0.38    0.21    0.18    0.16    0.15    0.14    5.80    2.46    1.83    2.85     15.59      1.30
    1928    1.15    0.56    0.27    0.18    0.15    0.14    0.55    0.56    0.60    6.92    4.03    1.16     16.27      1.36
    1929    0.57    0.36    0.25    0.27    0.29    0.41    0.21    0.21    0.29    0.33    3.86    5.20     12.27      1.02
    1930    1.86    0.52    0.26    0.19    0.17    0.16    3.78    1.55    0.36    2.33    4.26    2.54     17.99      1.50
    1931    4.82    1.95    0.40    0.29    0.58    0.26    0.24    0.86    1.40    2.19    1.04    7.55     21.55      1.80
    1932    3.16    0.50    0.32    0.24    0.21    0.20    0.20    0.70    6.01    6.05    4.70    1.97     24.25      2.02
    1933    0.80    0.46    0.31    0.25    0.23    0.21    0.20    0.26    1.37    2.31    2.51    2.75     11.67      0.97
    1934    2.47    1.17    0.35    0.25    0.22    0.21    0.85    3.63    2.07    1.63    1.26    1.12     15.24      1.27
    1935    0.67    1.02    0.41    0.24    0.21    0.19    0.19    0.42    0.99    2.90    2.52    2.02     11.79      0.98
    1936    0.95    2.07    1.54    0.36    0.20    0.19    0.20    0.31    4.49    6.96    2.49    1.41     21.17      1.76
    1937    0.88    0.53    0.31    0.23    0.20    0.21    0.92    1.84    1.09    1.00    1.62    3.19     12.03      1.00
    1938    1.71    0.54    0.32    0.23    1.06    0.65    0.42    1.31    0.60    1.15    3.39    1.56     12.94      1.08
    1939    0.54    0.32    0.22    0.18    1.92    0.84    3.11    1.27    3.75    2.30    0.87    0.84     16.17      1.35
    1940    0.65    1.87    0.70    0.35    0.20    0.17    3.56    7.38    9.69    5.08    3.68    6.70     40.04      3.34
    1941    3.24    0.82    0.43    0.33    0.28    0.26    0.26    4.00   10.02    3.58    1.22    0.90     25.35      2.11
    1942    0.70    0.45    0.99    3.32    1.09    0.84    0.62    0.92    1.18    2.29    3.94    3.48     19.82      1.65
    1943    1.64    0.84    0.40    0.28    0.24    0.22    0.22    3.32    9.97    3.45    4.37    7.21     32.14      2.68
    1944    2.55    0.51    0.32    0.25    0.23    0.22    0.61   12.28   10.11   11.20    9.17    3.05     50.51      4.21
    1945    5.82    2.40    0.43    0.30    0.28    1.11    0.50    0.41    0.65    1.15    0.94    3.96     17.96      1.50
    1946    1.77    0.49    0.31    0.24    0.21    1.04    0.47    0.45    0.34    5.98    2.62    0.94     14.87      1.24
    1947    1.10    0.56    0.26    0.20    0.18    0.51    0.43    0.55    0.85    2.76    1.34    3.14     11.89      0.99
    1948    5.91    1.99    0.32    0.23    0.20    0.18    1.10    0.72    0.63    1.26    2.40    2.04     16.97      1.41
    1949    1.30    3.34    1.17    0.24    0.20    0.18    1.74    0.72    0.29    5.38    2.28    2.86     19.72      1.64
    1950    2.58    3.98    1.51    1.45    0.50    0.21    1.51    0.68    8.13    5.98    2.79    2.67     32.00      2.67
    1951    2.32    1.33    0.40    0.27    0.25    0.24    0.24    2.30    1.48    3.56    6.03    5.61     24.03      2.00
    1952    2.43    7.61    2.68    0.32    0.28    0.26    5.11    3.27    1.14    3.72    1.99    0.96     29.77      2.48
    1953    0.86    0.93    0.37    0.27    0.24    0.41    0.54    8.81    6.42   13.84   14.07    4.50     51.25      4.27
    1954    1.07    0.58    0.36    0.29   13.81    4.76    0.32    0.34    2.36    5.47    9.54    3.48     42.39      3.53
    1955    1.30    0.63    0.36    0.29    0.27    0.25    0.25    3.96    5.33    2.47    1.67    0.98     17.75      1.48
    1956    1.21    0.55    0.55    0.26    0.42    0.54    0.27    8.39   13.00    6.45    5.33    3.06     40.04      3.34
    1957    3.70    1.45    0.37    0.28    0.27    0.94    0.63    7.08    3.72    0.88    4.30    2.10     25.72      2.14
    1958    0.94    0.54    0.33    0.27    0.27    0.26    5.41    7.05    2.31    1.06    2.79    1.53     22.75      1.90
    1959    1.92    0.81    0.34    0.28    0.25    0.23    0.24    0.81    2.64    1.40    0.71    0.88     10.51      0.88
    1960    0.56    0.36    0.25    0.25    0.19    0.18    0.30    0.80    0.77    1.07    1.78    4.17     10.66      0.89
    1961    2.07    0.50    0.26    0.21    0.20    0.30    1.30    0.69    8.22    3.83   16.04    6.03     39.66      3.31
    1962    7.21    3.46    0.54    0.32    0.28    0.26    0.27    2.28    1.27    2.41    4.83    2.02     25.16      2.10
    1963    0.75    0.96    0.61    0.29    0.26    0.25    0.26    0.35    7.87    3.80    5.34    2.96     23.71      1.98
    1964    1.27    2.93    1.04    0.28    0.26    0.79    0.95    1.70    1.01    1.21    1.30    0.87     13.61      1.13
    1965    3.83    1.80    0.76    0.29    0.23    0.35    0.36    0.40    1.39    1.47    5.00    3.14     19.04      1.59
    1966    1.05    0.49    0.29    0.23    0.21    0.20    3.24    1.98    3.08    2.27    1.86    1.15     16.03      1.34
    1967    0.81    0.76    0.33    0.24    0.21    0.20    0.20    1.19    3.91    2.42    2.35    1.37     14.00      1.17
    1968    1.38    0.81    0.33    0.24    0.22    0.21    0.96    0.39    0.99    0.70    0.73    0.81      7.77      0.65
    1969    1.16    0.50    0.20    0.15    1.60    0.57    0.14    0.17    1.54    2.96    4.16    1.81     14.97      1.25
    1970    1.06    0.49    0.26    0.19    0.17    0.17    0.26    1.22    1.96    5.52    7.78    2.94     22.03      1.84
    1971    0.87    1.08    0.76    0.33    0.29    0.25    2.11    2.26    2.03    1.53    2.66    1.85     16.02      1.33
    1972    0.86    0.49    0.30    0.23    0.21    0.20    0.19    0.20    0.21    1.59    1.12    0.69      6.29      0.52
    1973    0.39    0.25    0.18    0.20    0.21    0.14    0.13    2.32    1.34    0.56   24.69    9.90     40.30      3.36
    1974    1.60    0.62    0.30    0.48    0.22    0.20    0.18    4.65    1.98    2.09    5.51    2.51     20.34      1.69
    1975    0.88    0.51    0.31    0.23    0.20    0.75    0.48    0.72   10.94    5.47    1.89    1.39     23.77      1.98
    1976    1.79    3.67    1.41    0.31    0.88    0.60    0.93    6.29    4.53    8.69   10.98    4.01     44.10      3.67
    1977    1.04    0.61    1.29    0.61    0.31    0.29    0.36    0.33    0.35    0.99    4.96    2.41     13.55      1.13
    1978    0.81    0.47    0.32    0.26    2.02    0.71    0.22    1.46    2.50    2.82    2.12    1.48     15.18      1.27
    1979    1.68    0.71    0.31    0.25    0.22    0.20    0.20    0.92    2.33    1.03    1.16    0.79      9.80      0.82
    1980    1.11    2.68    1.30   10.18    4.55    0.98    1.96    0.81    0.46    6.18    6.23    5.52     41.96      3.50
    1981    2.24    0.66    0.39    0.29    0.26    0.25    7.16    2.60    2.65    1.58    1.66    1.12     20.87      1.74
    1982    0.71    0.44    0.29    0.24    0.49    0.25    0.23    7.62    7.82    6.91    2.79    2.16     29.96      2.50
    1983    1.22    0.55    0.33    0.27    0.25    0.25    0.41    9.05    3.47    1.96    1.18    3.15     22.07      1.84
    1984    5.08    1.76    1.61    2.41    1.30    0.96    1.46    0.59    1.24   11.77    5.57    1.31     35.05      2.92
    1985    7.57    2.96    0.65    0.33    0.43    0.71    0.60    0.37    1.84    1.76   11.00    4.70     32.91      2.74
    1986    1.37    0.79    0.37    0.27    0.25    0.25    2.81    3.16    2.30    1.20    4.81    3.53     21.12      1.76
    1987    1.24    0.51    0.32    0.26    0.23    0.23    0.54    0.54    1.29    0.93    4.47    2.38     12.94      1.08
    1988    0.88    0.47    0.29    0.23    0.21    2.54   11.82    4.03    2.81    2.95    4.03    3.99     34.25      2.85
    1989    5.01    2.16    0.46    0.31    0.64    0.29    2.58    3.10    6.50    3.13    1.83    1.23     27.26      2.27
    1990    0.87    0.60    0.38    0.30    0.27    0.25    0.25    0.91    4.14   11.20    4.15    1.48     24.80      2.07
    1991    6.17    2.29    0.40    0.30    0.27    0.26    0.65    1.65    5.37    4.12    2.65    2.00     26.14      2.18
    1992    5.11    2.01    0.40    0.29    0.33    0.27   15.15    5.77    2.36   12.70    5.86    1.45     51.69      4.31
    1993    0.85    0.51    1.87    0.68    0.30    0.29    0.83    1.21   12.37    5.29    1.74    1.57     27.51      2.29
    1994    1.26    0.57    3.84    1.40    0.30    0.43    1.01    5.13    3.03    3.16    3.75    1.79     25.67      2.14
    1995    1.87    1.85    5.55    1.83    0.33    0.32    0.31    0.39    5.61    7.72    3.58    2.09     31.45      2.62
    1996    6.59    5.67    1.57    0.36    0.30    0.28    0.32    4.96    6.50    2.29    1.85    1.09     31.77      2.65
    1997    0.75    1.58    0.59    0.32    0.29    0.28    1.30    8.79    3.51    1.40    1.76    1.04     21.62      1.80
    1998    0.67    3.26   12.67    4.13    0.30    0.27    0.54    3.81    1.90    1.50    5.45    5.22     39.73      3.31
    1999    1.88    0.59    0.37    2.07    0.72    1.40    0.64    0.36    0.78    4.20    2.41    1.63     17.05      1.42
    2000    1.01    0.51    0.32    0.26    0.23    0.22    1.16    1.35    0.56    9.31    6.49    3.08     24.51      2.04
    2001    1.49    0.65    0.35    3.08    1.21    0.26    0.68    2.20    2.11    4.91    4.25    2.41     23.61      1.97
    2002    1.17    0.61    0.38    0.31    0.27    7.56    2.96    2.88    1.23    0.62    9.04    4.11     31.14      2.60
    2003    1.33    0.56    0.33    0.26    0.24    0.23    0.51    0.26    0.60    1.59    0.87    0.57      7.34      0.61
    2004    8.10    2.97    1.14    2.26    0.70    0.21   13.63    5.51    3.32    1.54    1.96    1.25     42.59      3.55
    2005    0.71    0.70    0.31    0.24    0.22    0.21    0.20    1.98    1.57    5.66    8.79    3.27     23.86      1.99
    2006    1.03    0.70    0.36    0.26    0.31    0.25    0.48    3.02    5.34    7.92    4.26    1.50     25.43      2.12
    2007    2.00   16.76    6.01    0.38    0.31    0.30    0.29    0.28    0.86    7.10    5.17    5.92     45.37      3.78
    2008    2.36   22.13    7.56    0.34    0.30    0.29    0.28    0.50    4.44    4.77    2.93    1.79     47.69      3.97
    2009    2.39    1.10    0.38    0.28    0.26    0.25    0.25    0.62    2.17    1.49    0.70    0.60     10.48      0.87
  
 AVERAGE    1.96    1.80    0.95    0.60    0.57    0.50    1.36    2.32    3.69    3.91    4.13    2.58     24.38      2.03
