    1920    0.63    0.42    0.20    0.10    0.18    0.12    0.35    0.19   11.18    7.86    4.47    2.59     28.29      2.36
    1921    1.19    0.55    0.37    0.33    0.32    0.30    0.28    0.27    7.18    2.89    3.21    1.57     18.47      1.54
    1922    0.66    9.15    3.29    0.31    0.27    0.25    1.86    4.49    3.73    2.73    1.77    1.21     29.74      2.48
    1923    0.87    8.27    2.98    0.39    0.35    0.33    0.31    0.30    4.08    1.58    1.86    1.10     22.41      1.87
    1924    0.63    0.54    0.30    0.24    0.21    0.19    0.18    0.18   18.42    8.62    2.03    1.07     32.61      2.72
    1925    1.57    0.82    0.35    0.26    0.24    0.22    0.21    0.26    0.71    8.12    4.04    1.17     17.95      1.50
    1926    2.88    1.44    0.37    0.27    0.25    0.24    0.23    0.80    1.23    0.61    4.59    2.11     15.01      1.25
    1927    0.54    0.48    0.26    0.21    0.18    0.17    0.16    0.14    1.79    0.76    0.60    1.67      6.97      0.58
    1928    0.77    0.43    0.21    0.13    0.10    0.09    0.45    0.37    0.40    6.06    2.76    0.74     12.52      1.04
    1929    0.48    0.30    0.20    0.21    0.54    0.38    0.20    0.20    0.22    0.28    2.44    2.43      7.89      0.66
    1930    1.04    0.42    0.21    0.15    0.14    0.14    2.50    1.07    0.35    2.17    3.12    2.00     13.32      1.11
    1931    2.86    1.85    0.70    0.33    0.40    0.29    0.28    0.50    1.23    1.48    0.80    7.63     18.36      1.53
    1932    3.21    0.54    0.34    0.26    0.23    0.23    0.23    0.56    2.05    2.13    3.09    1.68     14.55      1.21
    1933    0.73    0.43    0.31    0.27    0.25    0.23    0.21    0.20    0.39    1.58    2.07    1.77      8.45      0.70
    1934    1.95    1.39    0.45    0.24    0.21    0.21    0.75    2.67    1.71    1.35    1.18    1.01     13.11      1.09
    1935    0.66    0.87    0.38    0.27    0.24    0.22    0.21    0.35    0.43    0.86    0.75    1.36      6.60      0.55
    1936    0.73    1.29    0.83    0.20    0.16    0.15    0.16    0.18    1.28    4.97    2.11    0.97     13.04      1.09
    1937    0.68    0.77    0.34    0.21    0.18    0.22    0.53    1.62    1.02    1.04    1.23    2.19     10.03      0.84
    1938    1.32    0.53    0.33    0.25    1.57    0.72    0.37    0.68    0.41    1.01    4.09    1.89     13.16      1.10
    1939    0.60    0.37    0.25    0.22    1.58    0.75    2.34    0.98    1.86    1.35    0.77    0.65     11.73      0.98
    1940    0.54    1.18    0.47    0.65    0.24    0.19    2.73    5.50    6.47    3.48    2.56    2.78     26.78      2.23
    1941    1.80    0.86    0.55    0.47    0.43    0.41    0.40    3.11    2.59    1.01    0.88    0.76     13.27      1.11
    1942    0.64    0.47    0.95    2.61    0.85    0.39    0.79    0.71    0.95    1.08    1.74    2.25     13.43      1.12
    1943    1.24    1.00    0.47    0.31    0.27    0.25    0.23    5.46    6.72    2.21    2.44    7.64     28.23      2.35
    1944    3.10    0.58    0.37    0.31    0.29    0.27    0.51   15.06    9.88    5.70    5.15    2.56     43.78      3.65
    1945    9.12    3.75    0.67    0.49    0.44    1.17    0.57    0.53    0.62    0.94    0.91    1.58     20.78      1.73
    1946    0.93    0.56    0.38    0.31    0.28    0.87    0.43    0.35    0.39    3.77    1.81    0.94     11.03      0.92
    1947    1.20    0.63    0.29    0.22    0.20    0.18    0.25    0.25    0.54    1.52    0.84    0.93      7.06      0.59
    1948   11.46    4.05    0.31    0.23    0.19    0.17    0.69    0.66    0.46    0.89    1.24    0.94     21.30      1.78
    1949    0.86    2.28    0.85    0.19    0.16    0.15    1.72    0.75    0.28    4.34    1.99    1.39     14.95      1.25
    1950    1.36    3.00    1.19    1.87    0.66    0.22    1.10    0.49    4.20    6.17    3.23    2.88     26.35      2.20
    1951    1.70    0.74    0.43    0.34    0.33    0.32    0.31    0.79    1.01    2.13    5.30    4.18     17.57      1.46
    1952    1.78    6.62    2.41    0.40    0.38    0.36    2.61    1.59    0.88    2.88    1.56    0.92     22.38      1.87
    1953    0.78    0.60    0.39    0.30    0.27    0.27    0.31    8.94    5.21   11.21    8.61    3.19     40.09      3.34
    1954    1.34    0.75    0.51    0.42   14.33    5.01    0.46    0.46    2.17    4.13    6.10    2.51     38.18      3.18
    1955    0.96    0.60    0.40    0.34    0.32    0.30    0.29    4.08    3.87    1.95    1.47    1.00     15.59      1.30
    1956    1.15    0.54    0.39    0.29    0.26    0.30    0.27    7.40   12.01    5.23    4.07    2.82     34.73      2.89
    1957    3.80    1.59    0.53    0.41    0.38    0.81    0.85    8.19    3.93    1.06    3.87    1.99     27.40      2.28
    1958    0.96    0.66    0.43    0.36    0.35    0.35    3.06    3.37    1.29    2.36    3.19    1.83     18.19      1.52
    1959    2.07    0.92    0.44    0.37    0.33    0.31    0.30    0.70    1.60    1.09    0.79    0.72      9.65      0.80
    1960    0.53    0.34    0.25    0.22    0.20    0.18    0.46    0.99    0.63    0.98    1.95    2.49      9.22      0.77
    1961    1.38    0.49    0.25    0.21    0.21    0.27    0.62    0.40    3.94    2.10   10.50    4.29     24.67      2.06
    1962    4.40    2.10    0.49    0.37    0.33    0.32    0.32    2.44    1.26    2.95    2.95    1.39     19.32      1.61
    1963    0.79    1.35    0.91    0.36    0.30    0.28    0.28    0.29    6.06    2.67    3.83    2.29     19.41      1.62
    1964    1.17    4.48    1.64    0.33    0.30    0.49    0.56    1.38    0.73    1.35    1.08    0.76     14.25      1.19
    1965    4.79    2.18    0.52    0.31    0.26    0.24    0.25    0.38    0.35    0.40    6.29    3.20     19.17      1.60
    1966    0.82    0.40    0.24    0.19    0.18    0.17   11.74    4.48    1.95    1.42    1.54    1.13     24.27      2.02
    1967    0.78    0.71    0.36    0.28    0.26    0.24    0.23    0.63    2.27    1.18    1.61    1.07      9.61      0.80
    1968    0.77    0.68    0.29    0.22    0.21    0.20    1.49    0.60    1.14    0.73    0.55    0.51      7.38      0.61
    1969    0.49    0.27    0.16    0.13    1.04    0.39    0.12    0.12    0.85    1.16    3.08    1.53      9.34      0.78
    1970    0.75    0.37    0.20    0.15    0.14    0.15    0.55    0.84    1.06    2.87    5.90    2.68     15.67      1.31
    1971    0.94    0.68    0.49    0.34    0.31    0.31    1.98    1.54    0.95    1.04    2.90    1.99     13.48      1.12
    1972    0.91    0.54    0.36    0.29    0.27    0.26    0.25    0.25    0.29    0.75    0.64    0.62      5.42      0.45
    1973    0.43    0.27    0.19    0.16    0.37    0.21    0.15    3.51    1.57    0.47   24.05    9.13     40.50      3.38
    1974    1.46    0.65    0.32    0.40    0.25    0.24    0.22    1.57    1.08    1.43    3.68    1.95     13.26      1.11
    1975    0.84    0.51    0.31    0.24    0.23    0.53    1.01    1.00    8.99    4.20    1.83    1.49     21.17      1.76
    1976    1.58    2.22    0.82    0.40    1.41    0.63    2.92    5.73    3.05    4.95    3.88    2.16     29.76      2.48
    1977    1.32    0.83    0.84    0.51    0.44    0.41    0.41    0.45    0.48    0.94    2.98    1.78     11.39      0.95
    1978    1.01    0.57    0.48    0.32    2.70    0.97    0.28    1.96    1.22    1.78    2.03    1.45     14.77      1.23
    1979    1.07    0.52    0.31    0.26    0.24    0.22    0.21    0.33    1.45    0.72    0.67    0.56      6.55      0.55
    1980    0.55    2.09    1.06    7.10    3.34    1.52    3.37    1.55    0.71    3.60    5.94    3.85     34.69      2.89
    1981    1.69    0.82    0.52    0.42    0.39    0.37   17.82    6.25    1.28    1.05    1.09    1.05     32.76      2.73
    1982    0.85    0.56    0.38    0.31    0.33    0.29    0.29    3.61    4.05    3.87    2.04    3.79     20.37      1.70
    1983    1.91    0.87    0.48    0.38    0.35    0.34    0.36    3.11    1.38    0.73    0.76    1.04     11.71      0.98
    1984    1.68    0.72    0.93    1.28    0.81    0.43    0.83    0.40    0.59    9.68    4.26    1.03     22.63      1.89
    1985    5.95    2.46    0.57    0.35    0.31    0.44    0.52    0.38    0.65    0.95   13.09    5.29     30.96      2.58
    1986    1.26    0.71    0.39    0.29    0.27    0.26    3.73    2.04    1.52    1.20    2.42    2.65     16.75      1.40
    1987    1.27    0.54    0.36    0.30    0.27    0.26    0.28    0.31    0.88    0.62    2.77    1.55      9.41      0.78
    1988    0.79    0.43    0.28    0.22    0.20    2.12   13.24    4.56    2.74    2.91    3.52    2.82     33.83      2.82
    1989    3.35    1.63    0.59    0.44    0.41    0.40    5.43    3.25    6.18    2.84    1.36    1.16     27.03      2.25
    1990    0.87    0.60    0.46    0.40    0.36    0.34    0.33    0.57    1.53    7.42    3.17    0.99     17.05      1.42
    1991    4.39    1.74    0.41    0.32    0.29    0.28    0.46    1.35    1.96    2.95    1.88    1.45     17.49      1.46
    1992    3.38    1.47    0.43    0.33    0.47    0.31   28.97   10.35    1.99    5.49    3.30    1.58     58.07      4.84
    1993    1.02    0.62    0.71    0.42    0.37    0.35    2.26    1.33    5.47    2.71    1.36    1.16     17.79      1.48
    1994    1.04    0.58    3.08    1.20    0.36    0.39    0.37    4.09    2.11    1.36    2.23    1.37     18.19      1.52
    1995    1.23    1.53    5.98    2.07    0.39    0.37    0.34    0.36    1.63    4.31    2.20    1.28     21.67      1.81
    1996    7.44    7.38    2.13    0.43    0.36    0.44    1.34    4.44    3.14    1.65    1.59    1.17     31.51      2.63
    1997    0.83    0.93    0.44    0.36    0.34    0.32    3.01    7.76    3.00    1.05    1.35    1.02     20.41      1.70
    1998    0.69    2.45   14.83    4.98    0.38    0.34    0.38    1.39    0.74    0.65    1.09    1.49     29.42      2.45
    1999    0.82    0.43    0.29    1.67    0.60    1.02    0.44    0.29    0.33    2.86    1.52    0.94     11.22      0.94
    2000    0.63    0.38    0.25    0.19    0.17    0.15    0.71    0.40    0.25    5.39    3.70    1.55     13.77      1.15
    2001    1.01    0.79    0.30    0.90    0.37    0.21    0.25    2.27    1.55    1.81    1.58    1.44     12.49      1.04
    2002    0.89    0.47    0.31    0.27    0.24   19.96    7.06    2.00    1.03    0.77    8.91    3.95     45.86      3.82
    2003    1.17    0.63    0.40    0.33    0.30    0.29    1.31    0.53    0.56    1.10    0.69    0.60      7.90      0.66
    2004   10.37    3.77    1.97    2.47    0.70    0.28   13.00    5.03    1.76    1.05    1.07    0.86     42.33      3.53
    2005    0.61    0.85    0.33    0.26    0.24    0.22    0.21    1.81    0.96    7.52   15.15    5.28     33.45      2.79
    2006    1.14    0.69    0.43    0.34    0.33    0.33    0.41    1.83    2.42    5.14    2.76    1.28     17.10      1.42
    2007    1.33    9.40    4.12    0.50    0.43    0.41    0.40    0.40    0.44    2.68    2.07    1.61     23.79      1.98
    2008    1.16   22.00    7.48    0.40    0.35    0.33    0.32    0.34    1.89    2.72    1.83    1.27     40.10      3.34
    2009    3.23    1.44    0.40    0.30    0.28    0.27    0.25    0.29    1.75    1.31    0.68    0.57     10.77      0.90
  
 AVERAGE    1.77    1.68    0.94    0.56    0.58    0.64    1.79    2.06    2.43    2.69    3.13    1.98     20.27      1.69
