    1920    1.10    0.61    0.26    0.15    0.39    0.28    0.34    0.43    0.50    0.60    0.67    0.68      6.01      0.50
    1921    0.49    0.24    0.15    0.27    0.21    0.89    0.62    0.48    0.57    0.75    0.84    0.74      6.25      0.52
    1922    0.59    0.56    0.32    0.17    0.12    0.09    0.28    0.74    0.89    1.11    1.24    1.18      7.29      0.61
    1923    0.94    0.60    0.25    0.15    0.15    0.14    0.16    0.24    0.40    0.62    1.16    1.24      6.06      0.51
    1924    0.97    0.58    0.27    0.15    0.11    0.34    0.28    0.30    0.43    0.62    0.69    0.70      5.44      0.45
    1925    0.63    0.47    0.26    0.16    0.14    0.15    0.23    0.32    0.35    0.57    0.87    0.91      5.07      0.42
    1926    1.09    0.79    0.34    0.12    0.12    0.16    0.21    0.35    0.52    0.55    0.71    0.74      5.69      0.47
    1927    0.51    0.33    0.19    0.11    0.09    0.50    0.33    0.26    0.35    0.45    0.57    0.89      4.58      0.38
    1928    0.79    6.19    2.68    0.42    0.23    0.24    0.25    0.40    0.63    1.32    1.70    1.69     16.55      1.38
    1929    1.31    0.70    0.32    0.23    2.41    1.24    0.52    0.67    0.85    0.86    1.04    1.19     11.34      0.94
    1930    1.20    0.79    0.36    0.25    0.22    1.53    2.28    1.30    0.95    1.03    1.16    1.21     12.30      1.02
    1931    1.21    0.79    1.93    0.80    0.33    0.31    0.27    0.26    0.35    0.48    0.53   12.65     19.92      1.66
    1932    5.28    0.90    0.45    0.24    0.20    0.21    0.22    0.30    0.49    0.61    1.07    1.01     10.99      0.92
    1933    0.62    0.57    0.30    0.23    0.25    0.28    0.27    0.23    0.23    0.55    1.14    1.19      5.87      0.49
    1934    3.11    1.90    0.62    0.18    0.14    0.15    0.21    1.36    1.35    1.34    1.26    1.27     12.89      1.07
    1935    1.07    0.96    0.52    0.27    0.21    0.18    0.17    0.26    0.42    0.59    0.80    1.03      6.49      0.54
    1936    0.98    4.58    2.14    0.40    0.23    0.26    0.32    0.29    0.33    0.51    0.60    0.64     11.28      0.94
    1937    0.57    0.39    0.32    0.24    0.16    0.22    0.43    0.56    0.69    0.90    1.10    1.21      6.80      0.57
    1938    1.16    1.10    0.59    0.24    0.33    0.80    0.57    0.47    0.41    0.55    2.79    2.13     11.14      0.93
    1939    1.20    0.64    0.31    0.23    1.75    0.88    0.54    0.58    0.68    0.79    0.72    0.74      9.07      0.76
    1940    0.67    0.77    0.39    0.21    0.18    0.15    1.27    0.93    1.06    1.46    1.70    1.75     10.55      0.88
    1941    1.63    1.02    0.46    0.33    0.26    0.24    0.30    0.47    0.75    0.87    0.91    0.91      8.14      0.68
    1942    0.86    0.54    0.47    1.99    0.91    0.40    0.44    0.49    0.49    0.49    0.59    1.07      8.75      0.73
    1943    0.93    2.63    1.17    0.25    0.18    0.19    0.24    0.73    0.89    1.13    1.37    2.16     11.88      0.99
    1944    1.81    0.94    0.32    0.17    0.14    0.13    0.14    0.87    0.94    1.20    1.63    1.72     10.00      0.83
    1945    2.39    1.37    0.42    0.24    0.20    1.95    0.90    0.44    0.46    0.60    0.77    0.78     10.51      0.88
    1946    0.67    0.43    0.23    0.17    0.15    2.08    1.00    0.55    0.67    1.00    1.12    1.32      9.40      0.78
    1947    1.11    0.67    0.32    0.21    0.17    0.20    0.35    0.44    0.49    0.68    0.70    0.66      5.99      0.50
    1948    6.17    2.73    0.43    0.22    0.17    0.13    0.42    0.46    0.56    0.62    0.71    0.65     13.28      1.11
    1949    0.49    5.99    2.34    0.22    0.15    0.13    0.18    0.29    0.31    0.45    0.72    0.77     12.04      1.00
    1950    0.95    0.99    0.50    0.88    0.40    0.19    0.23    0.33    0.65    1.21    1.44    1.84      9.61      0.80
    1951    1.54    0.82    0.31    0.21    0.18    0.15    0.17    0.21    0.26    0.36    0.57    2.38      7.15      0.60
    1952    1.71    1.81    0.89    0.28    0.19    0.15    0.19    0.28    0.41    1.89    1.70    1.48     10.98      0.92
    1953    1.64    1.11    0.47    0.24    0.19    0.20    0.60    2.56    1.88    1.72    3.44    2.78     16.83      1.40
    1954    1.59    0.95    0.50    0.36    2.79    1.17    0.45    0.47    0.59    0.94    1.42    1.54     12.77      1.06
    1955    1.30    0.79    0.40    0.27    0.23    0.26    0.34    0.95    1.05    1.39    1.70    1.64     10.32      0.86
    1956    1.59    0.94    0.52    0.33    0.31    0.40    0.41    0.81    2.40    2.34    3.08    3.10     16.24      1.35
    1957    2.49    1.33    0.48    0.31    0.27    0.32    0.44    4.85    2.72    1.51    1.67    1.66     18.05      1.50
    1958    1.19    0.75    0.46    0.39    0.43    0.52    2.78    1.98    1.58    3.38    3.51    2.97     19.92      1.66
    1959    2.83    1.56    0.65    0.46    0.40    0.41    0.45    0.54    0.84    1.14    1.15    1.09     11.53      0.96
    1960    0.86    0.63    0.51    0.43    0.34    0.29    0.32    0.47    0.69    0.82    1.14    1.32      7.82      0.65
    1961    1.07    0.61    0.30    0.24    0.25    0.40    0.46    0.49    0.59    0.72    9.32    4.47     18.91      1.58
    1962    1.89    1.30    0.55    0.25    0.19    0.35    0.34    0.47    0.61    0.84    1.07    0.82      8.68      0.72
    1963    0.65    0.50    0.34    0.28    0.24    0.51    0.41    0.41    0.75    0.92    1.10    1.34      7.44      0.62
    1964    1.11    0.89    0.43    0.19    0.18    0.22    0.31    0.53    0.67    0.83    1.05    0.86      7.27      0.61
    1965    1.62    1.23    0.57    0.26    0.16    0.15    0.19    0.36    0.52    0.55    2.84    2.32     10.76      0.90
    1966    1.37    0.63    0.24    0.16    0.15    0.19   17.34    7.03    2.14    2.46    2.49    2.29     36.49      3.04
    1967    1.69    0.99    0.49    0.28    0.24    0.24    0.28    0.44    0.87    1.06    1.16    1.23      8.98      0.75
    1968    0.96    0.68    0.39    0.25    0.22    0.21    0.26    0.30    0.44    0.69    0.80    0.78      5.97      0.50
    1969    0.62    0.41    0.22    0.18    0.21    0.18    0.13    0.13    0.18    0.29    0.61    0.65      3.82      0.32
    1970    0.50    0.31    0.15    0.10    0.14    0.71    0.70    0.83    1.01    2.61    3.11    2.58     12.75      1.06
    1971    1.71    1.30    0.61    0.22    0.20    0.23    0.40    0.59    0.69    0.75    1.04    1.37      9.12      0.76
    1972    1.04    0.54    0.31    0.21    0.17    0.16    0.20    0.27    0.41    0.58    0.73    0.77      5.37      0.45
    1973    0.57    0.37    0.29    0.24    0.26    0.31    0.26    1.27    0.94    0.70    2.41    1.88      9.50      0.79
    1974    1.17    0.64    0.23    0.14    0.13    0.11    0.12    0.20    0.38    0.62    1.19    1.35      6.27      0.52
    1975    1.05    0.60    0.26    0.14    0.13    0.25    0.40    0.58    1.49    1.67    1.71    1.49      9.77      0.81
    1976    1.87    1.33    0.66    0.30    0.26    0.28    0.48    2.77    2.13    1.91    1.90    1.66     15.55      1.30
    1977    1.20    0.78    0.46    0.32    0.28    0.27    0.36    0.48    0.55    0.72    1.02    1.11      7.57      0.63
    1978    0.92    0.59    0.40    0.30    1.31    0.61    0.28    0.35    0.51    0.75    1.15    1.32      8.47      0.71
    1979    1.14    0.63    0.31    0.24    0.20    0.15    0.15    0.19    0.30    0.41    0.48    0.62      4.83      0.40
    1980    0.59    1.31    0.67    3.69    2.85    1.42    3.47    2.31    1.64    1.84    3.77    3.16     26.71      2.23
    1981    1.92    1.00    0.56    0.35    0.30    0.34   11.43    4.69    1.26    1.58    1.71    1.77     26.92      2.24
    1982    1.53    0.87    0.50    0.35    0.33    0.32    0.36    0.50    0.82    1.32    1.46    1.50      9.85      0.82
    1983    1.30    0.81    0.47    0.32    0.29    0.33    0.36    0.44    0.54    0.66    0.69    0.59      6.81      0.57
    1984    0.57    0.41    0.25    0.34    0.31    0.28    0.47    0.45    0.54    2.18    1.86    1.24      8.90      0.74
    1985    2.19    1.38    0.59    0.27    0.18    0.19    0.22    0.23    0.25    0.34   15.89    6.55     28.28      2.36
    1986    1.61    0.97    0.37    0.20    0.15    0.14    2.99    1.52    0.86    0.98    1.19    1.40     12.38      1.03
    1987    1.04    0.49    0.27    0.18    0.14    0.16    0.26    0.41    0.57    0.73    0.80    0.83      5.89      0.49
    1988    0.69    0.39    0.24    0.17    0.14    0.20    1.82    1.13    0.83    1.12    1.36    1.29      9.37      0.78
    1989    2.57    1.51    0.47    0.21    0.18    0.18    3.32    1.87    1.48    1.60    1.41    1.18     15.99      1.33
    1990    0.88    0.56    0.34    0.26    0.25    0.22    0.20    0.25    0.37    0.52    0.55    0.51      4.91      0.41
    1991    3.30    1.57    0.33    0.21    0.19    0.20    0.24    0.34    0.60    1.00    1.17    1.12     10.26      0.86
    1992    3.37    1.95    0.58    0.23    0.21    0.19    4.62    2.42    1.33    1.51    1.59    1.46     19.44      1.62
    1993    1.00    0.50    0.54    0.30    0.26    0.29    0.47    0.61    0.78    0.98    1.19    1.16      8.08      0.67
    1994    0.95    0.55    1.62    0.69    0.31    0.53    0.60    1.10    1.23    1.32    1.40    1.30     11.62      0.97
    1995    1.02    1.08    1.94    0.81    0.31    0.30    0.29    0.29    0.33    0.51    0.70    0.69      8.28      0.69
    1996    2.65    3.79    1.53    0.36    0.25    0.30    0.41    1.01    1.11    1.52    1.95    1.69     16.57      1.38
    1997    1.11    0.68    0.35    0.26    0.24    0.68    2.55    1.87    1.46    1.47    1.49    1.26     13.41      1.12
    1998    0.83    0.69    0.55    0.41    0.39    0.38    0.45    0.59    0.65    0.70    0.94    1.16      7.75      0.65
    1999    1.04    0.62    0.34    1.41    0.62    5.06    2.23    0.81    0.90    0.95    1.02    0.91     15.91      1.33
    2000    0.73    0.55    0.39    0.25    0.18    0.17    0.25    0.34    0.32    0.40    0.84    0.97      5.40      0.45
    2001    0.74    0.57    0.29    0.20    0.20    0.14    0.17    0.33    0.53    0.77    1.09    1.25      6.28      0.52
    2002    0.98    0.50    0.23    0.16    0.13   17.22    6.28    1.56    1.54    1.53    2.02    1.85     33.99      2.83
    2003    1.51    0.87    0.38    0.23    0.20    0.19    0.53    0.44    0.54    0.81    0.92    0.82      7.44      0.62
    2004    6.87    3.00    3.47    1.51    0.45    0.38    1.67    1.20    1.35    1.46    1.40    1.24     24.00      2.00
    2005    0.84    0.51    0.29    0.23    0.21    0.19    0.54    0.70    0.94    3.20    9.55    5.64     22.86      1.91
    2006    2.93    1.64    0.68    0.40    0.34    0.34    0.44    0.73    1.10    1.55    1.83    1.48     13.46      1.12
    2007    1.10   28.73   10.87    0.82    0.58    0.51    0.50    0.52    0.62    0.77    0.94    1.09     47.07      3.92
    2008    1.03   13.00    4.95    0.49    0.39    0.32    0.33    0.38    0.68    0.96    0.98    0.89     24.40      2.03
    2009    2.37    1.28    0.36    0.19    0.16    0.15    0.16    0.20    0.35    0.62    0.67    0.54      7.06      0.59
  
 AVERAGE    1.45    1.54    0.74    0.37    0.35    0.62    1.01    0.84    0.80    1.04    1.66    1.58     12.00      1.00
