    1920    0.47    0.21    0.05    0.01    0.02    0.05    0.10    0.11    0.10    0.08    0.07    0.05      1.31      0.11
    1921    0.03    0.01    0.01    0.13    0.12    0.40    0.30    0.19    0.25    0.42    0.41    0.29      2.55      0.21
    1922    0.22    0.19    0.13    0.08    0.05    0.03    0.06    0.23    0.46    0.62    0.73    0.74      3.54      0.29
    1923    0.54    0.25    0.07    0.04    0.05    0.06    0.07    0.14    0.31    0.47    0.67    0.72      3.40      0.28
    1924    0.52    0.29    0.11    0.05    0.05    0.06    0.07    0.08    0.19    0.34    0.36    0.33      2.45      0.20
    1925    0.35    0.25    0.10    0.04    0.04    0.05    0.08    0.10    0.10    0.38    0.55    0.53      2.56      0.21
    1926    2.27    1.17    0.26    0.06    0.06    0.07    0.08    0.16    0.27    0.28    0.47    0.47      5.63      0.47
    1927    0.26    0.17    0.09    0.05    0.04    0.28    0.20    0.10    0.12    0.15    0.22    0.37      2.05      0.17
    1928    0.32   11.10    4.03    0.25    0.11    0.09    0.11    0.24    0.48    1.32    1.52    1.30     20.88      1.74
    1929    0.90    0.39    0.17    0.13    2.64    1.22    0.35    0.49    0.61    0.54    0.56    0.62      8.61      0.72
    1930    0.57    0.34    0.11    0.08    0.07    0.56    1.79    1.09    0.58    1.04    1.13    0.97      8.35      0.70
    1931    1.89    1.01    0.74    0.29    0.19    0.16    0.11    0.11    0.21    0.36    0.42   10.70     16.19      1.35
    1932    4.33    0.59    0.19    0.12    0.12    0.16    0.17    0.38    0.51    0.56    1.26    1.09      9.49      0.79
    1933    0.54    0.77    0.34    0.33    0.22    0.24    0.21    0.16    0.14    0.47    0.80    0.80      5.00      0.42
    1934    4.13    2.20    0.50    0.11    0.10    0.11    0.15    0.88    0.95    1.12    1.06    0.89     12.21      1.02
    1935    0.61    0.44    0.23    0.12    0.10    0.10    0.09    0.14    0.19    0.31    0.45    0.47      3.25      0.27
    1936    0.43    2.43    1.20    0.24    0.09    0.34    0.23    0.13    0.14    0.29    0.36    0.35      6.24      0.52
    1937    0.33    0.24    0.14    0.09    0.06    0.17    0.26    0.30    0.35    0.42    0.48    0.48      3.32      0.28
    1938    0.49    0.60    0.33    0.11    0.15    0.89    0.60    0.35    0.24    0.51    1.69    1.48      7.44      0.62
    1939    0.87    0.39    0.12    0.11    1.02    0.57    0.60    0.55    0.59    0.66    0.52    0.42      6.41      0.53
    1940    0.38    0.63    0.29    0.10    0.08    0.07    0.63    0.54    0.66    0.87    1.04    1.13      6.41      0.53
    1941    0.99    0.56    0.22    0.14    0.10    0.12    0.17    0.27    0.44    0.51    0.53    0.51      4.56      0.38
    1942    0.46    0.28    0.24    0.84    0.44    0.17    0.14    0.13    0.12    0.15    0.22    1.42      4.62      0.39
    1943    1.06    1.46    0.66    0.11    0.07    0.10    0.15    0.57    0.67    0.81    0.96    1.32      7.94      0.66
    1944    1.08    0.50    0.13    0.07    0.07    0.07    0.08    1.11    1.32    1.25    1.28    1.11      8.06      0.67
    1945    1.12    0.62    0.18    0.10    0.10    1.88    0.91    0.27    0.26    0.38    0.48    0.44      6.75      0.56
    1946    0.36    0.19    0.09    0.06    0.06    1.50    0.78    0.40    0.55    1.03    1.06    0.82      6.91      0.58
    1947    0.57    0.31    0.11    0.17    0.11    0.12    0.22    0.28    0.32    0.44    0.44    0.48      3.56      0.30
    1948    2.50    1.21    0.21    0.10    0.08    0.06    0.08    0.73    0.63    0.47    0.47    0.39      6.95      0.58
    1949    0.26    2.68    1.07    0.10    0.07    0.06    0.09    0.17    0.19    0.29    0.51    0.51      6.00      0.50
    1950    0.77    1.07    0.51    1.99    0.82    0.15    0.18    0.26    0.49    1.28    1.48    1.94     10.94      0.91
    1951    1.35    0.50    0.14    0.12    0.12    0.11    0.13    0.18    0.26    0.37    0.51    1.34      5.12      0.43
    1952    1.05    0.92    0.41    0.12    0.09    0.08    0.10    0.12    0.24    1.68    1.61    1.26      7.68      0.64
    1953    1.11    0.70    0.26    0.10    0.09    0.11    0.23    2.02    1.57    1.30    2.99    2.26     12.73      1.06
    1954    1.13    0.67    0.29    0.19    0.72    0.37    0.24    0.24    0.31    0.55    0.83    0.85      6.39      0.53
    1955    0.62    0.36    0.18    0.11    0.10    0.15    0.25    1.12    0.97    0.99    1.16    1.01      7.02      0.59
    1956    0.80    0.40    0.24    0.13    0.14    0.18    0.20    0.43    1.77    1.78    1.65    1.69      9.40      0.78
    1957    1.32    0.58    0.16    0.12    0.12    0.18    0.31    5.49    2.99    1.34    2.73    2.09     17.43      1.45
    1958    1.04    0.43    0.23    0.22    0.28    0.52    1.72    1.63    1.27    2.64    2.69    2.09     14.76      1.23
    1959    2.64    1.24    0.31    0.29    0.26    0.25    0.31    0.42    0.66    0.95    0.97    0.86      9.15      0.76
    1960    0.61    0.43    0.33    0.25    0.21    0.21    0.23    0.45    0.57    0.67    0.90    0.88      5.73      0.48
    1961    0.71    0.38    0.14    0.12    0.16    0.32    0.38    0.41    0.45    0.46    8.11    3.69     15.33      1.28
    1962    1.03    0.86    0.35    0.13    0.12    0.15    0.21    0.28    0.34    0.57    0.72    0.52      5.27      0.44
    1963    0.34    0.23    0.16    0.17    0.12    0.13    0.14    0.13    1.05    0.91    0.92    1.15      5.44      0.45
    1964    0.90    0.59    0.23    0.07    0.07    0.12    0.41    0.77    0.78    0.73    0.75    0.61      6.03      0.50
    1965    1.34    0.99    0.44    0.15    0.09    0.09    0.15    0.42    0.52    0.51    1.26    1.39      7.36      0.61
    1966    0.92    0.35    0.10    0.08    0.08    0.14    8.28    3.78    1.56    1.74    1.68    1.50     20.20      1.68
    1967    1.00    0.47    0.22    0.15    0.14    0.15    0.19    0.33    0.85    0.90    1.03    0.98      6.41      0.53
    1968    0.65    0.38    0.18    0.11    0.10    0.10    0.13    0.15    0.31    0.49    0.51    0.45      3.56      0.30
    1969    0.34    0.18    0.07    0.06    0.10    0.08    0.06    0.07    0.10    0.18    0.42    0.46      2.11      0.18
    1970    0.38    0.23    0.12    0.06    0.10    0.21    0.55    0.69    0.89    2.14    2.77    2.17     10.30      0.86
    1971    1.21    0.70    0.28    0.15    0.18    0.22    0.41    0.59    0.65    0.71    1.01    1.21      7.31      0.61
    1972    0.82    0.34    0.17    0.12    0.10    0.09    0.11    0.16    0.28    0.45    0.54    0.55      3.71      0.31
    1973    0.39    0.22    0.14    0.11    0.12    0.22    0.17    0.70    0.67    0.53    0.63    0.77      4.67      0.39
    1974    0.64    0.37    0.13    0.07    0.06    0.05    0.06    0.14    0.30    0.62    1.15    1.77      5.38      0.45
    1975    1.27    0.58    0.20    0.09    0.11    0.15    0.21    0.36    1.12    1.38    1.37    1.10      7.94      0.66
    1976    1.68    1.14    0.45    0.16    0.25    0.22    0.26    1.47    1.33    1.16    1.09    0.94     10.13      0.84
    1977    0.66    0.43    0.24    0.13    0.11    0.11    0.16    0.23    0.30    0.48    0.67    0.63      4.14      0.35
    1978    0.46    0.25    0.15    0.11    0.37    0.21    0.09    0.14    0.28    1.14    1.38    1.23      5.80      0.48
    1979    0.99    0.50    0.24    0.17    0.12    0.08    0.10    0.13    0.23    0.32    0.39    0.46      3.72      0.31
    1980    0.40    1.00    0.48    2.83    1.91    1.10    3.65    2.30    1.51    1.54    3.34    2.59     22.64      1.89
    1981    1.29    0.55    0.33    0.24    0.24    0.28    6.94    3.01    1.02    1.36    1.45    1.45     18.15      1.51
    1982    1.10    0.51    0.25    0.19    0.19    0.19    0.21    1.05    1.51    1.87    1.83    1.76     10.66      0.89
    1983    1.29    0.73    0.29    0.18    0.16    0.19    0.22    0.26    0.32    0.57    0.69    0.47      5.37      0.45
    1984    0.39    0.26    0.15    0.59    0.39    0.19    0.48    0.44    0.53    1.60    1.52    0.95      7.49      0.62
    1985    1.76    1.03    0.39    0.16    0.12    0.13    0.15    0.15    0.16    0.25   12.67    5.28     22.25      1.85
    1986    1.35    0.74    0.24    0.12    0.11    0.11    2.12    1.17    0.70    0.78    0.91    1.28      9.62      0.80
    1987    0.94    0.35    0.15    0.10    0.09    0.11    0.28    0.35    0.50    0.66    0.73    0.75      5.03      0.42
    1988    0.64    0.35    0.21    0.13    0.09    0.15    0.66    0.54    0.43    0.52    0.62    0.59      4.91      0.41
    1989    2.51    1.38    0.34    0.09    0.09    0.09    1.87    1.17    1.48    1.46    1.18    0.92     12.56      1.05
    1990    0.59    0.30    0.17    0.15    0.19    0.17    0.14    0.15    0.19    0.28    0.31    0.26      2.89      0.24
    1991    3.35    1.46    0.20    0.10    0.11    0.16    0.21    0.26    0.52    1.14    1.45    1.27     10.22      0.85
    1992    1.95    1.87    0.70    0.14    0.14    0.14    2.65    1.50    0.90    0.92    0.95    1.18     13.04      1.09
    1993    0.85    0.35    0.56    0.24    0.13    0.15    0.21    0.31    0.45    0.71    1.33    1.28      6.58      0.55
    1994    0.87    0.39    0.74    0.31    0.14    0.18    0.26    0.55    0.71    0.77    0.85    0.75      6.53      0.54
    1995    0.55    2.33    2.03    0.62    0.14    0.14    0.15    0.14    0.14    0.25    0.37    0.36      7.21      0.60
    1996    1.27    4.24    1.67    0.21    0.11    0.15    0.26    0.54    0.79    1.12    1.33    1.06     12.75      1.06
    1997    0.66    0.39    0.15    0.12    0.11    0.47    0.57    0.80    0.83    0.76    0.79    0.67      6.31      0.53
    1998    0.42    0.33    0.20    0.13    0.15    0.17    0.22    0.24    0.20    0.24    0.32    0.37      2.97      0.25
    1999    0.33    0.17    0.08    0.20    0.12    0.97    0.54    0.38    0.44    0.44    0.45    0.39      4.50      0.37
    2000    0.33    0.32    0.21    0.09    0.05    0.07    0.46    0.45    0.39    0.39    0.64    0.69      4.09      0.34
    2001    0.55    0.37    0.16    0.07    0.08    0.06    0.08    0.29    0.45    0.64    1.00    1.10      4.87      0.41
    2002    0.75    0.32    0.12    0.08    0.07    5.76    2.33    1.66    1.45    1.14    1.07    0.86     15.62      1.30
    2003    0.73    0.38    0.15    0.12    0.12    0.13    0.56    0.46    0.46    0.66    0.68    0.57      5.03      0.42
    2004    3.48    1.56    3.78    1.61    0.21    0.18    0.50    0.67    0.93    0.94    0.79    0.61     15.27      1.27
    2005    0.37    0.21    0.11    0.09    0.09    0.09    0.57    0.68    0.78    2.17    6.85    3.59     15.60      1.30
    2006    1.48    0.67    0.26    0.18    0.17    0.46    0.59    0.83    1.13    1.50    1.52    1.05      9.85      0.82
    2007    0.70   10.98    4.05    0.30    0.24    0.22    0.23    0.24    0.32    0.44    0.54    0.59     18.85      1.57
    2008    0.51    6.60    2.45    0.19    0.16    0.13    0.14    0.16    0.30    0.54    0.51    0.41     12.10      1.01
    2009    0.87    0.51    0.14    0.08    0.07    0.07    0.07    0.10    0.33    0.69    0.84    0.64      4.41      0.37
  
 AVERAGE    0.99    0.98    0.44    0.22    0.20    0.30    0.58    0.61    0.61    0.80    1.25    1.14      8.12      0.68
