    1920    0.77    0.36    0.10    0.03    0.04    0.10    0.18    0.18    0.13    0.08    0.07    0.05      2.10      0.18
    1921    0.03    0.02    0.01    0.25    0.23    0.76    0.57    0.34    0.34    0.50    0.45    0.29      3.79      0.32
    1922    0.25    0.28    0.23    0.16    0.10    0.06    0.12    0.39    0.61    0.70    0.78    0.81      4.50      0.38
    1923    0.64    0.35    0.12    0.06    0.09    0.11    0.12    0.21    0.42    0.55    0.79    0.83      4.29      0.36
    1924    0.64    0.42    0.19    0.08    0.08    0.10    0.12    0.12    0.28    0.41    0.39    0.36      3.21      0.27
    1925    0.46    0.38    0.18    0.06    0.06    0.08    0.14    0.15    0.13    0.55    0.67    0.63      3.50      0.29
    1926    3.80    1.99    0.49    0.11    0.11    0.13    0.15    0.27    0.37    0.32    0.58    0.55      8.86      0.74
    1927    0.30    0.25    0.17    0.08    0.08    0.52    0.38    0.18    0.16    0.17    0.24    0.46      2.99      0.25
    1928    0.43   19.25    7.08    0.52    0.21    0.18    0.19    0.40    0.66    1.91    1.88    1.51     34.23      2.85
    1929    1.09    0.54    0.28    0.22    4.77    2.26    0.66    0.87    0.81    0.60    0.58    0.69     13.37      1.11
    1930    0.75    0.50    0.18    0.12    0.11    1.02    3.21    1.81    0.76    1.39    1.30    1.05     12.19      1.02
    1931    2.90    1.60    1.35    0.58    0.40    0.30    0.18    0.18    0.30    0.46    0.48   18.23     26.95      2.25
    1932    7.17    0.91    0.34    0.20    0.20    0.29    0.29    0.67    0.69    0.64    1.72    1.35     14.45      1.20
    1933    0.63    1.27    0.61    0.64    0.45    0.51    0.40    0.25    0.19    0.73    1.09    1.01      7.77      0.65
    1934    7.03    3.81    0.95    0.20    0.17    0.20    0.27    1.52    1.40    1.30    1.12    0.91     18.88      1.57
    1935    0.68    0.65    0.42    0.21    0.16    0.16    0.14    0.21    0.25    0.38    0.50    0.56      4.31      0.36
    1936    0.56    4.29    2.19    0.51    0.16    0.65    0.45    0.21    0.20    0.37    0.42    0.41     10.43      0.87
    1937    0.44    0.38    0.26    0.18    0.12    0.33    0.49    0.49    0.46    0.47    0.50    0.53      4.65      0.39
    1938    0.63    0.99    0.60    0.23    0.32    1.66    1.14    0.61    0.34    0.70    2.50    1.97     11.70      0.98
    1939    1.14    0.57    0.20    0.19    1.88    1.10    1.14    0.96    0.79    0.74    0.50    0.43      9.63      0.80
    1940    0.47    1.04    0.53    0.17    0.14    0.12    1.13    0.88    0.92    0.98    1.15    1.29      8.81      0.73
    1941    1.27    0.83    0.39    0.25    0.17    0.21    0.30    0.43    0.59    0.56    0.55    0.54      6.08      0.51
    1942    0.58    0.41    0.44    1.54    0.88    0.37    0.28    0.22    0.16    0.18    0.26    2.33      7.65      0.64
    1943    1.67    2.56    1.22    0.24    0.13    0.20    0.28    0.99    0.97    0.92    1.03    1.66     11.88      0.99
    1944    1.43    0.72    0.21    0.11    0.10    0.10    0.12    1.93    2.02    1.52    1.37    1.16     10.79      0.90
    1945    1.47    0.93    0.31    0.15    0.13    3.37    1.63    0.40    0.33    0.44    0.53    0.49     10.17      0.85
    1946    0.46    0.28    0.12    0.08    0.08    2.70    1.39    0.62    0.71    1.35    1.21    0.87      9.85      0.82
    1947    0.66    0.42    0.18    0.33    0.20    0.21    0.39    0.44    0.41    0.50    0.45    0.53      4.72      0.39
    1948    4.19    2.03    0.38    0.17    0.14    0.10    0.14    1.26    0.92    0.52    0.47    0.39     10.72      0.89
    1949    0.29    4.72    1.92    0.19    0.11    0.10    0.15    0.27    0.25    0.37    0.59    0.60      9.56      0.80
    1950    1.14    1.83    0.93    3.67    1.55    0.31    0.35    0.45    0.69    1.82    1.82    2.55     17.11      1.43
    1951    1.80    0.71    0.22    0.19    0.20    0.18    0.21    0.28    0.35    0.43    0.57    1.98      7.12      0.59
    1952    1.52    1.51    0.78    0.23    0.16    0.12    0.16    0.19    0.36    2.68    2.15    1.51     11.37      0.95
    1953    1.50    1.10    0.46    0.16    0.14    0.19    0.42    3.51    2.32    1.48    4.09    2.77     18.14      1.51
    1954    1.32    0.97    0.49    0.29    1.35    0.72    0.39    0.35    0.41    0.67    0.95    0.99      8.90      0.74
    1955    0.80    0.52    0.26    0.15    0.13    0.29    0.40    1.90    1.38    1.18    1.21    1.06      9.29      0.77
    1956    0.97    0.56    0.42    0.21    0.29    0.33    0.34    0.74    2.82    2.31    1.81    1.91     12.70      1.06
    1957    1.64    0.81    0.22    0.17    0.16    0.34    0.50    9.57    4.63    1.46    3.69    2.53     25.74      2.14
    1958    1.19    0.58    0.32    0.31    0.44    1.02    3.06    2.72    1.74    3.70    3.24    2.28     20.61      1.72
    1959    3.78    1.91    0.48    0.45    0.41    0.39    0.48    0.62    0.86    1.10    1.02    0.93     12.43      1.04
    1960    0.72    0.65    0.50    0.39    0.33    0.34    0.35    0.78    0.74    0.74    0.96    0.99      7.50      0.62
    1961    0.89    0.54    0.21    0.19    0.28    0.64    0.74    0.66    0.58    0.49   13.64    5.70     24.57      2.05
    1962    1.33    1.38    0.64    0.23    0.19    0.27    0.37    0.44    0.45    0.75    0.80    0.54      7.40      0.62
    1963    0.41    0.34    0.26    0.34    0.24    0.25    0.26    0.21    1.76    1.26    1.10    1.42      7.84      0.65
    1964    1.17    0.92    0.42    0.12    0.12    0.21    0.75    1.28    1.07    0.81    0.74    0.59      8.21      0.68
    1965    2.05    1.62    0.82    0.33    0.15    0.16    0.27    0.71    0.72    0.57    1.73    1.81     10.95      0.91
    1966    1.18    0.49    0.15    0.11    0.12    0.27   14.52    6.39    2.09    1.94    1.69    1.53     30.49      2.54
    1967    1.12    0.64    0.34    0.22    0.20    0.21    0.28    0.47    1.29    1.11    1.18    1.09      8.15      0.68
    1968    0.77    0.53    0.26    0.14    0.13    0.14    0.18    0.21    0.48    0.57    0.53    0.48      4.42      0.37
    1969    0.40    0.26    0.10    0.09    0.16    0.14    0.08    0.10    0.14    0.21    0.55    0.58      2.81      0.23
    1970    0.51    0.36    0.22    0.12    0.21    0.42    1.01    1.15    1.18    2.99    3.49    2.51     14.16      1.18
    1971    1.40    1.03    0.49    0.25    0.30    0.40    0.77    0.92    0.83    0.78    1.18    1.44      9.79      0.82
    1972    1.01    0.47    0.25    0.16    0.13    0.12    0.16    0.22    0.37    0.52    0.59    0.61      4.61      0.38
    1973    0.48    0.31    0.23    0.20    0.22    0.45    0.34    1.23    0.98    0.60    0.70    0.87      6.63      0.55
    1974    0.81    0.55    0.22    0.11    0.11    0.09    0.11    0.22    0.41    0.82    1.46    2.40      7.30      0.61
    1975    1.73    0.88    0.36    0.16    0.19    0.29    0.39    0.58    1.73    1.76    1.49    1.15     10.72      0.89
    1976    2.46    1.80    0.82    0.29    0.50    0.42    0.48    2.54    1.95    1.32    1.08    0.96     14.62      1.22
    1977    0.74    0.62    0.40    0.22    0.16    0.16    0.26    0.34    0.38    0.56    0.75    0.71      5.29      0.44
    1978    0.56    0.36    0.26    0.20    0.70    0.44    0.16    0.22    0.38    1.74    1.81    1.49      8.32      0.69
    1979    1.30    0.74    0.44    0.33    0.23    0.15    0.17    0.21    0.31    0.38    0.43    0.54      5.23      0.44
    1980    0.52    1.71    0.88    5.15    3.57    2.15    6.70    3.96    2.10    1.75    4.56    3.24     36.29      3.02
    1981    1.48    0.83    0.58    0.43    0.42    0.50   12.22    5.11    1.32    1.55    1.55    1.63     27.62      2.30
    1982    1.40    0.73    0.39    0.28    0.29    0.30    0.34    1.84    2.25    2.36    2.00    2.01     14.19      1.18
    1983    1.59    1.06    0.48    0.27    0.25    0.30    0.36    0.39    0.42    0.77    0.76    0.49      7.15      0.60
    1984    0.48    0.38    0.25    1.08    0.79    0.40    0.91    0.77    0.74    2.32    1.86    1.01     10.97      0.91
    1985    2.71    1.65    0.72    0.32    0.21    0.23    0.26    0.24    0.22    0.30   21.53    8.50     36.88      3.07
    1986    1.92    1.18    0.44    0.20    0.18    0.17    3.80    1.98    0.90    0.86    0.97    1.59     14.18      1.18
    1987    1.20    0.47    0.24    0.16    0.13    0.17    0.52    0.54    0.66    0.74    0.77    0.83      6.45      0.54
    1988    0.78    0.51    0.38    0.23    0.16    0.30    1.19    0.89    0.58    0.57    0.65    0.62      6.87      0.57
    1989    4.17    2.32    0.62    0.15    0.15    0.15    3.35    1.96    2.18    1.77    1.19    0.87     18.88      1.57
    1990    0.63    0.41    0.27    0.24    0.38    0.31    0.23    0.22    0.25    0.33    0.34    0.28      3.89      0.32
    1991    5.81    2.51    0.38    0.17    0.19    0.30    0.38    0.41    0.76    1.55    1.71    1.45     15.61      1.30
    1992    2.92    3.14    1.28    0.26    0.26    0.26    4.77    2.54    1.15    1.00    0.97    1.38     19.93      1.66
    1993    1.05    0.47    1.01    0.48    0.21    0.25    0.36    0.48    0.59    0.82    1.72    1.55      9.00      0.75
    1994    1.10    0.55    1.31    0.60    0.25    0.33    0.48    0.94    0.96    0.87    0.87    0.77      9.02      0.75
    1995    0.63    4.03    3.67    1.23    0.27    0.27    0.26    0.22    0.20    0.32    0.44    0.43     11.96      1.00
    1996    2.10    7.53    3.04    0.45    0.20    0.28    0.48    0.92    1.08    1.35    1.45    1.13     20.02      1.67
    1997    0.73    0.54    0.26    0.20    0.19    0.88    1.04    1.32    1.14    0.83    0.78    0.66      8.58      0.72
    1998    0.45    0.48    0.34    0.23    0.26    0.31    0.39    0.37    0.25    0.26    0.34    0.42      4.11      0.34
    1999    0.43    0.25    0.12    0.38    0.26    1.78    1.00    0.65    0.60    0.50    0.45    0.39      6.81      0.57
    2000    0.40    0.50    0.38    0.19    0.10    0.13    0.83    0.75    0.53    0.43    0.75    0.80      5.78      0.48
    2001    0.68    0.56    0.29    0.13    0.15    0.12    0.15    0.48    0.60    0.74    1.19    1.30      6.40      0.53
    2002    0.92    0.45    0.19    0.14    0.12   10.23    4.12    2.83    2.08    1.24    1.06    0.82     24.22      2.02
    2003    0.88    0.53    0.23    0.18    0.19    0.22    1.03    0.77    0.59    0.75    0.69    0.58      6.65      0.55
    2004    5.87    2.61    6.77    2.94    0.47    0.35    0.95    1.14    1.24    1.06    0.77    0.61     24.79      2.07
    2005    0.42    0.29    0.16    0.13    0.13    0.15    1.02    1.10    1.01    3.12    6.30    3.94     17.77      1.48
    2006    2.16    1.07    0.44    0.29    0.29    0.87    1.11    1.38    1.49    1.75    1.59    1.03     13.46      1.12
    2007    0.81   18.91    7.01    0.53    0.38    0.35    0.35    0.35    0.43    0.52    0.61    0.69     30.93      2.58
    2008    0.66   11.56    4.30    0.32    0.25    0.20    0.21    0.24    0.45    0.67    0.56    0.45     19.86      1.66
    2009    1.32    0.82    0.25    0.12    0.11    0.11    0.11    0.14    0.52    0.94    0.98    0.70      6.13      0.51
  
 AVERAGE    1.40    1.62    0.78    0.39    0.36    0.55    1.03    1.02    0.86    0.99    1.56    1.43     11.99      1.00
