    1920    0.09    0.05    0.02    0.01    0.46    0.16    0.01    0.01    1.89    0.73    0.06    0.02      3.51      0.29
    1921    0.01    0.01    0.05    0.24    0.08    0.01    0.01    0.01    0.05    0.02    0.08    0.03      0.60      0.05
    1922    0.00    0.00    0.00    0.00    0.00    0.00    0.03    0.04    0.12    0.04    0.00    0.00      0.24      0.02
    1923    0.00    0.02    0.01    0.00    0.00    0.00    0.00    0.00    0.19    0.19    0.20    0.06      0.67      0.06
    1924    0.00    0.03    0.01    0.00    0.00    0.00    0.00    0.01   12.35    4.10    0.06    0.05     16.62      1.38
    1925    0.04    0.02    0.01    0.01    0.01    0.00    0.01    0.20    0.08    0.13    0.05    0.01      0.56      0.05
    1926    0.06    0.02    0.00    0.00    0.00    0.00    0.33    0.12    0.01    0.01    0.31    0.11      0.97      0.08
    1927    0.00    0.00    0.00    0.00    0.00    0.04    0.01    0.00    0.19    0.07    0.01    0.00      0.34      0.03
    1928    0.00    0.04    0.01    0.00    0.00    0.06    0.03    0.02    0.01    0.24    0.16    0.03      0.60      0.05
    1929    0.00    0.00    0.00    0.01    0.14    0.05    0.00    0.01    0.00    0.00    0.09    0.03      0.33      0.03
    1930    0.00    0.00    0.00    0.00    0.00    0.00    0.12    0.04    0.01    0.08    0.05    0.01      0.32      0.03
    1931    0.02    0.01    0.04    0.01    0.00    0.00    0.00    0.08    0.05    0.02    0.00    0.30      0.53      0.04
    1932    0.10    0.00    0.00    0.00    0.00    0.02    0.01    0.00    0.10    0.05    0.08    0.03      0.39      0.03
    1933    0.00    0.01    0.01    0.00    0.00    0.00    0.00    0.00    0.00    0.02    0.01    0.00      0.06      0.00
    1934    0.07    0.14    0.04    0.00    0.00    0.00    0.04    0.05    0.05    0.02    0.02    0.01      0.44      0.04
    1935    0.00    0.00    0.00    0.00    0.00    0.00    0.00    0.02    0.01    0.06    0.06    0.02      0.18      0.01
    1936    0.00    0.05    0.39    0.13    0.00    0.01    0.00    0.00    0.01    0.03    0.01    0.00      0.64      0.05
    1937    0.00    0.00    0.07    0.02    0.00    0.00    0.01    0.02    0.01    0.00    0.01    0.00      0.15      0.01
    1938    0.00    0.00    0.00    0.00    0.14    0.06    0.00    0.01    0.02    0.01    0.10    0.03      0.38      0.03
    1939    0.00    0.00    0.00    0.00    0.04    0.01    0.01    0.01    0.03    0.01    0.00    0.00      0.12      0.01
    1940    0.00    0.09    0.03    0.01    0.00    0.00    0.06    0.17    0.13    0.03    0.01    0.00      0.54      0.04
    1941    0.06    0.02    0.00    0.00    0.00    0.00    0.00    0.06    0.13    0.04    0.00    0.00      0.31      0.03
    1942    0.02    0.01    0.02    0.02    0.00    0.01    0.01    0.00    0.01    0.01    0.02    0.06      0.20      0.02
    1943    0.02    0.08    0.03    0.00    0.00    0.00    0.00    0.02    0.02    0.00    0.06    0.07      0.29      0.02
    1944    0.02    0.00    0.00    0.00    0.00    0.00    0.00    0.30    0.29    0.17    0.07    0.01      0.87      0.07
    1945    0.02    0.01    0.00    0.00    0.00    0.00    0.00    0.00    0.00    0.00    0.00    0.02      0.06      0.01
    1946    0.01    0.00    0.00    0.00    0.00    0.01    0.00    0.02    0.01    0.10    0.04    0.00      0.19      0.02
    1947    0.00    0.00    0.00    0.00    0.00    0.05    0.02    0.04    0.02    0.00    0.00    0.01      0.13      0.01
    1948    0.26    0.09    0.00    0.00    0.00    0.00    0.00    0.00    0.02    0.01    0.00    0.00      0.39      0.03
    1949    0.09    0.20    0.06    0.00    0.00    0.00    0.05    0.02    0.00    0.36    0.12    0.02      0.94      0.08
    1950    0.01    0.06    0.02    0.08    0.03    0.00    0.00    0.00    0.60    0.23    0.02    0.01      1.05      0.09
    1951    0.00    0.01    0.00    0.00    0.05    0.02    0.00    0.03    0.06    0.15    0.27    0.09      0.68      0.06
    1952    0.00    0.15    0.05    0.00    0.00    0.00    0.94    0.36    0.01    0.03    0.03    0.01      1.59      0.13
    1953    0.00    0.00    0.02    0.00    0.00    0.00    0.15    1.34    0.48    0.22    0.34    0.10      2.65      0.22
    1954    0.02    0.01    0.01    0.00    0.56    0.19    0.01    0.01    0.04    0.11    0.66    0.22      1.85      0.15
    1955    0.01    0.01    0.01    0.00    0.01    0.12    0.04    0.01    0.17    0.13    0.04    0.01      0.56      0.05
    1956    0.00    0.00    0.01    0.00    0.09    0.07    0.02    0.44    0.39    0.26    0.34    0.11      1.72      0.14
    1957    0.01    0.01    0.01    0.00    0.00    0.00    0.01    0.45    0.16    0.01    0.05    0.02      0.75      0.06
    1958    0.01    0.00    0.00    0.00    0.01    0.01    0.09    1.31    0.43    0.01    0.02    0.01      1.91      0.16
    1959    0.01    0.00    0.00    0.00    0.00    0.00    0.01    0.01    0.07    0.02    0.00    0.00      0.11      0.01
    1960    0.00    0.00    0.01    0.00    0.00    0.31    0.30    0.07    0.03    0.10    0.05    0.13      1.00      0.08
    1961    0.05    0.00    0.00    0.03    0.01    0.00    0.00    0.00    1.30    0.49    2.72    0.91      5.50      0.46
    1962    0.12    0.04    0.01    0.01    0.00    0.00    0.02    0.01    0.06    0.05    0.19    0.07      0.58      0.05
    1963    0.01    0.01    0.03    0.01    0.00    0.00    0.00    0.00    0.72    0.24    0.01    0.01      1.04      0.09
    1964    0.00    0.02    0.01    0.00    0.00    0.53    0.21    0.05    0.01    0.00    0.00    0.00      0.84      0.07
    1965    0.00    0.00    0.00    0.00    0.00    0.01    0.01    0.00    0.12    0.05    0.02    0.01      0.21      0.02
    1966    0.00    0.00    0.00    0.00    0.01    0.00    0.27    0.12    0.25    0.09    0.01    0.00      0.75      0.06
    1967    0.00    0.01    0.00    0.00    0.00    0.00    0.00    0.02    0.05    0.08    0.04    0.01      0.21      0.02
    1968    0.03    0.01    0.00    0.00    0.00    0.00    0.25    0.08    0.00    0.00    0.00    0.00      0.38      0.03
    1969    0.02    0.01    0.00    0.00    0.00    0.00    0.00    0.03    0.10    0.13    0.12    0.03      0.44      0.04
    1970    0.00    0.00    0.00    0.00    0.00    0.01    0.01    0.00    0.10    0.52    0.17    0.01      0.83      0.07
    1971    0.00    0.00    0.00    0.00    0.00    0.00    0.00    0.01    0.01    0.00    0.00    0.02      0.05      0.00
    1972    0.01    0.00    0.00    0.00    0.00    0.02    0.01    0.00    0.00    1.46    0.50    0.01      2.00      0.17
    1973    0.01    0.01    0.00    0.00    0.06    0.02    0.00    0.11    0.36    0.11    4.06    1.35      6.09      0.51
    1974    0.03    0.02    0.01    0.02    0.01    0.00    0.00    0.57    0.24    0.06    0.03    0.01      0.98      0.08
    1975    0.00    0.00    0.00    0.02    1.08    0.36    0.49    0.18    0.99    0.39    0.02    0.02      3.55      0.30
    1976    0.01    0.11    0.04    0.00    0.34    0.12    0.05    1.49    0.66    0.30    0.45    0.13      3.69      0.31
    1977    0.03    0.05    0.02    0.01    0.01    0.01    0.01    0.01    0.01    0.01    0.17    0.06      0.39      0.03
    1978    0.00    0.01    0.00    0.00    0.02    0.01    0.00    0.15    0.28    0.09    0.01    0.00      0.58      0.05
    1979    0.00    0.00    0.00    0.00    0.00    0.01    0.00    0.01    0.01    0.00    0.08    0.06      0.17      0.01
    1980    0.01    0.99    0.33    3.92    1.29    0.03    0.02    0.01    0.01    0.13    0.23    0.17      7.15      0.60
    1981    0.04    0.00    0.00    0.00    0.00    0.21    0.88    0.28    0.15    0.07    0.01    0.01      1.66      0.14
    1982    0.01    0.03    0.01    0.00    0.00    0.00    0.00    1.26    0.76    0.20    0.03    0.05      2.35      0.20
    1983    0.02    0.01    0.00    0.00    0.00    0.74    0.25    1.18    0.40    0.02    0.02    0.14      2.77      0.23
    1984    0.09    0.02    0.00    0.56    0.19    0.02    0.01    0.04    0.04    0.48    0.18    0.01      1.63      0.14
    1985    0.05    0.02    0.12    0.04    0.00    0.00    0.01    0.00    0.29    0.10    0.55    0.19      1.37      0.11
    1986    0.01    0.01    0.00    0.00    0.00    0.00    0.40    0.26    0.09    0.08    0.03    0.02      0.91      0.08
    1987    0.01    0.00    0.00    0.00    0.00    0.09    0.39    0.12    0.09    0.03    0.15    0.05      0.93      0.08
    1988    0.00    0.00    0.04    0.02    0.00    0.00    0.79    0.27    0.11    0.04    0.07    0.04      1.39      0.12
    1989    0.01    0.00    0.00    0.00    0.03    0.01    1.57    0.61    0.14    0.13    0.03    0.01      2.55      0.21
    1990    0.01    0.00    0.00    0.12    0.04    0.00    0.00    0.01    0.56    0.80    0.21    0.11      1.87      0.16
    1991    0.65    0.21    0.01    0.00    0.00    0.00    0.00    0.00    1.07    0.72    0.18    0.01      2.86      0.24
    1992    0.05    0.02    0.00    0.00    0.00    0.00    1.05    0.41    0.10    0.59    0.20    0.01      2.43      0.20
    1993    0.01    0.01    0.00    0.00    0.00    0.00    0.03    0.01    0.86    0.38    0.03    0.02      1.35      0.11
    1994    0.03    0.01    0.01    0.00    0.01    0.08    0.03    0.08    0.03    0.01    0.01    0.00      0.30      0.03
    1995    0.12    0.09    0.88    0.29    0.00    0.00    0.00    0.01    0.32    0.28    0.09    0.04      2.13      0.18
    1996    0.92    0.97    0.23    0.01    0.00    0.02    0.01    0.05    0.35    0.13    0.01    0.00      2.70      0.22
    1997    0.00    0.00    0.00    0.01    0.00    0.01    0.00    0.15    0.05    0.01    0.00    0.00      0.24      0.02
    1998    0.00    0.00    0.64    0.22    0.00    0.00    0.00    0.00    0.01    0.00    0.15    0.05      1.09      0.09
    1999    0.00    0.01    0.05    0.09    0.02    0.33    0.11    0.00    0.02    0.04    0.01    0.00      0.69      0.06
    2000    0.00    0.00    0.00    0.00    0.00    0.00    0.04    0.01    0.00    0.80    0.39    0.05      1.29      0.11
    2001    0.01    0.00    0.00    0.05    0.02    0.00    0.04    0.27    0.10    0.08    0.07    0.02      0.66      0.06
    2002    0.00    0.00    0.08    0.03    0.00    0.46    0.16    0.00    0.00    0.00    0.03    0.01      0.78      0.06
    2003    0.01    0.00    0.00    0.00    0.00    0.00    0.07    0.03    0.04    0.02    0.00    0.00      0.17      0.01
    2004    0.24    0.08    0.01    0.01    0.00    0.00    0.24    0.10    0.29    0.11    0.02    0.01      1.11      0.09
    2005    0.00    0.01    0.00    0.00    0.00    0.00    0.00    1.07    0.36    0.14    0.06    0.01      1.66      0.14
    2006    0.01    0.00    0.00    0.00    0.00    0.00    0.13    0.17    3.07    4.30    1.12    0.07      8.88      0.74
    2007    0.05    0.44    0.88    0.26    0.01    0.01    0.00    0.13    0.15    1.43    0.84    0.18      4.37      0.36
    2008    0.02    5.46    1.79    0.02    0.01    0.01    0.27    0.67    0.41    0.08    0.03    0.01      8.77      0.73
    2009    0.08    0.05    0.01    0.00    0.03    0.01    0.00    0.04    0.05    0.14    0.04    0.00      0.46      0.04
  
 AVERAGE    0.04    0.11    0.07    0.07    0.05    0.05    0.11    0.17    0.37    0.26    0.19    0.06      1.56      0.13
