    1920    0.06    0.06    1.09    0.37   19.48    7.40    0.64    0.12    0.15    0.10    0.09    0.08     29.64      2.47
    1921    0.07    0.06    4.03    2.63    0.46    0.65    0.22    0.19    0.07    0.06    0.05    0.05      8.55      0.71
    1922    0.04    0.41    0.14    0.03    0.03    0.02    1.93    0.76    0.10    0.10    0.04    0.03      3.65      0.30
    1923    0.13    0.21    0.06    0.02    0.02    0.02    0.07    0.02    0.01    0.01    0.30    0.12      1.00      0.08
    1924    0.01    0.01    0.01    0.01    0.13    0.08    0.02    0.02    0.14    0.06    0.13    0.48      1.10      0.09
    1925    0.29    0.06    0.01    0.01    0.01    0.01    0.01    0.01    0.03    0.02    0.01    0.02      0.46      0.04
    1926    1.10    0.83    0.17    0.02    0.02    0.01    0.22    0.08    0.01    0.01    0.05    0.02      2.54      0.21
    1927    0.01    0.01    0.05    0.02    0.01    1.24    0.43    0.02    0.02    0.01    0.01    0.02      1.84      0.15
    1928    0.01    1.69    0.65    0.03    0.02    0.64    0.24    0.05    0.02    3.45    1.53    0.19      8.52      0.71
    1929    0.05    0.04    0.04    0.13    2.49    1.04    0.11    0.20    0.08    0.04    0.47    0.24      4.92      0.41
    1930    0.09    0.10    0.04    0.02    0.02    0.12    1.27    0.44    0.03    0.14    0.18    0.14      2.58      0.22
    1931    0.35    0.12   10.35    3.42    0.09    0.08    0.07    0.45    0.32    0.13    0.05   11.17     26.61      2.22
    1932    3.75    0.12    0.11    0.09    0.08    0.15    0.06    0.06    0.05    0.05    1.92    0.70      7.14      0.59
    1933    0.05    0.21    0.34    0.27    0.13    0.58    0.20    0.03    0.03    0.09    0.03    0.03      1.99      0.17
    1934    4.11    3.97    0.93    0.07    0.22    0.13    1.63    1.38    1.06    0.36    0.10    0.16     14.12      1.18
    1935    0.06    0.12    0.04    0.04    0.03    0.03    0.03    0.19    0.06    0.14    0.07    0.41      1.23      0.10
    1936    0.16    1.61    2.65    0.75    0.05    0.13    0.04    0.04    0.03    0.03    0.03    0.05      5.56      0.46
    1937    0.03    0.58    0.57    0.14    0.02    0.13    0.25    0.08    0.07    0.03    0.02    0.08      2.00      0.17
    1938    0.21    0.79    0.28    0.02    0.96    1.02    0.32    0.03    0.03    0.03    0.89    0.34      4.92      0.41
    1939    0.03    0.02    0.02    0.07    4.73    2.06    0.22    0.06    0.05    0.05    0.04    0.10      7.46      0.62
    1940    0.11    1.53    0.54    0.04    0.03    0.03    4.99    1.74    0.28    0.11    0.06    0.05      9.51      0.79
    1941    0.29    0.12    0.04    0.03    0.03    0.03    0.03    0.32    0.13    0.02    0.02    0.02      1.06      0.09
    1942    0.58    0.22    0.20    0.37    0.15    0.10    0.04    0.01    0.01    0.01    0.04    0.97      2.70      0.22
    1943    0.34    4.89    1.68    0.06    0.05    0.05    0.04    1.53    0.57    0.05    0.20    0.48      9.93      0.83
    1944    0.17    0.04    0.03    0.03    0.02    0.02    0.02    1.47    0.61    0.10    0.23    0.09      2.81      0.23
    1945    0.75    0.27    0.03    0.02    0.02    1.69    0.68    0.04    0.03    0.03    0.02    0.03      3.61      0.30
    1946    0.06    0.02    0.02    0.01    0.01    0.70    0.25    0.15    0.06    0.37    0.14    0.07      1.86      0.16
    1947    0.13    0.06    0.01    0.28    0.20    1.44    0.53    0.03    0.02    0.02    0.02    0.02      2.76      0.23
    1948    5.17    1.75    0.06    0.05    0.05    0.04    0.03    0.03    0.03    0.03    0.02    0.02      7.28      0.61
    1949    0.03    2.08    0.72    0.03    0.03    0.14    0.06    0.04    0.02    0.31    0.12    0.15      3.74      0.31
    1950    0.45    2.77    0.94    5.44    1.90    0.08    0.08    0.07    0.06    0.28    0.17    0.33     12.57      1.05
    1951    0.11    0.04    0.03    0.03    0.12    0.04    0.02    0.02    0.02    0.02    0.25    0.97      1.68      0.14
    1952    0.33    1.40    0.51    0.03    0.05    0.02    0.26    0.09    0.34    2.46    0.90    0.42      6.81      0.57
    1953    1.10    0.54    0.85    0.28    0.05    0.33    0.40    2.73    1.07    0.23    7.30    2.58     17.44      1.45
    1954    0.13    0.11    0.10    0.09    2.02    0.73    0.10    0.09    0.08    0.08    0.08    0.07      3.68      0.31
    1955    0.10    0.07    0.05    1.74    0.92    0.59    0.16    0.60    0.21    0.05    0.04    0.04      4.57      0.38
    1956    0.60    0.23    0.60    0.25    0.81    0.34    0.03    0.36    0.29    0.07    0.08    0.68      4.35      0.36
    1957    0.28    0.03    0.02    0.02    0.02    0.02    0.10    3.06    1.08    0.04    0.19    0.08      4.94      0.41
    1958    0.20    0.08    0.03    0.19    1.02    0.40    1.90    1.07    0.18    1.14    0.72    0.18      7.11      0.59
    1959    0.84    0.30    0.05    0.04    0.04    0.69    0.25    0.11    0.05    0.03    0.03    0.07      2.47      0.21
    1960    0.04    0.06    0.06    0.03    0.02    0.31    0.97    0.35    0.07    0.20    0.30    0.16      2.57      0.21
    1961    0.08    0.05    0.02    0.14    0.09    0.05    0.05    0.02    0.03    0.01    6.06    2.06      8.66      0.72
    1962    0.41    0.42    0.10    0.26    0.09    0.82    0.59    1.25    0.79    0.32    0.11    0.04      5.21      0.43
    1963    0.14    0.09    2.61    0.98    0.12    0.05    0.04    0.04    1.01    0.37    0.58    2.12      8.14      0.68
    1964    0.78    0.34    0.13    0.04    0.04    0.38    0.46    0.37    0.10    0.08    0.04    0.03      2.78      0.23
    1965    1.81    0.92    0.13    0.04    0.03    0.03    0.24    0.29    0.08    0.02    0.24    0.22      4.04      0.34
    1966    0.06    0.02    0.01    0.01    0.34    0.28   10.84    4.09    0.70    0.28    0.15    0.08     16.86      1.40
    1967    0.08    0.17    0.06    0.05    0.05    0.04    0.04    0.26    0.37    0.10    0.15    0.08      1.45      0.12
    1968    0.13    0.10    0.02    0.02    0.03    0.13    0.05    0.01    0.24    0.09    0.01    0.04      0.87      0.07
    1969    0.04    0.01    0.01    0.01    0.15    0.06    0.01    0.01    0.01    0.00    0.79    0.28      1.37      0.11
    1970    0.09    0.03    0.02    0.01    0.01    0.10    0.99    0.47    0.08    2.46    2.72    0.76      7.74      0.65
    1971    0.06    0.07    0.05    0.10    0.18    0.33    0.10    0.35    0.13    0.04    0.05    0.11      1.56      0.13
    1972    0.04    0.03    0.02    0.02    0.02    0.10    0.04    0.02    0.02    0.03    0.04    0.02      0.40      0.03
    1973    0.01    0.05    0.03    0.03    0.08    0.16    0.05    0.87    0.32    0.02    3.26    1.14      6.04      0.50
    1974    0.04    0.57    0.20    0.12    0.04    0.03    0.03    0.40    0.41    0.23    0.15    0.12      2.33      0.19
    1975    0.04    0.02    0.02    0.13    0.98    0.66    0.94    0.49    0.21    0.09    0.04    0.02      3.64      0.30
    1976    0.85    0.85    0.21    0.03    0.98    0.40    0.26    4.95    1.73    0.08    0.07    0.06     10.47      0.87
    1977    0.07    0.09    0.46    0.15    0.04    0.03    0.23    0.08    0.03    0.02    0.09    0.05      1.34      0.11
    1978    0.02    0.10    0.04    0.01    0.17    0.06    0.01    0.22    0.09    0.46    0.26    0.08      1.51      0.13
    1979    0.03    0.01    0.01    0.02    0.01    0.01    0.03    0.01    0.00    0.00    0.08    0.60      0.82      0.07
    1980    0.26    4.36    1.47   20.21    6.61    0.93    2.23    1.82    0.44    0.23    2.96    1.13     42.65      3.55
    1981    0.21    0.12    0.11    0.10    0.09    0.08   13.24    4.40    0.61    0.28    0.14    0.13     19.49      1.62
    1982    0.14    0.56    0.18    0.08    0.07    0.06    0.06    0.15    0.11    0.44    0.16    1.49      3.50      0.29
    1983    0.56    0.22    0.07    0.04    0.03    0.83    0.31    0.03    0.03    0.03    0.02    0.02      2.19      0.18
    1984    0.02    0.02    0.11    0.69    0.95    0.27    0.30    0.11    0.31    0.97    0.36    0.05      4.16      0.35
    1985    1.22    0.48    1.66    0.58    0.04    0.14    0.13    0.03    0.07    0.04    3.43    1.21      9.05      0.75
    1986    3.05    1.30    0.09    0.07    0.06    0.05    3.44    1.20    0.07    0.06    0.06    3.01     12.46      1.04
    1987    1.07    0.07    0.06    0.05    0.05    0.10    0.69    0.25    0.09    0.04    0.14    0.10      2.72      0.23
    1988    0.06    0.02    1.38    0.50    0.03    0.35   11.14    3.67    0.11    0.18    0.10    0.08     17.62      1.47
    1989    2.02    2.60    0.69    0.09    0.14    0.06    1.77    0.68    0.39    0.15    0.06    0.05      8.70      0.73
    1990    0.05    0.04    0.04    1.18    0.42    0.06    0.03    0.03    0.02    0.04    0.02    0.02      1.95      0.16
    1991    4.76    1.61    0.06    0.05    0.18    0.34    0.10    0.09    0.61    0.52    0.17    0.05      8.53      0.71
    1992    4.31    1.52    0.06    0.05    0.22    0.07    6.00    2.58    0.26    0.12    0.20    0.37     15.77      1.31
    1993    0.13    0.06    1.57    0.56    0.06    0.08    0.50    0.16    0.04    0.16    0.21    0.07      3.62      0.30
    1994    0.55    0.19    1.10    0.39    0.14    0.56    0.21    1.32    0.50    0.04    0.03    0.03      5.06      0.42
    1995    0.07    2.63    9.69    2.94    0.11    0.09    0.09    0.08    0.07    0.07    0.05    0.05     15.94      1.33
    1996    6.67    7.44    1.87    0.12    0.11    0.54    0.35    1.05    0.44    0.33    0.15    0.07     19.14      1.60
    1997    0.06    0.05    0.05    0.18    0.06    0.23    0.09    0.04    0.02    0.02    0.17    0.06      1.02      0.09
    1998    0.02    0.18    1.07    0.36    0.02    0.02    0.03    0.02    0.01    0.06    0.06    0.02      1.88      0.16
    1999    0.05    0.02    0.79    0.68    0.21    2.50    0.86    0.04    0.04    0.03    0.03    0.03      5.27      0.44
    2000    0.02    1.66    0.70    0.05    0.03    0.03    0.05    0.02    0.02    0.10    0.24    0.16      3.07      0.26
    2001    0.53    3.38    1.10    0.05    0.10    0.04    0.03    0.83    0.48    0.14    0.88    0.62      8.19      0.68
    2002    0.14    0.04    3.11    1.07    0.06    7.92    2.87    2.15    0.77    0.12    0.20    0.09     18.53      1.54
    2003    0.15    0.07    0.07    0.90    0.63    0.14    0.84    0.30    0.13    0.09    1.30    0.49      5.12      0.43
    2004    2.15    0.77    1.12    0.91    0.19    0.06    0.41    0.42    0.20    0.05    0.04    0.03      6.37      0.53
    2005    0.03    0.14    0.05    0.02    0.02    0.02    0.31    2.82    0.96    6.00    8.84    2.51     21.72      1.81
    2006    0.18    0.16    0.16    0.15    0.14    0.14    0.13    0.31    0.35    0.13    0.14    0.14      2.12      0.18
    2007    0.12    5.87    8.46    2.27    0.19    0.15    0.13    0.12    0.11    0.10    0.09    0.08     17.70      1.47
    2008    0.18    1.13    0.37    0.06    0.52    0.17    2.66    0.94    0.31    0.15    0.06    0.05      6.61      0.55
    2009    0.12    0.09    0.05    0.03    0.14    0.06    0.02    0.02    0.02    0.02    0.01    0.01      0.58      0.05
  
 AVERAGE    0.62    0.76    0.77    0.60    0.57    0.48    0.92    0.64    0.24    0.29    0.58    0.47      6.95      0.58
