    1920    0.00    0.00    0.07    0.02    5.72    2.16    0.72    0.21    0.06    0.05    0.05    0.04      9.10      0.76
    1921    0.04    0.03    0.03    0.05    0.02    0.04    0.04    0.01    0.01    0.01    0.01    0.01      0.30      0.02
    1922    0.01    4.95    1.66    0.05    0.05    0.04    0.07    0.03    0.03    0.03    0.02    0.02      6.97      0.58
    1923    0.02    0.07    0.02    0.07    0.09    0.02    0.01    0.01    0.01    0.01    0.01    0.01      0.34      0.03
    1924    0.00    0.00    0.01    0.02    0.36    0.18    0.04    0.02    0.01    0.06    0.02    0.01      0.71      0.06
    1925    0.00    0.00    0.00    0.00    0.00    0.00    0.00    0.01    0.00    0.00    0.00    0.00      0.03      0.00
    1926    0.00    0.01    0.00    0.00    0.00    0.01    0.00    0.00    0.00    0.00    0.00    0.00      0.03      0.00
    1927    0.00    0.01    0.01    0.00    0.00    0.78    0.27    0.01    0.01    0.01    0.01    0.01      1.12      0.09
    1928    0.01    0.00    0.00    0.00    0.02    0.20    0.14    0.03    0.00    0.34    0.31    0.09      1.14      0.10
    1929    0.01    0.01    0.01    0.01    0.99    0.34    0.02    0.01    0.01    0.01    0.01    0.01      1.44      0.12
    1930    0.01    0.01    0.01    0.01    0.00    0.28    0.10    0.01    0.01    0.19    0.07    0.01      0.69      0.06
    1931    0.01    0.01    0.16    0.07    0.10    0.03    0.01    0.05    0.02    0.00    0.00    1.85      2.32      0.19
    1932    0.64    0.02    0.02    0.02    0.02    0.01    0.01    0.01    0.01    0.01    0.07    0.02      0.87      0.07
    1933    0.01    0.08    0.04    0.06    0.10    0.14    0.04    0.01    0.01    0.03    0.01    0.00      0.52      0.04
    1934    0.00    0.06    0.03    0.00    0.00    0.00    0.11    0.39    0.18    0.04    0.01    0.01      0.83      0.07
    1935    0.01    0.01    0.00    0.00    0.00    0.02    0.01    0.00    0.00    0.00    0.00    0.00      0.06      0.00
    1936    0.10    0.16    0.05    0.00    0.01    0.00    0.00    0.00    0.00    0.00    0.00    0.00      0.33      0.03
    1937    0.00    0.00    1.50    0.51    0.02    0.04    0.01    0.01    0.01    0.03    0.01    0.01      2.15      0.18
    1938    0.01    0.13    0.05    0.03    3.08    1.04    0.04    0.03    0.03    0.03    1.34    0.47      6.28      0.52
    1939    0.03    0.03    0.03    0.02    0.73    0.27    0.02    0.02    0.02    0.02    0.02    0.03      1.24      0.10
    1940    0.01    0.01    0.01    0.13    0.05    0.01    2.06    0.70    0.03    0.03    0.06    0.02      3.13      0.26
    1941    0.17    0.06    0.02    0.01    0.01    0.01    0.01    0.01    0.01    0.01    0.01    0.01      0.32      0.03
    1942    0.01    0.00    0.04    0.01    0.00    0.02    0.01    0.01    0.00    0.00    0.01    0.00      0.13      0.01
    1943    0.00    0.94    0.33    0.01    0.01    0.04    0.01    0.01    0.01    0.01    0.01    0.00      1.37      0.11
    1944    0.00    0.00    0.00    0.00    0.00    0.09    0.03    0.00    0.00    0.00    0.00    0.00      0.14      0.01
    1945    0.00    0.00    0.00    0.00    0.02    0.06    0.07    0.02    0.00    0.00    0.00    0.00      0.18      0.01
    1946    0.00    0.00    0.00    0.00    0.01    0.29    0.10    0.00    0.00    0.00    0.00    0.00      0.42      0.04
    1947    0.00    0.01    0.02    0.06    0.10    0.27    0.27    0.07    0.01    0.01    0.01    0.01      0.82      0.07
    1948    0.00    0.00    0.00    0.00    0.00    0.00    0.00    0.01    0.00    0.00    0.00    0.00      0.04      0.00
    1949    0.00    1.01    0.35    0.01    0.03    0.24    0.08    0.01    0.01    0.01    0.01    0.17      1.94      0.16
    1950    0.11    0.24    0.08    0.01    0.01    0.01    0.01    0.01    0.00    0.00    0.00    0.00      0.49      0.04
    1951    0.00    0.00    0.00    0.00    0.95    0.33    0.01    0.01    0.01    0.01    0.01    0.01      1.34      0.11
    1952    0.01    0.03    0.05    0.01    0.03    0.04    0.01    0.00    0.02    0.01    0.00    0.00      0.21      0.02
    1953    0.47    0.17    0.36    0.13    0.01    1.03    0.37    0.04    0.02    0.02    0.01    0.01      2.64      0.22
    1954    0.01    0.04    0.01    0.02    0.01    0.01    0.01    0.00    0.00    0.00    0.00    0.00      0.13      0.01
    1955    0.00    0.27    0.09    0.02    0.02    1.31    0.45    0.02    0.02    0.02    0.01    0.01      2.24      0.19
    1956    0.14    0.24    0.34    0.10    0.01    0.09    0.03    0.01    0.01    0.01    0.01    0.07      1.04      0.09
    1957    0.02    0.01    0.01    0.00    0.00    0.00    0.00    0.35    0.12    0.01    0.01    0.01      0.55      0.05
    1958    0.00    0.01    0.08    0.03    0.03    0.02    0.01    0.01    0.00    0.00    0.00    0.00      0.20      0.02
    1959    0.01    0.00    0.00    0.00    0.00    0.00    0.00    0.00    0.00    0.00    0.01    0.00      0.04      0.00
    1960    0.00    0.00    0.00    0.00    0.00    5.85    2.52    0.21    0.06    0.05    0.05    0.04      8.79      0.73
    1961    0.04    0.03    0.03    0.02    0.02    0.03    0.02    0.01    0.01    0.01    0.01    0.01      0.24      0.02
    1962    0.01    0.07    0.03    0.19    0.11    0.04    0.02    0.01    0.01    0.01    0.00    0.00      0.50      0.04
    1963    0.02    0.12    0.05    0.00    0.02    0.01    0.00    0.00    0.01    0.00    0.00    0.49      0.74      0.06
    1964    0.17    0.05    0.02    0.01    0.01    0.03    0.01    0.00    0.00    0.02    0.01    0.00      0.33      0.03
    1965    0.06    0.09    0.03    0.02    0.01    0.00    0.00    0.00    0.00    0.00    0.00    0.00      0.22      0.02
    1966    0.00    0.00    0.00    0.00    0.00    0.09    0.32    2.31    0.76    0.03    0.03    0.02      3.55      0.30
    1967    0.02    0.02    0.02    0.01    0.01    0.23    0.08    0.01    0.01    0.01    0.01    0.01      0.44      0.04
    1968    0.01    0.01    0.00    0.00    0.78    0.35    0.04    0.01    0.01    0.01    0.01    0.01      1.24      0.10
    1969    0.04    0.02    0.01    0.00    0.00    0.00    0.00    0.05    0.02    0.00    1.37    0.47      2.00      0.17
    1970    0.02    0.02    0.22    0.08    0.01    0.03    0.01    0.01    0.01    0.21    1.75    0.58      2.96      0.25
    1971    0.03    0.02    0.02    0.19    0.06    0.24    0.08    0.02    0.01    0.01    0.01    0.01      0.71      0.06
    1972    0.01    0.01    0.01    0.01    0.04    1.20    0.43    0.02    0.02    0.02    0.01    0.01      1.77      0.15
    1973    0.23    0.08    0.04    2.66    4.85    1.57    0.09    0.07    0.06    0.06    0.05    0.04      9.81      0.82
    1974    0.04    0.03    0.03    0.02    0.02    1.07    0.38    0.03    0.03    0.02    0.02    0.02      1.71      0.14
    1975    0.02    0.01    0.39    1.38    1.97    2.52    0.71    0.06    0.05    0.05    0.04    0.04      7.25      0.60
    1976    0.29    0.13    0.03    0.03    4.71    1.83    0.10    0.07    0.06    0.05    0.05    0.04      7.37      0.61
    1977    0.04    0.03    0.16    0.05    0.03    0.11    0.03    0.02    0.02    0.01    0.01    0.01      0.51      0.04
    1978    0.01    0.01    0.04    0.01    0.05    0.02    0.01    0.01    0.00    0.83    0.29    0.01      1.29      0.11
    1979    0.01    0.01    0.01    0.01    0.01    0.01    0.01    0.01    0.01    0.00    0.01    0.05      0.15      0.01
    1980    0.02    0.04    0.01    1.07    0.37    1.14    0.40    0.05    0.02    0.02    0.88    0.31      4.33      0.36
    1981    0.53    0.19    0.03    0.02    0.02    0.02    1.31    0.46    0.03    0.03    0.02    0.02      2.67      0.22
    1982    0.16    0.06    0.01    0.01    0.01    0.01    0.01    0.01    0.01    0.03    0.01    0.01      0.34      0.03
    1983    0.00    0.07    0.02    0.00    0.00    0.00    0.01    0.00    0.00    0.00    0.00    0.00      0.13      0.01
    1984    0.00    0.00    0.00    0.07    0.27    0.11    0.02    0.00    0.01    0.00    0.00    0.00      0.49      0.04
    1985    0.02    0.01    1.90    0.80    0.09    0.02    0.02    0.02    0.02    0.01    0.01    0.01      2.95      0.25
    1986    0.16    0.11    0.02    0.01    0.01    0.01    0.16    0.06    0.01    0.01    0.01    0.06      0.61      0.05
    1987    0.02    0.00    0.00    0.00    0.34    0.45    0.19    0.03    0.01    0.01    0.01    0.02      1.09      0.09
    1988    0.01    0.01    0.16    0.07    0.01    0.00    0.30    0.11    0.01    0.01    0.01    0.01      0.69      0.06
    1989    0.03    3.30    1.11    0.04    0.05    0.03    0.19    0.06    0.02    0.02    0.02    0.02      4.88      0.41
    1990    0.01    0.01    0.01    0.01    0.01    0.01    0.01    0.01    0.00    0.00    0.00    0.03      0.12      0.01
    1991    0.78    0.27    0.04    0.01    0.01    0.10    0.03    0.01    0.01    0.01    0.01    0.00      1.27      0.11
    1992    0.00    0.01    0.00    0.00    0.02    0.01    0.00    0.00    0.00    0.00    0.00    0.18      0.24      0.02
    1993    0.06    0.11    0.12    0.04    0.06    0.33    0.11    0.01    0.01    0.01    0.01    0.00      0.88      0.07
    1994    0.00    0.00    0.00    0.01    0.01    0.07    0.03    0.03    0.01    0.00    0.00    0.00      0.18      0.01
    1995    0.00    0.07    0.62    0.22    0.15    0.07    0.01    0.01    0.01    0.01    0.01    0.00      1.18      0.10
    1996    0.01    4.02    1.45    0.04    0.04    2.73    0.95    0.06    0.08    0.05    0.04    0.04      9.51      0.79
    1997    0.03    0.03    0.03    0.25    0.09    0.09    0.03    0.02    0.01    0.01    0.18    0.06      0.84      0.07
    1998    0.08    0.03    0.01    0.11    0.04    0.09    0.03    0.01    0.01    0.01    0.00    0.00      0.42      0.04
    1999    0.06    0.04    0.51    0.22    0.15    4.59    1.53    0.06    0.05    0.05    0.04    0.04      7.33      0.61
    2000    0.03    0.03    0.02    0.02    0.02    0.20    0.47    0.15    0.02    0.02    0.01    0.07      1.06      0.09
    2001    0.02    0.20    0.07    0.01    0.01    0.05    0.02    0.01    0.01    0.01    0.37    0.13      0.90      0.08
    2002    0.01    0.01    0.32    0.11    0.01    0.19    0.07    0.29    0.10    0.01    0.01    0.01      1.14      0.09
    2003    0.02    0.01    0.01    0.00    0.34    0.12    0.07    0.02    0.02    0.01    0.01    0.00      0.62      0.05
    2004    0.00    0.00    0.20    0.08    0.02    0.01    0.16    0.07    0.01    0.00    0.00    0.00      0.56      0.05
    2005    0.00    0.39    0.13    0.30    0.12    0.01    0.01    0.11    0.04    0.02    0.31    0.11      1.54      0.13
    2006    0.02    0.01    0.01    0.01    0.01    0.00    0.05    0.02    0.00    0.00    0.00    0.00      0.14      0.01
    2007    0.19    0.07    0.17    0.11    0.02    0.10    0.04    0.01    0.00    0.00    0.00    0.00      0.72      0.06
    2008    0.00    0.00    0.00    0.00    0.11    0.04    0.23    0.08    0.01    0.00    0.00    0.00      0.49      0.04
    2009    0.01    0.01    0.04    0.01    0.39    0.16    0.01    0.01    0.01    0.01    0.00    0.00      0.66      0.06
  
 AVERAGE    0.06    0.21    0.15    0.11    0.31    0.39    0.18    0.08    0.03    0.03    0.09    0.07      1.70      0.14
