    1920    0.00    0.00    0.01    0.00    0.48    0.20    0.09    0.03    0.01    0.01    0.01    0.00      0.84      0.07
    1921    0.00    0.03    0.24    0.08    0.01    0.01    0.00    0.00    0.00    0.00    0.00    0.00      0.38      0.03
    1922    0.00    0.03    0.02    0.00    0.01    0.00    0.00    0.00    0.00    0.00    0.00    0.00      0.07      0.01
    1923    0.00    0.04    0.01    0.02    0.01    0.00    0.00    0.00    0.00    0.00    0.00    0.00      0.09      0.01
    1924    0.00    0.00    0.00    0.00    0.01    0.01    0.00    0.00    0.00    0.00    0.00    0.00      0.02      0.00
    1925    0.00    0.00    0.00    0.00    0.00    0.00    0.00    0.00    0.00    0.00    0.00    0.00      0.00      0.00
    1926    0.00    0.00    0.00    0.00    0.00    0.00    0.00    0.00    0.00    0.00    0.00    0.00      0.00      0.00
    1927    0.00    0.00    0.00    0.00    0.00    0.50    0.17    0.01    0.01    0.01    0.00    0.00      0.70      0.06
    1928    0.00    0.00    0.00    0.00    0.00    0.00    0.00    0.00    0.00    0.00    0.00    0.00      0.02      0.00
    1929    0.00    0.00    0.00    0.01    0.16    0.07    0.00    0.00    0.00    0.00    0.00    0.00      0.25      0.02
    1930    0.00    0.00    0.00    0.00    0.00    0.11    0.04    0.00    0.00    0.01    0.00    0.00      0.18      0.01
    1931    0.00    0.00    0.00    0.00    0.01    0.00    0.00    0.01    0.00    0.00    0.00    0.00      0.03      0.00
    1932    0.00    0.01    0.00    0.00    0.00    0.00    0.00    0.00    0.00    0.00    0.00    0.00      0.02      0.00
    1933    0.00    0.04    0.02    0.01    0.01    0.02    0.01    0.00    0.00    0.00    0.00    0.00      0.11      0.01
    1934    0.00    0.14    0.05    0.00    0.00    0.00    0.02    0.01    0.05    0.02    0.00    0.00      0.30      0.02
    1935    0.00    0.00    0.00    0.00    0.00    0.00    0.00    0.00    0.00    0.00    0.00    0.00      0.01      0.00
    1936    0.00    0.05    0.28    0.09    0.00    0.00    0.00    0.00    0.00    0.00    0.00    0.00      0.44      0.04
    1937    0.00    0.00    0.80    0.27    0.01    0.01    0.01    0.01    0.01    0.01    0.01    0.00      1.13      0.09
    1938    0.00    0.00    0.00    0.00    0.05    0.02    0.00    0.00    0.00    0.00    0.69    0.24      1.01      0.08
    1939    0.01    0.01    0.01    0.01    0.13    0.05    0.01    0.01    0.00    0.00    0.00    0.00      0.24      0.02
    1940    0.00    0.00    0.00    0.01    0.00    0.00    0.15    0.05    0.00    0.00    0.00    0.00      0.24      0.02
    1941    0.01    0.00    0.00    0.00    0.00    0.00    0.00    0.00    0.00    0.00    0.00    0.00      0.02      0.00
    1942    0.03    0.01    0.00    0.00    0.00    0.00    0.00    0.00    0.00    0.00    0.00    0.00      0.05      0.00
    1943    0.00    0.06    0.02    0.00    0.00    0.02    0.01    0.00    0.00    0.00    0.00    0.00      0.11      0.01
    1944    0.00    0.00    0.00    0.00    0.00    0.11    0.04    0.01    0.00    0.00    0.00    0.00      0.17      0.01
    1945    0.00    0.00    0.00    0.00    0.00    0.01    0.01    0.00    0.00    0.00    0.00    0.00      0.02      0.00
    1946    0.00    0.00    0.00    0.00    0.00    0.07    0.02    0.01    0.00    0.00    0.00    0.00      0.11      0.01
    1947    0.00    0.00    0.00    0.00    0.05    0.05    0.02    0.00    0.00    0.00    0.00    0.00      0.13      0.01
    1948    0.00    0.00    0.04    0.01    0.00    0.00    0.00    0.00    0.00    0.00    0.00    0.00      0.05      0.00
    1949    0.00    0.04    0.02    0.00    0.00    0.01    0.00    0.00    0.00    0.00    0.00    0.02      0.09      0.01
    1950    0.01    0.04    0.02    0.00    0.00    0.00    0.00    0.00    0.00    0.00    0.00    0.00      0.07      0.01
    1951    0.00    0.00    0.00    0.00    0.02    0.01    0.00    0.00    0.00    0.00    0.00    0.00      0.02      0.00
    1952    0.00    0.03    0.04    0.01    0.03    0.01    0.00    0.00    0.01    0.00    0.00    0.00      0.14      0.01
    1953    0.00    0.00    0.01    0.00    0.00    0.08    0.03    0.06    0.02    0.00    0.00    0.00      0.22      0.02
    1954    0.00    0.00    0.00    0.00    0.00    0.01    0.00    0.00    0.01    0.00    0.00    0.00      0.03      0.00
    1955    0.00    0.00    0.00    0.02    0.01    0.35    0.12    0.00    0.00    0.00    0.00    0.00      0.53      0.04
    1956    0.00    0.03    0.02    0.01    0.00    0.02    0.01    0.00    0.00    0.00    0.00    0.00      0.10      0.01
    1957    0.00    0.00    0.01    0.01    0.00    0.00    0.00    0.01    0.00    0.00    0.00    0.00      0.03      0.00
    1958    0.00    0.00    0.00    0.00    0.06    0.02    0.00    0.00    0.00    0.00    0.00    0.00      0.08      0.01
    1959    0.00    0.00    0.00    0.00    0.00    0.00    0.00    0.00    0.00    0.00    0.00    0.00      0.00      0.00
    1960    0.00    0.00    0.00    0.00    0.00    9.18    3.06    0.08    0.07    0.06    0.06    0.05     12.56      1.05
    1961    0.05    0.04    0.03    0.09    0.03    0.02    0.02    0.02    0.02    0.01    0.01    0.01      0.36      0.03
    1962    0.01    0.02    0.01    0.01    0.01    0.00    0.07    0.04    0.00    0.00    0.00    0.00      0.17      0.01
    1963    0.00    0.00    0.00    0.00    0.00    0.00    0.00    0.00    0.00    0.00    0.00    0.19      0.21      0.02
    1964    0.07    0.00    0.00    0.00    0.00    0.05    0.02    0.00    0.00    0.00    0.00    0.00      0.16      0.01
    1965    0.00    0.04    0.01    0.00    0.00    0.00    0.00    0.00    0.00    0.00    0.00    0.00      0.06      0.00
    1966    0.00    0.00    0.00    0.00    0.00    0.00    0.02    0.33    0.11    0.00    0.00    0.00      0.47      0.04
    1967    0.00    0.00    0.00    0.00    0.00    0.02    0.01    0.01    0.00    0.00    0.00    0.00      0.05      0.00
    1968    0.00    0.00    0.00    0.00    0.29    0.11    0.02    0.00    0.00    0.00    0.00    0.00      0.43      0.04
    1969    0.00    0.00    0.00    0.00    0.00    0.00    0.00    0.00    0.00    0.00    0.10    0.04      0.15      0.01
    1970    0.00    0.00    0.00    0.00    0.00    0.04    0.01    0.00    0.00    0.03    0.11    0.03      0.23      0.02
    1971    0.00    0.00    0.01    0.02    0.01    0.02    0.01    0.00    0.00    0.00    0.00    0.00      0.07      0.01
    1972    0.00    0.00    0.00    0.00    0.01    0.28    0.11    0.01    0.00    0.00    0.00    0.00      0.42      0.04
    1973    0.00    0.00    0.00    0.92    0.50    0.09    0.01    0.01    0.01    0.01    0.01    0.01      1.58      0.13
    1974    0.01    0.01    0.00    0.00    0.00    0.08    0.03    0.00    0.01    0.00    0.00    0.00      0.16      0.01
    1975    0.00    0.00    0.05    0.19    0.62    0.20    0.01    0.01    0.01    0.01    0.01    0.01      1.10      0.09
    1976    0.00    0.06    0.02    0.00    0.41    0.15    0.07    0.02    0.01    0.01    0.01    0.01      0.76      0.06
    1977    0.00    0.00    0.00    0.00    0.00    0.00    0.00    0.00    0.00    0.00    0.00    0.00      0.03      0.00
    1978    0.00    0.00    0.00    0.00    0.01    0.00    0.00    0.00    0.00    0.13    0.04    0.00      0.20      0.02
    1979    0.00    0.00    0.00    0.00    0.00    0.00    0.00    0.00    0.00    0.00    0.00    0.01      0.02      0.00
    1980    0.00    0.11    0.04    0.47    0.16    0.82    0.29    0.02    0.01    0.01    0.66    0.23      2.81      0.23
    1981    0.02    0.01    0.01    0.01    0.01    0.01    1.03    0.36    0.02    0.02    0.01    0.01      1.52      0.13
    1982    0.01    0.01    0.01    0.01    0.01    0.01    0.00    0.00    0.00    0.00    0.00    0.00      0.07      0.01
    1983    0.00    0.00    0.00    0.00    0.00    0.26    0.09    0.00    0.00    0.00    0.00    0.00      0.38      0.03
    1984    0.00    0.00    0.00    0.28    0.11    0.01    0.00    0.00    0.01    0.00    0.00    0.00      0.43      0.04
    1985    0.00    0.00    3.18    1.07    0.04    0.03    0.03    0.02    0.02    0.02    0.02    0.02      4.44      0.37
    1986    0.03    0.04    0.01    0.01    0.01    0.01    0.04    0.01    0.01    0.00    0.00    0.15      0.33      0.03
    1987    0.05    0.00    0.00    0.00    0.00    0.01    0.18    0.06    0.00    0.00    0.00    0.01      0.35      0.03
    1988    0.00    0.00    0.03    0.01    0.00    0.00    0.02    0.01    0.00    0.00    0.00    0.00      0.09      0.01
    1989    0.00    0.03    0.01    0.00    0.00    0.00    0.09    0.03    0.00    0.00    0.00    0.00      0.17      0.01
    1990    0.00    0.00    0.00    0.00    0.00    0.00    0.00    0.00    0.00    0.00    0.00    0.00      0.01      0.00
    1991    0.42    0.14    0.01    0.00    0.00    0.05    0.02    0.00    0.00    0.00    0.00    0.00      0.66      0.06
    1992    0.07    0.06    0.01    0.00    0.00    0.00    0.00    0.00    0.00    0.00    0.00    0.00      0.16      0.01
    1993    0.00    0.00    0.00    0.00    0.00    0.00    0.00    0.00    0.00    0.00    0.00    0.00      0.01      0.00
    1994    0.00    0.00    0.00    0.00    0.01    0.12    0.04    0.06    0.02    0.00    0.00    0.00      0.26      0.02
    1995    0.00    0.00    0.42    0.14    0.01    0.01    0.00    0.00    0.00    0.00    0.00    0.00      0.60      0.05
    1996    0.08    1.95    0.97    0.11    0.02    0.03    0.02    0.02    0.01    0.01    0.01    0.01      3.25      0.27
    1997    0.01    0.01    0.01    0.13    0.05    0.01    0.01    0.00    0.00    0.00    0.01    0.00      0.23      0.02
    1998    0.00    0.00    0.37    0.13    0.01    0.00    0.00    0.00    0.00    0.00    0.00    0.00      0.53      0.04
    1999    0.00    0.00    0.98    0.34    1.31    3.11    0.92    0.05    0.05    0.04    0.04    0.03      6.88      0.57
    2000    0.03    0.03    0.02    0.02    0.02    0.01    0.01    0.01    0.01    0.01    0.01    0.01      0.18      0.01
    2001    0.01    0.02    0.01    0.00    0.00    0.00    0.00    0.00    0.00    0.00    0.00    0.00      0.06      0.00
    2002    0.00    0.00    0.31    0.11    0.00    0.02    0.01    0.09    0.03    0.00    0.00    0.00      0.57      0.05
    2003    0.00    0.00    0.00    0.00    0.00    0.00    0.23    0.08    0.01    0.00    0.02    0.01      0.37      0.03
    2004    0.00    0.00    0.00    0.00    0.00    0.00    0.00    0.00    0.00    0.00    0.00    0.00      0.02      0.00
    2005    0.00    0.09    0.03    0.00    0.00    0.00    0.00    0.09    0.03    0.00    0.06    0.02      0.35      0.03
    2006    0.02    0.01    0.00    0.01    0.00    0.00    0.00    0.00    0.00    0.00    0.00    0.00      0.04      0.00
    2007    0.00    0.00    0.00    0.06    0.02    0.00    0.00    0.00    0.00    0.00    0.00    0.00      0.09      0.01
    2008    0.00    0.01    0.00    0.00    0.37    0.13    0.08    0.03    0.00    0.00    0.00    0.00      0.64      0.05
    2009    0.00    0.00    0.09    0.03    0.18    0.07    0.00    0.00    0.00    0.00    0.00    0.00      0.39      0.03
  
 AVERAGE    0.01    0.04    0.09    0.05    0.06    0.19    0.08    0.02    0.01    0.01    0.02    0.01      0.59      0.05
