    1920    0.00    0.00    0.17    0.06   16.00    5.93    2.00    0.61    0.12    0.11    0.10    0.09     25.17      2.10
    1921    0.08    0.07    0.06    0.13    0.04    0.10    0.09    0.03    0.03    0.03    0.02    0.02      0.69      0.06
    1922    0.02   14.12    4.64    0.12    0.10    0.09    0.18    0.07    0.07    0.06    0.05    0.05     19.56      1.63
    1923    0.04    0.19    0.06    0.17    0.23    0.06    0.02    0.02    0.02    0.02    0.01    0.01      0.86      0.07
    1924    0.01    0.01    0.01    0.05    0.99    0.48    0.08    0.04    0.02    0.14    0.05    0.01      1.90      0.16
    1925    0.01    0.01    0.01    0.01    0.01    0.01    0.00    0.01    0.00    0.00    0.00    0.00      0.08      0.01
    1926    0.00    0.01    0.00    0.00    0.00    0.02    0.01    0.00    0.00    0.00    0.00    0.00      0.05      0.00
    1927    0.00    0.02    0.02    0.01    0.00    2.26    0.77    0.03    0.02    0.02    0.02    0.02      3.19      0.27
    1928    0.02    0.01    0.01    0.01    0.04    0.53    0.38    0.07    0.01    0.94    0.84    0.25      3.11      0.26
    1929    0.03    0.03    0.02    0.02    2.88    0.99    0.05    0.05    0.04    0.04    0.04    0.03      4.21      0.35
    1930    0.03    0.03    0.02    0.02    0.02    0.79    0.29    0.03    0.02    0.52    0.18    0.03      1.97      0.16
    1931    0.02    0.02    0.44    0.20    0.28    0.09    0.02    0.11    0.05    0.01    0.01    5.50      6.76      0.56
    1932    1.87    0.06    0.06    0.05    0.04    0.04    0.03    0.03    0.03    0.02    0.18    0.06      2.47      0.21
    1933    0.02    0.21    0.09    0.15    0.26    0.37    0.11    0.02    0.01    0.07    0.02    0.01      1.35      0.11
    1934    0.01    0.14    0.06    0.01    0.01    0.01    0.28    1.09    0.49    0.10    0.02    0.02      2.23      0.19
    1935    0.02    0.01    0.01    0.01    0.01    0.04    0.01    0.01    0.01    0.01    0.01    0.01      0.16      0.01
    1936    0.26    0.42    0.14    0.01    0.02    0.01    0.01    0.01    0.01    0.01    0.01    0.01      0.90      0.08
    1937    0.01    0.00    4.42    1.49    0.05    0.09    0.04    0.04    0.03    0.06    0.02    0.02      6.27      0.52
    1938    0.02    0.35    0.12    0.06    9.12    3.03    0.09    0.08    0.08    0.07    3.92    1.36     18.31      1.53
    1939    0.09    0.08    0.07    0.06    2.09    0.76    0.06    0.06    0.05    0.05    0.04    0.07      3.47      0.29
    1940    0.03    0.03    0.02    0.35    0.13    0.02    6.13    2.06    0.08    0.07    0.16    0.05      9.14      0.76
    1941    0.46    0.15    0.04    0.04    0.03    0.03    0.02    0.02    0.02    0.02    0.01    0.01      0.86      0.07
    1942    0.02    0.01    0.10    0.03    0.01    0.04    0.03    0.01    0.01    0.00    0.03    0.01      0.29      0.02
    1943    0.00    2.72    0.93    0.03    0.03    0.09    0.03    0.02    0.02    0.02    0.01    0.01      3.92      0.33
    1944    0.01    0.01    0.01    0.01    0.01    0.22    0.08    0.01    0.01    0.01    0.01    0.00      0.37      0.03
    1945    0.00    0.00    0.00    0.00    0.03    0.16    0.18    0.05    0.01    0.00    0.00    0.00      0.45      0.04
    1946    0.00    0.00    0.00    0.00    0.02    0.81    0.28    0.01    0.01    0.01    0.01    0.01      1.16      0.10
    1947    0.01    0.03    0.03    0.16    0.25    0.73    0.74    0.19    0.02    0.02    0.02    0.01      2.20      0.18
    1948    0.01    0.01    0.01    0.01    0.01    0.01    0.01    0.02    0.01    0.00    0.00    0.00      0.09      0.01
    1949    0.00    2.95    1.00    0.03    0.07    0.66    0.23    0.03    0.03    0.02    0.02    0.46      5.51      0.46
    1950    0.30    0.66    0.22    0.03    0.02    0.02    0.02    0.01    0.01    0.01    0.01    0.01      1.32      0.11
    1951    0.01    0.01    0.01    0.00    2.76    0.94    0.03    0.03    0.03    0.02    0.02    0.02      3.88      0.32
    1952    0.02    0.07    0.11    0.03    0.08    0.11    0.03    0.01    0.04    0.01    0.01    0.01      0.52      0.04
    1953    1.34    0.46    1.02    0.36    0.03    3.01    1.07    0.08    0.05    0.04    0.04    0.03      7.53      0.63
    1954    0.03    0.10    0.03    0.04    0.03    0.02    0.01    0.01    0.01    0.01    0.01    0.01      0.30      0.03
    1955    0.01    0.75    0.26    0.05    0.04    3.85    1.30    0.05    0.05    0.04    0.04    0.03      6.46      0.54
    1956    0.36    0.66    0.93    0.27    0.03    0.22    0.07    0.03    0.02    0.02    0.02    0.17      2.80      0.23
    1957    0.06    0.01    0.02    0.01    0.01    0.01    0.01    0.99    0.34    0.02    0.02    0.01      1.52      0.13
    1958    0.01    0.01    0.21    0.08    0.08    0.04    0.03    0.01    0.01    0.01    0.01    0.00      0.49      0.04
    1959    0.03    0.01    0.00    0.00    0.00    0.00    0.00    0.00    0.00    0.00    0.02    0.01      0.09      0.01
    1960    0.00    0.00    0.00    0.00    0.00   16.31    6.98    0.58    0.12    0.11    0.10    0.09     24.28      2.02
    1961    0.08    0.06    0.06    0.05    0.04    0.06    0.03    0.03    0.03    0.03    0.02    0.02      0.51      0.04
    1962    0.02    0.19    0.06    0.53    0.30    0.10    0.04    0.01    0.01    0.01    0.01    0.01      1.29      0.11
    1963    0.04    0.33    0.12    0.01    0.06    0.02    0.01    0.01    0.03    0.01    0.00    1.39      2.02      0.17
    1964    0.48    0.12    0.04    0.02    0.01    0.07    0.03    0.01    0.01    0.06    0.02    0.01      0.88      0.07
    1965    0.16    0.24    0.07    0.05    0.02    0.01    0.01    0.01    0.00    0.00    0.00    0.01      0.56      0.05
    1966    0.00    0.00    0.00    0.00    0.00    0.23    0.87    6.86    2.21    0.08    0.07    0.07     10.40      0.87
    1967    0.06    0.05    0.05    0.04    0.04    0.64    0.23    0.03    0.03    0.03    0.03    0.03      1.25      0.10
    1968    0.02    0.02    0.02    0.02    2.25    0.98    0.10    0.04    0.04    0.03    0.03    0.03      3.59      0.30
    1969    0.11    0.04    0.02    0.02    0.01    0.01    0.01    0.13    0.04    0.01    4.04    1.37      5.82      0.48
    1970    0.05    0.04    0.61    0.21    0.03    0.07    0.03    0.03    0.02    0.59    5.17    1.69      8.55      0.71
    1971    0.08    0.07    0.06    0.52    0.17    0.65    0.22    0.05    0.05    0.05    0.04    0.04      2.00      0.17
    1972    0.04    0.03    0.03    0.03    0.09    3.51    1.25    0.06    0.06    0.05    0.05    0.05      5.25      0.44
    1973    0.65    0.22    0.09    7.92   14.25    4.46    0.25    0.16    0.14    0.13    0.12    0.11     28.50      2.38
    1974    0.10    0.08    0.07    0.06    0.05    3.10    1.08    0.07    0.07    0.06    0.05    0.05      4.83      0.40
    1975    0.04    0.04    1.10    4.03    5.79    7.47    2.07    0.15    0.14    0.12    0.11    0.10     21.15      1.76
    1976    0.79    0.35    0.07    0.07   13.50    5.12    0.28    0.16    0.13    0.12    0.11    0.09     20.78      1.73
    1977    0.08    0.07    0.42    0.14    0.06    0.28    0.09    0.04    0.04    0.03    0.03    0.03      1.31      0.11
    1978    0.02    0.02    0.09    0.03    0.14    0.05    0.01    0.03    0.01    2.38    0.82    0.04      3.64      0.30
    1979    0.03    0.03    0.02    0.02    0.02    0.02    0.01    0.01    0.01    0.01    0.02    0.12      0.34      0.03
    1980    0.04    0.10    0.03    3.11    1.06    3.31    1.15    0.11    0.06    0.06    2.55    0.90     12.49      1.04
    1981    1.50    0.53    0.07    0.06    0.05    0.05    3.85    1.32    0.08    0.07    0.06    0.05      7.69      0.64
    1982    0.42    0.16    0.04    0.03    0.03    0.03    0.02    0.02    0.02    0.07    0.02    0.02      0.88      0.07
    1983    0.01    0.18    0.06    0.01    0.01    0.01    0.01    0.01    0.01    0.00    0.00    0.00      0.32      0.03
    1984    0.00    0.00    0.00    0.18    0.74    0.29    0.03    0.01    0.03    0.01    0.01    0.01      1.31      0.11
    1985    0.05    0.03    5.66    2.31    0.24    0.05    0.05    0.05    0.04    0.04    0.03    0.03      8.58      0.71
    1986    0.43    0.29    0.05    0.02    0.02    0.02    0.43    0.15    0.02    0.02    0.01    0.14      1.61      0.13
    1987    0.05    0.01    0.01    0.01    0.95    1.26    0.52    0.07    0.03    0.02    0.02    0.04      3.00      0.25
    1988    0.02    0.01    0.44    0.19    0.02    0.01    0.83    0.29    0.02    0.02    0.02    0.01      1.89      0.16
    1989    0.06    9.75    3.23    0.09    0.12    0.07    0.51    0.17    0.06    0.05    0.05    0.04     14.18      1.18
    1990    0.04    0.03    0.03    0.03    0.02    0.02    0.02    0.01    0.01    0.01    0.01    0.06      0.29      0.02
    1991    2.24    0.76    0.09    0.03    0.02    0.26    0.09    0.02    0.02    0.02    0.01    0.01      3.58      0.30
    1992    0.01    0.01    0.01    0.01    0.04    0.02    0.01    0.01    0.00    0.00    0.00    0.50      0.62      0.05
    1993    0.17    0.30    0.31    0.10    0.16    0.92    0.31    0.02    0.02    0.02    0.01    0.01      2.36      0.20
    1994    0.01    0.01    0.01    0.02    0.02    0.18    0.06    0.07    0.02    0.01    0.01    0.00      0.44      0.04
    1995    0.00    0.17    1.77    0.63    0.40    0.18    0.02    0.02    0.02    0.02    0.03    0.01      3.27      0.27
    1996    0.02   11.72    4.14    0.10    0.09    8.09    2.74    0.14    0.21    0.11    0.11    0.09     27.55      2.30
    1997    0.08    0.07    0.06    0.69    0.24    0.24    0.08    0.04    0.04    0.03    0.50    0.17      2.24      0.19
    1998    0.21    0.08    0.02    0.30    0.11    0.23    0.08    0.02    0.02    0.01    0.01    0.01      1.10      0.09
    1999    0.16    0.09    1.46    0.60    0.39   13.21    4.32    0.13    0.11    0.10    0.09    0.08     20.74      1.73
    2000    0.07    0.06    0.05    0.05    0.04    0.55    1.32    0.41    0.05    0.04    0.04    0.18      2.85      0.24
    2001    0.06    0.54    0.19    0.03    0.02    0.12    0.04    0.02    0.02    0.01    1.05    0.37      2.46      0.20
    2002    0.02    0.02    0.90    0.32    0.02    0.51    0.18    0.80    0.29    0.03    0.02    0.02      3.13      0.26
    2003    0.04    0.02    0.01    0.01    0.93    0.34    0.18    0.06    0.04    0.02    0.02    0.01      1.68      0.14
    2004    0.01    0.01    0.55    0.21    0.03    0.02    0.42    0.18    0.01    0.01    0.01    0.01      1.49      0.12
    2005    0.01    1.09    0.38    0.83    0.33    0.02    0.02    0.28    0.10    0.04    0.86    0.30      4.24      0.35
    2006    0.04    0.02    0.02    0.02    0.01    0.01    0.14    0.05    0.01    0.01    0.01    0.01      0.34      0.03
    2007    0.52    0.18    0.47    0.28    0.05    0.26    0.09    0.01    0.01    0.01    0.01    0.01      1.92      0.16
    2008    0.01    0.01    0.01    0.01    0.30    0.11    0.63    0.22    0.01    0.01    0.01    0.01      1.33      0.11
    2009    0.02    0.02    0.10    0.03    1.09    0.44    0.02    0.02    0.02    0.01    0.01    0.01      1.80      0.15
  
 AVERAGE    0.16    0.59    0.43    0.31    0.89    1.12    0.52    0.21    0.07    0.08    0.25    0.19      4.82      0.40
