    1920    0.00    0.00    0.27    0.09    9.27    3.23    0.46    0.14    0.07    0.06    0.05    0.05     13.70      1.14
    1921    0.04    0.41    4.87    1.60    0.07    0.06    0.06    0.05    0.05    0.04    0.04    0.03      7.34      0.61
    1922    0.03    4.16    2.72    0.48    0.10    0.26    0.07    0.05    0.04    0.04    0.04    0.03      8.02      0.67
    1923    0.03    1.11    0.39    0.33    0.11    0.03    0.02    0.02    0.02    0.02    0.02    0.01      2.10      0.18
    1924    0.01    0.01    0.01    0.01    0.10    0.14    0.04    0.04    0.01    0.01    0.01    0.02      0.40      0.03
    1925    0.01    0.00    0.00    0.00    0.00    0.00    0.00    0.00    0.00    0.00    0.00    0.00      0.03      0.00
    1926    0.00    0.00    0.00    0.00    0.00    0.00    0.00    0.00    0.00    0.00    0.00    0.00      0.01      0.00
    1927    0.00    0.00    0.00    0.00    0.00    3.66    1.23    0.04    0.03    0.03    0.03    0.02      5.04      0.42
    1928    0.02    0.02    0.02    0.01    0.01    0.14    0.15    0.04    0.01    0.01    0.01    0.01      0.45      0.04
    1929    0.01    0.01    0.02    0.01    0.95    0.35    0.01    0.01    0.01    0.01    0.01    0.01      1.42      0.12
    1930    0.01    0.01    0.19    0.18    0.04    0.33    0.12    0.01    0.01    0.23    0.08    0.01      1.21      0.10
    1931    0.02    0.01    0.03    0.01    0.19    0.07    0.01    0.10    0.04    0.01    0.01    0.03      0.50      0.04
    1932    0.02    0.33    0.11    0.01    0.01    0.01    0.00    0.00    0.00    0.00    0.12    0.04      0.66      0.06
    1933    0.00    0.14    0.06    0.06    0.06    0.41    0.21    0.03    0.01    0.01    0.01    0.01      1.01      0.08
    1934    0.01    0.22    0.08    0.01    0.01    0.00    0.15    0.12    0.17    0.05    0.01    0.01      0.83      0.07
    1935    0.01    0.00    0.00    0.00    0.00    0.04    0.13    0.04    0.00    0.00    0.00    0.00      0.25      0.02
    1936    0.02    0.01    0.29    0.10    0.01    0.00    0.00    0.00    0.00    0.00    0.00    0.00      0.45      0.04
    1937    0.01    0.00    4.68    1.57    0.04    0.04    0.03    0.03    0.03    0.03    0.02    0.02      6.51      0.54
    1938    0.02    0.02    0.01    0.01    0.53    0.19    0.01    0.01    0.01    0.01    2.65    0.90      4.38      0.37
    1939    0.04    0.03    0.03    0.02    0.62    0.23    0.02    0.02    0.02    0.02    0.02    0.01      1.08      0.09
    1940    0.01    0.02    0.01    0.10    0.04    0.01    0.42    0.15    0.01    0.01    0.01    0.01      0.78      0.07
    1941    0.96    0.33    0.02    0.01    0.01    0.04    0.02    0.01    0.01    0.01    0.01    0.01      1.43      0.12
    1942    0.08    0.03    0.00    0.00    0.00    0.03    0.01    0.00    0.00    0.00    0.00    0.00      0.18      0.01
    1943    0.00    1.25    0.50    0.03    0.01    1.43    0.49    0.03    0.02    0.02    0.02    0.02      3.83      0.32
    1944    0.01    0.01    0.01    0.01    0.05    0.27    0.09    0.01    0.01    0.01    0.01    0.01      0.50      0.04
    1945    0.01    0.00    0.00    0.00    0.00    0.04    0.05    0.01    0.00    0.00    0.00    0.00      0.13      0.01
    1946    0.00    0.18    0.06    0.00    0.00    0.53    0.18    0.01    0.01    0.01    0.01    0.01      0.99      0.08
    1947    0.00    0.00    0.00    0.00    4.03    2.48    0.65    0.08    0.05    0.04    0.04    0.03      7.43      0.62
    1948    0.03    0.03    0.02    0.02    0.02    0.02    0.01    0.01    0.01    0.01    0.01    0.01      0.20      0.02
    1949    0.01    1.05    0.36    0.02    0.01    0.06    0.02    0.01    0.01    0.01    0.01    0.17      1.74      0.14
    1950    0.06    0.38    0.13    0.01    0.01    0.01    0.01    0.01    0.01    0.00    0.00    0.00      0.63      0.05
    1951    0.00    0.00    0.00    0.00    1.05    0.36    0.01    0.01    0.01    0.01    0.01    0.01      1.49      0.12
    1952    0.01    0.01    0.67    0.23    0.03    0.01    0.01    0.01    0.01    0.01    0.01    0.01      1.01      0.08
    1953    0.23    0.08    0.17    0.06    0.02    1.07    0.40    0.02    0.02    0.01    0.01    0.01      2.10      0.18
    1954    0.01    0.01    0.01    0.01    0.04    0.17    0.06    0.01    0.03    0.01    0.01    0.00      0.35      0.03
    1955    0.00    0.06    0.02    0.01    0.03    4.09    1.37    0.04    0.04    0.04    0.03    0.03      5.77      0.48
    1956    0.02    0.13    0.17    0.06    0.02    0.28    0.10    0.02    0.01    0.01    0.01    0.06      0.88      0.07
    1957    0.02    0.01    0.05    0.02    0.01    0.01    0.00    0.14    0.05    0.01    0.00    0.00      0.31      0.03
    1958    0.00    0.00    0.04    0.01    0.17    0.06    0.06    0.02    0.00    0.00    0.00    0.00      0.39      0.03
    1959    0.02    0.01    0.00    0.01    0.00    0.02    0.01    0.00    0.00    0.00    0.00    0.00      0.07      0.01
    1960    0.00    0.00    0.00    0.00    0.00   27.04    8.86    0.11    0.10    0.26    0.09    0.08     36.55      3.05
    1961    0.07    0.06    0.05    0.19    0.07    0.04    0.03    0.03    0.03    0.02    0.02    0.02      0.64      0.05
    1962    0.02    0.01    0.01    0.04    0.01    0.01    0.15    0.06    0.01    0.01    0.01    0.01      0.35      0.03
    1963    0.01    0.02    0.01    0.00    0.03    0.01    0.00    0.00    0.00    0.00    0.00    0.60      0.70      0.06
    1964    0.21    0.08    0.04    0.01    0.01    0.27    0.17    0.03    0.01    0.09    0.03    0.01      0.94      0.08
    1965    0.01    0.26    0.09    0.01    0.01    0.01    0.00    0.00    0.00    0.00    0.00    0.00      0.41      0.03
    1966    0.00    0.00    0.11    0.04    0.01    0.04    0.07    2.59    0.87    0.03    0.03    0.03      3.82      0.32
    1967    0.02    0.02    0.02    0.01    0.01    0.36    0.13    0.01    0.01    0.01    0.01    0.01      0.63      0.05
    1968    0.01    0.01    0.01    0.01    3.56    1.28    0.04    0.04    0.03    0.03    0.03    0.02      5.06      0.42
    1969    0.02    0.02    0.02    0.01    0.01    0.01    0.01    0.01    0.01    0.01    0.30    0.11      0.54      0.05
    1970    0.02    0.01    0.14    0.06    0.01    0.59    0.21    0.01    0.01    0.22    1.33    0.44      3.05      0.25
    1971    0.03    0.02    0.42    0.26    0.04    0.30    0.10    0.02    0.02    0.02    0.01    0.01      1.25      0.10
    1972    0.01    0.01    0.01    0.01    0.01    1.45    0.52    0.02    0.02    0.02    0.02    0.02      2.11      0.18
    1973    0.11    0.04    0.02    3.86    4.98    1.27    0.07    0.07    0.06    0.06    0.05    0.05     10.63      0.89
    1974    0.04    0.04    0.03    0.03    0.02    0.62    0.22    0.07    0.04    0.02    0.02    0.02      1.18      0.10
    1975    0.02    0.01    0.12    0.34    0.82    0.50    0.09    0.04    0.02    0.02    0.02    0.01      1.99      0.17
    1976    0.09    0.12    0.03    0.01    1.26    0.48    0.12    0.04    0.02    0.02    0.02    0.01      2.21      0.18
    1977    0.01    0.01    0.01    0.01    0.01    0.03    0.02    0.00    0.00    0.00    0.00    0.00      0.11      0.01
    1978    0.00    0.00    0.04    0.01    0.24    0.08    0.00    0.02    0.01    0.44    0.15    0.01      1.00      0.08
    1979    0.01    0.01    0.01    0.01    0.01    0.16    0.06    0.01    0.00    0.00    0.06    0.03      0.35      0.03
    1980    0.00    0.91    0.31    1.22    0.42    1.90    0.66    0.12    0.04    0.03    1.17    0.42      7.22      0.60
    1981    0.66    0.23    0.04    0.03    0.03    0.02    3.61    1.23    0.05    0.05    0.05    0.04      6.03      0.50
    1982    0.04    0.03    0.03    0.02    0.02    0.02    0.02    0.01    0.01    0.03    0.01    0.01      0.24      0.02
    1983    0.01    0.06    0.02    0.01    0.01    0.47    0.16    0.01    0.01    0.01    0.01    0.01      0.77      0.06
    1984    0.01    0.00    0.00    0.39    0.35    0.08    0.01    0.01    0.03    0.01    0.01    0.01      0.90      0.07
    1985    0.00    0.00    2.07    0.71    0.03    0.02    0.02    0.02    0.02    0.01    0.01    0.01      2.93      0.24
    1986    0.06    0.25    0.08    0.01    0.01    0.01    0.16    0.05    0.01    0.01    0.01    0.28      0.93      0.08
    1987    0.10    0.01    0.01    0.01    0.04    0.16    0.32    0.10    0.01    0.01    0.01    0.06      0.82      0.07
    1988    0.02    0.01    0.30    0.14    0.02    0.01    0.42    0.15    0.01    0.01    0.01    0.01      1.10      0.09
    1989    0.02    1.63    0.56    0.02    0.07    0.03    0.37    0.13    0.02    0.02    0.01    0.01      2.89      0.24
    1990    0.01    0.01    0.01    0.01    0.01    0.01    0.00    0.00    0.00    0.00    0.00    0.02      0.09      0.01
    1991    1.40    0.47    0.05    0.02    0.01    0.08    0.03    0.01    0.01    0.01    0.01    0.01      2.10      0.17
    1992    0.13    0.14    0.03    0.01    0.01    0.00    0.00    0.00    0.00    0.00    0.00    0.04      0.38      0.03
    1993    0.01    0.00    0.03    0.09    0.09    0.08    0.02    0.00    0.00    0.01    0.00    0.00      0.35      0.03
    1994    0.01    0.00    0.00    0.04    0.02    0.46    0.16    0.11    0.04    0.01    0.01    0.01      0.84      0.07
    1995    0.00    0.02    0.29    0.10    0.02    0.01    0.01    0.00    0.00    0.00    0.02    0.01      0.49      0.04
    1996    0.19    6.13    2.24    0.08    0.05    1.34    0.48    0.05    0.08    0.04    0.04    0.03     10.76      0.90
    1997    0.03    0.03    0.02    0.33    0.13    0.08    0.03    0.02    0.01    0.01    0.09    0.03      0.82      0.07
    1998    0.01    0.18    0.12    0.02    0.01    0.12    0.04    0.01    0.01    0.01    0.01    0.00      0.52      0.04
    1999    0.00    0.00    8.80    3.47    1.68    9.32    2.95    0.14    0.12    0.11    0.10    0.09     26.79      2.23
    2000    0.08    0.07    0.06    0.05    0.05    0.06    0.04    0.03    0.03    0.03    0.02    0.08      0.61      0.05
    2001    0.02    0.10    0.03    0.01    0.01    0.01    0.01    0.01    0.01    0.01    0.02    0.01      0.25      0.02
    2002    0.01    0.00    1.89    0.64    0.02    0.38    0.13    0.68    0.24    0.03    0.02    0.02      4.07      0.34
    2003    0.02    0.02    0.01    0.01    0.31    0.11    0.11    0.04    0.22    0.08    0.16    0.06      1.15      0.10
    2004    0.01    0.01    0.08    0.11    0.03    0.02    0.05    0.01    0.01    0.01    0.00    0.00      0.34      0.03
    2005    0.00    0.05    0.02    0.62    0.24    0.01    0.01    0.25    0.09    0.11    0.23    0.07      1.69      0.14
    2006    0.14    0.05    0.01    0.01    0.01    0.01    0.01    0.00    0.00    0.00    0.00    0.00      0.25      0.02
    2007    0.14    0.05    0.00    1.94    0.66    0.02    0.02    0.02    0.02    0.02    0.01    0.01      2.92      0.24
    2008    0.01    0.01    0.01    0.01    0.05    0.18    0.94    0.31    0.02    0.02    0.01    0.01      1.57      0.13
    2009    0.09    0.05    0.20    0.24    3.20    1.06    0.04    0.04    0.03    0.03    0.03    0.02      5.04      0.42
  
 AVERAGE    0.06    0.24    0.38    0.23    0.40    0.79    0.32    0.09    0.04    0.03    0.08    0.05      2.71      0.23
