    1920    0.00    0.00    0.00    0.00    0.35    0.14    0.06    0.02    0.00    0.00    0.00    0.00      0.60      0.05
    1921    0.00    0.02    0.17    0.06    0.00    0.00    0.00    0.00    0.00    0.00    0.00    0.00      0.26      0.02
    1922    0.00    0.02    0.01    0.00    0.00    0.00    0.00    0.00    0.00    0.00    0.00    0.00      0.04      0.00
    1923    0.00    0.03    0.01    0.01    0.00    0.00    0.00    0.00    0.00    0.00    0.00    0.00      0.05      0.00
    1924    0.00    0.00    0.00    0.00    0.00    0.00    0.00    0.00    0.00    0.00    0.00    0.00      0.01      0.00
    1925    0.00    0.00    0.00    0.00    0.00    0.00    0.00    0.00    0.00    0.00    0.00    0.00      0.00      0.00
    1926    0.00    0.00    0.00    0.00    0.00    0.00    0.00    0.00    0.00    0.00    0.00    0.00      0.00      0.00
    1927    0.00    0.00    0.00    0.00    0.00    0.37    0.13    0.00    0.00    0.00    0.00    0.00      0.51      0.04
    1928    0.00    0.00    0.00    0.00    0.00    0.00    0.00    0.00    0.00    0.00    0.00    0.00      0.02      0.00
    1929    0.00    0.00    0.00    0.00    0.11    0.04    0.00    0.00    0.00    0.00    0.00    0.00      0.17      0.01
    1930    0.00    0.00    0.00    0.00    0.00    0.08    0.03    0.00    0.00    0.01    0.00    0.00      0.12      0.01
    1931    0.00    0.00    0.00    0.00    0.01    0.00    0.00    0.00    0.00    0.00    0.00    0.00      0.02      0.00
    1932    0.00    0.01    0.00    0.00    0.00    0.00    0.00    0.00    0.00    0.00    0.00    0.00      0.01      0.00
    1933    0.00    0.03    0.01    0.00    0.00    0.01    0.00    0.00    0.00    0.00    0.00    0.00      0.07      0.01
    1934    0.00    0.10    0.03    0.00    0.00    0.00    0.01    0.01    0.03    0.01    0.00    0.00      0.19      0.02
    1935    0.00    0.00    0.00    0.00    0.00    0.00    0.00    0.00    0.00    0.00    0.00    0.00      0.01      0.00
    1936    0.00    0.03    0.20    0.06    0.00    0.00    0.00    0.00    0.00    0.00    0.00    0.00      0.31      0.03
    1937    0.00    0.00    0.60    0.21    0.01    0.01    0.01    0.01    0.00    0.00    0.00    0.00      0.85      0.07
    1938    0.00    0.00    0.00    0.00    0.03    0.01    0.00    0.00    0.00    0.00    0.51    0.18      0.74      0.06
    1939    0.01    0.01    0.01    0.00    0.09    0.03    0.00    0.00    0.00    0.00    0.00    0.00      0.17      0.01
    1940    0.00    0.00    0.00    0.00    0.00    0.00    0.10    0.04    0.00    0.00    0.00    0.00      0.16      0.01
    1941    0.01    0.00    0.00    0.00    0.00    0.00    0.00    0.00    0.00    0.00    0.00    0.00      0.01      0.00
    1942    0.02    0.01    0.00    0.00    0.00    0.00    0.00    0.00    0.00    0.00    0.00    0.00      0.03      0.00
    1943    0.00    0.04    0.01    0.00    0.00    0.01    0.00    0.00    0.00    0.00    0.00    0.00      0.06      0.01
    1944    0.00    0.00    0.00    0.00    0.00    0.08    0.03    0.00    0.00    0.00    0.00    0.00      0.11      0.01
    1945    0.00    0.00    0.00    0.00    0.00    0.01    0.00    0.00    0.00    0.00    0.00    0.00      0.01      0.00
    1946    0.00    0.00    0.00    0.00    0.00    0.04    0.01    0.00    0.00    0.00    0.00    0.00      0.07      0.01
    1947    0.00    0.00    0.00    0.00    0.03    0.03    0.01    0.00    0.00    0.00    0.00    0.00      0.08      0.01
    1948    0.00    0.00    0.02    0.01    0.00    0.00    0.00    0.00    0.00    0.00    0.00    0.00      0.03      0.00
    1949    0.00    0.03    0.01    0.00    0.00    0.00    0.00    0.00    0.00    0.00    0.00    0.01      0.05      0.00
    1950    0.00    0.03    0.01    0.00    0.00    0.00    0.00    0.00    0.00    0.00    0.00    0.00      0.04      0.00
    1951    0.00    0.00    0.00    0.00    0.01    0.00    0.00    0.00    0.00    0.00    0.00    0.00      0.01      0.00
    1952    0.00    0.02    0.02    0.01    0.02    0.01    0.00    0.00    0.00    0.00    0.00    0.00      0.08      0.01
    1953    0.00    0.00    0.01    0.00    0.00    0.05    0.02    0.04    0.01    0.00    0.00    0.00      0.14      0.01
    1954    0.00    0.00    0.00    0.00    0.00    0.00    0.00    0.00    0.00    0.00    0.00    0.00      0.01      0.00
    1955    0.00    0.00    0.00    0.01    0.00    0.26    0.09    0.00    0.00    0.00    0.00    0.00      0.38      0.03
    1956    0.00    0.02    0.01    0.00    0.00    0.01    0.00    0.00    0.00    0.00    0.00    0.00      0.06      0.00
    1957    0.00    0.00    0.01    0.00    0.00    0.00    0.00    0.00    0.00    0.00    0.00    0.00      0.02      0.00
    1958    0.00    0.00    0.00    0.00    0.04    0.01    0.00    0.00    0.00    0.00    0.00    0.00      0.05      0.00
    1959    0.00    0.00    0.00    0.00    0.00    0.00    0.00    0.00    0.00    0.00    0.00    0.00      0.00      0.00
    1960    0.00    0.00    0.00    0.00    0.00    7.23    2.44    0.08    0.07    0.06    0.05    0.05      9.98      0.83
    1961    0.04    0.04    0.03    0.06    0.02    0.02    0.02    0.02    0.02    0.01    0.01    0.01      0.30      0.03
    1962    0.01    0.01    0.01    0.01    0.01    0.00    0.05    0.02    0.00    0.00    0.00    0.00      0.12      0.01
    1963    0.00    0.00    0.00    0.00    0.00    0.00    0.00    0.00    0.00    0.00    0.00    0.13      0.15      0.01
    1964    0.05    0.00    0.00    0.00    0.00    0.03    0.01    0.00    0.00    0.00    0.00    0.00      0.10      0.01
    1965    0.00    0.02    0.01    0.00    0.00    0.00    0.00    0.00    0.00    0.00    0.00    0.00      0.03      0.00
    1966    0.00    0.00    0.00    0.00    0.00    0.00    0.01    0.23    0.08    0.00    0.00    0.00      0.33      0.03
    1967    0.00    0.00    0.00    0.00    0.00    0.01    0.00    0.00    0.00    0.00    0.00    0.00      0.03      0.00
    1968    0.00    0.00    0.00    0.00    0.21    0.07    0.01    0.00    0.00    0.00    0.00    0.00      0.30      0.03
    1969    0.00    0.00    0.00    0.00    0.00    0.00    0.00    0.00    0.00    0.00    0.07    0.02      0.10      0.01
    1970    0.00    0.00    0.00    0.00    0.00    0.02    0.01    0.00    0.00    0.02    0.07    0.02      0.14      0.01
    1971    0.00    0.00    0.00    0.01    0.00    0.01    0.00    0.00    0.00    0.00    0.00    0.00      0.04      0.00
    1972    0.00    0.00    0.00    0.00    0.00    0.20    0.08    0.00    0.00    0.00    0.00    0.00      0.29      0.02
    1973    0.00    0.00    0.00    0.69    0.37    0.06    0.01    0.01    0.01    0.01    0.01    0.01      1.17      0.10
    1974    0.00    0.00    0.00    0.00    0.00    0.06    0.02    0.00    0.00    0.00    0.00    0.00      0.11      0.01
    1975    0.00    0.00    0.03    0.13    0.45    0.14    0.01    0.01    0.01    0.01    0.00    0.00      0.79      0.07
    1976    0.00    0.04    0.01    0.00    0.30    0.11    0.04    0.01    0.01    0.00    0.00    0.00      0.54      0.04
    1977    0.00    0.00    0.00    0.00    0.00    0.00    0.00    0.00    0.00    0.00    0.00    0.00      0.02      0.00
    1978    0.00    0.00    0.00    0.00    0.01    0.00    0.00    0.00    0.00    0.09    0.03    0.00      0.13      0.01
    1979    0.00    0.00    0.00    0.00    0.00    0.00    0.00    0.00    0.00    0.00    0.00    0.00      0.01      0.00
    1980    0.00    0.07    0.03    0.34    0.12    0.62    0.21    0.01    0.01    0.01    0.49    0.17      2.08      0.17
    1981    0.01    0.01    0.01    0.01    0.01    0.01    0.78    0.27    0.01    0.01    0.01    0.01      1.15      0.10
    1982    0.01    0.01    0.01    0.01    0.00    0.00    0.00    0.00    0.00    0.00    0.00    0.00      0.06      0.00
    1983    0.00    0.00    0.00    0.00    0.00    0.19    0.07    0.00    0.00    0.00    0.00    0.00      0.27      0.02
    1984    0.00    0.00    0.00    0.20    0.08    0.00    0.00    0.00    0.00    0.00    0.00    0.00      0.30      0.02
    1985    0.00    0.00    2.46    0.84    0.03    0.03    0.02    0.02    0.02    0.02    0.01    0.01      3.46      0.29
    1986    0.02    0.02    0.01    0.01    0.01    0.01    0.03    0.01    0.00    0.00    0.00    0.10      0.22      0.02
    1987    0.04    0.00    0.00    0.00    0.00    0.00    0.13    0.04    0.00    0.00    0.00    0.01      0.24      0.02
    1988    0.00    0.00    0.02    0.01    0.00    0.00    0.01    0.00    0.00    0.00    0.00    0.00      0.05      0.00
    1989    0.00    0.02    0.01    0.00    0.00    0.00    0.06    0.02    0.00    0.00    0.00    0.00      0.11      0.01
    1990    0.00    0.00    0.00    0.00    0.00    0.00    0.00    0.00    0.00    0.00    0.00    0.00      0.01      0.00
    1991    0.31    0.10    0.00    0.00    0.00    0.03    0.01    0.00    0.00    0.00    0.00    0.00      0.48      0.04
    1992    0.04    0.04    0.01    0.00    0.00    0.00    0.00    0.00    0.00    0.00    0.00    0.00      0.10      0.01
    1993    0.00    0.00    0.00    0.00    0.00    0.00    0.00    0.00    0.00    0.00    0.00    0.00      0.00      0.00
    1994    0.00    0.00    0.00    0.00    0.01    0.08    0.03    0.04    0.01    0.00    0.00    0.00      0.17      0.01
    1995    0.00    0.00    0.30    0.10    0.00    0.00    0.00    0.00    0.00    0.00    0.00    0.00      0.43      0.04
    1996    0.05    1.49    0.73    0.08    0.02    0.02    0.01    0.01    0.01    0.01    0.01    0.01      2.46      0.21
    1997    0.01    0.01    0.01    0.09    0.03    0.00    0.00    0.00    0.00    0.00    0.00    0.00      0.16      0.01
    1998    0.00    0.00    0.26    0.09    0.00    0.00    0.00    0.00    0.00    0.00    0.00    0.00      0.39      0.03
    1999    0.00    0.00    0.74    0.26    1.00    2.39    0.72    0.04    0.04    0.03    0.03    0.03      5.28      0.44
    2000    0.02    0.02    0.02    0.02    0.01    0.01    0.01    0.01    0.01    0.01    0.01    0.01      0.15      0.01
    2001    0.00    0.01    0.00    0.00    0.00    0.00    0.00    0.00    0.00    0.00    0.00    0.00      0.04      0.00
    2002    0.00    0.00    0.22    0.08    0.00    0.01    0.00    0.06    0.02    0.00    0.00    0.00      0.40      0.03
    2003    0.00    0.00    0.00    0.00    0.00    0.00    0.17    0.06    0.01    0.00    0.01    0.00      0.25      0.02
    2004    0.00    0.00    0.00    0.00    0.00    0.00    0.00    0.00    0.00    0.00    0.00    0.00      0.01      0.00
    2005    0.00    0.06    0.02    0.00    0.00    0.00    0.00    0.06    0.02    0.00    0.04    0.01      0.22      0.02
    2006    0.01    0.00    0.00    0.00    0.00    0.00    0.00    0.00    0.00    0.00    0.00    0.00      0.02      0.00
    2007    0.00    0.00    0.00    0.04    0.01    0.00    0.00    0.00    0.00    0.00    0.00    0.00      0.06      0.00
    2008    0.00    0.01    0.00    0.00    0.27    0.09    0.05    0.02    0.00    0.00    0.00    0.00      0.45      0.04
    2009    0.00    0.00    0.06    0.02    0.13    0.05    0.00    0.00    0.00    0.00    0.00    0.00      0.27      0.02
  
 AVERAGE    0.01    0.03    0.07    0.04    0.04    0.14    0.06    0.01    0.01    0.00    0.02    0.01      0.44      0.04
