    1920    0.18    0.13    0.95    0.32    5.25    2.55    0.49    0.10    0.12    0.11    0.10    0.09     10.39      0.87
    1921    0.05    0.09    3.17    1.68    0.24    0.68    0.27    0.17    0.11    0.10    0.10    0.07      6.72      0.56
    1922    0.05    0.68    0.25    0.03    0.02    0.02    0.73    0.37    0.13    0.12    0.10    0.05      2.53      0.21
    1923    0.08    0.30    0.11    0.02    0.01    0.01    0.09    0.04    0.03    0.03    0.11    0.07      0.90      0.08
    1924    0.02    0.03    0.03    0.02    0.01    0.21    0.09    0.06    0.21    0.14    0.15    0.55      1.53      0.13
    1925    0.51    0.14    0.05    0.02    0.01    0.01    0.01    0.01    0.02    0.05    0.04    0.04      0.91      0.08
    1926    1.16    0.59    0.08    0.02    0.01    0.01    0.13    0.08    0.03    0.03    0.03    0.03      2.22      0.18
    1927    0.01    0.01    0.10    0.04    0.01    2.05    0.72    0.03    0.03    0.03    0.03    0.07      3.14      0.26
    1928    0.04    0.86    0.38    0.03    0.02    0.43    0.20    0.13    0.09    0.93    0.54    0.22      3.86      0.32
    1929    0.09    0.03    0.15    0.23    0.31    0.10    0.08    0.06    0.05    0.05    0.07    0.16      1.37      0.11
    1930    0.09    0.04    0.01    0.01    0.01    0.08    0.78    0.30    0.04    0.14    0.13    0.17      1.80      0.15
    1931    0.32    0.11    6.79    2.27    0.08    0.05    0.05    0.75    0.48    0.24    0.15    4.96     16.25      1.35
    1932    1.79    0.12    0.06    0.05    0.04    0.42    0.25    0.07    0.08    0.10    1.24    0.54      4.77      0.40
    1933    0.06    0.22    0.34    0.21    0.06    0.94    0.35    0.04    0.04    0.10    0.07    0.05      2.48      0.21
    1934    0.23    1.29    0.43    0.03    0.02    0.13    1.57    1.83    1.18    0.54    0.24    0.22      7.72      0.64
    1935    0.10    0.17    0.06    0.04    0.03    0.06    0.03    0.16    0.08    0.24    0.16    0.40      1.53      0.13
    1936    0.18    0.63    2.06    0.67    0.04    0.17    0.06    0.03    0.03    0.07    0.05    0.09      4.09      0.34
    1937    0.14    0.40    1.17    0.39    0.02    0.31    0.25    0.08    0.06    0.07    0.08    0.11      3.09      0.26
    1938    0.31    0.32    0.10    0.02    0.22    0.12    0.19    0.08    0.02    0.05    0.79    0.38      2.59      0.22
    1939    0.08    0.02    0.02    0.05    4.49    2.81    0.51    0.07    0.06    0.06    0.07    0.44      8.67      0.72
    1940    0.20    0.80    0.29    0.03    0.03    0.02    3.96    1.38    0.30    0.18    0.09    0.07      7.35      0.61
    1941    0.22    0.09    0.03    0.04    0.02    0.02    0.07    0.19    0.11    0.05    0.05    0.03      0.92      0.08
    1942    0.61    0.23    0.21    0.21    0.07    0.04    0.03    0.02    0.02    0.02    0.14    0.70      2.28      0.19
    1943    0.28    4.17    1.58    0.08    0.04    0.04    0.04    0.36    0.22    0.32    0.41    0.50      8.03      0.67
    1944    0.19    0.04    0.02    0.02    0.02    0.03    0.04    1.50    0.81    0.29    0.34    0.17      3.48      0.29
    1945    0.48    0.18    0.03    0.02    0.02    1.56    0.61    0.05    0.04    0.06    0.07    0.06      3.18      0.27
    1946    0.13    0.05    0.02    0.01    0.01    0.72    0.27    0.15    0.10    0.40    0.22    0.07      2.13      0.18
    1947    0.05    0.10    0.03    0.24    0.12    0.67    0.34    0.07    0.03    0.05    0.04    0.03      1.77      0.15
    1948    0.51    0.19    0.05    0.02    0.03    0.02    0.05    0.23    0.12    0.03    0.03    0.03      1.31      0.11
    1949    0.05    2.25    0.76    0.02    0.02    0.02    0.03    0.03    0.02    0.15    0.11    0.21      3.67      0.31
    1950    0.63    2.35    0.80    5.21    2.11    0.15    0.06    0.06    0.07    0.62    0.41    0.21     12.69      1.06
    1951    0.08    0.04    0.03    0.03    0.16    0.06    0.02    0.02    0.02    0.04    0.10    0.31      0.91      0.08
    1952    0.15    0.46    0.17    0.02    0.15    0.06    0.08    0.05    0.41    2.33    1.01    0.27      5.16      0.43
    1953    0.49    0.24    0.40    0.13    0.03    0.39    1.19    1.48    0.66    0.30    2.22    0.95      8.47      0.71
    1954    0.12    0.27    0.09    0.05    2.18    0.79    0.07    0.25    0.19    0.15    0.11    0.08      4.36      0.36
    1955    0.07    0.06    0.03    1.00    0.54    1.53    0.54    0.24    0.12    0.07    0.06    0.06      4.32      0.36
    1956    0.52    0.24    0.28    0.19    0.66    0.25    0.03    0.18    0.13    0.07    0.06    0.39      2.99      0.25
    1957    0.19    0.02    0.02    0.03    0.01    0.02    0.14    1.22    0.53    0.11    0.18    0.09      2.57      0.21
    1958    0.21    0.09    0.02    0.37    1.02    0.42    0.77    0.61    0.21    0.41    0.38    0.18      4.69      0.39
    1959    0.97    0.36    0.03    0.03    0.02    0.38    0.16    0.28    0.16    0.09    0.07    0.06      2.61      0.22
    1960    0.07    0.06    0.22    0.08    0.03    2.82    1.70    0.36    0.13    0.38    0.34    0.22      6.42      0.53
    1961    0.21    0.09    0.03    0.13    0.06    0.30    0.13    0.04    0.06    0.05    2.97    1.10      5.15      0.43
    1962    0.19    0.47    0.15    0.96    0.35    0.12    0.39    0.45    0.40    0.30    0.17    0.06      4.00      0.33
    1963    0.10    0.07    2.36    0.86    0.08    0.08    0.04    0.03    0.43    0.22    0.52    4.18      8.98      0.75
    1964    1.49    0.37    0.12    0.05    0.04    0.82    0.44    0.19    0.09    0.28    0.19    0.07      4.15      0.35
    1965    0.86    1.23    0.36    0.12    0.04    0.03    0.27    0.31    0.14    0.08    0.21    0.20      3.84      0.32
    1966    0.07    0.02    0.02    0.01    0.51    0.47    5.41    2.93    0.80    0.41    0.30    0.15     11.12      0.93
    1967    0.07    0.18    0.07    0.04    0.04    0.03    0.04    0.30    0.43    0.23    0.24    0.31      1.99      0.17
    1968    0.19    0.22    0.06    0.02    0.08    0.61    0.27    0.04    0.07    0.07    0.07    0.04      1.76      0.15
    1969    0.04    0.02    0.01    0.01    0.23    0.09    0.01    0.01    0.02    0.03    0.43    0.20      1.09      0.09
    1970    0.20    0.07    0.21    0.09    0.08    0.11    2.18    0.94    0.19    3.54    2.85    0.83     11.28      0.94
    1971    0.12    0.10    0.06    0.31    0.24    0.22    0.07    0.14    0.10    0.09    0.09    0.13      1.68      0.14
    1972    0.06    0.04    0.05    0.02    0.09    0.11    0.17    0.08    0.07    0.12    0.14    0.13      1.07      0.09
    1973    0.09    0.05    0.02    0.27    0.33    0.59    0.20    0.30    0.18    0.07    0.49    0.24      2.85      0.24
    1974    0.05    0.22    0.08    0.13    0.05    0.13    0.07    0.34    0.45    0.34    0.34    0.46      2.65      0.22
    1975    0.20    0.04    0.02    0.39    1.55    0.66    0.25    0.53    0.33    0.21    0.14    0.06      4.39      0.37
    1976    1.10    0.86    0.19    0.03    1.77    0.64    0.20    0.63    0.32    0.12    0.08    0.07      6.02      0.50
    1977    0.11    0.08    0.10    0.20    0.06    0.02    0.05    0.03    0.09    0.06    0.05    0.06      0.92      0.08
    1978    0.03    0.37    0.16    0.02    0.14    0.07    0.01    0.15    0.09    0.95    0.51    0.18      2.69      0.22
    1979    0.08    0.02    0.02    0.03    0.01    0.01    0.03    0.02    0.02    0.03    0.10    0.35      0.72      0.06
    1980    0.28    4.22    1.42    9.57    3.16    2.25    1.61    1.84    0.70    0.28    1.84    0.87     28.04      2.34
    1981    0.51    0.17    0.16    0.12    0.06    0.06    6.20    2.12    1.71    0.78    0.22    0.15     12.25      1.02
    1982    0.16    0.14    0.06    0.05    0.05    0.04    0.04    0.05    0.08    0.35    0.21    0.55      1.78      0.15
    1983    0.35    0.31    0.09    0.02    0.02    0.41    0.17    0.03    0.02    0.03    0.03    0.03      1.52      0.13
    1984    0.03    0.02    0.06    0.48    0.96    0.30    0.30    0.18    0.63    0.73    0.39    0.15      4.21      0.35
    1985    2.06    0.87    2.78    0.99    0.06    0.13    0.15    0.06    0.23    0.16    2.65    1.05     11.18      0.93
    1986    2.20    0.89    0.06    0.05    0.05    0.04    2.28    0.83    0.09    0.09    0.07    3.78     10.45      0.87
    1987    1.34    0.06    0.05    0.04    0.04    0.14    0.50    0.25    0.11    0.10    0.17    0.17      2.98      0.25
    1988    0.07    0.03    0.81    0.34    0.05    0.85    6.62    2.17    0.13    0.14    0.13    0.09     11.42      0.95
    1989    1.51    2.70    0.78    0.06    0.15    0.23    0.68    0.30    0.20    0.14    0.09    0.06      6.90      0.57
    1990    0.06    0.03    0.02    0.35    0.13    0.06    0.03    0.02    0.10    0.12    0.07    0.03      1.02      0.08
    1991    5.87    1.95    0.15    0.08    0.11    0.28    0.10    0.06    0.48    0.58    0.38    0.18     10.21      0.85
    1992    2.82    1.12    0.07    0.04    0.21    0.07    2.10    0.96    0.19    0.14    0.18    2.36     10.26      0.85
    1993    0.95    0.08    0.48    0.16    0.04    0.32    0.83    0.32    0.08    0.27    0.25    0.11      3.88      0.32
    1994    0.38    0.14    0.47    0.18    0.06    0.37    0.18    0.76    0.36    0.09    0.10    0.09      3.18      0.27
    1995    0.10    1.69    6.01    1.81    0.08    0.10    0.06    0.05    0.05    0.06    0.08    0.06     10.14      0.84
    1996    4.16    7.80    2.44    0.14    0.07    0.35    0.56    0.84    0.44    0.40    0.27    0.10     17.57      1.46
    1997    0.32    0.12    0.04    0.71    0.26    0.40    0.18    0.06    0.06    0.05    0.28    0.15      2.62      0.22
    1998    0.05    0.27    0.85    0.29    0.03    0.02    0.03    0.02    0.02    0.02    0.06    0.06      1.72      0.14
    1999    0.06    0.02    0.81    0.88    0.42    2.35    0.80    0.05    0.04    0.05    0.04    0.04      5.56      0.46
    2000    0.03    2.81    0.98    0.04    0.04    0.03    0.06    0.04    0.04    0.08    0.20    0.27      4.62      0.39
    2001    0.81    4.12    1.30    0.05    0.05    0.04    0.04    0.52    0.37    0.21    0.70    0.52      8.74      0.73
    2002    0.16    0.03    1.82    0.63    0.04    4.19    1.62    3.77    1.45    0.23    0.21    0.14     14.30      1.19
    2003    0.22    0.08    0.06    0.13    0.34    0.15    1.15    0.46    0.12    0.12    2.21    0.88      5.93      0.49
    2004    0.94    0.37    1.59    0.71    0.06    0.10    0.50    0.30    0.14    0.09    0.08    0.06      4.93      0.41
    2005    0.04    1.11    0.40    0.03    0.03    0.02    0.11    1.90    0.76    4.28    6.93    2.14     17.74      1.48
    2006    0.40    0.13    0.08    0.07    0.07    0.07    0.12    0.29    0.32    0.19    0.13    0.08      1.96      0.16
    2007    0.06    5.95    7.80    1.93    1.04    0.36    0.08    0.08    0.08    0.09    0.10    0.09     17.66      1.47
    2008    0.11    0.80    0.28    0.03    0.78    0.28    2.35    0.87    0.41    0.30    0.14    0.07      6.42      0.54
    2009    0.17    0.12    0.10    0.03    0.13    0.06    0.02    0.03    0.18    0.17    0.11    0.05      1.16      0.10
  
 AVERAGE    0.48    0.68    0.64    0.42    0.36    0.45    0.63    0.44    0.24    0.30    0.43    0.41      5.47      0.46
