    1920    0.28    0.16    0.90    0.31    5.60    2.65    0.48    0.11    0.12    0.14    0.12    0.10     10.99      0.92
    1921    0.06    0.08    3.19    1.67    0.23    0.66    0.26    0.17    0.12    0.12    0.11    0.08      6.76      0.56
    1922    0.06    0.65    0.24    0.03    0.03    0.03    0.70    0.37    0.14    0.13    0.11    0.06      2.56      0.21
    1923    0.08    0.29    0.10    0.02    0.02    0.02    0.08    0.04    0.03    0.04    0.11    0.08      0.91      0.08
    1924    0.03    0.03    0.03    0.02    0.01    0.20    0.09    0.06    0.21    0.16    0.16    0.54      1.53      0.13
    1925    0.51    0.15    0.05    0.01    0.01    0.01    0.01    0.02    0.02    0.05    0.04    0.04      0.94      0.08
    1926    1.11    0.58    0.08    0.02    0.02    0.02    0.12    0.09    0.04    0.04    0.04    0.03      2.17      0.18
    1927    0.01    0.01    0.10    0.04    0.01    1.98    0.71    0.04    0.03    0.03    0.04    0.07      3.08      0.26
    1928    0.04    0.82    0.37    0.03    0.02    0.41    0.20    0.13    0.10    0.91    0.57    0.25      3.84      0.32
    1929    0.10    0.03    0.14    0.22    0.29    0.09    0.08    0.07    0.05    0.05    0.08    0.16      1.36      0.11
    1930    0.09    0.04    0.01    0.01    0.01    0.07    0.74    0.30    0.05    0.14    0.14    0.18      1.79      0.15
    1931    0.32    0.11    7.54    2.54    0.08    0.06    0.06    0.73    0.50    0.27    0.18    5.28     17.67      1.47
    1932    1.95    0.14    0.08    0.07    0.06    0.40    0.24    0.09    0.09    0.11    1.22    0.56      5.01      0.42
    1933    0.07    0.21    0.33    0.20    0.05    0.90    0.34    0.05    0.04    0.10    0.08    0.06      2.43      0.20
    1934    0.22    1.23    0.42    0.03    0.03    0.12    1.51    1.79    1.21    0.61    0.29    0.24      7.72      0.64
    1935    0.10    0.17    0.06    0.04    0.04    0.06    0.03    0.15    0.08    0.24    0.17    0.39      1.53      0.13
    1936    0.18    0.60    1.98    0.65    0.05    0.16    0.06    0.03    0.03    0.07    0.06    0.10      3.98      0.33
    1937    0.14    0.39    1.11    0.38    0.03    0.29    0.25    0.09    0.07    0.09    0.09    0.11      3.04      0.25
    1938    0.31    0.31    0.10    0.02    0.21    0.12    0.18    0.08    0.03    0.05    0.77    0.39      2.57      0.21
    1939    0.09    0.03    0.02    0.05    4.69    2.83    0.50    0.08    0.07    0.07    0.08    0.44      8.95      0.75
    1940    0.21    0.77    0.27    0.04    0.03    0.03    4.08    1.47    0.32    0.20    0.11    0.09      7.62      0.63
    1941    0.22    0.09    0.04    0.04    0.03    0.03    0.07    0.19    0.11    0.06    0.06    0.04      0.97      0.08
    1942    0.58    0.23    0.20    0.20    0.07    0.04    0.03    0.02    0.02    0.02    0.14    0.68      2.23      0.19
    1943    0.28    4.32    1.64    0.08    0.05    0.05    0.05    0.36    0.22    0.34    0.43    0.52      8.34      0.70
    1944    0.21    0.04    0.03    0.02    0.02    0.03    0.04    1.45    0.82    0.33    0.37    0.19      3.56      0.30
    1945    0.47    0.18    0.03    0.03    0.02    1.48    0.60    0.05    0.05    0.07    0.08    0.07      3.12      0.26
    1946    0.13    0.05    0.02    0.02    0.02    0.68    0.26    0.14    0.10    0.40    0.24    0.08      2.13      0.18
    1947    0.05    0.09    0.03    0.23    0.11    0.64    0.34    0.07    0.04    0.05    0.05    0.03      1.74      0.14
    1948    0.49    0.19    0.05    0.02    0.03    0.02    0.04    0.23    0.12    0.04    0.03    0.03      1.30      0.11
    1949    0.05    2.19    0.75    0.03    0.03    0.03    0.03    0.03    0.03    0.15    0.12    0.22      3.64      0.30
    1950    0.61    2.29    0.79    5.56    2.22    0.15    0.07    0.07    0.09    0.62    0.43    0.23     13.14      1.10
    1951    0.09    0.05    0.04    0.03    0.15    0.06    0.03    0.03    0.03    0.05    0.10    0.31      0.96      0.08
    1952    0.15    0.44    0.16    0.02    0.14    0.06    0.08    0.05    0.40    2.31    1.07    0.32      5.22      0.43
    1953    0.49    0.24    0.38    0.12    0.03    0.37    1.14    1.45    0.69    0.34    2.21    0.99      8.46      0.70
    1954    0.14    0.26    0.09    0.05    2.12    0.78    0.08    0.24    0.20    0.17    0.12    0.09      4.33      0.36
    1955    0.07    0.06    0.04    0.95    0.52    1.46    0.54    0.24    0.13    0.08    0.08    0.07      4.23      0.35
    1956    0.51    0.23    0.26    0.18    0.63    0.24    0.04    0.17    0.14    0.09    0.07    0.39      2.95      0.25
    1957    0.19    0.03    0.02    0.02    0.02    0.02    0.14    1.18    0.55    0.13    0.19    0.10      2.60      0.22
    1958    0.20    0.08    0.02    0.35    0.97    0.41    0.74    0.61    0.23    0.42    0.41    0.20      4.64      0.39
    1959    0.94    0.35    0.04    0.03    0.03    0.36    0.16    0.28    0.17    0.10    0.08    0.06      2.59      0.22
    1960    0.07    0.06    0.21    0.08    0.03    2.80    1.68    0.37    0.14    0.39    0.36    0.24      6.45      0.54
    1961    0.21    0.09    0.03    0.12    0.05    0.29    0.13    0.04    0.06    0.06    2.98    1.15      5.21      0.43
    1962    0.21    0.46    0.14    0.92    0.33    0.11    0.38    0.45    0.42    0.33    0.20    0.07      4.01      0.33
    1963    0.10    0.07    2.30    0.85    0.08    0.08    0.05    0.04    0.42    0.23    0.52    4.32      9.06      0.76
    1964    1.60    0.38    0.12    0.06    0.05    0.79    0.43    0.20    0.11    0.28    0.20    0.08      4.29      0.36
    1965    0.83    1.18    0.35    0.12    0.04    0.04    0.26    0.31    0.15    0.09    0.21    0.21      3.78      0.31
    1966    0.08    0.03    0.02    0.02    0.49    0.46    5.79    3.07    0.88    0.48    0.34    0.18     11.84      0.99
    1967    0.08    0.17    0.07    0.05    0.04    0.04    0.04    0.29    0.44    0.25    0.25    0.32      2.05      0.17
    1968    0.20    0.21    0.06    0.03    0.08    0.58    0.27    0.05    0.07    0.09    0.08    0.05      1.77      0.15
    1969    0.04    0.02    0.02    0.01    0.22    0.08    0.01    0.02    0.03    0.03    0.43    0.21      1.12      0.09
    1970    0.20    0.07    0.20    0.08    0.07    0.11    2.12    0.95    0.22    3.63    2.95    0.93     11.54      0.96
    1971    0.16    0.10    0.07    0.29    0.23    0.21    0.07    0.14    0.11    0.10    0.09    0.13      1.68      0.14
    1972    0.07    0.03    0.05    0.02    0.09    0.10    0.16    0.08    0.07    0.13    0.15    0.14      1.09      0.09
    1973    0.10    0.05    0.02    0.26    0.32    0.57    0.20    0.30    0.19    0.08    0.49    0.25      2.83      0.24
    1974    0.06    0.22    0.07    0.12    0.04    0.12    0.07    0.34    0.45    0.37    0.37    0.48      2.71      0.23
    1975    0.21    0.05    0.03    0.37    1.47    0.64    0.25    0.52    0.35    0.23    0.16    0.06      4.34      0.36
    1976    1.05    0.83    0.18    0.04    1.70    0.62    0.20    0.61    0.34    0.14    0.09    0.08      5.89      0.49
    1977    0.11    0.08    0.09    0.19    0.06    0.02    0.05    0.03    0.09    0.07    0.06    0.06      0.92      0.08
    1978    0.04    0.35    0.15    0.02    0.13    0.07    0.02    0.15    0.10    0.93    0.54    0.21      2.71      0.23
    1979    0.09    0.02    0.02    0.02    0.01    0.02    0.03    0.02    0.02    0.03    0.11    0.35      0.75      0.06
    1980    0.28    4.37    1.49   11.25    3.72    2.22    1.60    1.83    0.74    0.32    1.85    0.91     30.58      2.55
    1981    0.53    0.17    0.15    0.11    0.07    0.07    6.80    2.37    1.70    0.83    0.26    0.18     13.25      1.10
    1982    0.16    0.13    0.08    0.07    0.06    0.06    0.05    0.06    0.09    0.36    0.23    0.55      1.91      0.16
    1983    0.36    0.31    0.09    0.03    0.03    0.40    0.17    0.04    0.03    0.04    0.04    0.04      1.58      0.13
    1984    0.04    0.02    0.06    0.46    0.92    0.29    0.29    0.18    0.62    0.75    0.44    0.17      4.24      0.35
    1985    2.01    0.86    2.75    0.99    0.07    0.12    0.14    0.07    0.22    0.17    2.65    1.10     11.16      0.93
    1986    2.18    0.90    0.07    0.06    0.06    0.05    2.24    0.85    0.11    0.11    0.09    3.89     10.59      0.88
    1987    1.42    0.08    0.07    0.06    0.06    0.13    0.49    0.25    0.13    0.13    0.18    0.18      3.16      0.26
    1988    0.08    0.04    0.78    0.33    0.04    0.81    7.24    2.43    0.17    0.18    0.16    0.12     12.38      1.03
    1989    1.46    2.64    0.79    0.08    0.14    0.22    0.67    0.31    0.21    0.16    0.10    0.07      6.84      0.57
    1990    0.07    0.04    0.03    0.33    0.12    0.05    0.03    0.03    0.10    0.13    0.08    0.04      1.05      0.09
    1991    6.38    2.15    0.14    0.07    0.11    0.27    0.10    0.06    0.48    0.60    0.42    0.20     10.99      0.92
    1992    2.82    1.14    0.07    0.05    0.20    0.07    2.04    0.97    0.22    0.16    0.19    2.33     10.26      0.85
    1993    0.97    0.09    0.45    0.16    0.05    0.30    0.81    0.32    0.09    0.27    0.26    0.13      3.90      0.32
    1994    0.38    0.14    0.45    0.17    0.06    0.36    0.18    0.74    0.37    0.11    0.11    0.09      3.16      0.26
    1995    0.10    1.62    6.38    1.97    0.08    0.10    0.07    0.07    0.06    0.07    0.10    0.07     10.70      0.89
    1996    4.32    8.49    2.67    0.13    0.10    0.33    0.54    0.85    0.46    0.43    0.31    0.13     18.76      1.56
    1997    0.31    0.12    0.05    0.68    0.24    0.39    0.17    0.07    0.07    0.06    0.28    0.15      2.61      0.22
    1998    0.05    0.26    0.81    0.28    0.03    0.03    0.03    0.03    0.03    0.03    0.06    0.06      1.71      0.14
    1999    0.06    0.02    0.77    0.83    0.41    2.29    0.80    0.06    0.05    0.05    0.05    0.05      5.44      0.45
    2000    0.04    2.79    0.99    0.05    0.05    0.04    0.06    0.05    0.05    0.08    0.21    0.28      4.68      0.39
    2001    0.79    4.22    1.36    0.06    0.06    0.05    0.05    0.51    0.38    0.23    0.71    0.55      8.98      0.75
    2002    0.17    0.04    1.75    0.62    0.05    4.35    1.69    3.89    1.57    0.29    0.25    0.17     14.83      1.24
    2003    0.22    0.08    0.07    0.12    0.32    0.14    1.11    0.46    0.13    0.14    2.19    0.92      5.91      0.49
    2004    0.93    0.37    1.52    0.69    0.07    0.09    0.48    0.30    0.16    0.11    0.09    0.07      4.88      0.41
    2005    0.05    1.06    0.39    0.04    0.04    0.03    0.11    1.85    0.79    4.50    7.49    2.45     18.78      1.56
    2006    0.46    0.14    0.10    0.09    0.08    0.08    0.11    0.28    0.33    0.21    0.14    0.08      2.12      0.18
    2007    0.07    6.47    8.46    2.13    0.99    0.34    0.11    0.11    0.11    0.12    0.13    0.12     19.16      1.60
    2008    0.11    0.79    0.27    0.06    0.76    0.27    2.32    0.90    0.42    0.32    0.18    0.10      6.48      0.54
    2009    0.17    0.12    0.10    0.04    0.12    0.06    0.04    0.04    0.18    0.18    0.12    0.05      1.21      0.10
  
 AVERAGE    0.49    0.69    0.66    0.45    0.37    0.44    0.64    0.45    0.25    0.32    0.45    0.43      5.64      0.47
