    1920    0.36    0.30    0.49    0.20   22.65   17.56    6.23    1.76    1.52    1.48    1.56    1.64     55.76      4.65
    1921    1.12    0.71    2.45    4.06    1.26    0.51    0.42    2.16    1.09    0.72    0.77    0.97     16.25      1.35
    1922    0.67    0.81    0.35    0.22    0.19    0.19    1.33    1.21    0.63    0.52    0.48    0.36      6.94      0.58
    1923    0.39    0.92    0.39    0.15    1.07    0.48    0.17    0.17    0.22    0.26    0.68    1.58      6.48      0.54
    1924    0.94    0.65    0.28    0.30    0.21    0.35    0.21    0.25    0.67    0.59    0.81   23.60     28.86      2.40
    1925   10.28    1.52    0.47    0.28    0.21    0.19    0.17    0.17    0.19    0.26    0.29    0.30     14.32      1.19
    1926    0.32    1.88    0.75    0.11    0.09    0.07    0.07    1.20    0.58    0.22    0.21    0.18      5.68      0.47
    1927    0.11    0.08    0.07    0.06    0.04    2.38    0.94    0.14    0.13    0.15    0.17    0.19      4.47      0.37
    1928    0.15    0.53    0.25    0.05    0.08    0.18    0.26    0.25    0.40    1.37    1.17    1.18      5.88      0.49
    1929    0.78    0.31    0.52    0.22    1.24    0.60    0.23    0.20    0.21    0.28    0.75    0.76      6.10      0.51
    1930    0.53    0.27    0.11    0.08    0.07    0.09    0.63    0.34    0.18    0.25    0.32    0.39      3.26      0.27
    1931    0.39    0.24   24.06    9.62    1.04    0.26    0.19    0.25    0.44    0.95    0.74    3.48     41.65      3.47
    1932    1.87    0.55    0.26    0.18    0.16    0.30    0.19    0.21    0.22    0.24    3.53    1.67      9.36      0.78
    1933    0.40    0.37    0.18    0.13    0.14    0.64    0.29    0.18    0.19    0.37    0.31    0.56      3.75      0.31
    1934    3.67    4.99    1.59    0.19    0.16    0.15    0.66   14.88    6.01    1.68    1.70    1.59     37.26      3.11
    1935    1.11    0.94    0.47    0.31    0.24    0.43    0.26    0.30    0.32    0.34    0.35    0.36      5.43      0.45
    1936    0.35    1.16    1.12    0.35    0.15    0.15    0.12    0.10    0.11    0.65    0.43    0.26      4.96      0.41
    1937    0.23    0.42    0.26    0.08    0.05    0.05    0.56    0.32    0.20    0.21    0.23    0.84      3.45      0.29
    1938    0.56    2.65    1.05    0.11    0.15    0.57    0.41    0.21    0.16    0.47    3.62    1.85     11.80      0.98
    1939    0.71    0.38    0.19    0.15    1.98    0.96    0.27    0.25    0.26    0.31    0.29    0.25      5.99      0.50
    1940    0.21    0.16    0.08    0.09    0.06    0.04    1.90    0.81    0.52    0.47    0.37    0.33      5.06      0.42
    1941    0.28    0.19    0.24    0.11    0.05    0.05    0.07    0.20    0.26    0.25    0.21    0.14      2.06      0.17
    1942    1.07    0.49    0.10    0.05    0.05    0.06    0.05    0.05    0.05    0.05    0.15    0.89      3.06      0.25
    1943    0.53    5.28    2.68    0.45    0.11    0.09    0.08    4.66    2.00    1.00    1.03    1.67     19.57      1.63
    1944    1.05    0.47    0.28    0.20    0.17    0.16    0.16   15.51    6.59    1.40    1.21    0.96     28.17      2.35
    1945    0.72    0.46    0.26    0.19    0.17    1.80    0.77    0.30    0.26    0.25    0.27    0.28      5.73      0.48
    1946    0.26    0.16    0.08    0.06    0.05    0.35    0.16    0.21    0.19    1.14    0.72    0.43      3.81      0.32
    1947    0.32    0.17    0.08    0.07    0.06    0.17    0.24    0.15    0.12    0.13    0.14    0.18      1.82      0.15
    1948    0.51    0.28    0.29    0.13    0.04    0.04    0.10    0.45    0.30    0.17    0.15    0.13      2.57      0.21
    1949    0.09    6.50    2.28    1.83    0.72    0.12    0.11    0.09    0.07    1.69    0.85    0.38     14.74      1.23
    1950    0.54    3.94    1.59    2.60    1.02    0.15    0.11    0.12    0.16    0.41    0.45    0.36     11.46      0.95
    1951    0.21    0.11    0.06    0.05    0.57    0.23    0.06    0.05    0.05    0.07    2.02    1.15      4.63      0.39
    1952    0.46    0.28    0.13    0.06    0.20    0.12    0.10    0.10    0.40    1.97    1.45    1.06      6.31      0.53
    1953    5.65    4.20    1.23    0.34    0.24    0.27    0.86    3.36    1.76    1.10   21.07    7.71     47.79      3.98
    1954    0.84    0.56    0.36    0.26    0.69    0.29    0.27    0.29    0.35    0.57    0.57    0.46      5.50      0.46
    1955    0.60    0.78    0.32    0.39    0.18    1.56    0.67    0.39    0.30    0.26    0.27    0.30      6.01      0.50
    1956    0.71    0.50    0.54    0.23    0.18    0.11    0.08    0.09    0.50    0.38    0.28    0.59      4.20      0.35
    1957    0.52    0.25    0.08    0.06    0.04    0.04    0.04    0.09    0.12    0.11    0.33    0.31      2.01      0.17
    1958    0.25    0.14    0.08    1.48    0.67    0.13    2.21    1.30    0.55    0.69    1.60    1.18     10.28      0.86
    1959    1.99    0.96    0.31    0.24    0.18    0.20    0.19    0.22    0.31    0.35    0.32    0.38      5.65      0.47
    1960    0.30    0.20    0.14    0.09    0.08    4.04    2.17    0.68    0.56    0.63    0.86    0.71     10.46      0.87
    1961    0.51    0.31    0.16    1.68    0.65    0.17    0.17    0.16    0.17    0.17   13.75    5.00     22.90      1.91
    1962    0.76    0.59    0.23    0.80    0.32    7.75    3.02    0.68    0.65    0.75    0.83    0.61     16.98      1.42
    1963    0.40    0.30    0.87    0.35    0.15    0.16    0.17    0.14    0.98    0.55    1.55    2.76      8.38      0.70
    1964    1.49    1.34    0.57    0.20    0.15    0.78    0.50    0.32    0.32    0.34    0.33    0.24      6.58      0.55
    1965    3.95    1.97    0.58    0.21    0.13    0.10    0.10    0.12    0.12    0.13    0.44    0.58      8.42      0.70
    1966    0.36    0.15    0.07    0.04    0.04    0.10   17.74    8.53    1.88    1.37    1.34    1.02     32.64      2.72
    1967    0.72    0.44    0.26    0.19    0.16    0.14    0.15    0.38   11.61    4.56    1.17    1.05     20.85      1.74
    1968    0.81    0.50    0.28    0.19    0.16    0.16    0.17    0.17    0.52    0.37    0.34    0.33      4.01      0.33
    1969    0.29    0.17    0.08    0.06    0.05    0.05    0.04    0.05    0.07    0.10    1.69    0.87      3.53      0.29
    1970    0.36    0.19    1.08    0.56    0.15    0.22    0.73    0.79    0.57    7.75   18.06    5.93     36.39      3.03
    1971    0.79    0.50    0.30    0.23    0.60    0.67    0.78    0.52    0.55    0.60    0.65    0.65      6.84      0.57
    1972    0.44    0.25    0.15    0.11    0.10    0.15    0.20    0.22    0.24    0.35    0.39    0.38      2.97      0.25
    1973    0.34    0.40    0.19    0.51    0.73    0.66    0.29    0.71    0.53    0.38    1.37    0.94      7.04      0.59
    1974    0.49    0.66    0.31    0.14    0.10    0.45    0.23    0.25    1.30    1.96    1.42    1.38      8.70      0.72
    1975    0.90    0.42    0.24    0.24    2.10    1.47    0.44    3.52    1.83    0.94    0.93    0.73     13.75      1.15
    1976    0.78    2.35    1.01    0.24    1.89    0.82    0.52    7.82    3.31    0.94    0.83    0.77     21.27      1.77
    1977    0.59    0.38    0.23    0.19    0.17    0.16    0.19    0.19    0.22    0.23    0.30    0.30      3.17      0.26
    1978    0.24    0.16    0.17    0.08    0.07    0.06    0.05    0.60    0.47    1.45    1.27    0.93      5.54      0.46
    1979    0.63    0.29    0.15    0.11    0.09    0.09    0.09    0.09    0.13    0.16    0.16    0.88      2.87      0.24
    1980    0.56    2.56    1.02    1.18    0.49    3.17    5.17   17.79    6.35    1.40   25.11    9.05     73.86      6.15
    1981    1.88    0.90    0.44    0.33    0.28    0.25   29.74   10.05    1.19    1.01    0.91    0.72     47.71      3.98
    1982    1.10    0.55    0.29    0.22    0.19    0.17    0.16    0.27    2.74    6.68    2.96    1.42     16.76      1.40
    1983    1.37    0.71    0.33    0.22    0.18    0.24    0.20    0.20    0.20    0.22    0.24    0.22      4.33      0.36
    1984    0.18    0.14    0.11    0.46    0.35    0.17    3.24    1.42    0.66    0.86    0.73    0.50      8.83      0.74
    1985    0.65    0.40   12.25    4.24    0.24    0.20    0.18    0.15    0.28    0.30    3.72    1.81     24.41      2.03
    1986    1.77    0.90    0.25    0.15    0.13    0.11    0.44    0.22    0.19    0.22    0.19    2.90      7.47      0.62
    1987    1.28    0.21    0.11    0.07    0.06    0.05    0.50    0.27    0.33    0.32    0.32    0.42      3.95      0.33
    1988    0.32    0.16    0.17    0.09    0.05    0.14    0.55    0.31    0.17    0.21    0.23    0.20      2.62      0.22
    1989    1.76    2.16    0.72    0.11    0.20    0.11    1.44    0.75    0.56    0.51    0.39    0.30      9.01      0.75
    1990    0.21    0.12    0.07    0.12    0.06    0.05    0.04    0.05    0.09    0.21    0.22    0.17      1.41      0.12
    1991    3.36    1.32    0.24    0.10    0.11    0.12    0.10    0.12    0.17    2.84    1.74    0.89     11.12      0.93
    1992    1.43    0.80    0.26    0.18    0.32    0.16    2.18    1.30    0.63    0.62    0.57    5.74     14.19      1.18
    1993    2.52    0.40    0.49    0.24    0.18    0.16    0.54    0.32    0.31    0.82    0.73    0.52      7.23      0.60
    1994    0.39    0.22    0.59    0.27    0.13    1.27    0.59    1.41    0.94    0.61    0.70    0.56      7.67      0.64
    1995    0.43    1.22    0.74    0.19    0.12    0.12    0.12    0.12    0.11    0.16    0.50    0.40      4.22      0.35
    1996    6.51   28.91   11.10    1.07    0.27    0.25    1.09    2.08    1.19    0.93    0.86    0.62     54.88      4.57
    1997    0.47    0.34    0.21    0.34    0.18    0.17    0.16    0.18    0.21    0.22    0.30    0.28      3.07      0.26
    1998    0.18    0.59    0.35    0.10    0.07    0.06    0.17    0.12    0.10    0.17    0.23    0.32      2.48      0.21
    1999    0.36    0.23    2.33    1.21    0.70    1.03    0.46    0.17    0.15    0.17    0.16    0.15      7.12      0.59
    2000    0.12    6.42    2.30    0.14    0.10    0.08    0.07    0.07    0.08    0.19    0.21    0.24     10.02      0.84
    2001    0.57    2.22    0.87    0.13    0.09    0.07    0.34    0.34    0.61    1.54    2.03    6.78     15.60      1.30
    2002    2.91    0.51    1.06    0.40    0.20   18.32    6.32    2.76    1.49    0.83    0.78    0.65     36.24      3.02
    2003    0.52    0.36    0.23    0.18    0.18    0.16    0.31    0.20    0.37    0.39    0.51    0.46      3.87      0.32
    2004    0.46    0.24    0.12    0.09    0.07    0.07    0.26    0.44    0.42    0.36    0.30    0.23      3.06      0.25
    2005    0.13    0.58    0.25    0.06    0.05    0.04    0.05    4.83    1.97    2.41   61.62   20.83     92.82      7.73
    2006    0.90    0.51    0.33    0.26    0.22    0.58    0.33    1.11    0.71    0.59    0.54    0.39      6.47      0.54
    2007    0.31   17.16    6.69    0.53    0.61    0.27    0.20    0.17    0.17    0.18    0.23    0.25     26.76      2.23
    2008    0.53    0.29    0.10    0.07    0.44    0.18    2.84    1.19    0.91    0.88    0.67    0.44      8.55      0.71
    2009    1.13    0.59    0.54    0.22    0.13    0.10    0.08    0.09    1.07    0.91    0.59    0.39      5.84      0.49
  
 AVERAGE    1.01    1.43    1.09    0.50    0.57    0.87    1.19    1.42    0.88    0.83    2.31    1.61     13.70      1.14
