    1920    0.38    0.37    0.78    0.31   31.33   25.87   10.88    2.86    2.11    4.97    2.59    4.80     87.26      7.27
    1921    2.15    0.94    4.00    6.56    2.02    0.85    0.53    3.55    1.68    0.95    1.04    1.48     25.74      2.15
    1922    0.95    1.30    0.55    0.30    0.25    0.25    2.22    1.95    0.91    0.73    0.68    0.53     10.63      0.89
    1923    0.62    1.52    0.63    0.22    1.80    0.78    0.25    0.26    0.32    0.38    1.08    2.55     10.41      0.87
    1924    1.43    1.01    0.43    0.51    0.36    0.60    0.33    0.40    1.08    0.87    1.25   40.27     48.55      4.05
    1925   21.39    3.43    0.53    0.32    0.25    0.21    0.20    0.20    0.23    0.33    0.37    0.39     27.84      2.32
    1926    0.50    3.07    1.21    0.15    0.11    0.09    0.08    2.00    0.92    0.29    0.29    0.25      8.98      0.75
    1927    0.16    0.12    0.11    0.08    0.06    4.00    1.51    0.19    0.19    0.20    0.24    0.26      7.12      0.59
    1928    0.22    0.89    0.40    0.08    0.14    0.32    0.43    0.40    0.61    2.20    1.78    1.78      9.24      0.77
    1929    1.12    0.46    0.88    0.37    2.07    0.98    0.34    0.30    0.30    0.40    1.19    1.16      9.57      0.80
    1930    0.78    0.39    0.18    0.13    0.12    0.16    1.06    0.53    0.27    0.37    0.47    0.58      5.02      0.42
    1931    0.59    0.35   32.98   13.68    1.65    0.37    0.24    0.41    0.70    1.49    1.07    5.75     59.29      4.94
    1932    2.91    0.77    0.38    0.25    0.21    0.52    0.28    0.29    0.31    0.34    5.78    2.57     14.60      1.22
    1933    0.54    0.58    0.28    0.18    0.24    1.09    0.47    0.28    0.27    0.59    0.45    0.90      5.86      0.49
    1934    6.03    8.16    2.50    0.28    0.24    0.22    1.12   21.99   13.67    8.20    4.21    2.07     68.70      5.72
    1935    1.26    1.33    0.63    0.38    0.29    0.75    0.35    0.47    0.42    0.45    0.48    0.56      7.39      0.62
    1936    0.48    1.90    1.85    0.55    0.24    0.20    0.18    0.15    0.16    1.07    0.65    0.38      7.81      0.65
    1937    0.33    0.69    0.43    0.13    0.07    0.07    0.95    0.50    0.28    0.30    0.33    1.36      5.45      0.45
    1938    0.85    4.38    1.69    0.16    0.26    0.97    0.67    0.31    0.23    0.77    5.93    2.83     19.07      1.59
    1939    0.98    0.56    0.31    0.24    3.31    1.57    0.40    0.37    0.39    0.46    0.43    0.37      9.40      0.78
    1940    0.32    0.24    0.13    0.17    0.09    0.07    3.20    1.30    0.82    0.67    0.52    0.47      8.00      0.67
    1941    0.41    0.29    0.40    0.18    0.08    0.08    0.10    0.34    0.40    0.36    0.29    0.20      3.13      0.26
    1942    1.79    0.79    0.14    0.08    0.08    0.08    0.07    0.07    0.08    0.07    0.26    1.48      4.98      0.42
    1943    0.82    8.64    4.35    0.70    0.16    0.13    0.11    7.69    3.14    1.44    1.43    4.54     33.15      2.76
    1944    2.16    0.64    0.36    0.25    0.21    0.20    0.20   22.69    9.64    1.81    1.49    1.19     40.85      3.40
    1945    0.97    0.59    0.33    0.23    0.20    2.95    1.25    0.40    0.35    0.34    0.37    0.39      8.37      0.70
    1946    0.36    0.22    0.11    0.08    0.07    0.61    0.27    0.34    0.28    1.86    1.08    0.62      5.90      0.49
    1947    0.45    0.24    0.12    0.13    0.09    0.30    0.40    0.23    0.17    0.18    0.20    0.28      2.80      0.23
    1948    0.84    0.43    0.49    0.21    0.06    0.05    0.17    0.76    0.45    0.24    0.21    0.18      4.10      0.34
    1949    0.14   10.53    3.60    3.02    1.17    0.17    0.15    0.13    0.10    2.82    1.33    0.53     23.69      1.97
    1950    0.82    6.49    2.54    4.30    1.65    0.22    0.17    0.17    0.24    0.67    0.68    0.52     18.47      1.54
    1951    0.31    0.16    0.10    0.07    0.98    0.39    0.09    0.07    0.08    0.10    3.36    1.82      7.55      0.63
    1952    0.64    0.41    0.19    0.10    0.35    0.20    0.14    0.14    0.66    3.23    2.22    1.54      9.82      0.82
    1953   16.50    8.89    1.77    0.45    0.32    0.46    1.45    5.47    2.67    1.55   36.81   12.74     89.07      7.42
    1954    0.92    0.65    0.43    0.32    1.18    0.48    0.35    0.39    0.55    0.88    0.78    0.64      7.55      0.63
    1955    0.94    1.28    0.51    0.66    0.29    2.60    1.08    0.63    0.45    0.38    0.39    0.43      9.62      0.80
    1956    1.15    0.80    0.90    0.37    0.31    0.17    0.12    0.14    0.83    0.58    0.40    0.94      6.70      0.56
    1957    0.81    0.37    0.13    0.10    0.07    0.06    0.07    0.15    0.17    0.17    0.54    0.48      3.12      0.26
    1958    0.37    0.21    0.13    2.50    1.11    0.20    3.68    2.08    0.78    1.03    2.79    1.78     16.66      1.39
    1959    3.15    1.44    0.44    0.32    0.25    0.35    0.26    0.31    0.43    0.49    0.46    0.58      8.48      0.71
    1960    0.43    0.29    0.20    0.14    0.12    6.70    3.52    1.00    0.78    0.89    1.27    1.02     16.34      1.36
    1961    0.76    0.47    0.24    2.81    1.08    0.24    0.25    0.24    0.25    0.24   20.46    7.26     34.30      2.86
    1962    1.05    0.87    0.33    1.35    0.53   12.32    4.66    0.99    0.87    1.08    1.15    0.87     26.07      2.17
    1963    0.57    0.43    1.46    0.58    0.22    0.27    0.23    0.20    1.63    0.86    2.49    6.94     15.90      1.32
    1964    2.98    2.04    0.85    0.28    0.20    1.32    0.83    0.44    0.44    0.47    0.47    0.34     10.66      0.89
    1965    6.52    3.16    0.91    0.33    0.18    0.14    0.15    0.17    0.17    0.18    0.72    0.91     13.56      1.13
    1966    0.53    0.22    0.10    0.06    0.06    0.18   25.50   14.96    3.21    3.62    2.07    1.21     51.72      4.31
    1967    0.88    0.56    0.33    0.23    0.19    0.18    0.19    0.65   17.67    6.63    1.54    1.35     30.41      2.53
    1968    1.06    0.66    0.37    0.25    0.21    0.20    0.22    0.22    0.88    0.56    0.47    0.46      5.54      0.46
    1969    0.41    0.23    0.11    0.08    0.07    0.07    0.05    0.06    0.10    0.14    2.79    1.34      5.47      0.46
    1970    0.50    0.27    1.82    0.94    0.25    0.37    1.23    1.27    0.84   21.51   27.52    7.46     63.98      5.33
    1971    0.84    0.57    0.35    0.27    1.02    1.13    1.28    0.79    0.75    0.82    0.97    0.92      9.72      0.81
    1972    0.64    0.37    0.22    0.15    0.14    0.26    0.34    0.32    0.34    0.53    0.55    0.56      4.43      0.37
    1973    0.50    0.64    0.30    0.86    1.24    1.10    0.46    1.17    0.80    0.55    2.21    1.44     11.26      0.94
    1974    0.69    1.07    0.49    0.23    0.17    0.77    0.38    0.40    2.12    6.01    2.93    1.96     17.22      1.43
    1975    1.21    0.55    0.32    0.41    3.47    2.40    0.68    5.75    2.80    1.29    1.31    1.03     21.23      1.77
    1976    1.20    3.82    1.61    0.35    3.13    1.34    0.84   12.41    4.98    1.25    1.11    1.04     33.10      2.76
    1977    0.82    0.53    0.33    0.28    0.24    0.27    0.27    0.27    0.31    0.33    0.48    0.43      4.56      0.38
    1978    0.34    0.23    0.29    0.13    0.10    0.09    0.07    1.02    0.76    2.33    1.93    1.32      8.61      0.72
    1979    0.88    0.42    0.22    0.16    0.13    0.12    0.13    0.13    0.22    0.22    0.22    1.44      4.29      0.36
    1980    0.87    4.23    1.63    1.97    0.80    5.27    8.50   32.39   10.76    1.50   35.12   12.25    115.28      9.61
    1981    2.59    1.20    0.50    0.37    0.31    0.28   39.30   13.19    1.76    1.33    1.11    0.89     62.84      5.24
    1982    1.72    0.82    0.34    0.25    0.22    0.20    0.19    0.47    4.47   19.36    6.79    1.68     36.52      3.04
    1983    1.80    0.91    0.41    0.27    0.22    0.43    0.25    0.26    0.26    0.29    0.32    0.29      5.74      0.48
    1984    0.25    0.18    0.14    0.80    0.59    0.27    5.38    2.22    0.97    1.26    1.02    0.74     13.84      1.15
    1985    1.01    0.62   18.53    6.31    0.32    0.26    0.24    0.20    0.48    0.48    6.06    2.76     37.28      3.11
    1986    2.78    1.38    0.36    0.21    0.18    0.15    0.77    0.35    0.26    0.31    0.27    4.78     11.80      0.98
    1987    2.01    0.29    0.15    0.10    0.08    0.08    0.85    0.44    0.52    0.47    0.46    0.62      6.06      0.51
    1988    0.47    0.24    0.29    0.14    0.08    0.26    0.93    0.49    0.24    0.31    0.33    0.29      4.07      0.34
    1989    2.91    3.56    1.14    0.17    0.34    0.17    2.42    1.20    0.84    0.72    0.56    0.45     14.49      1.21
    1990    0.32    0.19    0.12    0.21    0.09    0.07    0.07    0.08    0.15    0.32    0.31    0.24      2.17      0.18
    1991    5.58    2.11    0.38    0.15    0.18    0.21    0.15    0.17    0.25    4.68    2.68    1.23     17.77      1.48
    1992    2.25    1.22    0.39    0.27    0.55    0.24    3.62    2.09    0.91    0.87    0.82   11.44     24.68      2.06
    1993    4.49    0.53    0.80    0.36    0.23    0.20    0.92    0.51    0.42    1.30    1.09    0.73     11.60      0.97
    1994    0.58    0.33    1.00    0.46    0.18    2.13    0.94    2.31    1.44    0.86    1.02    0.80     12.06      1.00
    1995    0.64    2.02    1.21    0.30    0.19    0.19    0.18    0.18    0.17    0.26    0.82    0.59      6.73      0.56
    1996   10.50   40.46   15.83    1.59    0.32    0.40    1.82    3.30    1.78    1.25    1.20    0.85     79.31      6.61
    1997    0.63    0.45    0.26    0.60    0.27    0.22    0.21    0.24    0.29    0.30    0.47    0.38      4.32      0.36
    1998    0.25    0.98    0.59    0.16    0.09    0.08    0.30    0.19    0.14    0.28    0.35    0.48      3.90      0.32
    1999    0.55    0.34    3.90    2.01    1.16    1.71    0.73    0.25    0.23    0.25    0.23    0.22     11.58      0.97
    2000    0.18   10.40    3.64    0.19    0.14    0.11    0.10    0.09    0.11    0.31    0.31    0.35     15.94      1.33
    2001    0.91    3.68    1.40    0.19    0.14    0.11    0.60    0.56    0.97    2.46   12.37   16.19     39.57      3.30
    2002    4.89    0.60    1.71    0.63    0.27   26.18    8.93    4.32    2.18    1.08    1.03    0.87     52.69      4.39
    2003    0.70    0.48    0.30    0.24    0.23    0.22    0.53    0.29    0.61    0.57    0.76    0.64      5.57      0.46
    2004    0.70    0.37    0.18    0.13    0.10    0.10    0.45    0.71    0.64    0.51    0.43    0.33      4.66      0.39
    2005    0.20    0.99    0.41    0.10    0.08    0.06    0.07    7.96    3.07    3.80   82.44   27.57    126.75     10.56
    2006    0.96    0.56    0.37    0.29    0.25    0.99    0.55    1.82    1.08    0.79    0.74    0.54      8.92      0.74
    2007    0.43   24.81    9.78    0.79    1.02    0.43    0.25    0.22    0.22    0.24    0.37    0.34     38.89      3.24
    2008    0.88    0.45    0.14    0.09    0.77    0.30    4.73    1.88    1.42    1.29    0.92    0.63     13.49      1.12
    2009    1.84    0.93    0.88    0.36    0.19    0.15    0.13    0.13    1.80    1.44    0.83    0.54      9.22      0.77
  
 AVERAGE    1.71    2.20    1.62    0.76    0.85    1.34    1.79    2.24    1.40    1.58    3.55    2.57     21.62      1.80
