    1920    1.07    1.01    5.93    2.00   13.66   12.09    3.12    0.65    1.13    0.71    0.67    0.65     42.68      3.56
    1921    0.51    2.14   12.13    4.31    0.39   10.11    3.72    2.40    1.27    0.81    0.85    0.76     39.39      3.28
    1922    0.61    8.19    2.90    0.38    0.36    0.35    2.80    1.83    0.59    0.58    0.57    0.49     19.65      1.64
    1923    1.76    5.58    1.86    0.30    0.28    0.26    0.38    0.27    0.27    0.27    0.48    0.32     12.03      1.00
    1924    0.25    0.50    0.55    0.63    0.19    1.60    0.60    0.19    1.10    0.59    0.75    9.98     16.92      1.41
    1925    5.59    1.07    3.17    1.09    0.26    0.25    0.24    0.23    0.23    0.25    0.25    0.24     12.87      1.07
    1926    5.14    3.42    0.66    0.17    0.15    0.14    0.81    0.47    0.21    0.20    0.19    0.17     11.72      0.98
    1927    0.13    0.10    1.64    0.62    0.09   13.96    4.68    0.21    0.18    0.19    0.20    0.59     22.58      1.88
    1928    0.29    4.10    1.74    0.14    0.12    2.73    1.32    0.96    0.54    3.40    1.78    0.65     17.76      1.48
    1929    0.48    0.31    4.05    1.57    1.90    0.68    0.31    0.32    0.30    0.30    0.45    1.39     12.07      1.01
    1930    0.61    0.27    0.19    0.16    0.14    1.06    8.84    3.05    0.32    0.65    0.47    0.69     16.45      1.37
    1931    1.62    0.61   27.37    9.88    1.05    0.32    0.30    3.48    1.81    1.07    0.76   22.81     71.08      5.92
    1932    8.78    0.93    0.49    0.42    0.40    1.59    0.81    0.50    0.51    0.54    8.21    3.18     26.36      2.20
    1933    0.52    1.29    1.16    0.52    0.32    5.51    1.98    0.35    0.33    1.12    0.52    0.59     14.20      1.18
    1934    1.43    7.97    2.76    0.26    0.23    0.60    9.55   16.36    6.72    1.54    1.02    0.87     49.32      4.11
    1935    0.73    1.45    0.57    0.49    0.47    1.11    0.45    0.82    0.48    2.26    0.99    2.49     12.31      1.03
    1936    1.06    3.00   10.17    3.44    0.61    1.35    0.46    0.34    0.32    0.48    0.38    0.53     22.15      1.85
    1937    1.59    1.68    4.93    1.76    0.24    0.74    0.99    0.39    0.34    0.37    0.52    1.12     14.66      1.22
    1938    1.93    1.98    0.72    0.22    2.21    1.34    0.67    0.30    0.27    0.62    8.74    3.39     22.38      1.86
    1939    0.55    0.36    0.38    0.31   21.47   13.71    2.46    0.45    0.42    0.40    0.41    1.77     42.67      3.56
    1940    0.81    0.66    0.26    0.22    0.21    0.18   15.08    5.15    0.66    0.48    0.43    0.35     24.49      2.04
    1941    0.48    0.35    0.21    0.30    0.16    0.22    0.32    0.62    0.32    0.26    0.24    0.20      3.69      0.31
    1942    3.76    1.41    1.55    1.14    0.42    0.16    0.14    0.12    0.11    0.11    0.97    1.99     11.88      0.99
    1943    0.76   15.65    6.78    0.63    0.18    0.17    0.18    0.56    0.38    1.04    0.93    3.18     30.44      2.54
    1944    1.35    0.31    0.21    0.19    0.18    0.18    0.20   15.42    6.57    1.05    1.06    0.69     27.41      2.28
    1945    3.28    1.22    0.35    0.32    0.32    6.26    2.26    0.40    0.37    0.38    0.40    0.50     16.04      1.34
    1946    0.53    0.31    0.21    0.18    0.16    6.11    2.21    0.64    0.38    2.85    1.29    0.42     15.29      1.27
    1947    0.35    0.42    0.20    0.95    0.49    1.83    1.49    0.42    0.26    0.29    0.30    0.28      7.27      0.61
    1948    3.86    1.46    0.30    0.17    0.15    0.14    0.31    1.83    0.76    0.25    0.24    0.22      9.70      0.81
    1949    0.33   18.94    6.24    0.20    0.18    0.16    0.16    0.17    0.15    1.66    0.75    1.65     30.59      2.55
    1950    5.66   18.95    6.18   25.52    9.26    0.45    0.40    0.39    0.45    6.49    3.18    0.87     77.79      6.48
    1951    0.63    0.42    0.34    0.31    3.76    1.30    0.33    0.31    0.31    0.35    0.83    1.38     10.26      0.86
    1952    0.65    3.49    1.27    0.22    2.20    0.84    1.22    0.53    4.92   15.50    5.69    1.19     37.73      3.14
    1953    9.08    3.91    1.81    0.58    0.55   11.29   10.41   15.85    5.66    1.46   16.32    6.31     83.24      6.94
    1954    1.22    4.13    1.42    0.71   20.58    7.29    0.95    1.10    0.98    1.06    1.02    0.91     41.37      3.45
    1955    0.82    1.01    0.59    5.95    2.87   14.87    5.19    0.67    0.68    0.62    0.59    0.57     34.43      2.87
    1956    1.57    1.17    1.17    0.39    4.37    1.60    0.35    0.58    0.61    0.48    0.43    1.16     13.87      1.16
    1957    0.72    0.30    0.21    0.19    0.17    0.24    0.31    1.06    0.51    0.29    1.34    0.62      5.96      0.50
    1958    1.36    0.55    0.31    4.62    2.89    1.41    5.01    2.84    0.72    1.53    1.85    0.95     24.03      2.00
    1959    6.38    2.39    0.43    0.39    0.36    0.97    0.40    0.64    0.48    0.49    0.47    0.48     13.88      1.16
    1960    0.64    0.62    2.00    0.67    0.22   24.17   11.52    1.74    0.86    1.68    1.57    1.03     46.73      3.89
    1961    1.35    0.76    0.46    0.69    0.43    1.75    0.74    0.47    0.48    0.50   15.42    5.54     28.59      2.38
    1962    1.17    5.32    1.77    4.67    1.61    2.08    2.22    1.58    1.07    1.02    0.83    0.61     23.94      2.00
    1963    0.47    0.41    6.30    2.95    0.67    0.43    0.36    0.32    1.22    0.54    3.18   18.78     35.62      2.97
    1964    6.65    2.27    0.80    0.34    0.31    3.43    3.04    1.12    0.56    0.84    0.63    0.50     20.49      1.71
    1965    6.89    8.49    2.37    1.24    0.43    0.32    0.62    0.50    0.45    0.45    0.57    0.68     23.01      1.92
    1966    0.40    0.26    0.20    0.18    0.76    5.33   23.43   17.01    4.74    1.96    1.36    1.09     56.70      4.73
    1967    0.79    0.80    0.57    0.52    0.50    0.47    0.46    2.03    4.78    1.71    2.09    2.30     17.03      1.42
    1968    1.91    1.69    0.50    0.38    0.36    3.50    1.57    0.46    0.45    0.50    0.52    0.47     12.31      1.03
    1969    0.40    0.30    0.23    0.19    0.49    0.18    0.16    0.15    0.16    0.19    1.63    0.80      4.88      0.41
    1970    0.58    0.25    0.89    0.40    0.73    1.17    8.75    3.31    0.72   18.36    8.47    1.54     45.17      3.76
    1971    0.77    0.66    0.48    1.12    1.35    1.16    0.50    0.50    0.54    0.54    0.53    0.52      8.67      0.72
    1972    0.43    0.34    0.96    0.33    0.22    0.97    1.23    0.46    0.35    0.84    0.69    0.72      7.56      0.63
    1973    0.83    0.37    0.23    2.37    2.66    1.86    0.51    1.24    0.63    0.39    2.35    1.02     14.45      1.20
    1974    0.34    1.04    0.37    0.60    0.22    4.34    1.79    1.33    2.94    1.74    1.24    3.88     19.83      1.65
    1975    1.65    0.51    0.39    3.63   11.67    4.75    0.97    4.93    2.47    1.08    1.02    0.78     33.84      2.82
    1976    7.11    6.61    1.55    0.49   20.60    7.21    3.31    8.89    3.09    0.92    0.88    0.86     61.53      5.13
    1977    1.51    1.14    0.53    0.73    0.42    0.38    0.36    0.38    0.42    0.42    0.41    0.44      7.14      0.60
    1978    0.40    1.29    0.87    0.22    1.61    0.67    0.22    0.89    0.52    8.11    3.38    0.87     19.04      1.59
    1979    0.57    0.34    0.25    0.25    0.23    0.23    0.23    0.23    0.24    0.26    0.74    1.48      5.04      0.42
    1980    1.57   17.70    6.29   25.97    8.74   18.90   12.78   16.96    5.67    1.52   13.20    5.56    134.86     11.24
    1981    3.88    1.45    0.74    0.66    0.61    0.58   31.33   10.74   12.64    5.14    1.17    1.02     69.98      5.83
    1982    1.44    0.76    0.59    0.52    0.49    0.48    0.47    0.47    0.81    2.35    1.05    2.39     11.81      0.98
    1983    3.02    1.79    0.43    0.34    0.31    2.84    1.02    0.35    0.33    0.34    0.36    0.33     11.45      0.95
    1984    0.38    0.26    0.26    1.41    3.68    1.27    3.91    1.71    2.70    2.68    1.18    0.69     20.12      1.68
    1985    6.32    3.81   15.25    5.21    0.47    0.60    0.83    0.49    5.22    2.16   10.64    4.24     55.26      4.60
    1986   10.87    4.45    0.55    0.45    0.44    0.43    7.65    2.74    0.57    0.63    0.60   15.34     44.72      3.73
    1987    5.54    0.47    0.39    0.34    0.32    0.46    1.12    0.66    0.59    0.53    0.53    1.04     11.99      1.00
    1988    0.52    0.30    1.93    0.86    0.24    4.76   16.10    5.12    0.56    0.59    0.59    0.53     32.10      2.67
    1989   11.57   10.62    2.48    0.38    2.13    1.36    2.78    1.62    0.79    0.70    0.61    0.51     35.55      2.96
    1990    0.45    0.35    0.29    1.34    0.47    0.25    0.24    0.23    0.77    0.69    0.39    0.30      5.77      0.48
    1991   20.58    6.86    0.93    0.40    0.55    0.50    0.23    0.23    1.15    2.14    1.40    0.66     35.62      2.97
    1992   10.05    4.09    0.35    0.90    0.97    0.37   11.43    4.98    0.74    0.73    0.82   17.46     52.88      4.41
    1993    6.40    0.66    2.39    0.84    0.43    2.61    4.72    1.50    0.61    4.81    2.23    0.81     28.02      2.34
    1994    3.14    1.19    3.07    1.27    0.50    2.65    1.14    5.24    2.09    0.71    1.30    0.73     23.03      1.92
    1995    0.59    9.11   17.20    5.06    0.47    0.69    0.46    0.47    0.45    0.46    0.53    0.49     35.97      3.00
    1996   15.49   43.34   14.41    0.94    0.44    2.68    1.93    5.75    2.63    0.98    0.89    0.70     90.19      7.52
    1997    1.44    0.60    0.42    1.14    0.40    3.39    1.23    0.43    0.44    0.42    0.71    0.45     11.05      0.92
    1998    0.36    2.00    3.81    1.32    0.25    0.22    0.22    0.22    0.20    0.21    0.26    0.62      9.69      0.81
    1999    0.37    0.18   10.49    6.00    4.91   14.38    4.55    0.38    0.34    0.34    0.31    0.46     42.72      3.56
    2000    0.29   21.44    7.37    0.31    0.28    0.26    0.25    0.24    0.23    0.36    0.41    0.36     31.80      2.65
    2001    1.76   21.64    7.02    0.27    0.28    0.23    0.22    1.74    1.07    0.83    3.85    1.90     40.80      3.40
    2002    0.57    0.33    7.75    2.74    0.32   16.47    6.46   18.79    6.77    0.92    0.90    0.79     62.82      5.23
    2003    1.27    0.55    0.45    0.42    2.21    0.91   11.79    4.28    0.82    0.73    8.45    3.31     35.20      2.93
    2004    2.05    1.13    8.98    3.20    0.45    0.77    4.33    2.09    0.75    0.69    0.62    0.57     25.63      2.14
    2005    0.45   15.38    5.33    0.38    0.36    0.33    0.41   13.32    4.78   20.44   35.92   10.52    107.61      8.97
    2006    1.47    0.82    0.62    0.56    0.55    1.21    1.16    1.97    1.32    0.94    0.85    0.68     12.14      1.01
    2007    0.57   34.21   42.73   10.54   13.62    4.75    0.57    0.53    0.54    0.58    0.61    0.60    109.85      9.15
    2008    0.52    2.80    0.97    0.32    6.19    2.19   19.97    6.84    2.56    1.56    0.79    0.61     45.32      3.78
    2009    1.81    1.00    1.10    0.36    0.85    0.36    0.32    0.31    2.99    1.69    0.64    0.47     11.88      0.99
  
 AVERAGE    2.53    4.06    3.33    1.87    2.13    3.07    3.37    2.68    1.45    1.69    2.29    2.16     30.62      2.55
