    1920    0.55    0.49    4.44    1.48   20.67   10.60    2.23    0.42    0.52    0.43    0.39    0.33     42.55      3.55
    1921    0.18    0.40   13.45    7.40    1.10    3.18    1.25    0.76    0.47    0.40    0.39    0.29     29.27      2.44
    1922    0.20    3.20    1.15    0.12    0.11    0.10    3.42    1.67    0.52    0.46    0.38    0.23     11.57      0.96
    1923    0.34    1.43    0.49    0.11    0.07    0.07    0.41    0.19    0.11    0.13    0.48    0.31      4.16      0.35
    1924    0.09    0.14    0.15    0.11    0.05    1.02    0.42    0.25    0.93    0.60    0.65    2.49      6.90      0.58
    1925    2.29    0.63    0.24    0.07    0.06    0.05    0.06    0.07    0.09    0.20    0.16    0.16      4.09      0.34
    1926    5.38    2.73    0.35    0.08    0.07    0.06    0.61    0.38    0.14    0.13    0.15    0.11     10.19      0.85
    1927    0.06    0.04    0.49    0.18    0.03    9.12    3.12    0.13    0.11    0.12    0.14    0.33     13.88      1.16
    1928    0.16    4.06    1.78    0.15    0.08    2.02    0.93    0.57    0.38    4.25    2.32    0.86     17.55      1.46
    1929    0.33    0.12    0.72    1.10    1.47    0.46    0.38    0.28    0.20    0.19    0.31    0.73      6.30      0.52
    1930    0.38    0.19    0.06    0.05    0.04    0.37    3.65    1.35    0.16    0.61    0.54    0.76      8.18      0.68
    1931    1.45    0.50   25.77    8.65    0.38    0.17    0.19    3.45    2.10    0.94    0.59   19.73     63.91      5.33
    1932    7.03    0.50    0.23    0.20    0.18    1.98    1.15    0.32    0.32    0.39    5.65    2.34     20.27      1.69
    1933    0.23    1.05    1.62    0.99    0.26    4.41    1.62    0.18    0.17    0.46    0.29    0.22     11.50      0.96
    1934    1.05    5.99    1.99    0.13    0.12    0.60    7.16    8.28    5.12    2.13    0.87    0.92     34.36      2.86
    1935    0.39    0.81    0.29    0.17    0.15    0.29    0.15    0.72    0.34    1.09    0.65    1.80      6.86      0.57
    1936    0.77    2.95    9.31    2.98    0.19    0.81    0.30    0.14    0.14    0.30    0.23    0.42     18.52      1.54
    1937    0.64    1.90    5.49    1.80    0.12    1.45    1.19    0.37    0.27    0.30    0.31    0.47     14.31      1.19
    1938    1.45    1.49    0.47    0.08    1.04    0.57    0.88    0.36    0.11    0.20    3.64    1.65     11.95      1.00
    1939    0.31    0.11    0.11    0.24   18.13   12.08    2.25    0.25    0.22    0.22    0.26    2.01     36.18      3.02
    1940    0.90    3.75    1.33    0.13    0.12    0.10   16.24    5.57    1.30    0.70    0.35    0.28     30.78      2.56
    1941    1.02    0.42    0.13    0.21    0.10    0.09    0.33    0.88    0.45    0.21    0.19    0.13      4.15      0.35
    1942    2.85    1.05    1.00    0.98    0.33    0.20    0.14    0.09    0.07    0.08    0.63    3.23     10.65      0.89
    1943    1.23   17.00    6.53    0.36    0.16    0.16    0.16    1.68    0.94    1.39    1.77    2.18     33.54      2.80
    1944    0.81    0.17    0.11    0.10    0.09    0.16    0.19    6.83    3.50    1.10    1.41    0.68     15.17      1.26
    1945    2.20    0.81    0.13    0.12    0.11    7.09    2.73    0.21    0.18    0.25    0.29    0.25     14.39      1.20
    1946    0.57    0.21    0.08    0.07    0.06    3.40    1.25    0.67    0.42    1.79    0.94    0.25      9.71      0.81
    1947    0.22    0.44    0.14    1.16    0.55    3.18    1.59    0.28    0.14    0.21    0.18    0.13      8.22      0.68
    1948    2.41    0.90    0.24    0.11    0.15    0.09    0.21    1.06    0.51    0.13    0.12    0.12      6.06      0.50
    1949    0.21    9.90    3.30    0.11    0.09    0.09    0.15    0.12    0.09    0.69    0.46    0.95     16.16      1.35
    1950    2.90   10.42    3.52   20.58    8.57    0.71    0.23    0.23    0.29    2.82    1.74    0.85     52.87      4.41
    1951    0.31    0.16    0.13    0.12    0.78    0.28    0.10    0.10    0.11    0.18    0.43    1.39      4.09      0.34
    1952    0.64    2.16    0.80    0.08    0.73    0.30    0.38    0.21    1.89   10.20    4.12    1.02     22.53      1.88
    1953    2.17    1.09    1.85    0.59    0.14    1.85    5.51    6.75    2.82    1.13    9.65    3.94     37.48      3.12
    1954    0.46    1.26    0.42    0.23    9.61    3.45    0.31    1.14    0.82    0.62    0.47    0.35     19.13      1.59
    1955    0.29    0.28    0.16    4.70    2.55    6.99    2.45    1.08    0.52    0.30    0.28    0.25     19.84      1.65
    1956    2.46    1.10    1.31    0.90    3.11    1.17    0.14    0.82    0.58    0.30    0.24    1.82     13.95      1.16
    1957    0.82    0.11    0.09    0.13    0.06    0.10    0.68    5.63    2.31    0.39    0.77    0.39     11.48      0.96
    1958    0.96    0.39    0.09    1.76    4.80    1.96    3.60    2.79    0.88    1.81    1.65    0.72     21.40      1.78
    1959    4.47    1.63    0.16    0.14    0.12    1.79    0.74    1.32    0.68    0.37    0.30    0.24     11.96      1.00
    1960    0.30    0.29    1.07    0.38    0.16   12.11    7.50    1.58    0.51    1.65    1.42    0.90     27.87      2.32
    1961    0.91    0.38    0.13    0.60    0.26    1.41    0.60    0.17    0.25    0.22   12.62    4.52     22.07      1.84
    1962    0.81    2.16    0.69    4.52    1.62    0.55    1.82    2.06    1.75    1.23    0.66    0.26     18.11      1.51
    1963    0.45    0.34   10.32    3.75    0.39    0.40    0.18    0.16    2.01    0.96    2.35   17.19     38.50      3.21
    1964    6.00    1.67    0.54    0.19    0.18    3.87    2.02    0.85    0.39    1.24    0.77    0.29     18.02      1.50
    1965    4.01    5.73    1.65    0.58    0.19    0.15    1.26    1.41    0.59    0.33    0.92    0.88     17.70      1.48
    1966    0.30    0.10    0.09    0.07    2.44    2.24   21.36   12.12    3.33    1.58    1.14    0.57     45.36      3.78
    1967    0.28    0.86    0.34    0.17    0.15    0.15    0.16    1.38    1.94    0.92    1.04    1.37      8.76      0.73
    1968    0.84    1.01    0.30    0.11    0.39    2.88    1.27    0.17    0.33    0.30    0.28    0.19      8.05      0.67
    1969    0.19    0.08    0.06    0.05    1.08    0.40    0.05    0.06    0.09    0.11    2.00    0.88      5.04      0.42
    1970    0.92    0.33    0.99    0.41    0.38    0.53    9.63    4.03    0.73   14.69   12.06    3.28     47.98      4.00
    1971    0.41    0.45    0.23    1.46    1.13    1.05    0.32    0.66    0.43    0.37    0.34    0.57      7.44      0.62
    1972    0.26    0.15    0.24    0.10    0.44    0.53    0.77    0.35    0.29    0.51    0.58    0.53      4.76      0.40
    1973    0.41    0.20    0.09    1.31    1.58    2.79    0.95    1.40    0.79    0.27    2.24    1.04     13.07      1.09
    1974    0.20    1.04    0.36    0.63    0.22    0.61    0.33    1.59    2.00    1.43    1.41    2.03     11.83      0.99
    1975    0.84    0.17    0.11    1.85    7.14    3.03    1.16    2.45    1.43    0.84    0.53    0.26     19.80      1.65
    1976    5.11    4.01    0.86    0.17    7.99    2.85    0.95    2.89    1.37    0.48    0.35    0.30     27.34      2.28
    1977    0.50    0.38    0.46    0.95    0.28    0.09    0.26    0.13    0.42    0.26    0.22    0.24      4.23      0.35
    1978    0.13    1.74    0.75    0.08    0.67    0.35    0.07    0.70    0.41    4.37    2.21    0.70     12.17      1.01
    1979    0.31    0.09    0.07    0.12    0.06    0.06    0.14    0.08    0.09    0.11    0.47    1.62      3.23      0.27
    1980    1.27   17.24    5.77   34.96   11.52    9.81    7.17    8.18    2.95    1.11    8.06    3.64    111.68      9.31
    1981    2.23    0.73    0.74    0.57    0.26    0.25   23.84    8.06    7.54    3.24    0.78    0.56     48.82      4.07
    1982    0.70    0.62    0.26    0.23    0.21    0.20    0.19    0.23    0.37    1.60    0.87    2.51      8.00      0.67
    1983    1.57    1.45    0.42    0.12    0.10    1.96    0.79    0.14    0.11    0.14    0.15    0.12      7.07      0.59
    1984    0.13    0.08    0.29    2.28    4.56    1.39    1.39    0.80    2.86    3.18    1.58    0.55     19.09      1.59
    1985    9.12    3.83   11.97    4.24    0.25    0.61    0.70    0.25    1.03    0.69   11.39    4.34     48.41      4.03
    1986    9.59    3.88    0.26    0.24    0.22    0.20   10.00    3.58    0.37    0.37    0.31   15.59     44.60      3.72
    1987    5.41    0.26    0.23    0.20    0.18    0.67    2.33    1.09    0.45    0.43    0.73    0.74     12.72      1.06
    1988    0.30    0.13    3.84    1.59    0.21    4.01   25.63    8.20    0.46    0.52    0.50    0.36     45.76      3.81
    1989    6.82   11.95    3.39    0.25    0.71    1.09    3.17    1.36    0.84    0.55    0.36    0.26     30.73      2.56
    1990    0.29    0.15    0.12    1.65    0.59    0.26    0.13    0.11    0.47    0.51    0.29    0.13      4.69      0.39
    1991   22.74    7.50    0.69    0.38    0.54    1.32    0.45    0.24    2.19    2.54    1.56    0.68     40.83      3.40
    1992   12.07    4.79    0.30    0.18    1.01    0.34    9.26    4.17    0.75    0.53    0.75   10.26     44.40      3.70
    1993    4.01    0.29    2.26    0.78    0.19    1.52    3.91    1.43    0.32    1.20    1.04    0.45     17.39      1.45
    1994    1.78    0.64    2.25    0.85    0.30    1.76    0.83    3.53    1.57    0.36    0.42    0.36     14.64      1.22
    1995    0.43    7.65   23.92    7.07    0.37    0.49    0.23    0.21    0.19    0.24    0.32    0.23     41.34      3.45
    1996   16.94   30.17    9.57    0.62    0.26    1.67    2.59    3.83    1.88    1.67    1.09    0.41     70.72      5.89
    1997    1.47    0.56    0.17    3.36    1.20    1.90    0.82    0.26    0.25    0.24    1.28    0.63     12.15      1.01
    1998    0.20    1.27    4.03    1.37    0.13    0.11    0.12    0.12    0.10    0.12    0.27    0.25      8.08      0.67
    1999    0.26    0.09    3.84    4.15    1.99   10.32    3.47    0.20    0.19    0.20    0.17    0.16     25.05      2.09
    2000    0.14   12.06    4.19    0.17    0.16    0.15    0.27    0.18    0.17    0.34    0.91    1.18     19.91      1.66
    2001    3.73   17.12    5.32    0.20    0.24    0.17    0.16    2.44    1.63    0.84    3.12    2.26     37.22      3.10
    2002    0.63    0.15    8.18    2.82    0.18   17.08    6.62   15.60    5.79    0.82    0.81    0.54     59.22      4.93
    2003    1.00    0.36    0.24    0.64    1.63    0.71    5.34    2.05    0.51    0.49    9.67    3.71     26.33      2.19
    2004    4.27    1.68    7.21    3.23    0.28    0.47    2.34    1.35    0.58    0.40    0.33    0.27     22.39      1.87
    2005    0.18    5.17    1.84    0.15    0.14    0.12    0.53    8.49    3.25   17.31   27.16    8.02     72.36      6.03
    2006    1.61    0.56    0.31    0.28    0.26    0.25    0.55    1.32    1.41    0.77    0.51    0.31      8.13      0.68
    2007    0.25   23.01   30.21    7.44    4.76    1.66    0.33    0.31    0.32    0.35    0.38    0.37     69.41      5.78
    2008    0.48    3.75    1.30    0.16    3.68    1.32   10.27    3.71    1.80    1.22    0.55    0.30     28.54      2.38
    2009    0.78    0.55    0.48    0.13    0.60    0.30    0.12    0.12    0.86    0.72    0.42    0.18      5.27      0.44
  
 AVERAGE    2.05    2.90    2.70    1.74    1.56    2.01    2.70    1.93    1.01    1.25    1.82    1.69     23.36      1.95
