    1920    1.41    1.89    4.72    1.66    6.58    6.20    6.64    3.21    2.51    1.88    1.37    1.81     39.86      3.32
    1921    1.90    1.83    5.27    9.19    4.95    9.32    4.45    4.07    2.41    6.40    3.58    2.29     55.66      4.64
    1922    3.13    9.02    3.51    0.91    1.20    1.27    5.27    3.42    2.50    1.54    0.95    0.81     33.52      2.79
    1923    1.93    2.31    1.58    1.23    1.57    1.06    0.76    0.76    0.68    0.65    1.78    1.93     16.23      1.35
    1924    2.30    2.02    4.99    2.53    0.60    9.35    6.24    2.42    1.92    1.32    3.35   25.46     62.51      5.21
    1925   11.97    2.92    3.15    2.22    0.88    2.62    1.76    0.96    2.43    4.35    3.31    2.44     39.01      3.25
    1926    6.63    9.99    3.71    2.48    6.90    4.17    1.19    3.22    1.96    0.99    1.82    1.39     44.46      3.71
    1927    1.86    1.91    1.27    0.68    0.75   12.21    7.91    2.15    0.99    0.85    2.38    4.45     37.40      3.12
    1928    2.87   17.66   12.30    3.11    2.84    4.66    2.53    2.01    2.00    8.13    9.63   12.07     79.79      6.65
    1929    6.97    2.70    6.81    5.13   12.60   10.18    6.82    6.33    5.00    3.59    6.26    5.31     77.71      6.48
    1930    5.38    2.41    1.90    7.36    3.77    2.77    4.56    2.11    0.98    3.33    2.74    2.48     39.79      3.32
    1931    6.22    3.29   44.05   20.68    7.56    5.17    1.69    1.13    1.74    1.58    1.15   19.02    113.30      9.44
    1932   10.01    3.98    1.94    0.47    3.30    4.56    3.34    3.56    2.26    1.46   11.90    5.67     52.45      4.37
    1933    1.39    7.00    2.89    4.78    5.15    6.40    2.44    0.59    0.51    3.57    3.29    2.44     40.45      3.37
    1934   10.14   11.13    3.40    1.99    2.78    1.38    3.36   22.54    9.74    2.96    2.71    7.56     79.69      6.64
    1935    5.16    4.97    5.39    2.18    3.01    2.80    1.16    3.99    2.08    3.16    1.94    3.70     39.53      3.29
    1936    3.77   13.48    6.18    2.57    2.38    8.78    3.53    0.57    0.53    1.36    1.04    1.68     45.88      3.82
    1937    2.04    4.54    7.61    5.38    1.41    1.48    1.84    1.02    0.61    0.57    0.72    1.38     28.60      2.38
    1938    1.74    3.62    3.34    1.10    8.21   15.99    5.42    0.76    0.38    5.30    8.90    7.30     62.07      5.17
    1939    4.35    5.19    3.35    3.11   16.60    9.07    2.24    0.92    0.80    0.78    0.63    1.88     48.92      4.08
    1940    1.67    3.49    1.40    1.99    2.37    1.90   12.50    5.04    1.87    1.26    0.89    1.50     35.87      2.99
    1941    8.06    5.52    5.18   11.32    4.07    5.06    3.54    3.80    2.21    1.07    1.02    1.21     52.07      4.34
    1942    2.47    3.21    6.86    9.46    3.32    6.49    4.36    1.37    0.76    0.85    2.18    5.89     47.21      3.93
    1943    6.33    9.71    6.19    1.44    0.81    4.87    2.45    8.24    4.21    5.12    3.44    8.38     61.18      5.10
    1944    5.62    2.16    0.91    1.09    1.13    1.24    0.72    6.76    4.98    2.16    4.28    2.80     33.83      2.82
    1945   10.53    4.22    0.78    2.29    4.61   14.09    5.01    0.59    0.53    0.72    0.92    1.23     45.51      3.79
    1946    1.65    1.65    0.83    0.89    2.12   10.06    4.43    1.79    1.74    3.61    2.12    3.72     34.59      2.88
    1947    3.40    4.13    1.72    8.29    3.59    2.86    5.83    2.62    0.85    0.86    0.71    1.90     36.74      3.06
    1948   10.69    6.11    2.16    5.02    3.06    0.83    1.84    2.37    1.15    0.50    0.68    1.74     36.16      3.01
    1949    1.40   14.87    5.25    0.65    1.41    1.01    0.56    0.62    0.39    5.62    3.59    2.44     37.82      3.15
    1950    6.56   21.34   12.19   19.68    7.91    3.16    1.33    0.96    1.98    7.55    6.25    7.73     96.64      8.05
    1951    3.32    0.62    0.64    7.13    5.13    2.12    2.75    2.50    1.58    1.43    6.58   17.28     51.09      4.26
    1952   10.01    9.78    4.72    3.76    7.04    3.61    5.46    2.62    8.30    7.30   10.39   11.14     84.12      7.01
    1953   22.81   19.21    6.43    0.98    0.75    4.58    5.63   12.54    6.27    5.21   36.53   15.72    136.65     11.39
    1954    3.83   13.95    5.38   13.63   22.71   10.45    3.78    2.44    1.95    1.75    1.57    1.90     83.34      6.95
    1955    4.53    8.14    2.74    2.38    3.87    6.01    3.04    5.51    2.68    1.03    1.01    1.42     42.36      3.53
    1956   10.25    5.81    7.45    3.47    3.75    5.95    2.48    1.46    3.12    2.18    2.97   10.79     59.68      4.97
    1957    5.84    1.25    1.10    0.89    0.51    6.72    4.15   10.24    4.75    1.04    4.82    2.91     44.22      3.68
    1958    2.69    1.50    2.35    7.70    4.70    7.59    7.83    3.87    1.32    2.63    5.24    2.92     50.33      4.19
    1959   10.77    5.49    3.69    7.98    2.84   10.74    6.82    3.80    2.45    1.74    1.10    3.98     61.38      5.12
    1960    2.93    4.93    7.43    4.29    2.96    9.96    7.01    3.46    1.59    1.28    1.66    1.95     49.45      4.12
    1961    3.22    2.45    2.26    2.69    2.19    7.17    5.86    2.21    0.77    0.72   23.88    9.21     62.62      5.22
    1962   11.69   10.85    2.99    6.24    3.12   29.70   11.34    1.78    1.13    1.61    1.32    0.93     82.70      6.89
    1963    2.71    2.12    4.99    5.69    4.23    4.14    2.87    1.21    4.88    2.55    4.54   22.06     61.99      5.17
    1964    9.11    2.47    1.19    1.15    1.25    4.31    2.58    3.43    2.27    1.54    1.16    0.83     31.28      2.61
    1965   13.35   21.22    7.54    6.12    4.15    1.18    2.15    2.39    1.30    0.77    7.04    5.64     72.86      6.07
    1966    2.16    0.73    4.43    1.76    9.94   12.41   23.91   18.11    5.67    3.93    2.92    3.91     89.88      7.49
    1967    2.42    3.38    1.46    0.36    0.31    2.99    2.41    1.95    9.87    4.40    3.02    3.68     36.26      3.02
    1968    3.30    8.63    3.35    1.26    1.52    5.29    2.79    0.81    3.33    2.23    1.73    1.74     35.95      3.00
    1969    2.81    1.30    0.26    1.99    6.67    2.73    0.52    0.50    0.54    0.68    5.02    3.06     26.08      2.17
    1970    5.53    2.42    7.82    3.27    7.03    8.60    8.52    6.55    2.97   12.14   14.70    5.47     85.04      7.09
    1971    1.99    8.73    3.27    1.19   10.65    6.84    2.44    1.73    1.42    1.40    2.85    1.86     44.36      3.70
    1972    0.97    1.29    1.30    2.40    1.58    1.59    3.79    2.17    1.46    1.25    1.47    1.89     21.15      1.76
    1973    1.22    2.88    1.94    5.56    7.24    6.96    2.38    3.66    2.14    0.77    2.27    2.70     39.72      3.31
    1974    1.57    1.77    0.70    5.21    2.31    4.34    2.51    1.12    1.69    2.46    3.63    9.83     37.12      3.09
    1975    4.09    3.47    5.11    3.00    2.85    4.48    1.99    3.11    2.38    2.83    2.14    2.25     37.70      3.14
    1976   12.89    9.34    3.24    0.67   10.70    6.84    2.09   15.04    6.34    1.15    2.43    4.86     75.60      6.30
    1977    3.35    4.73    2.87    1.92    0.74    1.05    1.39    0.98    1.73    1.54    2.68    2.18     25.16      2.10
    1978    4.36    5.21    4.07    3.81    2.30    1.28    1.89    3.22    2.38    5.96    5.32    9.04     48.83      4.07
    1979    4.08    1.00    1.88    2.48    1.05    0.57    0.95    0.66    1.74    1.23    1.49    4.29     21.42      1.79
    1980    7.86    8.19    8.24   20.64   11.98   12.81   11.90   28.66   12.15    3.34   21.20    9.82    156.79     13.07
    1981    5.29    2.86    4.28    2.10    4.17    4.52   14.44    5.47    2.79    2.86    1.94    7.93     58.66      4.89
    1982    6.96    2.32    1.41    0.59    0.68    0.69    0.77    1.22    5.01   12.40    5.43    3.41     40.88      3.41
    1983    7.69    7.64    4.94    2.18    1.53    5.23    2.54    0.94    0.79    4.22    2.39    1.45     41.53      3.46
    1984    3.95    3.01    2.36    4.57    6.35    3.02    3.07    1.63    1.14    2.79    1.86    0.86     34.59      2.88
    1985   17.05   10.27    8.38    4.47    2.09    1.25    0.86    0.50    0.51    0.76   10.61    4.89     61.66      5.14
    1986   11.48    6.21    3.63    2.22    0.93    1.44   10.59    4.17    1.25    0.94    2.33    9.54     54.74      4.56
    1987    4.31    0.95    1.45    0.73    0.94    1.31    4.68    3.75    2.60    1.80    3.80    2.96     29.29      2.44
    1988    2.52    1.56    3.23    2.36    1.25    1.34    6.68    2.92    0.64    0.75    0.88    0.88     25.01      2.08
    1989   14.35   15.80    4.06    0.55    9.97    5.92    5.52    3.72    3.43    1.92    1.43    1.20     67.86      5.66
    1990    4.31    3.22    1.23    2.48    2.71    1.73    1.67    1.17    1.66    1.76    1.54    1.21     24.70      2.06
    1991   13.17    5.10    4.34    4.18    3.95    4.88    2.56    2.24    2.18    6.21    4.07    2.08     54.95      4.58
    1992   17.63    8.69    1.47    4.19    2.05    1.59   10.54    7.57    2.86    1.53    1.56   24.23     83.90      6.99
    1993    9.65    3.36   10.45    5.50    5.08    8.27    6.28    2.60    1.46    3.49   11.78    6.05     73.97      6.16
    1994    5.85    2.43   16.92   10.02    5.86    9.95   13.00    6.31    3.04    1.75    1.35    1.15     77.62      6.47
    1995    0.99   14.93   13.16    5.52    1.71    0.75    1.22    0.84    0.61    0.88    1.14    3.17     44.94      3.75
    1996   17.20   35.81   12.58    1.58    4.58    6.77    4.18    7.17    4.71    2.53    3.58    2.70    103.39      8.62
    1997    4.08    1.98    0.85    3.09    1.81   10.49    4.19    0.96    0.66    0.82    1.46    1.06     31.45      2.62
    1998    0.67    1.26    2.41    3.95    2.77    6.48    4.60    1.66    0.55    0.79    1.16    4.05     30.34      2.53
    1999    9.27    3.34    1.25   10.29    5.61   14.82    5.43    0.85    0.67    0.58    0.55    0.68     53.33      4.44
    2000    1.05   10.30   12.57    4.00    3.15    4.13    9.58    3.93    0.76    0.81    4.12    3.48     57.86      4.82
    2001    3.00    9.61    4.14    8.67    3.63    0.59    0.82    1.12    1.52    3.99    5.53    8.00     50.62      4.22
    2002    3.31    0.89    1.70    0.99    1.76   21.92    8.47    6.85    3.71    1.50    1.82    1.42     54.33      4.53
    2003    2.42    1.34    1.15    1.10    3.31    3.07    3.29    1.75    1.11    1.00    2.47    2.98     25.02      2.08
    2004    6.74    2.68   13.86    9.49    2.40    1.17    3.39    2.38    1.57    0.95    0.71    0.76     46.10      3.84
    2005    0.51    2.43    0.99    2.05    2.61    1.76    7.16    7.95    3.30    5.30   34.17   13.17     81.39      6.78
    2006    7.07    3.04    0.70    1.44    0.80    4.59    2.51    2.76    2.29    1.22    0.79    0.60     27.81      2.32
    2007    0.86   64.21   35.57    7.32    3.63    2.41    1.02    0.46    1.62    1.10    2.76    1.99    122.95     10.25
    2008    2.20   10.80    3.71    0.24    1.58    0.72    0.88    0.55    1.49    2.00    1.37    1.45     26.98      2.25
    2009    1.80    1.57    2.06    1.68    2.62    1.24    1.29    0.94    3.11    4.26    3.28    1.72     25.59      2.13
  
 AVERAGE    5.67    6.65    5.07    4.20    4.03    5.51    4.45    3.69    2.44    2.58    4.38    4.89     53.57      4.46
