    1920    0.95    0.86    1.18    0.73    1.24    1.45    1.46    1.24    1.22    1.40    1.44    1.74     14.91      1.24
    1921    1.45    1.15    1.23    0.76    0.49    0.90    2.07    1.98    1.71    2.40    2.29    2.21     18.63      1.55
    1922    2.32    2.94    1.59    1.04    0.59    0.40    1.18    1.18    1.25    1.15    1.14    1.08     15.87      1.32
    1923    1.13    1.23    0.79    0.44    0.31    0.29    0.32    0.38    0.56    0.55    1.13    1.45      8.57      0.71
    1924    1.37    1.12    0.77    0.48    0.30    0.35    0.52    0.48    0.83    0.86    1.05    4.60     12.73      1.06
    1925    3.32    1.97    1.38    0.70    0.44    0.67    0.54    0.43    0.53    1.00    1.13    1.28     13.37      1.11
    1926    1.36    2.92    1.55    0.57    0.40    0.37    0.30    1.16    0.93    0.66    1.09    1.02     12.33      1.03
    1927    0.78    0.59    0.33    0.26    0.35    2.37    1.44    0.77    0.80    0.75    0.82    1.24     10.49      0.87
    1928    1.20    3.66    2.33    0.89    0.51    0.38    0.34    0.47    0.56    1.19    1.33    1.40     14.26      1.19
    1929    1.25    0.87    0.70    0.45    1.82    1.27    0.75    1.16    1.11    1.07    1.52    1.71     13.67      1.14
    1930    1.49    0.97    0.86    0.79    0.48    0.30    0.49    0.48    0.42    0.79    0.92    1.47      9.46      0.79
    1931    2.70    1.74   14.85    6.92    1.72    1.05    0.72    0.67    0.89    0.94    0.84    9.84     42.89      3.57
    1932    5.58    2.26    1.02    0.39    0.31    0.57    0.62    0.70    0.70    0.66    2.69    1.96     17.47      1.46
    1933    1.04    0.86    0.51    0.30    0.32    0.51    0.40    0.31    0.32    0.83    1.12    1.10      7.62      0.63
    1934    4.16    2.70    1.09    0.54    0.46    0.41    0.68   21.78    9.24    2.68    2.73    2.87     49.34      4.11
    1935    3.05    2.71    1.86    1.21    0.87    0.80    0.63    1.14    1.00    1.68    1.48    1.67     18.08      1.51
    1936    1.79    2.84    1.87    0.88    1.30    1.40    0.92    0.56    0.58    1.21    1.25    2.14     16.74      1.39
    1937    2.05    1.54    1.21    0.97    0.50    0.45    0.50    0.43    0.41    0.43    0.55    0.90      9.93      0.83
    1938    1.25    1.56    1.37    0.69    1.79    1.61    1.03    0.66    0.41    0.93    2.78    2.78     16.85      1.40
    1939    2.10    1.40    0.84    1.47    2.34    1.58    1.11    0.94    0.78    0.83    0.75    1.00     15.14      1.26
    1940    1.00    0.93    0.54    0.38    0.36    0.42    2.31    1.53    1.76    1.59    1.24    1.44     13.51      1.13
    1941    2.94    2.23    2.03    2.09    1.14    0.87    0.67    2.00    1.74    1.56    1.55    1.35     20.17      1.68
    1942    1.29    0.97    0.93    1.28    0.92    0.93    0.73    0.51    0.42    0.46    1.08    5.91     15.41      1.28
    1943    3.84    5.31    3.65    1.37    0.71    0.60    0.55    7.53    4.11    2.60    2.58    3.13     35.97      3.00
    1944    2.72    1.77    1.00    0.48    0.31    0.26    0.22    2.63    2.54    1.96    1.83    1.53     17.26      1.44
    1945    1.51    1.07    0.99    0.72    0.54    2.11    1.35    0.71    0.57    0.77    0.86    0.96     12.17      1.01
    1946    1.05    0.74    0.47    0.43    0.33    0.85    0.88    1.03    1.17    2.78    2.23    1.94     13.90      1.16
    1947    1.75    1.39    0.80    0.75    0.57    0.45    1.03    0.81    0.54    0.55    0.61    0.99     10.24      0.85
    1948    1.49    1.16    0.85    1.02    0.77    0.42    0.42    0.70    0.61    0.48    0.52    0.81      9.24      0.77
    1949    0.79    2.99    1.55    0.48    0.27    0.25    0.34    0.35    0.28    0.80    1.11    1.30     10.50      0.87
    1950    1.68    6.08    3.46    4.48    2.23    0.85    0.53    0.65    1.29    3.69    3.85    3.97     32.77      2.73
    1951    2.82    1.37    0.52    1.26    0.87    0.49    0.69    0.86    1.04    1.20    2.33    7.74     21.20      1.77
    1952    4.73    2.31    1.45    0.84    1.18    0.74    0.50    0.44    1.89    1.99    3.14    2.86     22.08      1.84
    1953    6.49    3.98    1.64    0.67    0.33    0.57    0.64    1.38    1.38    2.08   13.56    6.57     39.29      3.27
    1954    2.34    3.92    2.03    1.17    5.26    2.57    0.94    0.79    0.78    0.80    0.85    1.02     22.45      1.87
    1955    1.48    3.80    1.89    0.62    0.52    1.10    0.93    3.53    2.39    1.34    1.10    1.61     20.30      1.69
    1956    3.00    2.25    1.84    1.04    0.85    0.84    0.70    1.04    1.57    1.49    1.92    2.49     19.02      1.58
    1957    2.47    1.51    0.67    0.38    0.29    0.93    1.09    1.77    1.65    1.22    1.48    1.40     14.85      1.24
    1958    1.33    0.91    0.61    1.97    1.18    0.81    2.23    2.12    1.54    1.43    3.40    2.97     20.49      1.71
    1959    3.47    2.29    1.17    1.60    0.86    1.27    1.24    1.13    1.21    1.73    1.61    1.87     19.43      1.62
    1960    1.55    1.20    0.82    0.76    0.54    1.11    1.02    1.12    0.98    0.83    1.17    1.17     12.27      1.02
    1961    1.41    1.04    0.59    0.79    0.65    1.47    1.35    1.02    0.79    0.63    7.68    3.93     21.36      1.78
    1962    3.36    2.80    1.36    0.66    0.38    6.25    3.11    1.23    0.98    1.62    1.59    1.20     24.54      2.05
    1963    0.93    0.62    0.98    0.97    0.56    0.56    0.91    0.74    1.45    1.30    1.63    6.66     17.31      1.44
    1964    4.02    2.61    1.35    0.49    0.30    1.40    1.71    1.56    1.48    1.39    1.16    0.94     18.42      1.53
    1965    2.64    3.63    2.07    1.17    0.86    0.54    0.50    0.78    0.70    0.59    1.50    1.54     16.53      1.38
    1966    1.12    0.80    0.58    0.36    0.42    0.83    6.72    5.34    3.21    2.94    2.78    2.70     27.80      2.32
    1967    2.14    1.46    0.82    0.40    0.41    0.63    0.58    0.77    3.74    2.46    1.79    1.98     17.19      1.43
    1968    1.90    1.80    1.03    0.60    0.47    0.65    0.54    0.44    0.88    0.92    0.91    0.89     11.03      0.92
    1969    1.10    0.85    0.41    0.29    0.63    0.45    0.29    0.25    0.26    0.35    1.83    1.51      8.21      0.68
    1970    1.37    0.92    2.56    1.29    1.12    1.24    1.54    2.20    2.04    5.55   12.57    5.57     37.96      3.16
    1971    2.03    3.02    1.66    0.68    2.02    1.37    0.74    1.03    1.21    1.38    2.28    1.94     19.35      1.61
    1972    1.26    0.76    0.46    0.35    0.29    0.41    0.55    0.58    0.55    0.59    0.67    0.94      7.43      0.62
    1973    0.93    1.32    0.84    1.12    0.93    1.29    0.96    1.69    1.38    0.93    2.36    2.30     16.05      1.34
    1974    1.83    1.52    0.80    0.71    0.60    0.59    0.52    0.45    0.46    1.02    1.38    3.09     12.97      1.08
    1975    2.28    1.47    1.20    0.80    1.03    1.42    0.99    0.81    0.87    1.45    1.57    1.42     15.31      1.28
    1976    6.27    3.96    1.90    0.82    2.63    2.05    1.09    4.44    3.15    2.02    2.00    2.18     32.50      2.71
    1977    2.05    1.90    1.14    0.55    0.31    0.27    0.37    0.48    0.90    0.86    1.21    1.17     11.21      0.93
    1978    1.31    1.41    1.27    0.98    0.60    0.38    0.33    0.52    0.64    1.78    2.92    2.89     15.03      1.25
    1979    2.17    1.27    0.71    0.53    0.33    0.25    0.41    0.49    0.92    0.86    0.87    1.18      9.99      0.83
    1980    1.70    2.09    1.66    4.24    2.16    5.33    4.50   16.42    7.43    2.91   10.55    5.40     64.40      5.37
    1981    3.80    2.59    1.40    0.70    0.41    0.51   10.98    4.69    1.31    1.35    1.30    2.04     31.07      2.59
    1982    2.06    1.36    0.70    0.33    0.69    0.52    0.38    0.84    2.45    5.47    4.08    3.55     22.41      1.87
    1983    3.61    2.42    1.52    0.78    0.49    0.66    0.52    0.46    0.53    0.84    0.96    0.91     13.69      1.14
    1984    1.13    0.98    0.92    1.12    1.17    0.85    1.46    1.39    1.47    1.89    1.68    1.28     15.34      1.28
    1985    5.76    3.73    2.55    1.96    0.93    0.54    0.48    0.42    0.41    0.47    2.44    1.90     21.60      1.80
    1986    3.08    2.15    1.11    0.72    0.60    0.58    1.62    1.16    0.91    0.81    1.02    5.17     18.94      1.58
    1987    3.10    1.23    0.61    0.34    0.23    0.21    1.01    0.90    1.02    1.02    1.16    1.23     12.07      1.01
    1988    1.24    0.96    0.62    0.34    0.21    0.23    0.76    0.65    0.53    0.74    0.73    0.80      7.80      0.65
    1989    7.77    5.56    1.98    0.80    0.96    0.68    1.08    1.07    1.96    1.63    1.41    1.35     26.25      2.19
    1990    1.79    1.58    0.92    0.65    0.68    0.59    0.40    0.44    0.50    0.57    0.62    0.57      9.31      0.78
    1991    1.32    0.94    0.76    0.55    0.96    0.73    0.55    0.92    1.02    1.76    4.92    3.73     18.16      1.51
    1992   10.31    5.91    1.99    0.86    0.50    0.40    0.57    0.81    1.00    1.00    1.01   13.93     38.29      3.19
    1993    6.24    1.63    1.38    0.89    0.71    0.53    1.53    1.26    0.96    1.13    2.69    2.37     21.31      1.78
    1994    2.38    1.62    3.70    1.86    0.74    1.22    1.71    1.84    1.64    1.45    1.43    1.32     20.91      1.74
    1995    1.11    5.00    3.01    1.23    0.58    0.37    0.32    0.28    0.25    0.37    0.56    0.65     13.73      1.14
    1996    5.48   12.16    5.17    1.27    0.78    1.03    1.56    2.01    1.96    1.76    2.13    1.93     37.24      3.10
    1997    2.03    1.46    0.77    0.65    0.40    0.88    0.60    0.68    0.62    0.77    1.25    1.26     11.37      0.95
    1998    1.05    1.07    0.73    0.55    0.48    0.61    0.73    0.58    0.40    0.46    0.59    0.73      7.99      0.67
    1999    1.45    0.97    0.39    0.87    0.82    2.04    1.29    0.65    0.41    0.31    0.27    0.33      9.79      0.82
    2000    0.60    1.62    1.42    1.12    0.69    0.54    1.19    0.91    0.57    0.60    1.61    1.70     12.57      1.05
    2001    1.42    1.36    0.85    0.90    0.57    0.30    0.31    0.39    0.63    1.46    2.11    2.79     13.08      1.09
    2002    2.18    1.93    1.24    0.66    0.51    5.70    2.95    2.59    2.34    1.90    1.77    1.48     25.23      2.10
    2003    1.20    0.82    0.50    0.39    0.35    0.65    0.79    0.68    0.69    0.74    0.82    1.55      9.17      0.76
    2004    1.73    1.14   12.18    4.78    0.78    0.95    0.99    0.90    0.81    0.68    0.57    0.53     26.03      2.17
    2005    0.46    1.80    1.02    0.68    0.47    0.81    1.21    2.04    1.89    2.41   23.22    9.57     45.58      3.80
    2006    2.48    1.52    1.02    0.82    0.55    1.25    0.96    1.67    1.54    1.27    1.56    1.51     16.16      1.35
    2007    2.01   30.49   12.70    2.23    1.15    0.92    0.79    0.61    0.62    0.61    0.65    0.72     53.49      4.46
    2008    1.08    1.93    1.15    0.39    0.30    0.23    0.29    0.31    0.42    0.67    0.66    0.78      8.21      0.68
    2009    0.76    0.55    0.39    0.27    0.28    0.22    0.34    0.32    0.84    1.26    1.26    1.02      7.51      0.63
  
 AVERAGE    2.34    2.40    1.69    1.01    0.79    0.97    1.11    1.58    1.29    1.34    2.22    2.36     19.11      1.59
