    1920    1.23    1.12    2.22    1.36    1.34    4.88    4.96    3.20    2.76    2.74    2.77    2.52     31.10      2.59
    1921    2.12    1.99    4.56    2.73    1.42    1.33    3.04    3.00    2.67    8.32    4.90    3.16     39.23      3.27
    1922    2.75    2.95    1.60    1.12    0.63    0.41    1.21    1.19    1.61    1.59    1.66    1.61     18.32      1.53
    1923    1.83    1.75    1.18    1.02    0.62    0.43    0.34    0.41    0.66    0.67    2.50    2.69     14.09      1.17
    1924    2.22    1.81    1.38    0.72    0.33    0.39    0.93    0.77    2.81    2.28    2.06    9.74     25.44      2.12
    1925    5.79    3.04    3.03    1.60    0.82    1.32    0.89    0.49    0.57    1.20    1.64    2.06     22.44      1.87
    1926    2.25    4.65    2.23    0.64    0.41    0.53    0.37    3.16    1.92    1.11    1.56    1.47     20.30      1.69
    1927    1.15    1.00    0.59    0.36    1.03    6.04    3.16    1.38    1.45    1.44    1.63    2.76     21.98      1.83
    1928    2.51    5.45    3.40    1.28    0.85    0.63    0.45    0.73    0.90    2.22    2.58    2.72     23.72      1.98
    1929    2.57    1.71    1.37    0.91    3.96    2.04    0.97    2.28    2.08    1.99    2.41    2.61     24.89      2.07
    1930    2.25    1.51    1.58    1.49    0.79    0.43    0.53    0.62    0.67    1.65    1.75    2.57     15.85      1.32
    1931    4.72    2.85   25.80   10.80    1.63    1.35    0.91    0.80    1.67    1.74    1.63   25.45     79.33      6.61
    1932   12.72    3.25    1.30    0.49    0.45    0.70    0.71    1.39    1.33    1.20    5.08    3.49     32.12      2.68
    1933    1.73    1.46    0.84    0.46    0.51    0.70    0.50    0.39    0.43    1.27    1.64    1.63     11.56      0.96
    1934    6.62    3.82    1.28    0.51    0.52    0.50    0.60   25.54   10.82    3.66    3.29    3.99     61.17      5.10
    1935    4.34    3.58    2.22    1.19    0.75    0.83    0.69    1.54    1.34    3.15    2.53    2.62     24.80      2.07
    1936    2.94    3.84    2.49    1.11    1.47    1.44    0.90    0.53    0.55    1.21    1.30    2.72     20.50      1.71
    1937    2.44    1.56    1.40    1.13    0.53    0.73    0.71    0.54    0.47    0.45    0.62    0.92     11.48      0.96
    1938    1.09    1.45    1.40    0.68    4.47    3.59    1.68    0.98    0.64    1.25    3.41    3.70     24.32      2.03
    1939    2.91    1.73    1.05    1.58    1.60    1.21    0.98    0.80    0.72    0.99    0.97    1.14     15.68      1.31
    1940    1.10    0.90    0.55    0.58    0.42    0.47    2.81    1.72    1.53    1.55    1.32    1.47     14.42      1.20
    1941    3.62    2.76    2.80    2.31    1.16    0.86    0.62    2.87    2.16    1.79    1.98    1.77     24.71      2.06
    1942    1.80    1.31    0.96    1.44    0.93    0.66    0.53    0.39    0.50    0.69    1.37    6.01     16.59      1.38
    1943    3.97    5.71    4.05    1.43    0.86    0.66    0.51   13.43    6.01    2.72    2.56    2.91     44.82      3.74
    1944    2.60    1.79    0.98    0.43    0.26    0.20    0.16    2.59    2.80    2.27    2.09    1.70     17.89      1.49
    1945    1.36    0.91    1.05    0.83    0.63    2.57    1.46    0.71    0.60    0.88    1.20    1.30     13.50      1.13
    1946    1.52    1.05    0.57    1.01    0.68    1.47    1.38    1.51    1.78    3.77    3.11    2.71     20.56      1.71
    1947    2.26    1.88    1.07    0.86    0.67    0.55    1.33    0.96    0.64    0.68    0.78    1.24     12.94      1.08
    1948    1.64    1.40    1.02    1.07    0.77    0.39    0.39    0.61    0.55    0.46    0.55    0.78      9.63      0.80
    1949    0.72    5.16    2.31    0.52    0.26    0.19    0.24    0.40    0.37    1.08    1.64    1.89     14.76      1.23
    1950    2.11    7.20    3.92    4.52    2.13    0.76    0.44    0.90    1.95    4.71    9.83    8.41     46.87      3.91
    1951    3.66    1.38    0.57    1.44    1.01    0.49    0.61    0.65    0.82    1.05    3.00    8.61     23.30      1.94
    1952    4.80    2.25    1.27    0.65    0.47    0.29    0.25    0.23    1.55    1.81    3.25    3.33     20.16      1.68
    1953   12.48    6.08    1.79    0.71    0.27    0.48    0.56    1.95    1.88    2.83   15.18    7.20     51.41      4.28
    1954    2.49    3.07    1.61    1.00    5.05    2.32    0.85    0.76    0.78    0.83    1.20    1.46     21.41      1.78
    1955    1.89    9.93    4.07    0.76    0.61    1.14    0.86    4.75    2.94    1.63    1.56    2.80     32.93      2.74
    1956    5.21    3.75    3.25    1.60    1.19    1.15    0.86    1.52    2.09    2.00    2.96    3.69     29.26      2.44
    1957    3.35    1.93    0.94    0.57    0.34    1.74    1.43    2.78    2.46    1.81    2.25    2.20     21.81      1.82
    1958    2.26    1.48    0.96    2.11    1.16    0.96    2.46    2.64    1.98    2.07    4.66    3.96     26.70      2.23
    1959    3.58    2.34    1.21    1.62    0.83    0.63    1.04    1.11    1.22    2.60    2.44    2.63     21.25      1.77
    1960    2.14    1.66    1.28    1.14    0.96    4.36    2.37    1.77    1.56    1.40    1.81    1.78     22.24      1.85
    1961    2.06    1.39    0.75    0.72    0.60    2.39    1.74    1.16    1.02    0.97    8.56    4.73     26.09      2.17
    1962    6.83    4.44    1.70    1.00    0.58    5.13    3.38    1.93    1.77    2.62    2.76    2.06     34.19      2.85
    1963    1.62    1.08    1.79    1.38    0.76    1.45    1.61    1.15    3.60    2.80    3.31   13.34     33.88      2.82
    1964    6.09    2.67    1.49    0.63    0.37    1.95    2.72    2.20    2.15    2.23    1.88    1.51     25.90      2.16
    1965    4.01    5.74    2.83    1.63    1.20    0.75    0.61    0.77    0.73    0.74    2.33    2.38     23.72      1.98
    1966    1.68    1.27    0.83    0.46    0.46    1.33    6.74    5.52    3.61    3.37    3.24    4.58     33.07      2.76
    1967    3.20    2.08    1.21    0.60    0.74    0.99    0.81    0.91    4.33    2.94    2.46    3.24     23.51      1.96
    1968    2.96    2.48    1.40    0.97    0.80    0.88    0.68    0.52    1.04    1.25    1.38    1.32     15.67      1.31
    1969    1.57    1.14    0.56    0.46    1.01    0.67    0.38    0.28    0.27    0.40    3.08    2.28     12.12      1.01
    1970    2.40    1.59    3.42    1.67    1.24    1.15    2.04    3.62    2.94    9.18   17.25    6.81     53.31      4.44
    1971    2.28    3.38    1.82    0.94    2.50    1.58    0.83    0.92    1.30    1.64    2.80    2.32     22.31      1.86
    1972    1.45    0.86    0.54    0.44    0.35    0.66    0.73    0.71    0.71    0.75    0.90    1.25      9.36      0.78
    1973    1.21    1.63    0.96    1.43    0.96    1.18    0.85    1.86    1.54    1.09    4.87    4.04     21.63      1.80
    1974    2.88    2.02    1.04    0.98    1.08    0.90    0.69    0.55    0.60    1.25    1.55    4.76     18.30      1.52
    1975    3.09    1.94    1.96    1.25    1.69    2.04    1.21    0.97    1.03    1.96    2.23    2.37     21.73      1.81
    1976    8.36    5.30    2.33    0.98    2.85    2.48    1.26    4.77    3.26    2.19    2.23    2.49     38.51      3.21
    1977    2.18    2.10    1.32    0.66    0.31    0.20    0.41    0.62    1.13    1.09    1.25    1.27     12.56      1.05
    1978    1.46    1.65    1.87    1.45    0.76    0.38    0.57    0.76    0.88    3.12   10.47    6.00     29.38      2.45
    1979    2.94    1.68    1.02    0.72    0.41    0.25    0.45    0.51    1.03    0.99    1.02    1.31     12.33      1.03
    1980    1.76    1.56    1.37    4.83    2.29    7.89    4.13   10.43    5.89    3.36   17.36    7.59     68.47      5.71
    1981    5.23    3.44    1.83    0.96    0.62    0.77    7.66    3.59    1.42    1.86    1.91    2.41     31.69      2.64
    1982    2.25    1.40    0.92    0.46    1.34    0.89    0.54    1.01    2.44   11.35    6.07    3.57     32.24      2.69
    1983    3.58    2.49    1.53    0.80    0.45    0.77    0.53    0.37    0.59    0.78    0.86    0.89     13.65      1.14
    1984    0.85    0.69    0.69    1.01    0.80    0.57    1.28    1.20    1.30    1.89    1.80    1.49     13.57      1.13
    1985    4.94    3.28    1.92    1.73    0.81    0.34    0.26    0.25    0.36    0.45    2.24    1.96     18.55      1.55
    1986    4.54    2.71    1.09    0.55    0.62    0.70    1.70    1.21    1.39    1.34    1.62    5.88     23.36      1.95
    1987    3.67    1.48    0.81    0.45    0.24    0.25    1.14    1.31    1.60    1.71    2.00    2.01     16.67      1.39
    1988    1.90    1.29    0.84    0.43    0.22    0.22    0.61    0.55    0.49    1.01    1.02    1.13      9.72      0.81
    1989    8.12    7.04    2.55    0.95    1.84    1.08    0.96    1.16    2.06    1.93    2.16    2.21     32.04      2.67
    1990    2.61    2.25    1.24    0.66    0.89    0.75    0.44    0.52    0.61    0.70    0.92    0.93     12.52      1.04
    1991    2.11    1.38    1.28    0.83    1.92    1.57    0.99    1.48    1.65    2.20   10.34    5.50     31.24      2.60
    1992    9.10    5.85    2.05    0.99    0.54    0.35    0.57    0.65    1.55    1.55    1.49   18.02     42.72      3.56
    1993    7.89    2.01    1.71    1.11    0.73    0.50    2.82    1.86    1.29    1.68    2.72    2.85     27.16      2.26
    1994    3.35    2.16    6.66    3.12    1.17    1.28    2.24    2.21    1.85    1.62    1.85    1.84     29.35      2.45
    1995    1.59    7.65    4.07    1.25    0.53    0.36    0.29    0.26    0.25    0.50    0.72    0.95     18.41      1.53
    1996    5.27   12.25    5.33    1.29    1.04    1.07    3.59    2.74    2.43    2.57    2.66    2.39     42.61      3.55
    1997    2.08    1.54    0.83    0.90    0.57    1.04    0.71    0.67    0.68    1.20    2.16    2.17     14.54      1.21
    1998    1.91    1.56    0.90    0.89    0.57    1.00    0.90    0.65    0.48    0.90    1.03    1.71     12.51      1.04
    1999    2.06    1.27    0.49    0.97    1.01    2.52    1.48    0.74    0.50    0.41    0.37    0.66     12.49      1.04
    2000    1.01    3.54    2.64    1.73    0.95    0.74    0.97    0.78    0.57    0.79    2.81    3.02     19.56      1.63
    2001    2.37    1.63    1.00    0.93    0.59    0.34    0.29    0.41    0.58    1.74    2.70    2.96     15.55      1.30
    2002    2.20    2.26    1.41    0.80    0.58    4.54    2.48    2.31    2.31    2.41    2.45    2.13     25.88      2.16
    2003    1.73    1.17    0.80    0.69    0.62    0.72    0.76    0.67    0.82    0.98    1.13    2.94     13.04      1.09
    2004    2.97    1.76   10.48    4.30    0.98    1.19    1.18    0.95    0.87    0.80    0.68    0.62     26.78      2.23
    2005    0.53    1.73    1.03    1.24    0.81    0.95    1.64    3.43    2.81    3.55   22.53    9.28     49.54      4.13
    2006    2.54    1.61    1.07    0.69    0.43    1.54    1.03    1.89    1.73    1.53    2.04    1.92     18.03      1.50
    2007    2.23   27.83   11.62    2.10    1.11    0.79    0.62    0.48    0.62    0.61    0.76    0.80     49.58      4.13
    2008    1.14    3.81    1.90    0.50    0.28    0.17    0.25    0.25    0.44    0.76    0.78    0.91     11.19      0.93
    2009    0.92    0.65    0.40    0.23    0.24    0.21    0.44    0.39    3.06    2.38    2.06    1.75     12.74      1.06
  
 AVERAGE    3.13    2.98    2.18    1.26    0.98    1.26    1.29    1.87    1.64    1.93    3.15    3.42     25.09      2.09
