    1920    4.11    3.66    9.11    5.28    6.26   14.86   14.64    6.80    3.09    4.80    3.26    4.71     80.58      6.72
    1921    3.24    5.47   13.65    8.93    4.98    5.11   10.96    9.20    4.57   14.53    6.73    4.83     92.19      7.68
    1922    5.35    8.18    3.18    4.35    2.03    1.20    6.32    4.58    5.90    3.41    3.60    2.81     50.91      4.24
    1923    5.06    5.42    3.53    4.47    2.18    1.37    0.88    1.52    3.02    1.83    9.64    8.73     47.65      3.97
    1924    4.81    4.39    4.50    1.90    0.58    2.03    5.34    2.53   10.45    5.47    4.24   18.66     64.90      5.41
    1925   11.22    6.81    9.43    4.40    2.40    6.18    2.43    0.54    1.81    5.37    5.57    5.99     62.14      5.18
    1926    6.00   13.10    4.43    0.79    1.52    2.81    1.11   11.28    4.87    1.48    4.76    2.73     54.90      4.57
    1927    1.65    2.86    1.33    1.30    5.97   16.88    8.09    2.12    3.49    2.55    3.73    8.58     58.55      4.88
    1928    5.45   13.84    9.59    2.85    3.16    2.15    1.00    3.36    3.33    8.97    7.40    6.07     67.17      5.60
    1929    5.23    2.60    4.68    3.45   12.78    5.56    2.45    8.78    5.26    3.34    6.02    5.22     65.36      5.45
    1930    4.15    2.25    6.02    6.82    2.41    0.97    2.35    2.31    1.94    7.28    4.80    7.88     49.18      4.10
    1931   13.21    4.92   35.46   19.58    3.48    5.02    2.14    2.17    6.91    4.38    2.69   35.69    135.65     11.30
    1932   20.63    5.44    1.35    0.49    2.38    4.06    3.15    6.49    3.78    2.15   14.04    6.33     70.29      5.86
    1933    1.17    4.35    2.05    1.47    2.79    3.93    1.56    0.81    1.16    6.29    5.99    3.70     35.26      2.94
    1934   15.90    8.44    1.60    0.80    2.80    2.40    2.82   37.23   17.55    4.79    6.19    8.77    109.29      9.11
    1935    9.55    8.10    5.52    3.26    2.49    3.81    2.22    6.89    3.54   10.28    4.68    6.39     66.73      5.56
    1936    7.69   10.92    6.99    2.48    6.52    6.37    2.05    0.54    1.49    5.36    3.45    9.16     63.02      5.25
    1937    6.17    2.58    5.16    5.01    1.38    3.93    3.15    1.20    0.87    0.85    2.16    3.60     36.06      3.00
    1938    3.77    5.92    6.07    1.83   13.20   12.47    4.10    0.94    0.51    5.03   11.78    9.88     75.49      6.29
    1939    4.20    2.30    2.49    7.21    7.45    4.73    2.90    1.51    1.28    3.25    1.95    3.55     42.83      3.57
    1940    2.72    2.29    1.30    3.06    1.88    2.44   11.15    4.51    4.83    3.20    1.53    3.78     42.69      3.56
    1941   11.36    7.63    9.39    8.74    3.20    3.05    1.50   10.50    5.62    3.62    3.56    2.71     70.88      5.91
    1942    4.47    2.57    3.15    6.99    3.69    2.48    1.43    0.64    1.88    2.45    5.95   16.68     52.38      4.37
    1943    8.10   13.81   11.42    2.70    3.43    2.55    1.39   24.09   10.33    5.50    3.47    7.02     93.82      7.82
    1944    5.13    3.13    1.66    0.72    0.85    0.61    0.40   10.47   11.10    5.33    3.22    1.85     44.47      3.71
    1945    2.15    1.30    4.68    3.94    2.88   10.37    3.96    0.81    0.87    3.07    3.90    3.13     41.04      3.42
    1946    4.58    2.03    1.12    5.52    2.98    7.21    5.81    5.45    5.15   11.54    4.94    5.28     61.60      5.13
    1947    3.74    4.60    2.14    3.76    3.10    2.21    6.65    2.70    0.84    1.38    1.78    4.69     37.58      3.13
    1948    5.87    4.11    3.40    5.19    3.31    0.79    1.78    3.08    1.52    0.81    1.48    2.87     34.21      2.85
    1949    1.70   14.23    5.55    0.83    0.53    0.55    1.12    2.07    1.17    5.72    6.95    5.55     45.96      3.83
    1950    5.85   17.04   10.05   13.35    4.94    1.16    0.50    4.38    8.65   14.70   13.84   12.22    106.68      8.89
    1951    4.28    0.71    0.51    7.08    4.65    1.29    2.79    2.30    2.96    3.42   10.80   17.78     58.57      4.88
    1952    7.97    4.01    2.52    1.58    1.88    0.75    0.86    0.55    7.79    7.52   10.89    7.64     53.95      4.50
    1953   19.75   10.69    3.34    0.84    0.32    3.01    2.96    8.95    6.23    9.01   20.69    9.51     95.31      7.94
    1954    2.71    8.73    3.46    3.97   14.85    5.36    1.70    1.61    1.75    1.82    4.03    4.25     54.24      4.52
    1955    6.07   20.61    6.85    1.17    2.74    6.02    2.84   13.87    6.22    1.66    2.59    8.56     79.19      6.60
    1956   14.11    8.80    9.72    3.91    4.80    4.95    2.31    6.27    7.53    3.98    8.06    9.29     83.71      6.98
    1957    6.58    2.01    1.60    2.02    1.03    8.23    6.10   10.35    5.95    2.11    5.84    4.18     56.00      4.67
    1958    5.29    2.25    2.83    9.13    3.88    4.27   10.08    9.13    3.38    4.65   12.71    7.52     75.10      6.26
    1959    7.49    3.53    2.09    7.05    2.51    2.93    5.32    4.14    3.55    9.26    4.87    6.16     58.91      4.91
    1960    3.42    3.89    4.37    5.08    4.37   13.65    5.74    5.46    2.87    2.10    4.81    3.27     59.03      4.92
    1961    5.71    2.53    1.53    3.57    2.95    9.96    6.22    2.48    1.61    1.59   18.74    8.07     64.95      5.41
    1962   14.92    9.88    2.38    3.38    1.89   14.35   10.75    4.56    3.12    7.52    4.62    2.01     79.36      6.61
    1963    2.61    1.49    7.38    6.26    2.65    6.84    6.90    2.43   11.29    5.65    8.23   18.53     80.26      6.69
    1964    7.19    6.68    3.20    1.04    1.15    8.84   11.11    6.64    5.05    3.54    2.07    1.75     58.26      4.85
    1965   11.49   15.68    6.56    5.75    4.68    2.05    1.70    2.87    1.71    1.64    9.13    6.85     70.12      5.84
    1966    2.34    3.04    2.33    1.33    2.36    7.11   17.94   14.95    5.67    5.57    4.08   10.47     77.20      6.43
    1967    4.67    4.22    2.67    1.33    3.90    5.31    2.83    3.29   13.90    5.80    5.44    8.25     61.62      5.14
    1968    5.77    5.97    2.87    3.70    3.66    4.22    1.96    0.92    4.81    4.09    3.33    2.40     43.70      3.64
    1969    4.82    2.49    0.73    2.29    5.95    2.63    0.73    0.50    0.59    1.46   11.74    6.02     39.94      3.33
    1970    7.28    3.06   10.90    4.76    5.53    4.97    8.46   12.24    5.82   14.66   19.91    7.08    104.68      8.72
    1971    3.34    9.97    4.08    3.11   10.13    5.40    1.62    2.93    4.76    4.82    8.84    3.84     62.84      5.24
    1972    1.25    0.88    1.38    2.08    1.61    3.96    3.60    2.30    1.73    1.78    2.52    4.22     27.31      2.28
    1973    2.99    6.25    2.70    6.72    4.07    5.73    2.50    7.67    3.78    1.16   13.24    9.96     66.76      5.56
    1974    4.28    4.17    1.56    4.52    5.64    3.88    1.94    1.03    1.62    5.54    4.82   13.72     52.71      4.39
    1975    5.35    4.67    7.36    4.52    7.48    8.67    2.74    2.39    2.45    7.19    5.66    5.05     63.53      5.29
    1976   17.96   11.86    5.50    1.48   10.23    9.75    2.77   13.20    6.99    2.27    4.81    5.50     92.32      7.69
    1977    3.80    5.95    3.51    1.59    0.58    0.55    2.51    3.29    5.51    2.95    3.60    2.77     36.59      3.05
    1978    4.33    5.96    7.65    6.15    2.19    0.60    2.95    3.50    2.99   11.40   18.96   10.53     77.20      6.43
    1979    3.90    1.49    2.65    2.92    1.24    0.57    2.61    2.12    5.14    2.82    2.62    4.01     32.09      2.67
    1980    5.93    4.70    5.21   14.46    6.14   17.67    9.62   20.20    9.86    3.66   20.65    8.45    126.55     10.55
    1981   12.14    7.26    4.54    2.37    2.18    3.81   18.32    6.62    2.08    5.07    3.25    6.48     74.12      6.18
    1982    4.93    1.72    2.73    1.24    6.85    3.58    1.40    4.81   10.07   20.17    9.09    6.84     73.43      6.12
    1983    7.64    4.37    3.79    1.99    1.31    4.17    1.72    0.66    2.55    2.81    2.18    2.11     35.29      2.94
    1984    1.99    1.67    3.17    5.71    3.92    2.12    6.37    4.16    3.88    6.08    3.21    2.09     44.36      3.70
    1985   13.22    8.39    5.94    6.99    2.05    0.58    0.56    0.56    1.67    1.51    9.58    5.90     56.94      4.74
    1986   12.87    5.44    1.54    1.33    3.33    3.57    8.03    3.22    4.82    2.77    4.34   15.41     66.68      5.56
    1987    5.99    0.94    1.79    1.37    0.60    1.21    6.53    6.05    5.79    3.92    4.73    3.84     42.77      3.56
    1988    3.98    2.01    2.36    1.14    0.49    0.98    3.90    2.11    1.20    4.74    2.73    3.29     28.93      2.41
    1989   18.35   17.49    4.57    2.19    8.14    3.29    3.81    4.35    7.84    3.97    5.16    4.05     83.21      6.93
    1990    6.95    6.09    2.43    1.85    4.72    3.27    0.90    2.13    1.99    1.93    2.98    2.15     37.38      3.12
    1991    8.06    3.45    5.32    3.37    8.56    6.67    2.57    5.74    4.88    6.34   17.77    7.79     80.52      6.71
    1992   16.98   13.17    3.28    2.80    1.55    0.93    2.97    2.65    7.22    4.25    2.91   28.59     87.32      7.28
    1993   10.70    3.33    5.91    4.03    2.71    1.49   10.64    5.12    2.50    4.79    8.38    5.58     65.19      5.43
    1994    8.45    3.60   15.48    8.17    4.06    5.41    9.05    6.88    3.06    2.18    4.14    3.32     73.78      6.15
    1995    2.77   17.16   10.68    3.05    0.80    1.08    0.74    0.58    0.57    2.71    3.07    3.43     46.64      3.89
    1996   14.89   24.60   11.19    2.13    4.31    4.89   12.37    7.63    5.76    3.91    5.05    3.17     99.91      8.33
    1997    4.21    3.12    1.38    4.39    2.25    5.52    2.26    2.39    1.78    4.97    8.15    4.90     45.32      3.78
    1998    3.77    3.83    1.77    4.25    2.24    5.30    3.69    1.27    0.67    3.93    3.02    6.27     39.99      3.33
    1999    6.68    2.10    0.30    5.48    5.71   10.49    3.94    0.70    0.48    0.51    0.50    2.98     39.85      3.32
    2000    4.58   12.32    9.61    6.99    2.87    2.69    4.39    1.85    0.77    2.65   10.64    8.92     68.30      5.69
    2001    4.23    2.80    2.35    4.27    2.18    0.81    0.82    1.78    2.45    8.18    9.90    7.52     47.29      3.94
    2002    2.83    6.64    3.96    2.62    2.31   13.76    6.78    7.90    5.44    4.00    3.92    2.86     63.02      5.25
    2003    2.89    1.75    2.39    3.31    3.08    3.68    3.28    1.68    2.86    2.86    2.88   10.19     40.86      3.40
    2004    8.60    2.73   19.96    9.08    2.83    5.25    4.53    2.00    1.63    1.25    0.88    0.95     59.70      4.98
    2005    0.87    7.75    3.65    6.17    3.38    4.74    7.65   12.12    6.00    8.86   24.61    9.57     95.37      7.95
    2006    4.40    2.23    3.09    2.56    1.45    7.58    3.51    7.74    4.60    2.64    5.61    3.37     48.79      4.07
    2007    6.11   38.98   19.75    5.81    3.05    2.34    1.59    0.82    2.24    1.42    2.43    1.97     86.50      7.21
    2008    4.34   12.72    4.77    0.48    1.02    0.48    1.44    0.91    2.34    3.74    2.21    3.00     37.45      3.12
    2009    2.53    1.16    1.00    0.68    1.29    0.94    2.82    1.46   11.33    7.03    4.57    2.34     37.16      3.10
  
 AVERAGE    6.64    6.55    5.20    4.11    3.69    4.70    4.38    5.08    4.35    4.76    6.55    6.84     62.86      5.24
