    1920    5.92    5.35   13.12    7.61    8.94   21.09   20.60    9.32    4.13    6.55    4.52    6.74    113.87      9.49
    1921    4.75    7.96   19.58   12.82    7.13    7.25   15.44   12.69    6.06   20.09    9.33    6.96    130.06     10.84
    1922    7.80   11.84    4.72    6.29    2.95    1.71    8.85    6.16    7.84    4.53    4.99    4.00     71.69      5.97
    1923    7.29    7.84    5.14    6.45    3.15    1.97    1.26    2.05    3.95    2.41   13.50   12.07     67.08      5.59
    1924    6.77    6.37    6.56    2.83    0.91    2.86    7.42    3.42   14.46    7.28    5.70   26.21     90.79      7.57
    1925   15.90    9.92   13.66    6.42    3.49    8.77    3.48    0.87    2.49    7.15    7.27    8.13     87.56      7.30
    1926    8.52   18.79    6.53    1.27    2.17    3.93    1.59   15.88    6.63    1.92    6.52    3.78     77.55      6.46
    1927    2.45    4.16    2.00    1.91    8.48   23.88   11.27    2.92    4.82    3.45    5.14   12.00     82.47      6.87
    1928    7.77   19.85   13.82    4.22    4.56    3.06    1.43    4.63    4.33   12.09    9.89    8.40     94.05      7.84
    1929    7.58    3.98    6.85    5.01   18.20    7.89    3.42   12.20    7.05    4.38    8.28    7.33     92.18      7.68
    1930    6.04    3.46    8.75    9.80    3.50    1.42    3.25    3.06    2.48    9.89    6.40   11.00     69.06      5.75
    1931   18.79    7.21   50.69   27.98    5.09    7.20    3.09    2.99    9.38    5.74    3.59   50.42    192.16     16.01
    1932   29.12    7.96    2.23    0.85    3.40    5.70    4.32    8.90    5.03    2.87   19.64    8.86     98.88      8.24
    1933    1.92    6.37    3.02    2.14    3.95    5.53    2.21    1.15    1.54    8.52    7.89    4.99     49.21      4.10
    1934   22.60   12.14    2.52    1.27    3.98    3.34    3.88   52.26   23.80    6.32    8.70   12.52    153.32     12.78
    1935   13.80   11.82    8.10    4.80    3.61    5.41    3.10    9.55    4.79   14.24    6.52    9.12     94.86      7.90
    1936   10.97   15.63   10.09    3.67    9.32    9.01    2.93    0.89    2.07    7.19    4.45   12.75     88.97      7.41
    1937    8.71    3.82    7.50    7.22    2.06    5.59    4.32    1.62    1.22    1.22    2.93    4.87     51.10      4.26
    1938    5.24    8.46    8.74    2.74   18.81   17.62    5.73    1.39    0.87    7.06   16.14   13.43    106.22      8.85
    1939    5.91    3.46    3.72   10.35   10.61    6.70    4.04    2.09    1.78    4.36    2.69    5.07     60.79      5.07
    1940    3.89    3.34    1.96    4.42    2.68    3.42   15.65    6.24    6.60    4.29    2.20    5.42     60.12      5.01
    1941   16.13   10.89   13.51   12.56    4.64    4.34    2.14   14.73    7.53    4.66    4.76    3.86     99.75      8.31
    1942    6.49    3.84    4.63   10.03    5.28    3.52    2.02    0.98    2.58    3.13    7.95   23.18     73.63      6.14
    1943   11.39   19.82   16.47    4.06    4.93    3.58    1.91   33.81   13.98    7.32    4.80   10.05    132.10     11.01
    1944    7.43    4.66    2.56    1.14    1.24    0.88    0.60   14.67   14.97    6.77    4.20    2.73     61.85      5.15
    1945    3.26    2.02    6.76    5.65    4.10   14.68    5.61    1.19    1.24    4.15    5.12    4.22     57.99      4.83
    1946    6.51    3.07    1.74    7.90    4.25   10.20    8.10    7.42    6.85   15.73    6.96    7.71     86.45      7.20
    1947    5.49    6.69    3.21    5.44    4.41    3.11    9.33    3.81    1.23    1.86    2.33    6.45     53.36      4.45
    1948    8.24    5.92    4.97    7.48    4.75    1.21    2.51    4.13    2.00    1.15    2.00    3.89     48.27      4.02
    1949    2.40   20.29    7.98    1.28    0.81    0.79    1.51    2.71    1.54    7.93    9.33    7.45     64.01      5.33
    1950    8.25   24.35   14.46   19.16    7.13    1.72    0.80    6.14   11.72   19.83   18.67   16.96    149.20     12.43
    1951    6.36    1.40    0.90   10.11    6.58    1.83    3.89    3.05    3.83    4.44   14.81   24.80     82.00      6.83
    1952   11.33    5.97    3.84    2.38    2.72    1.12    1.21    0.78   10.83    9.94   14.57   10.37     75.06      6.25
    1953   28.04   15.40    5.03    1.39    0.53    4.23    4.01   12.28    8.20   12.06   28.60   13.26    133.04     11.09
    1954    4.18   12.77    5.16    5.76   21.11    7.62    2.39    2.19    2.30    2.39    5.49    5.84     77.20      6.43
    1955    8.62   29.42    9.95    1.80    3.92    8.50    3.95   19.40    8.45    2.29    3.67   12.01    111.99      9.33
    1956   19.95   12.61   14.02    5.72    6.90    7.02    3.23    8.70   10.15    5.24   11.20   13.01    117.76      9.81
    1957    9.45    3.18    2.47    2.93    1.49   11.65    8.47   14.28    7.92    2.94    8.36    5.90     79.05      6.59
    1958    7.56    3.39    4.17   13.05    5.56    6.06   14.16   12.55    4.61    6.48   17.61   10.39    105.60      8.80
    1959   10.74    5.30    3.19   10.14    3.67    4.15    7.40    5.57    4.59   12.56    6.65    8.76     82.73      6.89
    1960    5.06    5.74    6.36    7.32    6.26   19.36    8.08    7.56    3.95    2.92    6.62    4.54     83.77      6.98
    1961    8.20    3.79    2.32    5.15    4.19   14.10    8.67    3.36    2.20    2.20   26.26   11.19     91.66      7.64
    1962   21.25   14.20    3.61    4.93    2.72   20.35   15.04    6.19    4.12   10.28    6.34    3.02    112.04      9.34
    1963    3.95    2.32   10.62    8.96    3.79    9.71    9.66    3.39   15.81    7.65   11.32   25.96    113.13      9.43
    1964   10.27    9.77    4.78    1.62    1.67   12.52   15.55    9.03    6.70    4.71    3.01    2.69     82.32      6.86
    1965   16.46   22.36    9.46    8.31    6.71    2.95    2.39    3.88    2.30    2.25   12.64    9.38     99.08      8.26
    1966    3.42    4.51    3.43    1.98    3.36   10.04   25.24   20.66    7.60    7.61    5.70   14.90    108.45      9.04
    1967    6.88    6.26    3.99    2.01    5.57    7.49    3.92    4.44   19.14    7.98    7.71   11.61     86.98      7.25
    1968    8.23    8.66    4.27    5.38    5.24    5.97    2.76    1.31    6.62    5.36    4.34    3.37     61.50      5.13
    1969    6.95    3.72    1.20    3.32    8.43    3.71    1.05    0.78    0.84    1.88   16.10    8.08     56.04      4.67
    1970   10.25    4.52   15.67    6.87    7.89    7.03   11.87   16.96    7.81   20.26   27.56   10.08    146.77     12.23
    1971    5.14   14.47    6.01    4.55   14.42    7.65    2.30    4.02    6.36    6.32   12.05    5.55     88.82      7.40
    1972    2.08    1.45    2.05    2.99    2.29    5.59    4.99    3.06    2.29    2.39    3.41    5.84     38.43      3.20
    1973    4.29    9.02    4.00    9.66    5.80    8.11    3.53   10.71    5.16    1.67   18.69   13.78     94.41      7.87
    1974    6.04    6.08    2.42    6.53    8.01    5.47    2.69    1.45    2.19    7.45    6.35   19.13     73.80      6.15
    1975    7.72    6.87   10.61    6.53   10.67   12.28    3.93    3.34    3.21    9.71    7.54    6.99     89.40      7.45
    1976   25.58   17.05    8.06    2.31   14.61   13.77    3.93   18.57    9.42    3.00    6.74    7.68    130.71     10.89
    1977    5.45    8.62    5.17    2.38    0.91    0.81    3.44    4.36    7.24    3.88    5.00    3.89     51.16      4.26
    1978    6.21    8.58   11.02    8.85    3.19    0.93    4.13    4.70    3.80   15.53   26.04   14.54    107.49      8.96
    1979    5.75    2.49    3.98    4.24    1.81    0.85    3.61    2.77    6.86    3.75    3.62    5.57     45.31      3.78
    1980    8.40    6.78    7.55   20.68    8.78   25.10   13.50   28.26   13.40    4.97   29.12   12.09    178.64     14.89
    1981   17.57   10.59    6.66    3.51    3.14    5.40   25.82    9.29    2.89    6.88    4.37    9.15    105.26      8.77
    1982    7.05    2.66    4.04    1.86    9.75    5.05    1.93    6.61   13.67   27.56   12.25    9.70    102.15      8.51
    1983   11.11    6.50    5.63    2.98    1.93    5.91    2.45    0.95    3.40    3.53    2.80    2.92     50.10      4.17
    1984    2.90    2.50    4.60    8.17    5.58    3.00    8.94    5.65    5.13    8.11    4.48    3.15     62.21      5.18
    1985   18.90   12.02    8.60   10.07    3.05    0.87    0.77    0.77    2.16    1.85   13.17    7.96     80.18      6.68
    1986   18.15    7.86    2.39    2.00    4.75    5.03   11.25    4.52    6.69    3.76    6.00   21.56     93.95      7.83
    1987    8.52    1.58    2.69    2.01    0.90    1.69    9.11    8.18    7.61    5.12    6.46    5.42     59.30      4.94
    1988    5.82    3.11    3.53    1.72    0.75    1.37    5.40    2.81    1.57    6.40    3.69    4.62     40.78      3.40
    1989   26.00   24.86    6.68    3.25   11.60    4.70    5.36    5.90   10.57    5.35    7.20    5.71    117.17      9.76
    1990    9.97    8.82    3.64    2.75    6.74    4.61    1.34    2.97    2.56    2.43    3.93    2.95     52.71      4.39
    1991   11.49    5.04    7.69    4.86   12.18    9.43    3.60    7.96    6.51    8.45   24.59   10.91    112.72      9.39
    1992   24.38   19.01    4.96    4.13    2.27    1.34    4.12    3.49    9.74    5.60    3.93   40.36    123.33     10.28
    1993   15.25    4.99    8.59    5.84    3.90    2.14   15.02    7.02    3.25    6.43   11.43    7.75     91.60      7.63
    1994   12.14    5.40   22.24   11.73    5.82    7.69   12.72    9.45    4.12    3.02    5.75    4.66    104.74      8.73
    1995    4.06   24.55   15.33    4.48    1.25    1.56    1.05    0.83    0.83    3.64    3.94    4.54     66.05      5.50
    1996   21.01   34.95   16.06    3.24    6.21    6.91   17.39   10.44    7.70    5.22    7.03    4.61    140.77     11.73
    1997    6.19    4.64    2.14    6.34    3.23    7.82    3.21    3.28    2.33    6.71   10.98    6.67     63.55      5.30
    1998    5.44    5.63    2.71    6.15    3.22    7.50    5.13    1.77    1.05    5.46    3.96    8.62     56.65      4.72
    1999    9.39    3.17    0.57    7.82    8.05   14.79    5.54    1.09    0.81    0.79    0.76    4.16     56.95      4.75
    2000    6.32   17.40   13.69   10.03    4.15    3.83    6.14    2.61    1.17    3.59   14.57   12.16     95.68      7.97
    2001    5.99    4.18    3.52    6.18    3.15    1.19    1.16    2.36    3.10   10.99   13.31   10.33     65.46      5.46
    2002    4.24    9.72    5.79    3.82    3.31   19.51    9.48   10.90    7.30    5.34    5.41    4.15     88.97      7.41
    2003    4.34    2.72    3.55    4.78    4.39    5.20    4.57    2.29    3.85    3.72    3.84   14.30     57.55      4.80
    2004   12.19    4.11   28.60   13.02    4.09    7.46    6.35    2.75    2.23    1.77    1.38    1.44     85.38      7.12
    2005    1.31   11.05    5.23    8.82    4.83    6.70   10.71   16.79    8.02   12.08   34.25   13.51    133.30     11.11
    2006    6.58    3.52    4.60    3.73    2.11   10.74    4.93   10.75    6.15    3.45    7.72    4.76     69.04      5.75
    2007    8.82   55.52   28.21    8.46    4.45    3.37    2.24    1.19    3.06    1.94    3.34    2.69    123.30     10.27
    2008    6.14   18.10    6.89    0.81    1.47    0.70    1.97    1.20    3.07    4.76    2.85    4.20     52.16      4.35
    2009    3.61    1.78    1.54    1.03    1.83    1.32    3.90    1.99   15.80    9.28    5.93    3.34     51.35      4.28
  
 AVERAGE    9.51    9.49    7.57    5.96    5.28    6.67    6.14    7.04    5.88    6.42    8.99    9.57     88.50      7.38
