    1920    0.68    0.31    0.18    0.13    0.15    0.30    0.89    0.49    0.31    0.41    0.39    0.30      4.54      0.38
    1921    0.19    0.53    2.63    1.06    0.18    0.61    0.57    0.84    0.57    1.54    0.99    0.50     10.22      0.85
    1922    0.37    5.97    2.22    0.25    0.21    0.19    0.42    0.24    0.24    0.45    0.34    0.28     11.17      0.93
    1923    0.44    0.44    0.20    0.13    0.10    0.09    0.07    0.06    0.07    0.10    0.54    0.91      3.15      0.26
    1924    0.45    0.19    0.39    0.18    0.08    0.06    0.08    0.11    0.35    0.26    0.23    0.78      3.15      0.26
    1925    0.59    0.30    0.65    0.28    0.09    0.08    0.06    0.07    0.09    0.22    0.34    0.29      3.06      0.26
    1926    0.27    0.86    0.39    0.09    0.07    0.50    0.22    0.94    0.48    0.22    0.75    0.46      5.26      0.44
    1927    0.20    0.15    0.11    0.07    0.06   15.29    5.15    0.28    0.27    0.26    0.26    0.43     22.54      1.88
    1928    0.58    0.70    0.39    0.17    0.13    0.12    0.11    0.11    0.14    0.60    0.47    1.72      5.23      0.44
    1929    1.01    0.37    0.22    0.14    0.63    1.26    0.53    0.23    0.36    0.31    0.64    0.47      6.17      0.51
    1930    0.41    0.23    0.14    0.14    0.09    0.14    0.11    0.11    0.09    0.46    0.28    1.14      3.34      0.28
    1931    5.90    2.16    2.81    9.14    3.05    0.38    0.29    0.24    0.25    0.53    0.40   28.52     53.68      4.47
    1932   10.35    1.41    0.60    0.29    0.26    0.26    0.30    1.09    0.71    0.52    4.35    2.07     22.21      1.85
    1933    0.60    0.78    0.39    0.27    0.24    0.26    0.23    0.23    0.23    1.29    0.71    0.37      5.59      0.47
    1934    3.29    1.54    0.29    0.18    0.20    0.18    0.40   14.88    5.55    1.78    4.00    2.00     34.28      2.86
    1935    0.86    1.17    0.71    0.37    0.26    0.37    0.28    0.57    0.38    0.41    0.40    0.35      6.13      0.51
    1936    0.81    4.04    1.67    0.28    0.20    0.27    0.20    0.17    0.27    0.29    0.28    0.45      8.93      0.74
    1937    0.39    0.57    0.98    0.50    0.17    0.13    0.13    0.19    0.21    0.23    0.23    0.25      3.97      0.33
    1938    0.29    0.63    0.31    0.12    1.65    1.89    0.79    0.35    0.31    0.64    2.69    1.49     11.16      0.93
    1939    0.79    0.58    0.52    0.41    0.72    0.94    0.40    0.28    0.36    0.50    0.41    0.56      6.46      0.54
    1940    0.40    0.27    0.17    0.18    0.12    0.11    0.26    0.16    1.01    0.54    0.27    0.23      3.72      0.31
    1941    1.09    0.54    1.70    1.00    0.24    0.15    0.14    0.32    0.27    0.26    0.24    0.19      6.14      0.51
    1942    1.30    0.62    0.28    0.55    0.22    0.13    0.13    0.13    2.42    1.11    0.46    0.86      8.21      0.68
    1943    0.54    2.33    1.30    0.29    0.19    0.44    0.29   21.42    7.52    1.09    0.85    1.27     37.52      3.13
    1944    0.83    0.45    0.29    0.22    0.20    0.17    0.16    2.12    2.23    0.95    0.60    0.49      8.71      0.73
    1945    0.56    0.33    0.22    0.15    0.13    0.58    0.26    0.16    0.16    0.78    0.62    0.39      4.33      0.36
    1946    0.45    0.26    0.14    0.10    0.08    0.37    0.31    1.04    0.93    1.58    1.00    0.53      6.80      0.57
    1947    0.56    0.48    0.24    0.15    0.12    0.16    2.34    0.99    0.30    0.29    0.28    0.37      6.29      0.52
    1948    0.53    0.42    0.20    0.12    0.12    0.09    0.12    0.11    0.10    0.09    0.09    0.10      2.11      0.18
    1949    0.07    4.74    1.68    0.12    0.09    0.08    0.09    0.10    0.10    1.52    1.30    0.70     10.60      0.88
    1950    0.67    5.53    2.15    5.92    2.24    0.31    0.22    0.22    0.29    2.00    1.26    0.97     21.78      1.82
    1951    0.65    0.36    0.21    0.17    1.93    0.75    0.18    0.19    0.22    0.23    0.78    9.10     14.77      1.23
    1952    3.41    0.46    0.31    0.21    0.16    0.15    0.13    0.12    0.15    0.59    0.48    0.80      6.97      0.58
    1953    9.12    3.55    0.44    0.22    0.16    0.63    0.43    0.93    0.59    1.05    3.24    1.62     21.98      1.83
    1954    0.57    0.39    0.27    0.20    8.45    3.05    0.34    0.30    0.28    0.27    0.34    0.33     14.81      1.23
    1955    0.29    3.92    1.53    0.22    0.19    0.31    0.19    2.58    1.15    0.39    0.39    2.50     13.67      1.14
    1956    2.33    1.54    0.95    0.34    0.80    0.49    0.28    0.30    0.36    0.41    0.45    1.32      9.56      0.80
    1957    0.86    0.34    0.19    0.14    0.11    0.10    0.11    1.36    0.69    0.31    1.11    0.65      5.96      0.50
    1958    0.51    0.28    0.16    0.75    0.31    0.34    1.11    0.57    0.31    0.35    0.94    0.65      6.28      0.52
    1959    0.45    0.29    0.20    0.65    0.27    0.12    0.13    0.21    0.22    0.46    0.38    0.45      3.84      0.32
    1960    0.40    0.37    0.20    0.12    0.10    1.44    0.83    1.11    0.67    0.41    0.37    0.30      6.33      0.53
    1961    0.23    0.18    0.12    0.10    0.09    0.50    0.38    0.18    0.15    0.16    4.58    1.85      8.53      0.71
    1962    0.79    0.52    0.21    0.54    0.22    1.88    1.83    0.80    0.44    0.46    0.59    0.44      8.73      0.73
    1963    0.30    0.24    0.40    0.31    0.14    0.12    0.12    0.11    1.34    0.65    0.51    2.51      6.76      0.56
    1964    1.20    0.43    0.23    0.14    0.10    0.12    0.21    0.96    0.64    0.44    0.39    0.31      5.16      0.43
    1965    2.40    2.72    1.00    0.37    0.26    0.19    0.18    0.19    0.18    0.19    0.37    0.31      8.37      0.70
    1966    0.25    0.29    0.17    0.10    0.09    0.13    4.05    2.42    0.85    0.74    0.67    0.83     10.60      0.88
    1967    0.57    0.37    0.24    0.16    0.13    0.13    0.86    0.49   12.89    4.85    0.97    8.38     30.05      2.50
    1968    3.29    0.57    0.36    0.26    0.22    0.21    0.21    0.21    0.23    0.28    0.30    0.32      6.46      0.54
    1969    0.38    0.24    0.15    0.12    0.11    0.10    0.08    0.07    0.07    0.07    0.28    0.25      1.93      0.16
    1970    0.55    0.29    1.68    0.68    0.62    0.73    8.53    4.07    1.27   13.49   26.87    7.85     66.63      5.55
    1971    0.71    0.57    0.41    0.30    0.71    0.39    0.34    0.38    0.43    0.48    0.59    0.49      5.81      0.48
    1972    0.33    0.25    0.18    0.14    0.12    0.20    0.27    0.38    0.27    0.26    0.26    0.26      2.91      0.24
    1973    0.30    0.23    0.14    0.52    0.89    2.42    0.98    0.59    0.44    0.35    6.69    7.40     20.94      1.75
    1974    2.23    0.41    0.25    0.20    0.23    0.40    0.22    0.18    0.18    0.45    0.61    1.11      6.47      0.54
    1975    0.62    0.29    0.23    0.16    0.14    0.40    0.21    0.20    0.25    0.82    0.77    0.50      4.59      0.38
    1976    1.86    1.29    0.54    0.21    0.36    0.17    0.20   10.72    4.00    0.67    0.61    0.63     21.25      1.77
    1977    0.49    0.68    0.39    0.23    0.17    0.14    0.24    0.19    0.50    0.35    0.33    0.31      4.03      0.34
    1978    0.77    1.35    0.61    0.53    0.27    0.16    0.14    0.15    0.25    2.02   17.02    6.22     29.48      2.46
    1979    0.82    0.44    0.28    0.24    0.20    0.16    0.16    0.17    0.18    0.22    0.22    0.22      3.32      0.28
    1980    0.42    0.36    0.23    1.03    0.44   16.10    5.53    3.13    1.69    0.81    9.43    3.89     43.05      3.59
    1981    2.35    1.32    0.95    0.42    0.29    0.25    1.11    0.50    0.32    0.35    0.39    0.36      8.63      0.72
    1982    0.30    0.20    0.14    0.11    0.10    0.09    0.08    0.13    0.15   20.75    7.24    0.65     29.92      2.49
    1983    0.50    0.38    0.25    0.16    0.13    0.29    0.13    0.12    0.13    0.40    0.28    0.24      3.00      0.25
    1984    0.16    0.64    0.50    0.37    0.25    0.14    0.73    0.38    0.28    0.39    0.32    0.23      4.41      0.37
    1985    1.41    0.88    0.50    0.35    0.14    0.11    0.09    0.08    0.09    0.13    0.43    0.30      4.51      0.38
    1986    0.83    0.49    0.16    0.09    0.07    0.05    0.15    0.09    0.30    0.22    0.21    0.72      3.36      0.28
    1987    0.41    0.13    0.08    0.06    0.05    0.05    0.17    0.16    0.46    0.34    0.33    0.31      2.55      0.21
    1988    0.31    0.18    0.15    0.08    0.06    0.05    0.19    0.13    0.11    0.27    0.20    0.31      2.04      0.17
    1989    1.86    1.95    0.67    0.15    0.18    0.13    0.21    0.18    1.03    0.60    0.32    0.25      7.51      0.63
    1990    0.63    0.35    0.15    0.09    0.09    0.08    0.06    0.06    0.09    0.10    0.26    0.18      2.14      0.18
    1991    0.39    0.22    0.13    0.07    1.19    0.54    0.14    0.15    0.19    0.58    3.49    1.61      8.69      0.72
    1992    2.97    2.12    0.66    0.24    0.19    0.16    0.16    0.18    3.09    1.37    0.78   10.34     22.27      1.86
    1993    3.81    0.45    1.44    0.57    0.22    0.19    0.17    0.38    0.39    1.00    1.11    0.83     10.57      0.88
    1994    2.19    1.06    2.82    9.99    3.72    0.52    0.44    0.61    0.52    0.46    0.43    0.41     23.15      1.93
    1995    0.31    0.22    0.89    0.44    0.17    0.18    0.17    0.16    0.14    0.37    0.48    0.68      4.21      0.35
    1996    2.12   29.59   10.23    0.48    0.27    0.30    9.91    4.06    0.87    0.84    0.73    0.55     59.98      5.00
    1997    0.42    0.33    0.24    0.18    0.15    3.62    1.40    0.31    0.30    0.28    1.47    0.79      9.47      0.79
    1998    0.36    0.25    0.19    0.23    0.13    0.16    0.13    0.14    0.14    0.58    0.36    0.21      2.89      0.24
    1999    0.12    0.07    0.96    1.61    0.81    0.73    0.44    0.25    0.20    0.17    0.14    0.13      5.61      0.47
    2000    0.13    4.26    1.62    0.58    0.28    0.15    0.14    0.13    0.14    0.58    0.46    0.50      8.97      0.75
    2001    0.33    0.35    0.22    0.11    0.08    0.06    0.05    0.05    0.06    3.02    2.05    0.87      7.25      0.60
    2002    0.47    0.68    1.21    0.49    0.15   17.41    5.88    0.63    0.49    0.50    0.46    0.36     28.72      2.39
    2003    0.28    0.20    0.14    0.12    0.12    0.11    0.11    0.11    0.13    0.16    0.14    2.10      3.73      0.31
    2004    2.30    0.79    7.47    2.62    0.26    0.33    0.77    0.40    0.29    0.25    0.20    0.16     15.82      1.32
    2005    0.14    0.86    0.40    1.57    0.62    0.13    0.14    4.72    2.03    0.93   43.93   14.91     70.37      5.86
    2006    0.71    0.49    0.37    0.27    0.22   11.58    4.90    1.81    1.04    0.87    0.87    0.67     23.81      1.98
    2007    0.85    1.95    2.67    1.15    0.85    0.46    0.35    0.31    0.31    0.29    0.27    0.24      9.71      0.81
    2008    0.24    0.39    0.19    0.13    0.15    0.11    0.17    0.14    0.39    0.26    0.19    0.17      2.54      0.21
    2009    0.25    0.15    0.10    0.08    0.08    0.21    0.29    0.17    2.80    1.31    0.50    0.40      6.35      0.53
  
 AVERAGE    1.11    1.26    0.80    0.61    0.46    1.07    0.81    1.09    0.82    1.01    1.94    1.67     12.64      1.05
