    1920    0.60    0.12    0.00    0.00    0.00    0.21    1.07    0.48    0.18    0.39    0.35    0.22      3.62      0.30
    1921    0.10    0.64    3.75    1.40    0.17    0.81    0.75    1.12    0.72    2.12    1.28    0.61     13.46      1.12
    1922    0.47    8.51    3.07    0.29    0.24    0.21    0.61    0.32    0.28    0.63    0.45    0.35     15.43      1.29
    1923    0.63    0.63    0.27    0.16    0.12    0.10    0.08    0.07    0.09    0.12    0.78    1.31      4.36      0.36
    1924    0.61    0.26    0.56    0.25    0.10    0.08    0.12    0.16    0.49    0.36    0.29    1.11      4.38      0.37
    1925    0.75    0.36    3.00    1.15    0.16    0.13    0.11    0.14    0.15    0.39    0.55    0.37      7.27      0.61
    1926    0.41    1.51    0.65    0.14    0.13    0.80    0.35    0.97    0.50    0.25    1.09    0.62      7.40      0.62
    1927    0.26    0.30    0.17    0.11    0.10   31.55   10.50    0.38    0.37    0.37    0.37    0.75     45.21      3.77
    1928    0.74    1.00    0.56    0.22    0.17    0.15    0.14    0.17    0.22    1.01    0.69    2.77      7.83      0.65
    1929    1.53    0.49    0.29    0.19    0.55    1.96    0.85    0.33    0.40    0.39    0.76    0.55      8.32      0.69
    1930    0.53    0.29    0.18    0.15    0.11    0.34    0.23    0.16    0.14    1.11    0.60    1.34      5.18      0.43
    1931    8.58    3.10    4.71    2.93    0.74    0.36    0.29    0.25    0.27    0.79    0.60   36.01     58.63      4.89
    1932   12.88    2.90    1.20    0.38    0.30    0.30    0.30    0.52    0.46    0.44    5.29    2.34     27.30      2.28
    1933    0.58    1.61    0.73    0.33    0.26    0.24    0.23    0.25    0.28    2.22    1.29    0.58      8.60      0.72
    1934    4.12    1.90    0.36    0.23    0.20    0.19    0.60   18.38    6.73    5.17    4.58    1.86     44.33      3.69
    1935    0.93    1.49    0.85    0.42    0.31    0.36    0.33    0.39    0.40    0.50    0.43    0.37      6.79      0.57
    1936    1.69    6.31    2.37    0.33    0.23    0.32    0.22    0.19    0.48    0.39    0.35    1.12     14.01      1.17
    1937    0.72    1.35    2.05    0.79    0.22    0.17    0.18    0.21    0.26    0.28    0.27    0.30      6.83      0.57
    1938    0.46    0.56    0.26    0.12    3.66    2.21    0.93    0.57    0.46    0.88    7.58    3.13     20.81      1.73
    1939    0.90    0.69    0.48    0.48    0.52    0.78    0.37    0.31    0.34    0.49    0.41    0.70      6.47      0.54
    1940    0.44    0.36    0.20    0.16    0.12    0.11    0.23    0.16    1.89    0.90    0.36    0.32      5.26      0.44
    1941    1.45    0.70    3.06    1.55    0.29    0.17    0.16    0.67    0.45    0.35    0.33    0.29      9.47      0.79
    1942    2.44    1.04    0.22    0.53    0.22    0.14    0.14    0.14    1.65    0.89    0.97    1.51      9.88      0.82
    1943    0.84    2.30    1.17    0.27    0.34    0.96    0.81   28.16    9.88    1.77    1.14    1.21     48.85      4.07
    1944    0.86    0.51    0.31    0.25    0.23    0.20    0.17    1.66    1.75    0.77    0.67    0.60      7.97      0.66
    1945    3.21    1.45    0.35    0.22    0.18    2.10    0.86    0.26    0.25    0.90    0.88    0.53     11.21      0.93
    1946    0.40    0.26    0.15    0.11    0.09    0.70    0.36    1.03    1.30    2.11    1.24    0.64      8.41      0.70
    1947    0.52    0.45    0.26    0.17    0.14    0.21    3.81    1.52    0.37    0.36    0.34    0.35      8.50      0.71
    1948    1.37    0.81    0.26    0.15    0.12    0.11    0.17    0.15    0.14    0.12    0.12    0.12      3.64      0.30
    1949    0.10    9.35    3.20    0.16    0.13    0.12    0.36    0.22    0.18    1.18    1.81    1.01     17.82      1.48
    1950    0.74    3.95    1.71    8.78    3.19    0.35    0.26    0.25    0.32    1.89    1.14    2.56     25.13      2.09
    1951    1.35    0.44    0.28    0.23    0.74    0.31    0.18    0.32    0.27    0.31    0.69    7.32     12.43      1.04
    1952    2.89    0.51    0.44    0.24    0.17    0.15    0.13    0.11    0.24    0.77    0.55    0.62      6.82      0.57
    1953   12.21    4.65    0.48    0.23    0.16    0.89    0.91    1.26    0.77    1.41    9.63    3.75     36.33      3.03
    1954    0.68    0.47    0.33    0.24   14.89    5.18    0.42    0.36    0.35    0.34    0.49    0.42     24.18      2.01
    1955    0.37    3.49    1.40    0.26    0.23    0.60    0.28    3.46    1.54    0.54    0.56    2.57     15.30      1.28
    1956    3.55    2.12    1.37    0.51    1.27    0.65    0.34    0.36    0.65    0.96    0.92    3.00     15.70      1.31
    1957    1.91    0.65    0.31    0.21    0.16    0.15    0.17    3.87    1.69    0.53    2.16    1.20     13.00      1.08
    1958    0.79    0.43    0.25    1.17    0.46    0.76    1.92    0.93    0.51    0.55    1.76    1.13     10.67      0.89
    1959    0.86    0.53    0.32    0.73    0.30    0.18    0.18    0.54    0.41    1.31    0.86    0.77      6.99      0.58
    1960    0.56    0.41    0.23    0.15    0.15    1.46    1.19    2.92    1.43    0.66    0.65    0.54     10.34      0.86
    1961    0.46    0.31    0.20    0.16    0.13    0.37    0.61    0.30    0.23    0.24    4.97    2.06     10.06      0.84
    1962    0.66    0.45    0.23    0.69    0.27    4.65    2.43    0.88    0.56    0.68    0.73    0.56     12.79      1.07
    1963    0.39    0.30    0.61    0.55    0.20    0.16    0.17    0.15    2.70    1.22    0.49    5.78     12.71      1.06
    1964    2.48    0.86    0.40    0.21    0.15    0.14    0.16    0.98    0.61    0.46    0.44    0.37      7.27      0.61
    1965    3.34    3.78    1.26    0.31    0.24    0.21    0.21    0.25    0.25    0.26    0.48    0.44     11.03      0.92
    1966    0.33    0.42    0.23    0.13    0.11    0.12    2.00    2.01    0.92    0.74    0.85    0.82      8.68      0.72
    1967    0.58    0.38    0.23    0.14    0.12    0.12    0.82    0.58   14.75    5.97    2.94    6.23     32.86      2.74
    1968    2.46    0.60    0.36    0.26    0.22    0.21    0.22    0.21    0.23    0.28    0.31    0.32      5.69      0.47
    1969    0.35    0.23    0.14    0.11    0.11    0.10    0.08    0.07    0.07    0.12    0.47    0.41      2.26      0.19
    1970    0.54    0.30    0.90    0.38    0.18    0.44    3.79    2.70    1.28   11.11   23.77    7.14     52.53      4.38
    1971    0.71    0.64    0.40    0.28    0.24    0.25    0.27    0.32    0.36    0.41    0.49    0.43      4.80      0.40
    1972    0.31    0.23    0.17    0.12    0.11    0.18    0.30    1.04    0.57    0.33    0.32    0.59      4.26      0.35
    1973    0.49    0.51    0.25    1.09    1.29    4.18    1.61    1.09    0.87    0.61    2.79   11.49     26.25      2.19
    1974    4.02    0.49    0.32    0.52    0.26    0.24    0.22    0.18    0.17    1.14    1.67    1.64     10.86      0.91
    1975    0.81    0.39    0.27    0.20    0.17    0.79    2.61    1.32    0.80    5.23    2.59    0.92     16.08      1.34
    1976    3.45    2.20    0.62    0.30    1.00    0.43    1.20    6.01    2.73    0.95    0.83    1.75     21.46      1.79
    1977    1.10    1.19    0.69    0.35    0.24    0.20    0.82    0.60    0.73    0.56    0.76    0.62      7.85      0.65
    1978    0.69    2.35    1.02    0.61    0.34    0.23    0.23    0.47    0.44    3.71   21.84    7.71     39.65      3.30
    1979    0.94    0.52    0.33    0.53    0.24    0.20    0.50    0.26    0.53    0.39    0.39    0.39      5.23      0.44
    1980    1.69    1.01    0.31    1.48    0.59   26.25    8.88    1.70    1.71    1.15   16.21    5.89     66.87      5.57
    1981    3.33    1.51    0.53    0.38    0.33    0.30    2.38    0.99    0.44    0.48    0.55    0.53     11.75      0.98
    1982    0.45    0.31    0.20    0.14    0.13    0.12    0.11    0.12    0.25   12.26    4.56    0.73     19.37      1.61
    1983    0.77    0.59    0.30    0.18    0.13    0.43    0.19    0.16    0.27    0.54    0.44    0.53      4.54      0.38
    1984    0.34    0.24    0.38    0.62    0.43    0.19    0.40    0.25    0.45    0.59    0.42    0.28      4.58      0.38
    1985    0.32    0.77    0.48    0.31    0.13    0.10    0.10    0.10    0.13    0.16    0.57    0.42      3.59      0.30
    1986    3.62    1.62    0.34    0.16    0.12    0.13    0.23    0.17    2.46    1.17    0.65    1.19     11.84      0.99
    1987    0.72    0.31    0.18    0.12    0.17    0.12    0.31    0.22    0.52    0.62    0.48    0.38      4.15      0.35
    1988    0.29    0.21    0.14    0.11    0.14    0.09    0.50    0.26    0.17    0.21    0.21    0.30      2.62      0.22
    1989    5.03    4.55    1.27    0.21    0.54    0.27    0.38    0.34    2.13    1.16    0.80    0.68     17.36      1.45
    1990    1.49    0.77    0.27    0.18    0.14    0.12    0.11    0.11    0.15    0.17    0.46    0.30      4.27      0.36
    1991    1.20    0.58    0.46    0.20    8.73    3.04    0.27    0.29    1.47    1.08    7.02    2.94     27.28      2.27
    1992    4.24    4.43    1.43    0.37    0.28    0.22    1.51    0.67   12.59    4.75    1.38   28.55     60.41      5.03
    1993    9.72    0.63    0.79    0.40    0.34    0.33    0.31    0.32    0.83    1.37    5.73    2.54     23.31      1.94
    1994    0.77    0.51    0.97    0.41    0.55    0.61    0.90    0.64    0.50    0.51    1.29    0.86      8.51      0.71
    1995    0.55    0.45    0.53    0.25    0.17    0.15    0.15    0.13    0.12    1.32    1.56    0.97      6.34      0.53
    1996   18.50   28.92    7.80    0.38    0.27    0.24    6.19    2.52    1.47    1.25    1.34    0.97     69.85      5.82
    1997    0.67    0.46    0.30    0.23    0.20    1.47    0.58    0.25    0.25    0.87    1.28    0.83      7.39      0.62
    1998    0.49    0.46    0.26    0.19    0.16    0.15    0.16    0.19    0.20    2.27    1.14    0.48      6.16      0.51
    1999    0.35    0.20    0.34    0.34    1.13    2.22    1.00    0.36    0.28    0.26    0.27    0.34      7.10      0.59
    2000    0.29    1.16    0.50    1.09    0.44    0.27    0.31    0.19    0.16    0.27    0.77    1.01      6.48      0.54
    2001    0.62    0.46    0.25    0.15    0.11    0.09    0.07    0.35    0.22    5.44   26.33    8.71     42.81      3.57
    2002    0.73    0.58    0.37    0.25    0.19    1.59    0.74    4.93    2.46    0.93    1.29    0.99     15.04      1.25
    2003    0.78    0.47    0.30    0.24    0.21    0.18    0.17    0.17    0.20    0.27    0.31    0.87      4.19      0.35
    2004    0.73    0.33   12.48    4.28    0.51    0.34    0.52    0.38    0.36    0.31    0.26    0.21     20.71      1.73
    2005    0.16    2.11    0.86    0.56    0.23    0.12    2.03    3.11    1.33    0.71   46.31   15.76     73.29      6.11
    2006    0.81    0.56    0.36    0.25    0.21    7.31    2.67    1.85    0.95    0.61    0.62    0.50     16.70      1.39
    2007    0.38    2.25    2.17    0.76    0.26    0.20    0.20    0.21    0.21    0.18    0.17    0.15      7.13      0.59
    2008    2.33    0.95    0.20    0.14    0.20    0.12    0.16    0.14    1.41    1.34    0.69    0.45      8.13      0.68
    2009    0.57    0.32    0.18    0.12    0.09    0.09    0.28    0.15    0.82    0.62    0.42    0.35      4.00      0.33
  
 AVERAGE    1.79    1.59    0.95    0.53    0.61    1.30    0.90    1.27    1.14    1.27    2.73    2.39     16.47      1.37
