    1920    0.00    0.00    0.00    0.00    2.89    4.67    5.81    1.19    0.00    0.00    0.00    0.00     14.57      1.21
    1921    0.00    9.30    3.95    0.26    0.00    0.00    0.00    0.00    0.00    0.00    0.00    0.00     13.50      1.13
    1922    0.00    0.00    0.00    0.00    0.23    0.17    0.16    0.00    0.00    0.00    0.00    0.00      0.56      0.05
    1923    0.00    0.00    0.00    0.00    0.70    0.38    0.01    0.00    0.00    0.00    0.00    0.00      1.09      0.09
    1924    0.00    0.00    2.43    0.80    1.29    2.83    1.17    0.15    0.26    0.17    0.06    0.06      9.21      0.77
    1925    0.05    0.05    0.12    0.04    0.04    0.15    0.05    0.03    0.03    0.03    0.03    0.02      0.63      0.05
    1926    0.02    0.02    0.02    0.01    0.01    0.03    0.01    0.01    0.00    0.00    0.00    0.00      0.14      0.01
    1927    0.00    0.02    0.01    0.07    0.02   16.14    5.42    0.14    0.13    0.12    0.11    0.26     22.46      1.87
    1928    0.09    0.08    0.07    0.06    0.06    2.37    0.86    0.08    0.06    0.09    0.23    1.45      5.51      0.46
    1929    0.50    0.06    0.15    0.29    1.40    0.49    0.06    0.05    0.05    0.04    0.04    0.04      3.17      0.26
    1930    0.03    0.03    0.03    0.67    0.24    1.69    0.60    0.05    0.04    0.08    0.03    0.03      3.52      0.29
    1931    0.03    0.03    1.26    0.44    0.92    0.46    0.05    0.07    0.03    0.03    0.03    0.02      3.36      0.28
    1932    0.03    0.02    0.02    0.02    0.01    0.01    0.01    0.01    0.01    0.01    0.12    0.04      0.31      0.03
    1933    0.01    2.60    0.92    0.83    0.44    1.89    0.76    0.05    0.05    0.05    0.04    0.04      7.69      0.64
    1934    0.15    1.77    0.71    0.04    2.00    0.71    0.14    2.21    0.88    0.07    0.07    0.06      8.82      0.73
    1935    0.06    0.05    0.05    0.05    0.04    0.89    0.32    0.04    0.04    0.04    0.03    0.03      1.64      0.14
    1936    0.63    0.38    0.06    0.36    0.54    0.15    0.03    0.03    0.03    0.02    0.02    0.02      2.27      0.19
    1937    0.02    0.02    4.46    1.55    0.46    0.15    0.08    0.05    0.05    0.14    0.05    0.03      7.05      0.59
    1938    0.03    0.08    0.05    1.45    3.65    1.10    0.07    0.06    0.06    0.05    4.23    1.46     12.30      1.02
    1939    0.09    0.08    0.07    0.14    2.78    1.45    0.18    0.20    0.07    0.07    0.06    0.26      5.44      0.45
    1940    0.09    0.05    0.04    0.23    1.42    0.49    2.43    0.86    0.07    0.06    0.25    0.08      6.08      0.51
    1941    0.23    0.08    0.04    0.04    0.03    0.12    0.10    0.02    0.02    0.02    0.02    0.02      0.75      0.06
    1942    0.49    0.18    0.14    0.06    0.02    0.59    0.44    0.09    0.02    0.02    0.03    0.01      2.09      0.17
    1943    0.01    2.77    1.25    0.11    0.04    1.28    0.46    0.04    0.04    0.04    0.03    0.03      6.11      0.51
    1944    0.03    0.02    0.02    0.08    0.05    2.70    0.93    0.05    0.04    0.33    0.11    0.03      4.38      0.37
    1945    0.03    0.03    0.02    0.03    0.08    0.56    0.34    0.07    0.02    0.02    0.02    0.02      1.24      0.10
    1946    0.01    0.12    0.04    0.01    0.01    0.65    0.24    0.02    0.01    0.01    0.01    0.01      1.16      0.10
    1947    0.01    0.01    0.25    0.11    0.11    1.37    1.64    0.43    0.04    0.03    0.03    0.03      4.07      0.34
    1948    0.03    0.02    0.06    0.02    0.02    0.01    0.01    0.14    0.05    0.01    0.01    0.01      0.39      0.03
    1949    0.01    0.08    0.03    0.01    2.77    7.02    3.57    0.87    0.11    0.11    0.10    1.83     16.50      1.37
    1950    0.64    0.38    0.13    0.21    0.34    0.09    0.07    0.07    0.07    0.06    0.06    0.06      2.19      0.18
    1951    0.05    0.05    0.05    0.04    3.61    1.27    0.07    0.07    0.06    0.10    0.08    0.04      5.49      0.46
    1952    0.04    0.09    0.13    0.03    0.37    0.13    0.03    0.02    0.02    0.02    0.02    0.02      0.91      0.08
    1953    1.12    0.66    1.83    0.61    0.04    4.34    1.82    0.36    0.08    0.08    0.07    0.06     11.08      0.92
    1954    0.06    0.54    0.18    0.05    0.15    0.32    0.17    0.03    0.03    0.03    0.03    0.03      1.63      0.14
    1955    0.02    0.33    0.13    0.39    0.56    5.27    1.75    0.08    0.07    0.07    0.06    0.05      8.79      0.73
    1956    0.12    0.39    0.30    0.06    0.13    0.70    0.23    0.04    0.03    0.03    0.03    0.05      2.11      0.18
    1957    0.02    0.02    0.61    0.24    0.02    0.02    0.02    1.69    0.59    0.03    0.03    0.03      3.31      0.28
    1958    0.02    0.05    1.53    0.54    0.05    0.03    0.03    0.02    0.02    0.02    0.02    0.02      2.36      0.20
    1959    0.01    0.01    0.02    0.01    0.01    0.55    0.19    0.01    0.01    0.01    0.03    0.01      0.89      0.07
    1960    0.01    0.01    0.01    0.14    0.05   44.04   15.93    0.61    0.23    0.21    0.20    0.18     61.60      5.13
    1961    0.17    0.18    0.13    0.12    0.11    0.10    0.10    0.09    0.09    0.08    0.08    0.07      1.32      0.11
    1962    0.07    0.61    0.20    4.12    1.86    0.85    0.31    0.09    0.08    0.07    0.07    0.06      8.38      0.70
    1963    0.57    1.34    0.79    0.13    0.07    0.07    0.05    0.04    0.04    0.03    0.03    0.60      3.77      0.31
    1964    0.26    0.15    0.54    0.21    0.03    0.41    0.73    0.21    0.03    0.03    0.03    0.02      2.65      0.22
    1965    0.03    0.28    0.09    0.76    0.28    0.02    0.02    0.02    0.02    0.02    0.01    0.01      1.56      0.13
    1966    0.01    0.01    0.01    0.01    0.11    0.64    0.87    1.88    0.59    0.04    0.04    0.04      4.25      0.35
    1967    0.03    0.03    0.03    0.03    0.02    0.49    0.18    0.06    0.02    0.02    0.02    0.02      0.95      0.08
    1968    0.04    0.02    0.02    0.02    4.76    2.52    0.88    0.19    0.07    0.07    0.06    0.05      8.69      0.72
    1969    0.31    0.10    0.04    0.04    0.03    0.03    0.03    1.03    0.37    0.03    1.68    0.59      4.27      0.36
    1970    0.05    0.04    0.12    0.06    1.05    1.06    0.28    0.04    0.04    0.26    0.28    0.06      3.35      0.28
    1971    0.03    0.03    0.03    0.69    0.24    0.42    0.18    0.03    0.03    0.03    0.02    0.02      1.75      0.15
    1972    0.02    0.02    0.02    0.01    0.24    7.75    2.81    0.09    0.09    0.15    0.07    0.07     11.32      0.94
    1973    3.06    1.08    1.01    6.12   26.45   10.40    1.09    0.27    0.27    0.25    0.23    0.22     50.45      4.20
    1974    0.20    1.04    0.34    0.15    0.14    2.50    0.86    0.14    0.13    0.13    0.12    0.11      5.87      0.49
    1975    0.10    0.09    0.29   11.08    8.76   16.49    5.05    0.31    0.29    0.27    0.25    0.23     43.20      3.60
    1976    0.95    0.32    0.18    0.16    6.12    4.31    2.20    0.65    0.20    0.19    0.18    0.16     15.62      1.30
    1977    0.16    0.14    2.07    0.74    0.13    0.12    0.11    0.10    0.09    0.09    0.08    0.07      3.90      0.33
    1978    0.07    0.06    0.05    0.05    2.06    0.73    0.06    0.05    0.05    0.12    0.04    0.04      3.38      0.28
    1979    0.03    0.04    0.02    0.02    0.17    0.21    0.05    0.02    0.05    0.02    0.01    0.14      0.78      0.06
    1980    0.05    0.01    0.01    0.31    1.83    1.08    0.18    0.09    0.03    0.03    0.32    0.11      4.04      0.34
    1981    0.98    0.35    0.03    0.03    0.03    0.02    1.59    0.56    0.04    0.03    0.03    0.03      3.71      0.31
    1982    0.31    0.11    0.02    0.02    0.02    0.02    0.07    0.02    0.01    0.55    0.20    0.02      1.37      0.11
    1983    0.01    0.70    0.36    0.04    0.02    0.02    0.03    0.01    0.01    0.01    0.01    0.01      1.24      0.10
    1984    0.06    0.03    0.01    0.89    0.84    0.25    0.04    0.02    0.02    0.02    0.02    0.01      2.20      0.18
    1985    0.01    1.45   10.31    3.70    0.33    0.11    0.44    0.14    0.09    0.08    0.07    0.07     16.80      1.40
    1986    0.28    0.13    0.05    0.04    0.07    0.03    0.31    0.12    0.03    0.03    0.02    0.75      1.86      0.16
    1987    0.27    0.28    0.09    0.02   14.41    9.46    2.15    0.18    0.17    0.15    0.14    0.17     27.49      2.29
    1988    0.11    0.11    1.69    1.01    0.79    0.23    1.12    0.38    0.09    0.09    0.08    0.07      5.78      0.48
    1989    0.07    3.47    1.22    0.09    0.32    0.11    1.30    0.45    0.07    0.07    0.06    0.05      7.29      0.61
    1990    0.05    0.04    0.04    0.22    0.07    0.06    0.03    0.02    0.02    0.02    0.02    0.04      0.62      0.05
    1991    1.09    0.38    0.16    0.05    0.02    0.13    0.04    0.02    0.02    0.01    0.01    0.01      1.94      0.16
    1992    0.02    0.01    0.01    0.02    0.12    0.06    0.01    0.01    0.01    0.01    0.00    0.10      0.37      0.03
    1993    0.04    0.16    0.16    0.15    0.67    2.80    0.90    0.04    0.04    0.04    0.03    0.03      5.07      0.42
    1994    0.03    0.02    0.02    0.07    0.04    0.12    0.04    0.41    0.15    0.02    0.01    0.01      0.93      0.08
    1995    0.01    0.07    1.32    0.68    0.47    0.18    0.03    0.03    0.02    0.02    0.02    0.02      2.86      0.24
    1996    0.05   10.50    3.65    0.11    0.10    4.98    1.74    0.12    0.11    0.11    0.10    0.09     21.65      1.80
    1997    0.08    0.07    0.06    0.17    0.06    0.12    0.04    0.04    0.04    0.03    0.03    0.03      0.77      0.06
    1998    0.02    0.02    0.05    0.11    0.04    0.06    0.02    0.01    0.01    0.01    0.01    0.01      0.38      0.03
    1999    0.01    0.08    2.51    1.52    0.62    5.02    1.71    0.09    0.08    0.08    0.07    0.06     11.85      0.99
    2000    0.06    0.05    0.04    0.04    0.03    0.79    0.58    0.11    0.04    0.03    0.03    0.79      2.58      0.22
    2001    0.28    0.60    0.21    0.67    0.32    0.79    0.27    0.04    0.03    0.03    0.07    0.02      3.34      0.28
    2002    0.02    0.02    1.62    0.57    0.03    1.74    0.62    0.15    0.05    0.04    0.04    0.03      4.95      0.41
    2003    0.03    0.02    0.02    0.20    3.82    1.30    0.59    0.19    0.06    0.05    0.05    0.04      6.37      0.53
    2004    0.04    0.03    0.05    0.31    0.56    0.18    0.03    0.19    0.06    0.02    0.02    0.02      1.52      0.13
    2005    0.02    0.23    0.08   12.94    4.54    0.13    0.23    0.29    0.10    0.09    0.54    0.18     19.38      1.61
    2006    0.07    0.07    0.06    0.05    0.05    0.04    0.09    0.03    0.03    0.03    0.03    0.02      0.58      0.05
    2007    2.25    0.79    1.75    1.41    0.68    0.23    0.06    0.06    0.11    0.04    0.04    0.04      7.45      0.62
    2008    0.03    0.03    0.03    0.02    8.04    2.73    0.32    0.10    0.09    0.08    0.07    0.06     11.60      0.97
    2009    0.06    0.05    0.04    1.48    5.41    2.02    0.12    0.10    0.09    0.08    0.07    0.06      9.57      0.80
  
 AVERAGE    0.19    0.51    0.59    0.68    1.38    2.12    0.85    0.22    0.09    0.07    0.13    0.13      6.97      0.58
