    1920    0.00    0.00    0.00    0.00    3.61    5.84    7.28    1.52    0.00    0.00    0.00    0.00     18.25      1.52
    1921    0.00   11.68    4.99    0.37    0.00    0.00    0.00    0.00    0.00    0.00    0.00    0.00     17.04      1.42
    1922    0.00    0.00    0.00    0.00    0.34    0.26    0.24    0.03    0.00    0.00    0.00    0.00      0.88      0.07
    1923    0.00    0.03    0.00    0.00    0.92    0.51    0.05    0.01    0.01    0.00    0.00    0.00      1.54      0.13
    1924    0.00    0.00    3.07    1.04    1.64    3.57    1.48    0.18    0.32    0.20    0.07    0.07     11.63      0.97
    1925    0.06    0.06    0.15    0.05    0.04    0.19    0.06    0.03    0.03    0.03    0.03    0.03      0.77      0.06
    1926    0.02    0.02    0.02    0.02    0.02    0.05    0.02    0.01    0.01    0.01    0.01    0.01      0.23      0.02
    1927    0.01    0.03    0.02    0.09    0.03   20.43    6.89    0.19    0.18    0.16    0.14    0.33     28.50      2.37
    1928    0.11    0.11    0.09    0.08    0.07    2.97    1.08    0.10    0.08    0.11    0.29    1.81      6.89      0.57
    1929    0.62    0.07    0.18    0.36    1.75    0.61    0.07    0.06    0.06    0.05    0.05    0.04      3.94      0.33
    1930    0.04    0.04    0.03    0.83    0.30    2.12    0.74    0.06    0.05    0.10    0.04    0.04      4.38      0.37
    1931    0.03    0.03    1.58    0.55    1.14    0.58    0.06    0.08    0.04    0.04    0.03    0.03      4.20      0.35
    1932    0.03    0.02    0.02    0.02    0.02    0.01    0.01    0.01    0.01    0.01    0.15    0.05      0.37      0.03
    1933    0.01    3.26    1.16    1.04    0.54    2.36    0.95    0.07    0.06    0.06    0.05    0.05      9.61      0.80
    1934    0.18    2.21    0.89    0.05    2.50    0.89    0.18    2.76    1.10    0.09    0.08    0.07     11.00      0.92
    1935    0.07    0.06    0.06    0.05    0.05    1.10    0.40    0.05    0.05    0.04    0.04    0.03      1.99      0.17
    1936    0.78    0.47    0.07    0.44    0.67    0.19    0.04    0.04    0.03    0.03    0.03    0.03      2.80      0.23
    1937    0.02    0.02    5.59    1.95    0.58    0.19    0.10    0.06    0.06    0.17    0.06    0.04      8.83      0.74
    1938    0.04    0.10    0.07    1.81    4.57    1.39    0.09    0.08    0.07    0.06    5.30    1.84     15.41      1.28
    1939    0.11    0.10    0.09    0.17    3.48    1.81    0.22    0.25    0.08    0.08    0.07    0.32      6.78      0.56
    1940    0.11    0.06    0.05    0.28    1.77    0.60    3.04    1.08    0.09    0.08    0.31    0.10      7.57      0.63
    1941    0.29    0.10    0.05    0.05    0.04    0.14    0.12    0.03    0.03    0.03    0.02    0.02      0.92      0.08
    1942    0.61    0.22    0.17    0.07    0.02    0.74    0.55    0.11    0.03    0.02    0.04    0.02      2.59      0.22
    1943    0.02    3.47    1.56    0.14    0.05    1.60    0.57    0.05    0.05    0.05    0.04    0.04      7.64      0.64
    1944    0.03    0.03    0.03    0.09    0.06    3.38    1.16    0.06    0.05    0.41    0.14    0.04      5.48      0.46
    1945    0.04    0.03    0.03    0.04    0.10    0.69    0.43    0.08    0.03    0.02    0.02    0.02      1.53      0.13
    1946    0.02    0.15    0.05    0.01    0.01    0.81    0.30    0.02    0.02    0.02    0.01    0.01      1.43      0.12
    1947    0.01    0.01    0.31    0.13    0.14    1.72    2.05    0.53    0.05    0.04    0.04    0.03      5.07      0.42
    1948    0.03    0.03    0.07    0.02    0.02    0.02    0.02    0.17    0.06    0.01    0.01    0.01      0.47      0.04
    1949    0.01    0.10    0.04    0.01    3.47    8.80    4.47    1.08    0.13    0.14    0.12    2.29     20.67      1.72
    1950    0.81    0.47    0.17    0.26    0.42    0.11    0.08    0.08    0.07    0.07    0.06    0.06      2.65      0.22
    1951    0.05    0.05    0.04    0.04    4.51    1.58    0.09    0.08    0.08    0.12    0.10    0.06      6.81      0.57
    1952    0.05    0.11    0.15    0.04    0.46    0.16    0.03    0.03    0.03    0.02    0.02    0.02      1.13      0.09
    1953    1.40    0.82    2.28    0.77    0.05    5.45    2.28    0.45    0.10    0.09    0.08    0.08     13.86      1.15
    1954    0.07    0.67    0.23    0.06    0.19    0.39    0.21    0.04    0.04    0.04    0.03    0.03      2.00      0.17
    1955    0.03    0.40    0.16    0.48    0.69    6.61    2.20    0.10    0.09    0.09    0.08    0.07     11.00      0.92
    1956    0.15    0.48    0.36    0.08    0.16    0.87    0.29    0.04    0.04    0.04    0.03    0.06      2.61      0.22
    1957    0.03    0.02    0.76    0.29    0.03    0.02    0.02    2.11    0.73    0.04    0.04    0.03      4.13      0.34
    1958    0.03    0.07    1.91    0.68    0.06    0.04    0.04    0.03    0.03    0.03    0.02    0.02      2.94      0.25
    1959    0.02    0.02    0.02    0.01    0.01    0.69    0.24    0.02    0.02    0.01    0.04    0.01      1.10      0.09
    1960    0.01    0.01    0.01    0.17    0.06   57.69   20.78    0.76    0.32    0.29    0.27    0.25     80.61      6.72
    1961    0.22    0.22    0.17    0.16    0.14    0.13    0.12    0.11    0.10    0.09    0.09    0.08      1.65      0.14
    1962    0.07    0.76    0.25    5.15    2.32    1.06    0.38    0.11    0.11    0.10    0.09    0.08     10.48      0.87
    1963    0.72    1.68    0.99    0.17    0.08    0.09    0.06    0.05    0.04    0.04    0.04    0.75      4.71      0.39
    1964    0.32    0.18    0.67    0.26    0.04    0.51    0.91    0.26    0.04    0.04    0.03    0.03      3.29      0.27
    1965    0.04    0.34    0.11    0.95    0.34    0.03    0.03    0.02    0.02    0.02    0.02    0.02      1.94      0.16
    1966    0.01    0.01    0.01    0.01    0.14    0.80    1.09    2.35    0.73    0.05    0.05    0.04      5.30      0.44
    1967    0.04    0.04    0.03    0.03    0.03    0.60    0.22    0.07    0.02    0.02    0.02    0.02      1.15      0.10
    1968    0.05    0.02    0.02    0.02    5.97    3.16    1.09    0.23    0.09    0.08    0.08    0.07     10.86      0.91
    1969    0.38    0.13    0.05    0.05    0.04    0.04    0.03    1.28    0.46    0.04    2.10    0.74      5.34      0.44
    1970    0.06    0.05    0.15    0.07    1.31    1.33    0.35    0.05    0.05    0.32    0.34    0.08      4.16      0.35
    1971    0.04    0.04    0.03    0.85    0.30    0.52    0.22    0.03    0.03    0.03    0.03    0.03      2.15      0.18
    1972    0.02    0.02    0.02    0.02    0.29    9.72    3.53    0.12    0.11    0.18    0.09    0.09     14.20      1.18
    1973    3.84    1.36    1.26    7.68   33.81   13.28    1.36    0.36    0.35    0.32    0.30    0.27     64.18      5.35
    1974    0.25    1.29    0.43    0.18    0.16    3.12    1.08    0.17    0.16    0.15    0.14    0.13      7.26      0.60
    1975    0.12    0.10    0.36   13.92   11.00   20.81    6.41    0.41    0.38    0.36    0.33    0.30     54.50      4.54
    1976    1.18    0.40    0.22    0.20    7.69    5.40    2.75    0.80    0.25    0.24    0.22    0.19     19.55      1.63
    1977    0.18    0.16    2.58    0.92    0.16    0.14    0.13    0.13    0.12    0.11    0.10    0.09      4.82      0.40
    1978    0.08    0.07    0.06    0.06    2.58    0.91    0.08    0.07    0.06    0.15    0.05    0.05      4.23      0.35
    1979    0.04    0.05    0.03    0.03    0.21    0.26    0.06    0.02    0.06    0.02    0.02    0.17      0.97      0.08
    1980    0.06    0.01    0.01    0.38    2.29    1.34    0.22    0.12    0.04    0.04    0.40    0.14      5.03      0.42
    1981    1.22    0.44    0.04    0.03    0.03    0.03    1.99    0.69    0.05    0.04    0.04    0.03      4.62      0.39
    1982    0.39    0.14    0.03    0.02    0.02    0.02    0.08    0.03    0.02    0.69    0.24    0.02      1.70      0.14
    1983    0.02    0.88    0.44    0.05    0.02    0.02    0.03    0.02    0.01    0.01    0.01    0.01      1.54      0.13
    1984    0.08    0.04    0.01    1.11    1.04    0.30    0.05    0.02    0.02    0.02    0.02    0.02      2.73      0.23
    1985    0.01    1.81   12.95    4.65    0.40    0.14    0.55    0.18    0.11    0.10    0.09    0.08     21.07      1.76
    1986    0.35    0.15    0.06    0.05    0.08    0.04    0.39    0.15    0.04    0.03    0.03    0.93      2.30      0.19
    1987    0.33    0.34    0.11    0.03   18.18   11.91    2.70    0.22    0.21    0.20    0.18    0.21     34.65      2.89
    1988    0.14    0.13    2.12    1.25    0.98    0.28    1.40    0.47    0.11    0.10    0.09    0.09      7.17      0.60
    1989    0.07    4.35    1.52    0.11    0.39    0.14    1.62    0.57    0.09    0.09    0.08    0.07      9.10      0.76
    1990    0.06    0.06    0.05    0.27    0.09    0.07    0.03    0.03    0.03    0.03    0.02    0.04      0.77      0.06
    1991    1.36    0.47    0.19    0.06    0.03    0.16    0.05    0.02    0.02    0.02    0.01    0.01      2.41      0.20
    1992    0.03    0.01    0.01    0.02    0.15    0.08    0.01    0.01    0.01    0.01    0.01    0.12      0.45      0.04
    1993    0.04    0.20    0.20    0.18    0.83    3.50    1.13    0.06    0.05    0.05    0.04    0.04      6.32      0.53
    1994    0.03    0.03    0.03    0.08    0.05    0.14    0.04    0.51    0.18    0.02    0.02    0.02      1.15      0.10
    1995    0.01    0.09    1.65    0.84    0.58    0.23    0.03    0.03    0.03    0.02    0.02    0.02      3.55      0.30
    1996    0.06   13.19    4.59    0.14    0.13    6.25    2.19    0.15    0.14    0.14    0.12    0.11     27.22      2.27
    1997    0.10    0.09    0.08    0.21    0.07    0.15    0.05    0.05    0.04    0.04    0.03    0.03      0.95      0.08
    1998    0.03    0.02    0.06    0.14    0.05    0.07    0.02    0.01    0.01    0.01    0.01    0.01      0.46      0.04
    1999    0.01    0.10    3.14    1.90    0.77    6.30    2.15    0.12    0.11    0.10    0.09    0.08     14.84      1.24
    2000    0.07    0.06    0.05    0.05    0.04    0.99    0.72    0.13    0.04    0.04    0.03    0.98      3.20      0.27
    2001    0.35    0.75    0.26    0.83    0.40    0.99    0.34    0.05    0.04    0.04    0.08    0.03      4.15      0.35
    2002    0.03    0.03    2.03    0.71    0.04    2.18    0.78    0.19    0.06    0.05    0.04    0.04      6.18      0.51
    2003    0.04    0.03    0.03    0.24    4.79    1.63    0.73    0.24    0.07    0.06    0.06    0.05      7.97      0.66
    2004    0.05    0.04    0.06    0.39    0.70    0.22    0.03    0.23    0.07    0.03    0.03    0.02      1.87      0.16
    2005    0.02    0.29    0.10   16.31    5.73    0.17    0.28    0.36    0.13    0.12    0.68    0.22     24.40      2.03
    2006    0.09    0.08    0.07    0.06    0.06    0.05    0.12    0.04    0.04    0.04    0.03    0.03      0.71      0.06
    2007    2.82    0.98    2.19    1.75    0.85    0.28    0.07    0.07    0.13    0.05    0.05    0.05      9.30      0.77
    2008    0.04    0.04    0.03    0.03   10.09    3.43    0.39    0.13    0.11    0.10    0.09    0.08     14.55      1.21
    2009    0.07    0.06    0.05    1.84    6.79    2.53    0.15    0.12    0.11    0.10    0.09    0.08     11.98      1.00
  
 AVERAGE    0.24    0.64    0.74    0.86    1.74    2.70    1.08    0.27    0.11    0.08    0.17    0.17      8.78      0.73
