    1920    0.00    0.00    0.68    0.00   10.96   11.31   12.15    3.28    0.29    0.04    0.02    0.06     38.80      3.23
    1921    0.07   28.20    9.84    0.51    0.23    0.22    0.20    0.19    0.18    0.17    0.16    0.14     40.10      3.34
    1922    0.13    0.11    0.09    0.07    2.21    2.51    1.05    0.20    0.09    0.17    0.07    0.06      6.77      0.56
    1923    0.05    0.16    0.05    0.74    0.40    1.68    0.59    0.05    0.05    0.05    0.04    0.20      4.06      0.34
    1924    0.06    0.03    1.57    0.57    0.54    5.83    3.06    0.55    0.44    0.35    0.11    0.09     13.21      1.10
    1925    0.08    0.28    0.11    0.06    0.06    0.06    0.06    0.05    0.05    0.05    0.05    0.05      0.96      0.08
    1926    0.04    0.86    0.34    0.04    0.21    0.56    0.18    0.03    0.03    0.08    0.03    0.02      2.40      0.20
    1927    0.02    0.05    0.03    0.74    0.29   13.05    6.01    0.60    0.14    0.12    0.11    2.73     23.88      1.99
    1928    0.97    0.10    0.08    0.07    0.42    7.85    2.79    0.34    0.12    0.16    0.11    3.79     16.79      1.40
    1929    1.52    0.12    0.79    2.23    7.49    2.55    0.16    0.16    0.14    0.13    0.12    0.11     15.55      1.30
    1930    0.10    0.37    0.12    1.31    0.46    1.56    0.58    0.07    0.06    0.43    0.15    0.05      5.24      0.44
    1931    0.08    0.14    3.12    1.14    4.58    2.78    0.44    0.15    0.11    0.08    0.08    0.19     12.89      1.07
    1932    0.16    0.15    0.04    0.04    0.04    0.35    0.26    0.05    0.03    0.03    0.27    0.09      1.51      0.13
    1933    0.02    1.27    0.99    2.05    1.25    3.08    2.34    0.49    0.09    0.08    0.07    0.06     11.78      0.98
    1934    0.87    1.79    0.61    0.06    1.65    0.62    0.29   12.57    4.22    0.17    0.16    0.16     23.17      1.93
    1935    0.14    0.12    0.11    0.10    0.64    7.08    2.46    0.19    0.14    0.14    0.13    0.12     11.37      0.95
    1936    0.13    1.22    0.40    0.27    0.66    0.22    0.06    0.06    0.05    0.07    0.04    0.04      3.23      0.27
    1937    0.14    0.24    3.38    1.74    0.79    0.20    0.05    0.05    0.04    0.04    0.03    0.03      6.73      0.56
    1938    0.40    2.72    1.03    2.05    4.30    1.32    0.09    0.08    0.07    0.26   14.23    4.74     31.31      2.61
    1939    3.34    1.16    0.17    0.14    7.24    3.87    0.55    1.07    0.35    0.17    0.16    0.36     18.59      1.55
    1940    0.13    0.12    0.11    1.26    2.15    0.61    0.53    0.22    0.09    0.08    0.11    0.07      5.48      0.46
    1941    0.69    0.23    0.05    0.09    0.30    0.51    0.26    0.06    0.03    0.03    0.14    0.05      2.44      0.20
    1942    0.59    0.25    0.03    0.02    0.03    1.01    1.13    0.53    0.09    0.04    0.03    0.03      3.78      0.31
    1943    0.03   11.53    5.68    0.74    0.11    4.62    1.63    1.31    0.44    0.13    0.11    0.10     26.42      2.20
    1944    0.13    0.08    0.07    0.17    0.86    9.40    3.09    2.02    0.75    0.49    0.16    0.13     17.34      1.44
    1945    0.11    0.10    0.08    0.09    0.15    0.31    1.31    1.12    0.26    0.08    0.08    0.07      3.77      0.31
    1946    0.09    0.19    0.13    0.04    0.11    0.64    0.29    0.20    0.06    0.04    0.03    0.49      2.31      0.19
    1947    0.20    0.03    2.61    1.15    2.00    3.69    4.45    1.23    0.12    0.11    0.10    0.09     15.79      1.32
    1948    0.08    0.07    0.06    0.05    0.09    0.24    0.11    2.05    0.72    0.06    0.06    0.05      3.64      0.30
    1949    0.04    0.03    0.05    0.05   12.10   15.39   17.25    4.71    0.31    0.29    0.26    2.63     53.10      4.43
    1950    0.90    0.82    0.62    0.40    1.21    0.59    0.16    0.16    0.15    0.15    0.14    0.13      5.42      0.45
    1951    0.12    0.10    0.09    0.07   17.00    5.91    0.20    0.16    0.15    0.13    0.11    0.10     24.15      2.01
    1952    0.09    0.08    0.34    0.11    2.13    0.81    0.06    0.06    0.05    0.05    0.04    0.05      3.89      0.32
    1953    1.62    3.05    4.03    1.14    0.09    8.46    4.16    1.22    0.25    0.15    0.14    0.12     24.43      2.04
    1954    0.11    2.05    0.72    0.18    0.23    0.65    1.16    0.33    0.26    0.09    0.08    0.07      5.94      0.50
    1955    0.06    0.83    0.47    0.13    1.09    3.24    1.02    0.36    0.12    0.07    0.06    0.06      7.51      0.63
    1956    0.53    1.09    1.21    0.70    1.02    2.68    0.86    0.07    0.07    0.06    0.05    0.05      8.40      0.70
    1957    0.05    0.04    0.21    2.61    0.88    0.05    0.05    7.01    2.38    0.11    0.10    0.38     13.86      1.15
    1958    0.13    0.16    2.90    1.05    0.21    0.46    0.36    0.15    0.06    0.05    0.05    0.04      5.61      0.47
    1959    0.04    0.03    0.14    0.08    0.05    0.76    0.32    0.71    0.24    0.03    0.64    0.23      3.27      0.27
    1960    0.03    0.09    0.05    0.87    0.31   37.70   12.89    0.79    0.56    1.51    0.57    0.21     55.58      4.63
    1961    0.20    0.17    0.15    0.14    2.13    0.83    0.14    0.13    0.13    0.12    0.12    0.11      4.37      0.36
    1962    0.10    0.45    0.15   33.96   11.20   16.82    6.67    0.35    0.32    0.29    0.26    0.24     70.82      5.90
    1963    1.89    2.98    1.34    0.18    0.16    0.13    0.14    0.11    0.11    0.10    0.10    0.09      7.33      0.61
    1964    0.14    0.21    0.53    0.24    0.05    0.18    1.20    0.41    0.14    1.83    0.64    0.06      5.63      0.47
    1965    2.47    2.57    0.62    0.88    0.33    0.07    0.06    0.06    0.05    0.05    0.05    0.04      7.24      0.60
    1966    0.04    0.15    0.18    0.23    0.22    1.10    2.25    2.11    0.79    0.09    0.07    0.06      7.28      0.61
    1967    0.50    0.47    0.10    0.05    0.04    4.14    1.79    0.19    0.09    0.09    0.08    0.14      7.67      0.64
    1968    0.07    0.06    0.06    0.05    6.56    2.78    4.96    1.69    0.15    0.13    0.12    0.11     16.74      1.40
    1969    0.36    0.12    0.07    0.06    0.18    0.06    0.04    1.67    0.60    0.05    6.03    2.07     11.32      0.94
    1970    0.12    0.09    1.08    0.40    1.88    1.01    0.88    0.39    0.08    0.64    2.29    0.74      9.60      0.80
    1971    0.17    0.09    0.08    1.87    0.66    4.06    1.58    0.11    0.11    0.10    0.09    0.09      9.02      0.75
    1972    0.08    0.07    0.06    0.05    0.47   11.37    7.07    1.19    0.16    0.17    0.13    0.12     20.93      1.74
    1973    0.19    0.09    0.26    8.73   24.96   40.23   10.99    0.66    0.39    0.38    1.63    0.54     89.06      7.42
    1974    0.32    4.10    1.41    0.24    0.24    7.50    2.88    0.25    0.69    0.28    0.23    0.22     18.38      1.53
    1975    0.19    0.29    3.20   16.82    9.59   32.19   10.76    0.43    0.42    0.39    0.37    0.34     74.98      6.25
    1976    5.80    2.13    0.28    0.25   10.46    4.83    0.57    5.63    1.94    0.32    0.29    0.27     32.76      2.73
    1977    0.24    0.21    1.81    0.82    0.14    0.57    0.21    0.12    0.11    0.10    0.09    0.08      4.49      0.37
    1978    0.07    0.06    2.19    0.91    5.96    2.03    0.11    0.09    0.08    0.25    0.18    0.06     11.99      1.00
    1979    0.19    0.45    0.13    0.04    1.22    1.25    0.32    0.05    0.04    0.04    0.36    0.15      4.23      0.35
    1980    0.03    0.55    0.39    0.84    2.61    1.34    0.23   10.09    3.41    0.15    0.41    0.14     20.20      1.68
    1981    1.97    0.69    0.65    0.22    0.09    0.09    2.83    1.00    0.10    0.09    0.09    0.14      7.98      0.66
    1982    0.28    0.34    0.17    0.05    0.05    0.04    0.26    0.10    0.21    4.23    1.44    0.34      7.51      0.63
    1983    0.11    1.34    1.13    0.24    0.06    0.10    0.29    0.09    0.05    0.05    0.04    0.04      3.54      0.30
    1984    0.04    1.15    0.41    2.31    1.27    0.21    0.13    0.05    0.04    0.04    0.04    0.03      5.71      0.48
    1985    0.34    1.75   14.66    6.14    1.52    0.45    0.13    0.12    0.11    0.10    0.09    0.08     25.48      2.12
    1986    0.82    0.95    0.23    0.05    0.25    0.08    0.13    0.09    0.05    0.03    0.03    2.57      5.30      0.44
    1987    0.89    2.51    0.88    0.06   22.57   21.13   11.29    2.43    0.31    0.30    0.28    0.38     63.03      5.25
    1988    0.23    0.21    7.24    3.84    2.75    2.06    1.25    0.28    0.23    0.22    0.21    0.19     18.70      1.56
    1989    0.17    0.93    0.31    0.14    0.21    0.08    0.30    0.10    0.14    0.06    0.06    0.05      2.55      0.21
    1990    0.04    0.03    0.03    0.41    0.14    0.18    0.11    0.02    0.05    0.02    0.02    0.03      1.07      0.09
    1991    1.42    1.76    0.84    0.14    0.03    0.26    0.13    0.02    0.02    0.06    0.18    0.05      4.93      0.41
    1992    0.36    0.16    0.02    0.06    0.37    0.18    0.62    0.26    0.28    0.09    0.02    0.04      2.47      0.21
    1993    0.03    0.32    0.77    3.09    2.09    2.85    0.91    0.08    0.08    0.07    0.06    0.06     10.41      0.87
    1994    0.05    0.04    0.04    0.28    0.56    0.50    0.13    1.17    0.42    0.04    0.11    0.18      3.53      0.29
    1995    0.05    1.01    5.42    3.88    1.83    0.76    0.15    0.09    0.08    0.07    0.09    0.06     13.50      1.12
    1996    0.10   24.98    8.54    0.19    0.17    4.49    1.64    0.36    1.27    0.39    0.15    0.13     42.40      3.53
    1997    0.12    0.10    0.09    0.36    0.38    1.26    0.45    0.07    0.06    0.06    0.06    0.05      3.05      0.25
    1998    0.05    0.09    0.03    1.41    0.50    0.17    0.06    0.31    0.10    0.03    0.02    0.02      2.79      0.23
    1999    0.02    0.02    6.92    5.04    1.43    9.78    3.65    0.17    0.16    0.15    0.13    0.25     27.73      2.31
    2000    0.10    0.42    0.15    0.41    0.15    0.43   13.80    4.57    0.18    0.16    0.14    3.03     23.53      1.96
    2001    1.07    3.68    1.34    0.25    0.11    0.39    0.14    0.09    0.08    0.08    0.23    0.08      7.54      0.63
    2002    0.06    0.05    1.31    0.46    0.82    2.81    0.96    0.07    0.06    0.06    0.05    0.05      6.78      0.56
    2003    0.04    0.09    0.03    0.90    0.41    0.21    1.13    0.40    0.04    0.04    0.03    0.36      3.68      0.31
    2004    0.12    0.03    0.08    0.61    1.36    0.66    0.22    0.31    0.09    0.03    0.03    0.03      3.56      0.30
    2005    0.14    0.16    0.04    5.61    2.66    0.33    0.51    1.08    0.32    0.23   10.15    3.42     24.65      2.05
    2006    0.15    0.14    0.32    0.12    0.12    0.08    0.42    0.14    0.08    0.08    0.07    0.07      1.79      0.15
    2007    4.51    1.60    3.25    2.46    4.51    1.79    0.14    0.13    0.37    0.13    0.09    0.09     19.05      1.59
    2008    0.08    0.08    0.09    0.05   26.99    9.51    0.90    0.22    0.42    0.17    0.16    0.15     38.81      3.23
    2009    0.14    0.11    0.09    9.97    3.81    0.56    0.14    0.13    0.12    0.11    0.10    0.09     15.35      1.28
  
 AVERAGE    0.45    1.33    1.25    1.56    2.70    3.98    2.00    0.94    0.32    0.21    0.52    0.40     15.68      1.31
