    1920    0.00    0.00    0.01    0.00    3.98    4.12    4.48    1.10    0.03    0.00    0.04    0.06     13.82
    1921    0.07   11.39    4.00    0.20    0.16    0.16    0.16    0.15    0.15    0.15    0.14    0.14     16.87
    1922    0.13    0.11    0.11    0.10    0.86    0.99    0.40    0.11    0.10    0.11    0.09    0.09      3.20
    1923    0.08    0.08    0.06    0.28    0.14    0.65    0.23    0.05    0.05    0.05    0.04    0.07      1.78
    1924    0.04    0.04    0.59    0.21    0.21    2.24    1.19    0.20    0.16    0.13    0.06    0.06      5.13
    1925    0.06    0.11    0.06    0.05    0.05    0.05    0.04    0.05    0.04    0.04    0.04    0.04      0.63
    1926    0.04    0.33    0.13    0.04    0.07    0.22    0.07    0.04    0.04    0.04    0.04    0.04      1.10
    1927    0.03    0.03    0.02    0.29    0.11    5.01    2.32    0.23    0.08    0.07    0.06    1.06      9.31
    1928    0.38    0.06    0.06    0.04    0.16    3.02    1.10    0.13    0.06    0.07    0.06    1.47      6.61
    1929    0.58    0.07    0.29    0.89    2.90    1.01    0.10    0.10    0.10    0.10    0.10    0.08      6.32
    1930    0.08    0.13    0.07    0.52    0.18    0.62    0.22    0.07    0.07    0.16    0.06    0.05      2.23
    1931    0.05    0.06    1.22    0.45    1.78    1.09    0.17    0.06    0.06    0.06    0.06    0.07      5.13
    1932    0.06    0.05    0.04    0.04    0.04    0.13    0.09    0.03    0.03    0.03    0.10    0.04      0.68
    1933    0.03    0.50    0.39    0.79    0.49    1.19    0.91    0.18    0.06    0.06    0.04    0.04      4.68
    1934    0.34    0.70    0.23    0.04    0.65    0.24    0.11    4.84    1.66    0.09    0.09    0.09      9.08
    1935    0.09    0.08    0.08    0.08    0.24    2.75    0.97    0.10    0.10    0.10    0.10    0.09      4.78
    1936    0.08    0.47    0.15    0.09    0.25    0.09    0.08    0.07    0.07    0.06    0.06    0.06      1.53
    1937    0.06    0.09    1.32    0.69    0.31    0.07    0.05    0.05    0.04    0.04    0.04    0.04      2.80
    1938    0.15    1.06    0.41    0.80    1.66    0.52    0.06    0.06    0.04    0.09    5.48    1.87     12.20
    1939    1.31    0.45    0.09    0.09    2.81    1.52    0.20    0.40    0.13    0.10    0.10    0.13      7.33
    1940    0.08    0.08    0.08    0.49    0.85    0.24    0.20    0.10    0.08    0.08    0.08    0.08      2.44
    1941    0.26    0.09    0.07    0.06    0.11    0.20    0.09    0.05    0.05    0.05    0.06    0.05      1.14
    1942    0.23    0.09    0.04    0.04    0.03    0.40    0.44    0.20    0.04    0.04    0.04    0.04      1.63
    1943    0.04    4.44    2.20    0.28    0.07    1.80    0.64    0.49    0.16    0.08    0.07    0.07     10.34
    1944    0.06    0.06    0.05    0.07    0.34    3.62    1.23    0.79    0.29    0.18    0.09    0.09      6.87
    1945    0.08    0.08    0.07    0.06    0.07    0.11    0.52    0.43    0.09    0.07    0.07    0.06      1.71
    1946    0.07    0.07    0.06    0.05    0.06    0.25    0.11    0.07    0.05    0.05    0.05    0.19      1.08
    1947    0.07    0.05    1.03    0.46    0.79    1.44    1.73    0.47    0.09    0.07    0.07    0.07      6.34
    1948    0.07    0.05    0.05    0.05    0.04    0.09    0.05    0.80    0.28    0.05    0.05    0.05      1.63
    1949    0.04    0.04    0.04    0.04    4.66    5.91    6.65    1.88    0.18    0.16    0.16    1.00     20.76
    1950    0.34    0.31    0.23    0.15    0.45    0.22    0.11    0.11    0.11    0.11    0.11    0.10      2.35
    1951    0.10    0.09    0.09    0.09    6.61    2.38    0.14    0.14    0.14    0.13    0.12    0.11     10.14
    1952    0.11    0.09    0.13    0.08    0.85    0.31    0.07    0.07    0.06    0.05    0.05    0.05      1.92
    1953    0.65    1.20    1.56    0.44    0.07    3.27    1.63    0.46    0.10    0.09    0.09    0.09      9.65
    1954    0.08    0.81    0.27    0.08    0.09    0.24    0.45    0.13    0.09    0.06    0.07    0.06      2.43
    1955    0.06    0.32    0.18    0.06    0.43    1.28    0.40    0.13    0.07    0.07    0.06    0.06      3.12
    1956    0.20    0.43    0.48    0.27    0.40    1.05    0.33    0.06    0.05    0.05    0.05    0.05      3.42
    1957    0.05    0.04    0.07    1.02    0.35    0.04    0.04    2.71    0.95    0.07    0.07    0.14      5.55
    1958    0.06    0.07    1.13    0.41    0.07    0.17    0.13    0.05    0.05    0.04    0.04    0.04      2.26
    1959    0.04    0.04    0.05    0.03    0.03    0.30    0.12    0.28    0.09    0.04    0.25    0.09      1.36
    1960    0.04    0.03    0.03    0.35    0.12   15.96    5.51    0.29    0.20    0.57    0.22    0.14     23.46
    1961    0.14    0.12    0.12    0.10    0.84    0.31    0.11    0.11    0.11    0.10    0.09    0.09      2.24
    1962    0.09    0.17    0.09   14.15    4.77    6.58    2.69    0.23    0.23    0.22    0.20    0.19     29.61
    1963    0.72    1.18    0.51    0.14    0.14    0.13    0.11    0.11    0.11    0.09    0.09    0.09      3.42
    1964    0.08    0.09    0.20    0.09    0.06    0.08    0.48    0.16    0.07    0.73    0.24    0.06      2.34
    1965    0.99    1.02    0.24    0.33    0.13    0.06    0.05    0.05    0.05    0.05    0.05    0.04      3.06
    1966    0.04    0.05    0.07    0.09    0.08    0.44    0.88    0.82    0.31    0.06    0.05    0.05      2.94
    1967    0.18    0.18    0.06    0.05    0.04    1.60    0.71    0.07    0.06    0.06    0.05    0.06      3.12
    1968    0.05    0.05    0.05    0.05    2.54    1.10    1.94    0.66    0.10    0.10    0.09    0.08      6.81
    1969    0.13    0.07    0.07    0.06    0.07    0.05    0.05    0.67    0.23    0.05    2.34    0.82      4.61
    1970    0.07    0.07    0.42    0.15    0.75    0.40    0.33    0.15    0.07    0.24    0.90    0.29      3.84
    1971    0.08    0.07    0.07    0.74    0.25    1.59    0.61    0.08    0.08    0.08    0.08    0.08      3.81
    1972    0.08    0.06    0.06    0.06    0.18    4.39    2.75    0.46    0.12    0.10    0.10    0.10      8.46
    1973    0.09    0.08    0.09    3.39    9.80   16.51    4.68    0.27    0.26    0.25    0.62    0.23     36.27
    1974    0.21    1.61    0.54    0.19    0.17    2.98    1.11    0.20    0.26    0.19    0.19    0.19      7.84
    1975    0.17    0.17    1.27    6.56    3.82   13.22    4.59    0.32    0.32    0.31    0.29    0.27     31.31
    1976    2.31    0.82    0.24    0.22    4.14    1.91    0.26    2.24    0.75    0.24    0.24    0.22     13.59
    1977    0.21    0.20    0.69    0.31    0.17    0.22    0.15    0.15    0.15    0.14    0.14    0.12      2.65
    1978    0.11    0.11    0.88    0.36    2.34    0.81    0.11    0.09    0.09    0.10    0.09    0.08      5.17
    1979    0.08    0.16    0.06    0.05    0.48    0.50    0.12    0.05    0.04    0.04    0.13    0.05      1.76
    1980    0.04    0.21    0.15    0.33    1.02    0.53    0.09    3.89    1.35    0.09    0.15    0.07      7.92
    1981    0.77    0.26    0.24    0.09    0.07    0.07    1.12    0.38    0.07    0.07    0.07    0.07      3.28
    1982    0.11    0.13    0.07    0.06    0.06    0.05    0.09    0.06    0.07    1.66    0.57    0.13      3.06
    1983    0.07    0.52    0.44    0.09    0.06    0.06    0.11    0.05    0.05    0.05    0.05    0.05      1.60
    1984    0.04    0.46    0.16    0.91    0.50    0.08    0.05    0.04    0.04    0.04    0.04    0.04      2.40
    1985    0.13    0.69    5.64    2.40    0.58    0.17    0.08    0.08    0.07    0.06    0.06    0.06     10.02
    1986    0.31    0.36    0.09    0.04    0.09    0.04    0.05    0.03    0.03    0.03    0.03    1.00      2.10
    1987    0.36    0.98    0.34    0.04    8.91    8.20    4.39    0.94    0.18    0.17    0.16    0.15     24.82
    1988    0.14    0.14    2.83    1.51    1.06    0.78    0.47    0.15    0.14    0.14    0.14    0.14      7.64
    1989    0.13    0.35    0.14    0.12    0.12    0.10    0.13    0.10    0.10    0.10    0.10    0.09      1.58
    1990    0.09    0.07    0.06    0.16    0.06    0.07    0.06    0.05    0.04    0.04    0.04    0.03      0.77
    1991    0.57    0.69    0.33    0.05    0.03    0.09    0.05    0.03    0.03    0.03    0.07    0.03      2.00
    1992    0.14    0.06    0.02    0.02    0.14    0.07    0.24    0.10    0.11    0.03    0.02    0.03      0.98
    1993    0.03    0.12    0.30    1.19    0.81    1.10    0.35    0.05    0.04    0.04    0.04    0.04      4.11
    1994    0.04    0.04    0.04    0.11    0.22    0.19    0.05    0.46    0.16    0.04    0.05    0.07      1.47
    1995    0.04    0.40    2.09    1.51    0.72    0.29    0.06    0.06    0.06    0.05    0.05    0.05      5.38
    1996    0.05    9.97    3.47    0.13    0.12    1.78    0.63    0.13    0.48    0.15    0.10    0.10     17.11
    1997    0.09    0.08    0.08    0.13    0.14    0.50    0.17    0.07    0.06    0.06    0.06    0.05      1.49
    1998    0.05    0.05    0.05    0.56    0.20    0.06    0.04    0.11    0.05    0.04    0.04    0.04      1.29
    1999    0.04    0.02    2.67    1.95    0.56    3.77    1.44    0.09    0.09    0.08    0.08    0.09     10.88
    2000    0.06    0.16    0.06    0.15    0.05    0.16    5.31    1.80    0.11    0.09    0.09    1.20      9.24
    2001    0.41    1.45    0.51    0.10    0.08    0.15    0.08    0.08    0.08    0.07    0.09    0.06      3.16
    2002    0.06    0.06    0.52    0.18    0.32    1.11    0.38    0.07    0.07    0.06    0.05    0.05      2.93
    2003    0.05    0.05    0.04    0.36    0.16    0.07    0.44    0.15    0.04    0.04    0.04    0.14      1.58
    2004    0.05    0.04    0.03    0.23    0.53    0.25    0.08    0.11    0.03    0.04    0.03    0.03      1.45
    2005    0.05    0.06    0.03    2.17    1.04    0.13    0.20    0.41    0.12    0.09    3.91    1.35      9.56
    2006    0.09    0.09    0.12    0.07    0.07    0.07    0.16    0.07    0.07    0.07    0.06    0.06      1.00
    2007    1.76    0.63    1.28    0.96    1.77    0.69    0.10    0.10    0.14    0.08    0.08    0.08      7.67
    2008    0.08    0.07    0.06    0.06   10.89    3.90    0.34    0.14    0.16    0.12    0.12    0.12     16.06
    2009    0.10    0.10    0.08    3.86    1.53    0.21    0.11    0.10    0.10    0.10    0.08    0.08      6.45
