    1920    0.00    0.00    0.00    0.00    1.13    2.11    0.51    0.00    0.00    0.00    0.00    0.00      3.74      0.31
    1921    0.00    0.62    7.04    2.15    0.00    0.23    0.04    0.00    0.00    0.00    0.00    0.00     10.08      0.84
    1922    0.00    0.00    0.00    0.00    0.01    0.00    0.00    0.00    0.00    0.00    0.00    0.00      0.01      0.00
    1923    0.00    0.02    0.00    0.00    0.00    0.10    0.02    0.00    0.00    0.00    0.00    0.05      0.20      0.02
    1924    0.01    0.00    0.16    0.08    0.15    0.48    0.16    0.02    0.01    0.02    0.01    0.21      1.32      0.11
    1925    0.08    0.01    0.02    0.01    0.01    0.01    0.01    0.01    0.01    0.01    0.01    0.01      0.18      0.02
    1926    0.01    0.03    0.01    0.01    0.01    0.01    0.00    0.03    0.01    0.00    0.00    0.00      0.12      0.01
    1927    0.00    0.00    0.26    0.09    0.01    1.37    0.47    0.02    0.02    0.02    0.02    0.07      2.35      0.20
    1928    0.02    0.01    0.01    0.01    0.02    0.13    0.04    0.01    0.01    0.10    0.04    0.62      1.03      0.09
    1929    0.22    0.01    0.34    0.13    0.29    0.12    0.01    0.01    0.01    0.01    0.01    0.01      1.19      0.10
    1930    0.01    0.01    0.01    0.13    0.04    0.20    0.07    0.01    0.01    0.05    0.02    0.01      0.55      0.05
    1931    0.12    0.04    0.43    0.22    0.08    0.03    0.01    0.01    0.01    0.01    0.01    0.39      1.35      0.11
    1932    0.18    0.03    0.01    0.01    0.01    0.01    0.01    0.01    0.01    0.01    0.48    0.17      0.91      0.08
    1933    0.01    0.04    0.16    0.06    0.01    0.13    0.08    0.01    0.01    0.04    0.01    0.01      0.56      0.05
    1934    0.01    0.27    0.10    0.01    0.01    0.01    0.01    0.59    0.21    0.01    0.01    0.01      1.25      0.10
    1935    0.01    0.01    0.01    0.01    0.01    0.21    0.14    0.03    0.01    0.01    0.01    0.01      0.45      0.04
    1936    0.02    0.14    0.07    0.01    0.01    0.01    0.00    0.00    0.00    0.00    0.00    0.00      0.27      0.02
    1937    0.01    0.02    0.18    0.07    0.01    0.00    0.00    0.00    0.00    0.04    0.01    0.00      0.38      0.03
    1938    0.03    0.06    0.02    0.03    2.25    0.77    0.03    0.03    0.02    0.02    1.62    0.56      5.44      0.45
    1939    0.03    0.03    0.03    0.02    1.09    0.49    0.04    0.03    0.02    0.02    0.02    0.02      1.84      0.15
    1940    0.02    0.01    0.01    0.23    0.09    0.01    0.12    0.04    0.01    0.01    0.01    0.01      0.56      0.05
    1941    0.08    0.03    0.11    0.04    0.01    0.01    0.00    0.00    0.00    0.00    0.00    0.00      0.30      0.03
    1942    0.21    0.07    0.00    0.01    0.00    0.04    0.01    0.00    0.00    0.00    0.00    0.02      0.38      0.03
    1943    0.01    1.59    0.55    0.02    0.02    0.01    0.01    0.61    0.22    0.02    0.02    0.01      3.08      0.26
    1944    0.01    0.01    0.01    0.01    0.65    0.23    0.01    0.05    0.04    0.01    0.01    0.01      1.05      0.09
    1945    0.01    0.01    0.01    0.01    0.01    0.25    0.13    0.03    0.01    0.01    0.01    0.01      0.47      0.04
    1946    0.00    0.00    0.00    0.01    0.00    0.07    0.02    0.12    0.04    0.00    0.00    0.00      0.30      0.02
    1947    0.00    0.00    0.00    0.00    0.01    0.10    0.19    0.06    0.01    0.01    0.00    0.00      0.39      0.03
    1948    0.02    0.01    0.01    0.00    0.00    0.00    0.02    0.02    0.00    0.00    0.00    0.00      0.09      0.01
    1949    0.00    0.25    0.09    0.00    0.00    0.06    0.02    0.00    0.00    0.00    0.05    0.48      0.96      0.08
    1950    0.16    1.62    0.56    1.33    0.54    0.03    0.03    0.03    0.03    0.15    0.05    0.02      4.55      0.38
    1951    0.02    0.02    0.01    0.01    2.08    0.71    0.03    0.03    0.03    0.02    0.06    0.03      3.05      0.25
    1952    0.02    0.01    0.06    0.02    2.04    0.77    0.03    0.03    0.03    0.02    0.02    0.02      3.06      0.25
    1953    0.85    0.33    0.23    0.07    0.02    3.67    2.85    0.78    0.07    0.06    0.06    0.05      9.04      0.75
    1954    0.05    0.12    0.04    0.03    0.91    0.38    0.03    0.03    0.03    0.02    0.02    0.02      1.68      0.14
    1955    0.02    0.11    0.19    0.23    0.07    1.11    0.39    0.04    0.02    0.02    0.02    0.04      2.25      0.19
    1956    0.04    0.01    0.03    0.04    0.54    0.20    0.02    0.01    0.01    0.01    0.01    0.01      0.94      0.08
    1957    0.01    0.01    0.26    0.09    0.01    0.01    0.01    0.39    0.14    0.01    0.01    0.01      0.95      0.08
    1958    0.01    0.01    0.09    0.03    0.05    0.02    0.45    0.20    0.01    0.01    0.01    0.01      0.89      0.07
    1959    0.01    0.01    0.01    0.02    0.01    0.11    0.04    0.01    0.01    0.01    0.01    0.01      0.24      0.02
    1960    0.07    0.03    0.01    0.01    0.00    4.85    1.98    0.14    0.05    0.05    0.04    0.04      7.28      0.61
    1961    0.04    0.03    0.03    0.02    0.05    0.11    0.03    0.02    0.02    0.01    0.07    0.02      0.45      0.04
    1962    0.01    0.33    0.12    0.34    0.12    1.25    0.57    0.05    0.03    0.03    0.02    0.02      2.90      0.24
    1963    0.03    0.05    0.16    0.05    0.02    0.07    0.03    0.01    0.01    0.01    0.01    0.12      0.57      0.05
    1964    0.04    0.62    0.22    0.02    0.01    0.02    0.03    0.01    0.01    0.03    0.01    0.01      1.03      0.09
    1965    0.01    1.16    0.40    0.14    0.07    0.02    0.02    0.02    0.01    0.01    0.01    0.01      1.88      0.16
    1966    0.01    0.01    0.01    0.01    0.01    0.03    0.14    0.87    0.29    0.02    0.02    0.02      1.42      0.12
    1967    0.01    0.01    0.01    0.01    0.01    0.20    0.07    0.01    0.01    0.01    0.01    0.04      0.41      0.03
    1968    0.02    0.01    0.01    0.01    0.08    0.10    0.04    0.01    0.01    0.01    0.01    0.01      0.29      0.02
    1969    0.02    0.01    0.04    0.01    0.05    0.02    0.01    0.01    0.01    0.01    0.01    0.01      0.19      0.02
    1970    0.01    0.01    0.05    0.02    0.01    0.09    0.18    0.05    0.01    0.98    1.90    0.55      3.83      0.32
    1971    0.04    0.03    0.03    0.19    0.06    0.46    0.16    0.02    0.02    0.02    0.02    0.02      1.07      0.09
    1972    0.02    0.02    0.01    0.01    0.09    0.61    0.54    0.12    0.02    0.06    0.03    0.02      1.55      0.13
    1973    0.02    0.01    0.01    5.22    3.25    1.18    0.33    0.33    0.10    0.07    0.06    0.05     10.64      0.89
    1974    0.05    0.04    0.04    0.03    0.03    0.03    0.02    0.02    0.05    0.02    0.02    0.02      0.35      0.03
    1975    0.01    0.01    0.09    0.22    1.19    5.13    1.67    0.07    0.07    0.06    0.06    0.05      8.64      0.72
    1976    0.22    0.10    0.04    0.03    5.94    2.01    0.21    0.16    0.07    0.07    0.06    0.07      8.97      0.75
    1977    0.05    0.04    0.04    0.03    0.03    0.04    0.07    0.02    0.02    0.02    0.02    0.02      0.40      0.03
    1978    0.02    0.02    0.01    0.01    0.16    0.05    0.01    0.01    0.01    0.22    0.43    0.13      1.09      0.09
    1979    0.02    0.02    0.02    0.16    0.11    0.02    0.01    0.01    0.01    0.01    0.01    0.01      0.42      0.03
    1980    0.01    0.12    0.04    0.09    0.66    2.68    0.86    1.56    0.56    0.06    0.36    0.12      7.11      0.59
    1981    1.13    0.40    0.05    0.04    0.04    0.04    3.09    1.07    0.06    0.06    0.05    0.05      6.10      0.51
    1982    0.08    0.04    0.04    0.03    0.03    0.03    0.02    0.02    0.02    0.78    0.28    0.03      1.41      0.12
    1983    0.03    0.05    0.03    0.02    0.02    0.06    0.02    0.02    0.02    0.02    0.02    0.02      0.30      0.03
    1984    0.02    0.01    0.01    0.25    0.45    0.29    0.13    0.02    0.02    0.02    0.02    0.02      1.26      0.11
    1985    0.06    0.32    3.80    1.55    0.11    0.05    0.05    0.04    0.04    0.04    0.04    0.03      6.13      0.51
    1986    0.52    0.19    0.03    0.03    0.03    0.02    0.05    0.02    0.02    0.02    0.02    0.66      1.61      0.13
    1987    0.24    0.02    0.02    0.02    0.06    0.14    0.06    0.02    0.02    0.02    0.02    0.02      0.65      0.05
    1988    0.02    0.01    0.36    0.13    0.02    0.02    0.42    0.15    0.02    0.02    0.02    0.02      1.20      0.10
    1989    0.02    1.71    0.59    0.03    0.03    0.03    0.59    0.21    0.03    0.03    0.03    0.03      3.33      0.28
    1990    0.02    0.02    0.02    0.02    0.02    0.02    0.02    0.02    0.01    0.01    0.01    0.01      0.20      0.02
    1991    0.18    0.06    0.33    0.12    0.02    0.03    0.01    0.01    0.01    0.03    0.03    0.01      0.84      0.07
    1992    0.05    0.02    0.01    0.01    1.03    0.36    0.02    0.02    0.02    0.02    0.02    0.27      1.84      0.15
    1993    0.10    0.02    1.33    0.65    0.40    0.11    0.21    0.07    0.03    0.02    0.02    0.02      2.98      0.25
    1994    0.02    0.02    0.36    0.16    0.24    0.09    0.02    0.21    0.07    0.02    0.03    0.01      1.25      0.10
    1995    0.01    0.21    0.34    0.11    0.03    0.07    0.02    0.01    0.01    0.01    0.02    0.01      0.86      0.07
    1996    0.03    5.24    2.04    0.10    0.05    0.04    0.04    0.06    0.03    0.03    0.03    0.03      7.73      0.64
    1997    0.02    0.02    0.03    0.04    0.02    0.03    0.01    0.01    0.01    0.01    0.15    0.05      0.42      0.03
    1998    0.01    0.03    0.08    1.21    0.41    0.03    0.02    0.02    0.02    0.02    0.01    0.01      1.87      0.16
    1999    0.01    0.01    0.09    0.40    2.71    0.93    0.04    0.04    0.03    0.03    0.03    0.02      4.34      0.36
    2000    0.02    1.48    0.52    0.03    0.03    0.04    0.30    0.10    0.02    0.02    0.02    0.02      2.58      0.21
    2001    0.01    0.25    0.09    0.01    0.01    0.01    0.01    0.01    0.01    0.02    0.42    0.14      0.99      0.08
    2002    0.01    0.01    0.84    0.29    0.02    0.17    0.06    0.01    0.01    0.01    0.01    0.01      1.44      0.12
    2003    0.01    0.01    0.01    0.53    0.34    0.06    0.04    0.01    0.01    0.01    0.01    0.01      1.04      0.09
    2004    0.01    0.01    0.11    0.06    0.08    0.07    0.20    0.07    0.01    0.01    0.01    0.01      0.64      0.05
    2005    0.01    0.18    0.07    0.08    0.08    0.02    0.01    0.23    0.08    0.01    0.04    0.01      0.79      0.07
    2006    0.02    0.01    0.00    0.00    0.00    0.26    0.09    0.01    0.01    0.01    0.01    0.00      0.43      0.04
    2007    0.02    0.03    0.05    0.03    0.14    0.09    0.02    0.01    0.00    0.00    0.01    0.00      0.40      0.03
    2008    0.01    0.00    0.00    0.00    0.30    0.10    0.12    0.04    0.04    0.01    0.01    0.01      0.64      0.05
    2009    0.09    0.04    0.07    0.03    0.01    0.51    0.18    0.01    0.01    0.01    0.01    0.01      0.98      0.08
  
 AVERAGE    0.06    0.21    0.26    0.20    0.34    0.41    0.21    0.10    0.04    0.04    0.08    0.06      2.02      0.17
