    1920    0.00    0.00    0.00    0.00    0.00    0.00    0.00    0.00    0.00    0.00    0.00    0.00      0.00      0.00
    1921    0.00    0.02    1.93    0.62    0.00    0.13    0.02    0.00    0.00    0.00    0.00    0.00      2.71      0.23
    1922    0.00    0.02    0.00    0.00    0.01    0.04    0.01    0.00    0.00    0.00    0.00    0.00      0.08      0.01
    1923    0.00    0.00    0.00    0.00    0.00    0.00    0.00    0.00    0.00    0.00    0.00    0.04      0.04      0.00
    1924    0.01    0.00    0.00    0.00    0.03    0.08    0.04    0.01    0.00    0.00    0.00    0.01      0.20      0.02
    1925    0.00    0.00    0.00    0.00    0.00    0.00    0.00    0.00    0.00    0.00    0.00    0.00      0.04      0.00
    1926    0.00    0.05    0.02    0.00    0.00    0.00    0.00    0.01    0.00    0.00    0.00    0.00      0.10      0.01
    1927    0.00    0.00    0.05    0.02    0.00    0.45    0.16    0.01    0.01    0.01    0.01    0.01      0.72      0.06
    1928    0.00    0.00    0.00    0.00    0.00    0.00    0.00    0.00    0.00    0.02    0.01    0.08      0.14      0.01
    1929    0.03    0.00    0.12    0.04    0.05    0.02    0.00    0.00    0.00    0.00    0.00    0.00      0.29      0.02
    1930    0.01    0.00    0.00    0.00    0.00    0.04    0.01    0.00    0.00    0.02    0.01    0.00      0.11      0.01
    1931    0.15    0.05    0.32    0.25    0.07    0.01    0.01    0.01    0.01    0.01    0.00    0.21      1.10      0.09
    1932    0.08    0.01    0.01    0.00    0.01    0.00    0.04    0.01    0.00    0.00    0.42    0.15      0.74      0.06
    1933    0.01    0.01    0.04    0.02    0.00    0.08    0.03    0.00    0.00    0.01    0.00    0.00      0.22      0.02
    1934    0.00    0.04    0.01    0.00    0.00    0.00    0.01    0.37    0.13    0.01    0.01    0.01      0.61      0.05
    1935    0.01    0.00    0.00    0.00    0.00    0.27    0.10    0.01    0.01    0.01    0.00    0.00      0.41      0.03
    1936    0.01    0.07    0.03    0.00    0.00    0.00    0.00    0.00    0.00    0.00    0.00    0.00      0.14      0.01
    1937    0.00    0.01    0.03    0.01    0.00    0.00    0.00    0.00    0.00    0.01    0.00    0.00      0.08      0.01
    1938    0.00    0.03    0.01    0.00    0.38    0.14    0.01    0.01    0.01    0.00    0.60    0.21      1.40      0.12
    1939    0.07    0.02    0.01    0.01    0.17    0.12    0.02    0.01    0.01    0.01    0.01    0.01      0.46      0.04
    1940    0.00    0.00    0.00    0.01    0.01    0.00    0.03    0.01    0.00    0.00    0.00    0.00      0.10      0.01
    1941    0.01    0.00    0.01    0.01    0.00    0.00    0.00    0.00    0.00    0.00    0.00    0.00      0.04      0.00
    1942    0.21    0.07    0.00    0.02    0.01    0.01    0.00    0.00    0.00    0.00    0.00    0.00      0.34      0.03
    1943    0.00    0.77    0.27    0.01    0.01    0.06    0.02    0.27    0.10    0.01    0.01    0.01      1.53      0.13
    1944    0.01    0.01    0.01    0.00    0.19    0.07    0.01    0.00    0.01    0.00    0.00    0.00      0.31      0.03
    1945    0.00    0.00    0.00    0.00    0.01    0.24    0.11    0.01    0.00    0.00    0.00    0.00      0.39      0.03
    1946    0.00    0.00    0.00    0.00    0.00    0.02    0.01    0.00    0.00    0.00    0.00    0.00      0.06      0.00
    1947    0.00    0.00    0.03    0.01    0.01    0.01    0.18    0.06    0.00    0.00    0.00    0.00      0.32      0.03
    1948    0.00    0.00    0.01    0.00    0.00    0.00    0.00    0.00    0.00    0.00    0.00    0.00      0.03      0.00
    1949    0.00    0.22    0.08    0.00    0.00    0.27    0.10    0.01    0.01    0.00    0.03    0.04      0.76      0.06
    1950    0.01    0.22    0.11    0.62    0.22    0.01    0.01    0.01    0.01    0.02    0.01    0.01      1.25      0.10
    1951    0.01    0.01    0.00    0.00    0.29    0.10    0.01    0.01    0.01    0.00    0.01    0.07      0.52      0.04
    1952    0.03    0.00    0.02    0.01    0.04    0.02    0.00    0.00    0.00    0.00    0.00    0.00      0.12      0.01
    1953    0.91    0.34    0.03    0.01    0.01    1.12    0.40    0.03    0.02    0.02    0.02    0.01      2.92      0.24
    1954    0.01    0.04    0.01    0.01    0.74    0.27    0.01    0.01    0.01    0.01    0.01    0.01      1.15      0.10
    1955    0.01    0.01    0.03    0.01    0.01    0.18    0.06    0.01    0.01    0.01    0.00    0.00      0.34      0.03
    1956    0.01    0.00    0.00    0.01    0.14    0.05    0.00    0.00    0.00    0.00    0.00    0.00      0.24      0.02
    1957    0.00    0.00    0.00    0.00    0.00    0.00    0.00    0.34    0.12    0.01    0.01    0.00      0.48      0.04
    1958    0.00    0.00    0.02    0.01    0.02    0.03    0.33    0.11    0.01    0.01    0.01    0.01      0.55      0.05
    1959    0.00    0.00    0.00    0.00    0.00    0.10    0.04    0.00    0.00    0.00    0.00    0.00      0.16      0.01
    1960    0.01    0.01    0.01    0.00    0.00    1.83    0.64    0.03    0.02    0.02    0.02    0.02      2.60      0.22
    1961    0.01    0.01    0.01    0.01    0.01    0.03    0.01    0.01    0.01    0.01    0.01    0.00      0.13      0.01
    1962    0.00    0.04    0.01    0.57    0.20    0.82    0.68    0.15    0.02    0.02    0.02    0.02      2.53      0.21
    1963    0.04    0.09    0.03    0.01    0.01    0.01    0.01    0.01    0.01    0.01    0.01    0.08      0.30      0.03
    1964    0.03    0.01    0.00    0.00    0.00    0.00    0.00    0.00    0.00    0.00    0.00    0.00      0.06      0.01
    1965    0.03    0.24    0.08    0.02    0.01    0.01    0.00    0.00    0.00    0.00    0.00    0.00      0.39      0.03
    1966    0.00    0.00    0.00    0.00    0.00    0.00    0.01    0.12    0.04    0.00    0.00    0.00      0.20      0.02
    1967    0.00    0.00    0.00    0.00    0.00    0.00    0.00    0.00    0.01    0.00    0.00    0.06      0.08      0.01
    1968    0.02    0.00    0.00    0.00    0.00    0.06    0.02    0.00    0.00    0.00    0.00    0.00      0.13      0.01
    1969    0.00    0.00    0.00    0.00    0.00    0.00    0.00    0.00    0.00    0.00    0.00    0.00      0.03      0.00
    1970    0.00    0.00    0.04    0.02    0.00    0.03    0.05    0.02    0.00    0.21    3.05    1.01      4.43      0.37
    1971    0.04    0.03    0.03    0.03    0.02    0.12    0.04    0.02    0.02    0.01    0.01    0.01      0.37      0.03
    1972    0.01    0.01    0.01    0.01    0.20    0.21    0.37    0.12    0.01    0.01    0.01    0.01      0.99      0.08
    1973    0.01    0.01    0.12    1.25    0.89    2.36    0.79    0.16    0.05    0.04    0.05    0.03      5.75      0.48
    1974    0.03    0.06    0.02    0.02    0.02    0.05    0.02    0.02    0.01    0.01    0.01    0.01      0.28      0.02
    1975    0.01    0.01    0.29    0.18    0.18    1.21    0.40    0.03    0.02    0.02    0.02    0.02      2.39      0.20
    1976    0.05    0.02    0.01    0.01    0.98    0.36    0.23    0.68    0.22    0.03    0.03    0.02      2.64      0.22
    1977    0.02    0.02    0.02    0.02    0.01    0.01    0.01    0.01    0.01    0.01    0.01    0.01      0.17      0.01
    1978    0.01    0.01    0.01    0.01    0.10    0.03    0.01    0.01    0.01    0.38    0.32    0.07      0.96      0.08
    1979    0.02    0.01    0.01    0.04    0.03    0.02    0.01    0.01    0.01    0.01    0.01    0.01      0.20      0.02
    1980    0.01    0.06    0.02    0.02    0.03    1.23    0.42    0.56    0.20    0.03    0.05    0.02      2.65      0.22
    1981    0.13    0.05    0.04    0.02    0.02    0.02    0.76    0.27    0.02    0.02    0.02    0.02      1.39      0.12
    1982    0.02    0.02    0.01    0.01    0.01    0.01    0.01    0.01    0.01    0.82    0.29    0.02      1.25      0.10
    1983    0.02    0.02    0.02    0.01    0.01    0.01    0.01    0.01    0.01    0.01    0.01    0.01      0.16      0.01
    1984    0.01    0.01    0.01    0.06    0.20    0.07    0.01    0.01    0.01    0.01    0.01    0.01      0.43      0.04
    1985    0.03    0.27    0.56    0.17    0.02    0.02    0.01    0.01    0.01    0.01    0.01    0.01      1.14      0.10
    1986    0.17    0.06    0.01    0.01    0.02    0.01    0.01    0.01    0.01    0.01    0.01    0.08      0.40      0.03
    1987    0.03    0.01    0.01    0.01    0.01    0.03    0.02    0.01    0.01    0.01    0.01    0.01      0.15      0.01
    1988    0.01    0.01    0.04    0.02    0.01    0.01    0.11    0.04    0.01    0.01    0.01    0.01      0.27      0.02
    1989    0.01    0.86    0.30    0.02    0.02    0.02    0.02    0.01    0.01    0.01    0.01    0.01      1.29      0.11
    1990    0.01    0.01    0.01    0.01    0.01    0.01    0.01    0.01    0.01    0.01    0.01    0.01      0.11      0.01
    1991    0.18    0.07    0.05    0.02    0.04    0.01    0.01    0.01    0.01    0.01    0.01    0.01      0.41      0.03
    1992    0.02    0.01    0.01    0.01    0.02    0.01    0.01    0.01    0.01    0.01    0.01    0.51      0.60      0.05
    1993    0.18    0.04    0.21    0.25    0.07    0.42    0.15    0.02    0.01    0.01    0.01    0.01      1.39      0.12
    1994    0.02    0.01    0.03    0.32    0.14    0.01    0.01    0.01    0.01    0.01    0.01    0.01      0.58      0.05
    1995    0.01    0.12    0.31    0.10    0.23    0.09    0.01    0.01    0.01    0.01    0.01    0.01      0.91      0.08
    1996    0.08    2.58    1.24    0.14    0.03    0.03    0.03    0.02    0.02    0.02    0.02    0.02      4.23      0.35
    1997    0.01    0.01    0.01    0.01    0.01    0.01    0.01    0.01    0.01    0.01    0.01    0.00      0.10      0.01
    1998    0.00    0.00    0.01    0.11    0.04    0.01    0.00    0.00    0.00    0.00    0.00    0.00      0.19      0.02
    1999    0.00    0.00    0.02    0.01    0.66    2.17    0.71    0.03    0.03    0.03    0.02    0.02      3.71      0.31
    2000    0.02    0.80    0.28    0.04    0.02    0.22    0.08    0.03    0.01    0.01    0.01    0.03      1.55      0.13
    2001    0.01    0.21    0.07    0.01    0.01    0.01    0.01    0.01    0.01    0.02    0.23    0.08      0.66      0.06
    2002    0.01    0.01    0.14    0.05    0.24    0.11    0.01    0.01    0.01    0.01    0.01    0.01      0.59      0.05
    2003    0.00    0.00    0.00    0.02    0.01    0.00    0.04    0.01    0.00    0.00    0.00    0.00      0.10      0.01
    2004    0.00    0.00    0.00    0.00    0.00    0.01    0.11    0.13    0.03    0.00    0.00    0.00      0.32      0.03
    2005    0.00    0.44    0.16    0.15    0.09    0.01    0.01    0.04    0.01    0.01    0.01    0.01      0.94      0.08
    2006    0.02    0.01    0.00    0.00    0.00    0.36    0.14    0.01    0.01    0.01    0.01    0.01      0.58      0.05
    2007    0.07    0.02    0.91    0.47    0.07    0.01    0.01    0.01    0.01    0.01    0.01    0.01      1.62      0.14
    2008    0.01    0.01    0.01    0.01    0.31    0.11    0.01    0.01    0.01    0.01    0.01    0.01      0.48      0.04
    2009    0.03    0.01    0.02    0.04    0.01    0.01    0.00    0.00    0.00    0.00    0.00    0.00      0.14      0.01
  
 AVERAGE    0.03    0.09    0.09    0.07    0.08    0.18    0.09    0.05    0.02    0.02    0.06    0.04      0.82      0.07
