    1920    0.00    0.00    0.00    0.00    0.00    0.00    0.04    0.00    0.00    0.00    0.00    0.00      0.04      0.00
    1921    0.00    0.15    3.99    1.32    0.00    0.34    0.11    0.02    0.02    0.01    0.01    0.01      5.97      0.50
    1922    0.01    0.08    0.03    0.01    0.07    0.12    0.05    0.01    0.01    0.01    0.01    0.01      0.43      0.04
    1923    0.03    0.02    0.01    0.01    0.01    0.02    0.01    0.01    0.01    0.01    0.01    0.09      0.20      0.02
    1924    0.03    0.01    0.02    0.01    0.07    0.17    0.09    0.01    0.01    0.01    0.01    0.03      0.46      0.04
    1925    0.01    0.01    0.01    0.01    0.00    0.00    0.00    0.00    0.00    0.00    0.00    0.00      0.06      0.00
    1926    0.00    0.11    0.04    0.00    0.00    0.00    0.00    0.03    0.01    0.00    0.00    0.00      0.20      0.02
    1927    0.00    0.00    0.11    0.04    0.00    0.93    0.32    0.01    0.01    0.01    0.01    0.03      1.49      0.12
    1928    0.01    0.01    0.01    0.01    0.01    0.01    0.00    0.00    0.00    0.04    0.01    0.18      0.30      0.03
    1929    0.06    0.01    0.26    0.09    0.12    0.05    0.01    0.01    0.01    0.01    0.00    0.00      0.62      0.05
    1930    0.03    0.01    0.01    0.01    0.00    0.09    0.03    0.00    0.00    0.05    0.02    0.00      0.25      0.02
    1931    0.33    0.11    0.67    0.53    0.15    0.02    0.01    0.01    0.01    0.01    0.01    0.44      2.31      0.19
    1932    0.17    0.01    0.01    0.01    0.03    0.01    0.08    0.03    0.01    0.01    0.87    0.30      1.55      0.13
    1933    0.02    0.02    0.09    0.05    0.01    0.17    0.07    0.01    0.01    0.02    0.01    0.01      0.48      0.04
    1934    0.01    0.10    0.03    0.01    0.01    0.00    0.03    0.78    0.28    0.01    0.01    0.01      1.28      0.11
    1935    0.01    0.01    0.01    0.01    0.01    0.56    0.22    0.01    0.01    0.01    0.01    0.01      0.89      0.07
    1936    0.02    0.16    0.06    0.01    0.01    0.01    0.01    0.01    0.01    0.01    0.01    0.01      0.32      0.03
    1937    0.01    0.02    0.08    0.03    0.01    0.01    0.01    0.01    0.00    0.02    0.01    0.00      0.18      0.02
    1938    0.01    0.08    0.03    0.00    0.80    0.30    0.01    0.01    0.01    0.01    1.23    0.43      2.91      0.24
    1939    0.15    0.05    0.02    0.02    0.37    0.26    0.05    0.02    0.02    0.01    0.01    0.01      0.98      0.08
    1940    0.01    0.01    0.01    0.03    0.03    0.01    0.07    0.02    0.01    0.01    0.00    0.00      0.22      0.02
    1941    0.02    0.01    0.01    0.02    0.01    0.00    0.00    0.00    0.00    0.00    0.00    0.00      0.09      0.01
    1942    0.44    0.15    0.01    0.05    0.02    0.03    0.01    0.01    0.00    0.00    0.00    0.00      0.73      0.06
    1943    0.00    1.57    0.56    0.02    0.02    0.13    0.04    0.56    0.20    0.02    0.02    0.02      3.16      0.26
    1944    0.01    0.01    0.01    0.01    0.40    0.15    0.01    0.01    0.02    0.01    0.01    0.01      0.65      0.05
    1945    0.01    0.01    0.01    0.00    0.02    0.51    0.23    0.02    0.01    0.01    0.01    0.01      0.83      0.07
    1946    0.01    0.01    0.01    0.01    0.00    0.06    0.02    0.00    0.00    0.01    0.00    0.00      0.13      0.01
    1947    0.00    0.00    0.07    0.02    0.03    0.02    0.38    0.13    0.01    0.01    0.01    0.01      0.70      0.06
    1948    0.01    0.01    0.01    0.00    0.00    0.00    0.00    0.01    0.00    0.00    0.00    0.00      0.06      0.00
    1949    0.00    0.46    0.16    0.01    0.01    0.57    0.21    0.01    0.01    0.01    0.07    0.09      1.60      0.13
    1950    0.02    0.47    0.23    1.27    0.45    0.02    0.02    0.02    0.02    0.05    0.02    0.01      2.61      0.22
    1951    0.01    0.01    0.01    0.01    0.61    0.21    0.01    0.01    0.01    0.01    0.01    0.16      1.09      0.09
    1952    0.05    0.01    0.04    0.01    0.09    0.03    0.01    0.01    0.01    0.01    0.00    0.01      0.28      0.02
    1953    1.87    0.70    0.06    0.02    0.02    2.28    0.83    0.07    0.04    0.04    0.03    0.03      5.99      0.50
    1954    0.03    0.09    0.03    0.02    1.52    0.55    0.03    0.03    0.03    0.03    0.02    0.02      2.39      0.20
    1955    0.02    0.03    0.06    0.02    0.03    0.38    0.13    0.01    0.01    0.01    0.01    0.01      0.74      0.06
    1956    0.03    0.01    0.01    0.02    0.30    0.12    0.01    0.01    0.01    0.01    0.01    0.01      0.54      0.04
    1957    0.01    0.01    0.01    0.01    0.01    0.01    0.01    0.70    0.24    0.01    0.01    0.01      1.03      0.09
    1958    0.01    0.01    0.04    0.01    0.04    0.06    0.70    0.24    0.01    0.01    0.01    0.01      1.16      0.10
    1959    0.01    0.01    0.01    0.01    0.01    0.20    0.08    0.01    0.01    0.01    0.01    0.01      0.35      0.03
    1960    0.02    0.03    0.02    0.01    0.00    3.72    1.31    0.06    0.04    0.04    0.03    0.03      5.30      0.44
    1961    0.03    0.02    0.02    0.02    0.02    0.07    0.03    0.01    0.01    0.01    0.01    0.01      0.28      0.02
    1962    0.01    0.08    0.03    1.18    0.41    1.67    1.40    0.30    0.05    0.04    0.04    0.04      5.24      0.44
    1963    0.08    0.20    0.07    0.03    0.02    0.02    0.02    0.02    0.02    0.02    0.02    0.17      0.69      0.06
    1964    0.06    0.02    0.01    0.01    0.01    0.01    0.01    0.01    0.01    0.01    0.01    0.01      0.20      0.02
    1965    0.06    0.50    0.17    0.04    0.01    0.02    0.01    0.01    0.01    0.01    0.01    0.01      0.87      0.07
    1966    0.01    0.01    0.01    0.01    0.01    0.01    0.02    0.27    0.09    0.01    0.01    0.01      0.45      0.04
    1967    0.01    0.01    0.01    0.01    0.00    0.00    0.01    0.00    0.02    0.01    0.00    0.12      0.19      0.02
    1968    0.04    0.00    0.00    0.00    0.01    0.14    0.05    0.00    0.00    0.00    0.00    0.00      0.27      0.02
    1969    0.01    0.00    0.00    0.00    0.01    0.00    0.00    0.00    0.00    0.00    0.01    0.00      0.05      0.00
    1970    0.01    0.01    0.09    0.03    0.00    0.06    0.12    0.04    0.00    0.44    6.17    2.02      9.00      0.75
    1971    0.07    0.06    0.06    0.06    0.04    0.25    0.08    0.04    0.04    0.04    0.03    0.03      0.80      0.07
    1972    0.03    0.03    0.03    0.02    0.44    0.44    0.79    0.25    0.04    0.04    0.03    0.03      2.17      0.18
    1973    0.03    0.03    0.27    2.56    1.85    4.79    1.60    0.34    0.11    0.11    0.11    0.10     11.89      0.99
    1974    0.10    0.12    0.09    0.08    0.08    0.11    0.08    0.08    0.08    0.08    0.08    0.08      1.06      0.09
    1975    0.08    0.07    0.65    0.39    0.41    2.51    0.85    0.09    0.09    0.08    0.08    0.07      5.36      0.45
    1976    0.11    0.06    0.06    0.05    2.03    0.76    0.48    1.42    0.45    0.09    0.08    0.08      5.67      0.47
    1977    0.08    0.07    0.07    0.06    0.06    0.06    0.05    0.06    0.06    0.05    0.05    0.05      0.72      0.06
    1978    0.05    0.04    0.04    0.04    0.21    0.07    0.03    0.03    0.03    0.79    0.68    0.14      2.14      0.18
    1979    0.04    0.03    0.03    0.10    0.06    0.05    0.03    0.03    0.03    0.03    0.03    0.03      0.49      0.04
    1980    0.02    0.14    0.05    0.05    0.07    2.51    0.86    1.15    0.40    0.06    0.10    0.05      5.47      0.46
    1981    0.29    0.10    0.08    0.04    0.04    0.04    1.57    0.56    0.05    0.05    0.04    0.04      2.89      0.24
    1982    0.04    0.04    0.03    0.03    0.03    0.03    0.02    0.02    0.02    1.69    0.59    0.04      2.58      0.22
    1983    0.04    0.04    0.03    0.03    0.03    0.03    0.03    0.02    0.02    0.02    0.02    0.02      0.33      0.03
    1984    0.02    0.02    0.01    0.13    0.43    0.16    0.03    0.02    0.02    0.02    0.02    0.02      0.87      0.07
    1985    0.06    0.56    1.15    0.35    0.03    0.02    0.02    0.02    0.02    0.02    0.01    0.01      2.28      0.19
    1986    0.34    0.12    0.01    0.01    0.05    0.02    0.01    0.01    0.01    0.01    0.01    0.15      0.75      0.06
    1987    0.05    0.01    0.01    0.00    0.03    0.06    0.04    0.01    0.00    0.00    0.00    0.00      0.23      0.02
    1988    0.00    0.00    0.08    0.04    0.02    0.00    0.22    0.08    0.00    0.00    0.00    0.00      0.46      0.04
    1989    0.02    1.75    0.60    0.02    0.02    0.02    0.04    0.01    0.01    0.01    0.01    0.01      2.52      0.21
    1990    0.01    0.01    0.01    0.01    0.00    0.00    0.00    0.00    0.00    0.00    0.00    0.00      0.05      0.00
    1991    0.37    0.13    0.10    0.04    0.09    0.03    0.01    0.01    0.00    0.00    0.01    0.00      0.79      0.07
    1992    0.04    0.02    0.00    0.03    0.04    0.01    0.00    0.00    0.00    0.00    0.00    1.04      1.19      0.10
    1993    0.37    0.09    0.43    0.52    0.14    0.86    0.31    0.03    0.02    0.02    0.02    0.02      2.83      0.24
    1994    0.05    0.02    0.06    0.67    0.29    0.03    0.02    0.02    0.01    0.01    0.01    0.01      1.20      0.10
    1995    0.01    0.25    0.65    0.20    0.47    0.19    0.02    0.02    0.02    0.01    0.01    0.01      1.87      0.16
    1996    0.16    5.23    2.52    0.29    0.06    0.06    0.05    0.04    0.04    0.04    0.03    0.03      8.56      0.71
    1997    0.03    0.02    0.02    0.02    0.02    0.02    0.01    0.01    0.01    0.01    0.01    0.01      0.20      0.02
    1998    0.01    0.01    0.02    0.23    0.08    0.02    0.01    0.01    0.01    0.01    0.01    0.01      0.41      0.03
    1999    0.01    0.00    0.04    0.03    1.36    4.42    1.43    0.06    0.06    0.05    0.05    0.04      7.55      0.63
    2000    0.04    1.64    0.58    0.10    0.04    0.46    0.16    0.06    0.03    0.03    0.03    0.06      3.23      0.27
    2001    0.02    0.44    0.15    0.02    0.02    0.02    0.02    0.02    0.01    0.04    0.49    0.17      1.42      0.12
    2002    0.02    0.02    0.29    0.10    0.52    0.23    0.02    0.02    0.02    0.02    0.02    0.01      1.28      0.11
    2003    0.01    0.01    0.01    0.04    0.03    0.01    0.08    0.03    0.01    0.01    0.01    0.01      0.27      0.02
    2004    0.01    0.01    0.01    0.01    0.01    0.04    0.24    0.28    0.07    0.01    0.01    0.01      0.70      0.06
    2005    0.01    0.91    0.33    0.32    0.19    0.03    0.02    0.09    0.03    0.03    0.02    0.01      1.99      0.17
    2006    0.06    0.02    0.01    0.01    0.01    0.75    0.30    0.01    0.01    0.01    0.01    0.01      1.22      0.10
    2007    0.15    0.05    1.86    0.97    0.15    0.03    0.03    0.03    0.02    0.02    0.02    0.02      3.35      0.28
    2008    0.02    0.01    0.01    0.01    0.64    0.23    0.02    0.01    0.01    0.01    0.01    0.01      1.00      0.08
    2009    0.07    0.02    0.04    0.09    0.03    0.02    0.01    0.01    0.01    0.01    0.01    0.00      0.32      0.03
  
 AVERAGE    0.07    0.20    0.20    0.14    0.18    0.37    0.18    0.10    0.04    0.05    0.13    0.08      1.73      0.14
