    1920    0.00    0.00    0.00    0.00    0.00    0.03    0.33    0.00    0.00    0.00    0.00    0.00      0.36      0.03
    1921    0.00    0.15    3.30    0.93    0.00    0.42    0.47    0.70    0.18    1.37    0.57    0.19      8.29      0.69
    1922    0.20    5.68    2.02    0.26    0.26    0.24    0.34    0.23    0.23    0.29    0.24    0.20     10.21      0.85
    1923    0.27    0.19    0.14    0.12    0.11    0.10    0.09    0.08    0.08    0.08    0.30    0.72      2.28      0.19
    1924    0.27    0.08    0.24    0.09    0.05    0.05    0.06    0.06    0.19    0.11    0.09    0.59      1.88      0.16
    1925    0.34    0.10    0.97    0.35    0.08    0.07    0.07    0.06    0.07    0.09    0.16    0.10      2.47      0.21
    1926    0.15    0.94    0.35    0.06    0.05    0.44    0.16    0.53    0.22    0.08    0.50    0.22      3.69      0.31
    1927    0.09    0.07    0.06    0.05    0.05   32.11   10.48    0.23    0.22    0.21    0.20    0.36     44.12      3.68
    1928    0.31    0.33    0.16    0.14    0.13    0.12    0.11    0.11    0.11    0.44    0.33    1.50      3.81      0.32
    1929    0.78    0.17    0.13    0.13    1.01    1.67    0.50    0.19    0.22    0.20    0.30    0.21      5.51      0.46
    1930    0.28    0.16    0.14    0.13    0.11    0.14    0.11    0.11    0.10    0.27    0.13    1.03      2.70      0.22
    1931    4.08    1.39   11.69    5.27    0.77    0.55    0.25    0.24    0.24    0.34    0.26   32.52     57.61      4.80
    1932   11.35    1.11    0.37    0.33    0.32    0.32    0.32    0.34    0.34    0.32    3.05    1.14     19.32      1.61
    1933    0.32    0.67    0.24    0.23    0.21    0.41    0.21    0.20    0.19    1.26    0.52    0.22      4.70      0.39
    1934    3.89    1.48    0.19    0.17    0.16    0.15    0.60   10.60    3.85    0.51    0.53    0.51     22.64      1.89
    1935    0.48    0.52    0.44    0.42    0.40    0.36    0.36    0.35    0.34    0.33    0.32    0.28      4.58      0.38
    1936    0.87    4.24    1.47    0.23    0.20    0.18    0.17    0.16    0.15    0.16    0.15    0.14      8.11      0.68
    1937    0.15    0.43    1.66    0.64    0.10    0.09    0.09    0.09    0.10    0.10    0.10    0.09      3.64      0.30
    1938    0.08    0.33    0.13    0.05    1.98    2.28    0.70    0.14    0.13    0.46    3.29    1.39     10.97      0.91
    1939    0.41    0.26    0.22    0.21    0.27    0.70    0.23    0.21    0.20    0.20    0.20    0.47      3.60      0.30
    1940    0.21    0.15    0.12    0.28    0.11    0.10    0.44    0.16    0.51    0.22    0.12    0.10      2.54      0.21
    1941    1.02    0.40    3.25    1.74    0.24    0.11    0.11    0.11    0.13    0.13    0.12    0.10      7.47      0.62
    1942    1.68    0.64    0.12    0.48    0.16    0.12    0.09    0.08    1.31    0.54    0.16    0.51      5.88      0.49
    1943    0.22    3.80    1.57    0.15    0.18    0.60    0.27   22.23    7.50    0.52    0.48    0.47     37.99      3.17
    1944    0.45    0.40    0.37    0.35    0.33    0.30    0.28    0.65    0.86    0.33    0.30    0.25      4.88      0.41
    1945    0.22    0.19    0.16    0.14    0.13    1.27    0.45    0.13    0.12    0.19    0.14    0.13      3.30      0.27
    1946    0.14    0.09    0.07    0.06    0.06    0.92    0.39    0.55    0.38    0.55    0.27    0.16      3.64      0.30
    1947    0.22    0.14    0.12    0.12    0.11    0.11    2.96    1.10    0.16    0.15    0.13    0.13      5.44      0.45
    1948    0.29    0.13    0.09    0.08    0.07    0.06    0.13    0.07    0.06    0.05    0.05    0.05      1.13      0.09
    1949    0.04    6.05    2.06    0.08    0.07    0.07    0.08    0.07    0.06    0.32    0.84    0.41     10.16      0.85
    1950    0.33    3.25    1.41    6.80    2.41    0.21    0.19    0.18    0.19    0.50    0.28    0.64     16.40      1.37
    1951    0.28    0.16    0.14    0.12    1.10    0.38    0.12    0.12    0.12    0.12    0.22    7.16     10.04      0.84
    1952    2.56    0.21    0.18    0.15    0.14    0.14    0.13    0.12    0.12    0.12    0.14    0.79      4.81      0.40
    1953   16.65    6.06    0.29    0.21    0.20    1.08    0.55    0.51    0.28    0.37    0.88    0.45     27.53      2.29
    1954    0.31    0.26    0.24    0.23   12.58    4.40    0.33    0.30    0.29    0.27    0.26    0.25     19.71      1.64
    1955    0.22    2.30    0.81    0.17    0.21    0.47    0.16    0.91    0.36    0.17    0.16    0.88      6.82      0.57
    1956    0.81    0.54    0.44    0.13    0.74    0.33    0.14    0.14    0.15    0.16    0.16    0.44      4.16      0.35
    1957    0.21    0.11    0.09    0.08    0.08    0.07    0.07    0.49    0.20    0.09    0.24    0.13      1.84      0.15
    1958    0.20    0.09    0.12    0.38    0.13    0.56    2.04    0.77    0.16    0.16    0.50    0.24      5.35      0.45
    1959    0.18    0.15    0.13    0.27    0.12    0.11    0.12    0.17    0.13    0.14    0.13    0.12      1.78      0.15
    1960    0.13    0.21    0.08    0.07    0.25    1.32    0.63    1.52    0.62    0.21    0.20    0.17      5.40      0.45
    1961    0.16    0.14    0.13    0.12    0.11    0.92    0.46    0.13    0.11    0.10    1.74    0.68      4.81      0.40
    1962    1.19    0.72    0.13    1.77    0.63    4.13    3.74    0.98    0.29    0.27    0.28    0.26     14.41      1.20
    1963    0.24    0.28    0.34    0.19    0.18    0.16    0.16    0.14    0.76    0.30    0.17    2.63      5.54      0.46
    1964    1.02    0.18    0.14    0.12    0.11    0.11    0.11    0.61    0.28    0.17    0.16    0.13      3.14      0.26
    1965    2.44    5.37    1.69    0.28    0.17    0.16    0.15    0.16    0.15    0.14    0.14    0.14     10.99      0.92
    1966    0.13    0.26    0.13    0.08    0.07    0.14   12.25    6.87    1.22    0.44    0.45    0.44     22.49      1.87
    1967    0.43    0.41    0.39    0.37    0.34    0.32    0.66    0.31    7.65    2.87    0.49    2.39     16.61      1.38
    1968    0.93    0.40    0.35    0.32    0.29    0.26    0.26    0.24    0.23    0.22    0.21    0.20      3.91      0.33
    1969    0.18    0.15    0.12    0.10    0.18    0.08    0.08    0.07    0.06    0.06    0.79    0.32      2.20      0.18
    1970    0.31    0.18    2.21    0.80    0.40    0.81    2.15    1.07    0.25    2.48   17.25    5.71     33.64      2.80
    1971    0.46    0.42    0.37    0.32    0.32    0.27    0.27    0.26    0.24    0.23    0.22    0.19      3.59      0.30
    1972    0.16    0.23    0.12    0.11    0.09    0.23    0.27    0.14    0.11    0.09    0.09    0.08      1.72      0.14
    1973    0.08    0.32    0.12    1.78    0.97    8.74    2.97    0.37    0.22    0.20    0.52    0.55     16.84      1.40
    1974    0.22    0.17    0.15    0.35    0.14    0.42    0.15    0.11    0.10    0.11    0.12    1.83      3.89      0.32
    1975    0.71    0.18    0.18    0.09    0.08    0.66    0.24    0.10    0.10    0.30    0.17    0.11      2.92      0.24
    1976    0.57    0.52    0.13    0.07    2.00    0.74    0.47    4.25    1.58    0.25    0.22    0.27     11.06      0.92
    1977    0.22    0.45    0.27    0.18    0.16    0.16    0.41    0.54    0.31    0.23    0.23    0.23      3.37      0.28
    1978    0.37    0.93    0.32    1.17    0.51    0.18    0.18    0.27    0.20    1.20   27.54    9.52     42.37      3.53
    1979    0.54    0.41    0.38    1.48    0.51    0.34    0.32    0.30    0.40    0.29    0.27    0.26      5.50      0.46
    1980    1.15    0.52    0.19    1.58    0.59   45.89   15.01    0.60    0.42    0.41    3.19    1.20     70.76      5.90
    1981    1.76    0.67    0.37    0.33    0.29    0.26    1.61    0.57    0.26    0.26    0.26    0.24      6.88      0.57
    1982    0.21    0.17    0.14    0.12    0.11    0.10    0.09    0.08    0.08   23.89    7.96    0.32     33.29      2.77
    1983    0.32    0.85    0.30    0.20    0.19    0.52    0.19    0.16    0.15    0.28    0.17    0.15      3.48      0.29
    1984    0.13    0.10    0.09    0.17    0.45    0.16    0.16    0.08    0.11    0.12    0.10    0.07      1.75      0.15
    1985    0.70    0.83    0.49    0.19    0.07    0.06    0.06    0.05    0.05    0.05    1.12    0.75      4.42      0.37
    1986    1.74    0.67    0.09    0.07    0.18    0.10    0.08    0.08    0.11    0.09    0.08    0.24      3.54      0.30
    1987    0.14    0.07    0.05    0.04    0.04    0.05    0.81    0.33    0.08    0.07    0.07    0.06      1.82      0.15
    1988    0.05    0.04    0.08    0.03    0.04    0.03    0.97    0.38    0.07    0.07    0.08    0.06      1.92      0.16
    1989    4.26    8.48    2.45    0.15    0.86    0.32    0.15    0.17    0.19    0.18    0.16    0.15     17.52      1.46
    1990    0.27    0.13    0.10    0.09    0.08    0.07    0.06    0.06    0.06    0.06    0.06    0.05      1.09      0.09
    1991    0.97    0.37    0.19    0.07    2.51    0.89    0.08    0.07    0.07    0.08    0.59    0.25      6.14      0.51
    1992    2.95    2.51    0.57    0.17    0.11    0.11    0.24    0.12    3.92    1.50    0.26    7.54     20.01      1.67
    1993    2.77    0.32    1.48    0.51    0.30    0.29    0.29    0.28    0.26    0.25    0.84    0.34      7.92      0.66
    1994    0.26    0.20    2.89    1.48    0.95    0.63    0.46    0.22    0.21    0.19    0.17    0.16      7.81      0.65
    1995    0.15    0.46    0.59    0.24    0.11    0.10    0.09    0.08    0.07    0.07    0.07    0.07      2.10      0.17
    1996   12.02   34.66   11.08    0.46    0.25    0.24    4.96    1.90    1.56    0.68    0.48    0.42     68.71      5.73
    1997    0.37    0.33    0.31    0.62    0.31    0.96    0.43    0.29    0.27    0.24    0.23    0.24      4.60      0.38
    1998    0.21    0.18    0.74    0.33    0.13    0.12    0.11    0.11    0.10    0.85    0.33    0.11      3.32      0.28
    1999    0.09    0.07    0.85    1.28    2.35   12.28    4.22    0.29    0.25    0.23    0.22    0.21     22.33      1.86
    2000    0.20    1.74    0.60    1.28    0.44    0.15    0.14    0.13    0.12    0.11    0.47    1.49      6.86      0.57
    2001    0.61    1.06    0.37    0.24    0.11    0.11    0.10    0.10    0.10    1.28   16.34    5.60     26.01      2.17
    2002    0.37    0.27    0.42    0.24    0.25    1.26    0.47    0.55    0.30    0.28    0.25    0.22      4.88      0.41
    2003    0.20    0.17    0.15    0.14    0.12    0.11    0.11    0.11    0.14    0.13    0.12    0.58      2.10      0.18
    2004    0.28    0.10   16.16    5.38    0.19    0.17    0.30    0.18    0.17    0.15    0.13    0.11     23.32      1.94
    2005    0.10    3.16    1.14    2.36    0.85    0.11    0.71    4.90    1.78    0.29   26.10    8.77     50.28      4.19
    2006    0.49    0.42    0.39    0.38    0.36    7.23    2.56    0.58    0.42    0.38    0.35    0.32     13.88      1.16
    2007    0.28    0.27    0.79    0.75    0.20    0.19    0.17    0.16    0.15    0.14    0.13    0.12      3.36      0.28
    2008    4.26    1.61    0.13    0.11    0.09    0.08    0.08    0.08    0.29    0.41    0.17    0.11      7.41      0.62
    2009    0.31    0.12    0.06    0.06    0.05    0.16    0.07    0.06    0.74    0.33    0.12    0.09      2.17      0.18
  
 AVERAGE    1.10    1.29    0.96    0.56    0.51    1.61    0.95    0.83    0.53    0.61    1.43    1.24     11.62      0.97
