    1920    0.86    0.36    0.00    0.00    0.14    0.37    0.43    0.43    0.42    0.64    0.81    0.71      5.17      0.43
    1921    0.48    0.32    0.35    0.25    0.11    0.20    0.34    1.00    1.18    2.20    2.23    1.92     10.58      0.88
    1922    1.52    1.51    0.84    0.41    0.29    0.24    0.32    0.59    0.76    0.77    0.76    0.66      8.68      0.72
    1923    0.96    0.85    0.52    0.33    0.24    0.24    0.24    0.25    0.39    0.47    1.19    1.93      7.62      0.63
    1924    1.73    1.01    0.48    0.25    0.16    0.14    0.18    0.30    1.11    1.39    1.35    1.40      9.48      0.79
    1925    1.35    0.92    0.40    0.21    0.16    0.15    0.14    0.15    0.21    0.32    0.46    0.66      5.12      0.43
    1926    0.66    0.77    0.45    0.14    0.11    0.11    0.10    2.22    1.75    1.18    1.26    1.10      9.86      0.82
    1927    0.59    0.28    0.22    0.17    0.13    1.49    1.00    0.41    0.32    0.29    0.25    0.38      5.52      0.46
    1928    0.45    0.37    0.25    0.14    0.11    0.13    0.16    0.20    0.31    0.70    1.07    1.24      5.15      0.43
    1929    1.09    0.57    0.29    0.19    0.32    0.36    0.27    0.22    0.30    0.42    0.60    0.74      5.37      0.45
    1930    0.77    0.52    0.24    0.27    0.19    0.18    0.20    0.16    0.14    0.21    0.27    0.38      3.53      0.29
    1931    0.57    0.40    4.42    7.08    3.06    1.03    0.56    0.46    0.49    0.60    0.57    1.49     20.73      1.73
    1932    1.55    1.01    0.42    0.24    0.24    0.29    0.34    0.41    0.44    0.38    1.55    1.54      8.40      0.70
    1933    0.89    0.63    0.55    0.35    0.27    0.34    0.43    0.45    0.41    0.56    0.65    0.47      6.01      0.50
    1934    0.54    0.69    0.42    0.23    0.24    0.17    0.17    1.25    2.64    2.94    2.75    2.35     14.40      1.20
    1935    1.58    0.90    0.65    0.49    0.35    0.37    0.50    0.61    0.60    0.60    0.56    0.54      7.75      0.65
    1936    0.56    0.57    0.44    0.28    0.25    0.23    0.19    0.16    0.17    0.30    0.38    0.34      3.88      0.32
    1937    0.40    0.34    0.30    0.23    0.16    0.12    0.13    0.24    0.27    0.29    0.30    0.31      3.10      0.26
    1938    0.40    0.38    0.22    0.09    0.98    0.83    0.52    0.30    0.17    0.20    1.08    1.15      6.32      0.53
    1939    0.91    0.65    0.32    0.18    0.63    0.77    0.57    0.35    0.32    0.45    0.48    0.39      6.02      0.50
    1940    0.34    0.26    0.15    0.14    0.16    0.13    0.23    0.32    0.35    0.41    0.37    0.29      3.16      0.26
    1941    0.32    0.26    0.19    0.19    0.11    0.08    0.09    0.14    0.23    0.26    0.22    0.16      2.23      0.19
    1942    0.35    0.33    0.19    0.33    0.23    0.20    0.22    0.17    0.19    0.22    0.21    0.33      2.96      0.25
    1943    0.32    1.10    0.74    0.24    0.09    0.14    0.15    4.33    2.84    1.68    1.44    1.27     14.36      1.20
    1944    1.08    0.59    0.25    0.18    0.21    0.22    0.21    1.35    2.34    2.41    1.74    1.01     11.59      0.97
    1945    0.65    0.40    0.25    0.22    0.22    0.51    0.59    0.51    0.44    0.52    0.61    0.54      5.45      0.45
    1946    0.41    0.23    0.15    0.12    0.11    0.23    0.34    0.36    0.39    0.57    0.60    0.39      3.93      0.33
    1947    0.29    0.23    0.20    0.16    0.17    0.62    1.18    1.05    0.68    0.49    0.42    0.37      5.86      0.49
    1948    0.49    0.39    0.21    0.12    0.09    0.08    0.10    0.14    0.13    0.10    0.09    0.08      2.03      0.17
    1949    0.07    0.78    0.48    0.12    0.08    0.18    0.22    0.17    0.12    0.20    0.59    1.02      4.03      0.34
    1950    0.91    1.92    1.20    1.84    1.13    0.44    0.23    0.23    0.25    0.56    0.78    0.79     10.26      0.86
    1951    0.66    0.30    0.16    0.13    1.69    0.99    0.30    0.26    0.28    0.25    0.33    2.05      7.40      0.62
    1952    1.71    0.83    0.50    0.27   15.95    6.35    0.84    0.45    0.40    0.50    0.51    0.48     28.79      2.40
    1953    0.91    1.17    0.76    0.33    0.22    1.36    1.53    2.10    2.06    1.66    2.06    1.95     16.11      1.34
    1954    1.12    0.74    0.48    0.31    1.65    1.27    0.90    0.68    0.62    0.62    0.58    0.49      9.46      0.79
    1955    0.38    0.46    0.54    0.46    0.46    0.71    0.67    0.61    0.56    0.46    0.42    0.56      6.28      0.52
    1956    0.70    0.44    0.35    0.45    0.60    0.56    0.45    0.44    0.44    0.41    0.37    0.40      5.59      0.47
    1957    0.36    0.19    0.15    0.14    0.09    0.08    0.09    0.48    0.54    0.38    0.37    0.43      3.32      0.28
    1958    0.38    0.24    0.14    0.16    0.26    0.30    0.50    0.61    0.49    0.39    0.56    0.53      4.55      0.38
    1959    0.38    0.23    0.14    0.32    0.24    0.34    0.42    0.40    0.38    0.34    0.30    0.28      3.78      0.32
    1960    0.31    0.36    0.23    0.15    0.13    3.08    2.61    1.88    1.47    1.23    1.17    0.80     13.42      1.12
    1961    0.45    0.30    0.21    0.22    0.51    0.65    0.51    0.36    0.29    0.27    0.44    0.51      4.71      0.39
    1962    0.40    0.73    0.46    1.06    0.69    2.11    2.45    1.87    1.16    0.86    0.73    0.52     13.05      1.09
    1963    0.47    0.63    0.58    0.31    0.23    0.32    0.35    0.26    0.31    0.34    0.73    1.92      6.44      0.54
    1964    1.73    1.11    0.54    0.23    0.17    0.16    0.19    0.20    0.20    0.27    0.29    0.24      5.35      0.45
    1965    0.26    0.64    0.42    0.35    0.30    0.24    0.20    0.20    0.18    0.15    0.13    0.18      3.25      0.27
    1966    0.20    0.14    0.11    0.06    0.05    0.07    1.09    1.74    1.65    1.27    0.94    0.65      7.98      0.66
    1967    0.45    0.30    0.17    0.11    0.09    0.10    0.17    0.21    0.49    0.68    0.79    0.99      4.56      0.38
    1968    0.87    0.54    0.20    0.11    0.10    0.16    0.20    0.16    0.16    0.17    0.14    0.15      2.96      0.25
    1969    0.28    0.24    0.09    0.05    0.08    0.10    0.06    0.05    0.04    0.04    0.05    0.05      1.14      0.10
    1970    0.08    0.10    0.18    0.15    0.11    0.22    0.54    0.71    0.62    1.74    5.68    4.53     14.66      1.22
    1971    2.18    0.84    0.36    0.31    0.32    0.40    0.48    0.46    0.46    0.44    0.49    0.47      7.21      0.60
    1972    0.35    0.29    0.23    0.19    0.20    0.54    0.84    0.77    0.49    0.44    0.54    0.47      5.36      0.45
    1973    0.46    0.66    0.51    4.53    3.69    4.00    2.75    2.38    2.05    1.33    1.42    1.56     25.32      2.11
    1974    1.00    0.59    0.44    0.40    0.40    0.48    0.45    0.37    0.53    0.67    0.61    0.77      6.72      0.56
    1975    0.62    0.35    0.36    0.54    1.26    2.84    2.15    1.46    1.07    0.95    0.90    0.64     13.14      1.09
    1976    0.65    0.69    0.49    0.29    4.91    2.75    1.18    1.31    1.18    0.82    0.66    0.71     15.64      1.30
    1977    0.91    0.61    0.33    0.22    0.18    0.16    0.97    0.73    0.41    0.30    0.23    0.27      5.31      0.44
    1978    0.33    1.12    0.66    0.15    0.14    0.13    0.09   33.80   60.02   28.47    7.52    3.13    135.55     11.30
    1979    1.60    0.90    0.53    0.44    0.39    0.38    0.38    0.38    0.49    0.55    0.51    0.60      7.16      0.60
    1980    0.65    0.55    0.34    0.50    0.38    1.80    1.38    6.93    4.98    2.84    3.46    3.02     26.81      2.23
    1981    2.78    1.87    0.83    0.47    0.37    0.34    1.43    1.07    0.76    0.73    0.70    0.67     12.02      1.00
    1982    0.59    0.38    0.25    0.19    0.17    0.15    0.14    0.17    0.33    3.22    2.85    1.84     10.28      0.86
    1983    1.25    0.72    0.30    0.19    0.16    0.19    0.20    0.18    0.18    0.20    0.21    0.19      3.94      0.33
    1984    0.16    0.13    0.11    0.13    0.23    0.31    0.44    0.44    0.41    0.61    0.59    0.41      3.99      0.33
    1985    0.50    0.58    1.33    0.89    0.36    0.17    0.13    0.12    0.13    0.17    0.29    0.38      5.06      0.42
    1986    0.59    0.49    0.22    0.09    0.09    0.10    0.17    0.24    0.32    0.38    0.32    0.68      3.69      0.31
    1987    0.66    0.33    0.11    0.06    0.07    0.15    0.33    0.39    0.42    0.43    0.36    0.29      3.60      0.30
    1988    0.23    0.14    0.15    0.13    0.10    0.11    0.20    0.26    0.20    0.28    0.33    0.27      2.41      0.20
    1989    0.39    1.06    0.67    0.35    0.30    0.22    0.26    0.37    0.52    0.55    0.45    0.36      5.50      0.46
    1990    0.36    0.28    0.14    0.10    0.08    0.07    0.07    0.09    0.14    0.16    0.20    0.22      1.90      0.16
    1991    0.34    0.31    0.20    0.10    0.36    0.32    0.19    0.23    0.31    0.72    1.50    1.47      6.05      0.50
    1992    1.27    1.16    0.61    0.25    0.23    0.19    0.27    0.45    0.91    1.10    0.99    2.69     10.11      0.84
    1993    2.27    1.02    0.45    0.28    0.24    0.31    0.55    0.80    0.81    0.92    1.28    1.31     10.24      0.85
    1994    1.01    0.60    0.49    0.47    0.44    0.46    0.44    0.58    0.67    0.53    0.54    0.57      6.81      0.57
    1995    0.48    0.45    0.49    0.31    0.19    0.19    0.18    0.17    0.15    0.19    0.43    0.57      3.80      0.32
    1996    1.11    6.90    3.54    0.86    0.28    0.26    1.25    1.50    1.68    1.59    1.33    0.96     21.25      1.77
    1997    0.71    0.51    0.32    0.28    0.26    0.36    0.44    0.47    0.49    0.42    0.71    0.90      5.87      0.49
    1998    0.58    0.38    0.29    0.25    0.20    0.18    0.23    0.26    0.23    0.40    0.60    0.67      4.26      0.35
    1999    0.63    0.37    0.30    0.38    0.52    0.73    0.67    0.47    0.30    0.26    0.22    0.18      5.03      0.42
    2000    0.18    0.31    0.28    0.24    0.18    0.15    0.26    0.29    0.23    0.40    0.64    0.66      3.82      0.32
    2001    0.52    0.39    0.24    0.11    0.08    0.07    0.07    0.14    0.27    0.87    1.57    1.85      6.20      0.52
    2002    1.42    0.74    0.39    0.23    0.19    0.66    0.57    0.53    0.59    0.57    0.61    0.52      7.01      0.58
    2003    0.48    0.34    0.18    0.18    0.18    0.16    0.19    0.23    0.27    0.35    0.37    0.60      3.51      0.29
    2004    0.84    0.56    0.77    0.46    0.27    0.26    0.36    0.46    0.37    0.30    0.24    0.18      5.07      0.42
    2005    0.13    0.23    0.21    0.20    0.16    0.13    0.20    1.21    1.29    1.20    5.54    4.46     14.96      1.25
    2006    2.39    1.08    0.52    0.34    0.29    0.99    0.82    1.06    1.44    1.25    1.13    0.91     12.22      1.02
    2007    0.80    0.92    0.89    0.62    0.47    0.45    0.42    0.38    0.39    0.38    0.39    0.36      6.47      0.54
    2008    0.42    0.45    0.27    0.16    0.17    0.16    0.18    0.23    0.34    0.60    0.60    0.46      4.03      0.34
    2009    0.45    0.32    0.20    0.15    0.11    0.12    0.13    0.11    0.29    0.50    0.47    0.36      3.21      0.27
  
 AVERAGE    0.75    0.65    0.46    0.41    0.59    0.57    0.51    1.05    1.32    1.01    0.93    0.89      9.13      0.76
