    1920    0.51    0.24    0.01    0.00    0.32    0.54    0.54    0.51    0.49    0.71    0.86    0.76      5.48      0.46
    1921    0.53    0.38    0.45    0.29    0.14    0.25    0.38    1.17    1.24    2.41    2.26    1.93     11.44      0.95
    1922    1.51    1.67    0.91    0.47    0.33    0.26    0.33    0.59    0.76    0.76    0.73    0.63      8.96      0.75
    1923    1.11    0.88    0.52    0.32    0.23    0.24    0.23    0.25    0.39    0.47    1.37    2.05      8.04      0.67
    1924    1.74    1.03    0.51    0.27    0.18    0.16    0.20    0.33    1.29    1.42    1.34    1.38      9.85      0.82
    1925    1.29    0.86    0.41    0.24    0.18    0.17    0.16    0.17    0.22    0.33    0.48    0.64      5.16      0.43
    1926    0.61    0.67    0.39    0.15    0.11    0.13    0.15    1.22    1.06    0.76    0.91    0.85      7.01      0.58
    1927    0.48    0.24    0.18    0.13    0.11    1.31    0.84    0.34    0.27    0.24    0.23    0.34      4.71      0.39
    1928    0.45    0.42    0.28    0.14    0.11    0.12    0.13    0.16    0.25    0.56    0.86    1.12      4.59      0.38
    1929    1.02    0.57    0.29    0.18    0.33    0.37    0.30    0.25    0.34    0.46    0.63    0.76      5.51      0.46
    1930    0.77    0.51    0.22    0.24    0.18    0.17    0.19    0.16    0.14    0.23    0.32    0.60      3.75      0.31
    1931    1.04    0.76    4.20    7.13    2.91    0.85    0.51    0.43    0.46    0.54    0.54    3.40     22.77      1.90
    1932    2.53    1.36    0.61    0.26    0.24    0.30    0.39    0.66    0.85    0.70    2.42    2.11     12.44      1.04
    1933    1.19    0.75    0.52    0.33    0.30    0.40    0.46    0.47    0.42    0.60    0.78    0.58      6.80      0.57
    1934    0.73    0.80    0.43    0.19    0.17    0.18    0.23    2.59    2.21    1.82    1.92    1.79     13.03      1.09
    1935    1.30    0.86    0.56    0.33    0.24    0.27    0.34    0.47    0.53    0.54    0.52    0.47      6.43      0.54
    1936    0.56    0.75    0.53    0.26    0.20    0.20    0.18    0.14    0.19    0.39    0.43    0.39      4.23      0.35
    1937    0.47    0.40    0.37    0.27    0.18    0.13    0.16    0.31    0.38    0.39    0.38    0.41      3.85      0.32
    1938    0.48    0.48    0.29    0.12    0.35    0.56    0.49    0.34    0.24    0.28    1.12    1.17      5.90      0.49
    1939    0.91    0.60    0.33    0.24    0.44    0.65    0.53    0.41    0.45    0.63    0.62    0.54      6.35      0.53
    1940    0.50    0.35    0.19    0.17    0.20    0.18    0.27    0.31    0.42    0.52    0.42    0.37      3.91      0.33
    1941    0.44    0.38    0.30    0.28    0.18    0.13    0.14    0.23    0.33    0.33    0.31    0.24      3.28      0.27
    1942    0.58    0.52    0.32    0.41    0.26    0.18    0.22    0.20    0.37    0.53    0.53    0.67      4.81      0.40
    1943    0.61    1.38    0.93    0.33    0.17    0.23    0.26    4.65    2.84    1.68    1.42    1.32     15.81      1.32
    1944    1.20    0.66    0.34    0.26    0.26    0.26    0.25    1.29    2.11    1.98    1.47    0.97     11.05      0.92
    1945    0.75    0.49    0.29    0.23    0.23    0.35    0.45    0.37    0.33    0.47    0.69    0.68      5.34      0.44
    1946    0.62    0.40    0.20    0.15    0.12    0.22    0.36    0.54    0.78    1.26    1.30    0.89      6.85      0.57
    1947    0.64    0.49    0.31    0.22    0.23    0.37    1.02    0.91    0.65    0.62    0.55    0.55      6.57      0.55
    1948    0.67    0.52    0.31    0.20    0.15    0.14    0.16    0.19    0.16    0.14    0.14    0.14      2.91      0.24
    1949    0.11    1.27    0.71    0.17    0.10    0.13    0.15    0.14    0.11    0.25    0.65    0.93      4.69      0.39
    1950    0.89    1.97    1.21    1.43    0.87    0.38    0.25    0.26    0.35    0.78    1.06    1.11     10.56      0.88
    1951    0.91    0.46    0.21    0.18    1.29    0.76    0.32    0.30    0.33    0.33    0.47    3.17      8.72      0.73
    1952    2.29    1.02    0.47    0.26    0.22    0.22    0.20    0.18    0.20    0.33    0.46    0.62      6.48      0.54
    1953    2.07    1.58    0.66    0.21    0.15    0.52    0.51    1.10    1.21    1.32    2.06    2.03     13.40      1.12
    1954    1.26    0.68    0.40    0.27    1.87    1.25    0.71    0.52    0.47    0.47    0.53    0.53      8.97      0.75
    1955    0.43    1.24    0.78    0.33    0.32    0.45    0.43    0.65    0.72    0.59    0.56    0.97      7.47      0.62
    1956    1.31    1.03    0.75    0.45    0.40    0.45    0.47    0.54    0.63    0.59    0.53    0.68      7.84      0.65
    1957    0.72    0.38    0.22    0.16    0.12    0.13    0.14    0.44    0.52    0.39    0.45    0.49      4.15      0.35
    1958    0.40    0.26    0.18    0.21    0.28    0.32    0.50    0.56    0.42    0.35    0.53    0.55      4.56      0.38
    1959    0.44    0.28    0.18    0.27    0.21    0.21    0.27    0.32    0.36    0.41    0.39    0.36      3.71      0.31
    1960    0.35    0.32    0.24    0.16    0.15    1.52    1.25    1.00    0.88    0.74    0.73    0.55      7.89      0.66
    1961    0.36    0.25    0.16    0.15    0.23    0.43    0.49    0.38    0.27    0.27    0.99    0.96      4.94      0.41
    1962    0.86    0.85    0.45    0.35    0.27    1.79    1.99    1.53    1.04    0.83    0.80    0.60     11.35      0.95
    1963    0.46    0.43    0.39    0.30    0.23    0.28    0.31    0.23    0.36    0.52    0.88    3.69      8.09      0.67
    1964    2.66    1.27    0.54    0.26    0.21    0.22    0.28    0.36    0.42    0.46    0.40    0.33      7.40      0.62
    1965    0.48    0.67    0.45    0.33    0.27    0.20    0.17    0.18    0.17    0.17    0.19    0.24      3.52      0.29
    1966    0.25    0.19    0.14    0.08    0.06    0.10    1.47    1.67    1.42    1.17    0.96    0.87      8.39      0.70
    1967    0.79    0.49    0.28    0.19    0.16    0.17    0.26    0.34    1.92    1.66    1.19    1.99      9.43      0.79
    1968    1.80    1.02    0.41    0.25    0.23    0.25    0.27    0.25    0.28    0.32    0.31    0.36      5.75      0.48
    1969    0.50    0.38    0.18    0.13    0.16    0.16    0.12    0.10    0.08    0.08    0.12    0.16      2.16      0.18
    1970    0.23    0.22    0.49    0.31    0.24    0.29    0.94    1.25    1.24    2.65   17.98    7.35     33.19      2.77
    1971    1.46    0.81    0.47    0.32    0.36    0.43    0.48    0.54    0.57    0.62    0.72    0.63      7.43      0.62
    1972    0.40    0.29    0.20    0.15    0.18    0.33    0.72    0.76    0.56    0.47    0.50    0.46      5.03      0.42
    1973    0.42    0.42    0.30    1.05    1.13    2.03    1.57    1.31    1.14    0.79    1.77    2.25     14.18      1.18
    1974    1.65    0.76    0.37    0.29    0.36    0.55    0.51    0.36    0.44    0.62    0.72    0.95      7.59      0.63
    1975    0.77    0.44    0.34    0.33    0.48    1.00    0.84    0.73    0.67    0.76    0.90    0.70      7.95      0.66
    1976    0.94    0.85    0.54    0.30    0.93    0.67    0.50    1.50    1.42    0.99    0.80    0.82     10.27      0.86
    1977    0.80    0.62    0.43    0.29    0.23    0.23    0.29    0.33    0.43    0.57    0.58    0.53      5.33      0.44
    1978    0.64    0.67    0.51    0.35    0.29    0.21    0.14    0.17    0.28    0.69    2.53    2.71      9.18      0.77
    1979    2.06    1.09    0.36    0.23    0.21    0.24    0.28    0.30    0.41    0.48    0.45    0.54      6.66      0.55
    1980    0.57    0.47    0.31    0.42    0.31    2.27    1.51    3.65    3.04    2.06    7.27    4.18     26.07      2.17
    1981    2.47    1.65    0.77    0.41    0.30    0.29    1.88    1.28    0.77    0.83    0.85    0.76     12.27      1.02
    1982    0.65    0.40    0.24    0.18    0.16    0.15    0.16    0.22    0.38    6.70    4.20    2.18     15.61      1.30
    1983    1.58    0.95    0.42    0.26    0.23    0.25    0.26    0.23    0.24    0.27    0.27    0.25      5.20      0.43
    1984    0.20    0.16    0.16    0.19    0.25    0.30    0.43    0.45    0.42    0.60    0.58    0.41      4.17      0.35
    1985    0.63    0.63    0.86    0.66    0.35    0.20    0.15    0.13    0.17    0.23    0.41    0.55      4.99      0.42
    1986    0.84    0.67    0.31    0.13    0.11    0.09    0.16    0.22    0.28    0.37    0.36    0.67      4.20      0.35
    1987    0.63    0.31    0.12    0.07    0.07    0.10    0.25    0.36    0.49    0.55    0.53    0.48      3.97      0.33
    1988    0.39    0.24    0.21    0.15    0.10    0.10    0.20    0.31    0.27    0.39    0.46    0.42      3.25      0.27
    1989    0.69    1.23    0.74    0.25    0.20    0.18    0.22    0.32    0.61    0.70    0.59    0.54      6.26      0.52
    1990    0.55    0.41    0.20    0.13    0.11    0.10    0.09    0.11    0.17    0.18    0.23    0.26      2.54      0.21
    1991    0.36    0.31    0.19    0.10    0.49    0.37    0.19    0.21    0.27    0.72    1.64    1.58      6.44      0.54
    1992    1.46    1.34    0.68    0.30    0.29    0.26    0.30    0.41    0.86    0.99    0.92    3.41     11.22      0.94
    1993    2.49    1.01    0.52    0.33    0.27    0.30    0.44    0.65    0.75    0.94    1.31    1.32     10.33      0.86
    1994    1.13    0.72    0.65    0.75    0.63    0.56    0.51    0.65    0.72    0.58    0.58    0.59      8.07      0.67
    1995    0.48    0.40    0.44    0.33    0.21    0.21    0.21    0.19    0.17    0.23    0.47    0.64      3.98      0.33
    1996    1.22    8.51    3.94    0.82    0.30    0.30    1.81    1.73    1.68    1.56    1.30    0.93     24.10      2.01
    1997    0.68    0.49    0.31    0.25    0.22    0.40    0.45    0.47    0.46    0.40    0.76    0.89      5.77      0.48
    1998    0.57    0.37    0.27    0.24    0.18    0.17    0.22    0.25    0.23    0.38    0.57    0.56      4.01      0.33
    1999    0.46    0.25    0.30    0.45    0.53    0.68    0.62    0.45    0.30    0.25    0.21    0.19      4.70      0.39
    2000    0.19    0.54    0.40    0.29    0.21    0.16    0.23    0.25    0.22    0.39    0.64    0.68      4.21      0.35
    2001    0.55    0.42    0.26    0.13    0.10    0.08    0.08    0.12    0.20    0.91    1.45    1.65      5.95      0.50
    2002    1.26    0.71    0.47    0.29    0.21    1.52    0.98    0.68    0.72    0.69    0.68    0.54      8.74      0.73
    2003    0.47    0.32    0.19    0.18    0.18    0.17    0.19    0.22    0.26    0.33    0.32    0.66      3.49      0.29
    2004    0.94    0.64    1.17    0.63    0.29    0.29    0.42    0.49    0.39    0.33    0.26    0.20      6.05      0.50
    2005    0.15    0.28    0.23    0.29    0.20    0.14    0.20    1.36    1.32    1.22   12.81    6.00     24.22      2.02
    2006    1.73    0.84    0.52    0.35    0.29    1.63    1.13    1.23    1.47    1.28    1.17    0.88     12.52      1.04
    2007    0.76    0.89    0.93    0.62    0.49    0.46    0.40    0.36    0.38    0.36    0.37    0.33      6.35      0.53
    2008    0.37    0.42    0.26    0.15    0.16    0.15    0.17    0.22    0.33    0.53    0.50    0.39      3.67      0.31
    2009    0.41    0.30    0.18    0.14    0.12    0.15    0.19    0.19    0.58    0.74    0.70    0.55      4.25      0.35
  
 AVERAGE    0.88    0.75    0.49    0.37    0.32    0.41    0.45    0.61    0.64    0.76    1.21    1.10      8.00      0.67
