    1920    0.29    0.11    0.00    0.00    0.16    0.40    0.40    0.36    0.33    0.54    0.65    0.54      3.78      0.32
    1921    0.32    0.17    0.21    0.15    0.03    0.11    0.22    0.82    1.04    2.58    2.28    1.43      9.36      0.78
    1922    1.04    1.09    0.69    0.26    0.10    0.06    0.13    0.36    0.51    0.51    0.48    0.40      5.65      0.47
    1923    0.76    0.69    0.38    0.17    0.07    0.09    0.10    0.11    0.26    0.33    1.00    1.69      5.64      0.47
    1924    1.44    0.80    0.37    0.14    0.06    0.05    0.08    0.20    0.95    1.29    1.17    1.10      7.65      0.64
    1925    0.98    0.65    0.28    0.09    0.05    0.05    0.04    0.05    0.11    0.22    0.36    0.48      3.36      0.28
    1926    0.44    0.48    0.31    0.10    0.03    0.06    0.07    0.86    1.00    0.71    0.74    0.68      5.48      0.46
    1927    0.39    0.15    0.08    0.05    0.04    0.90    0.79    0.32    0.16    0.14    0.13    0.24      3.40      0.28
    1928    0.32    0.30    0.21    0.09    0.05    0.07    0.08    0.10    0.19    0.49    0.77    0.92      3.59      0.30
    1929    0.82    0.44    0.20    0.10    0.23    0.28    0.20    0.14    0.22    0.34    0.49    0.57      4.04      0.34
    1930    0.57    0.38    0.16    0.15    0.11    0.08    0.11    0.07    0.07    0.16    0.24    0.44      2.54      0.21
    1931    0.79    0.61    2.93    5.64    3.00    0.78    0.32    0.21    0.24    0.32    0.31    2.34     17.50      1.46
    1932    2.25    1.14    0.49    0.12    0.09    0.14    0.22    0.46    0.62    0.53    1.73    1.83      9.61      0.80
    1933    1.01    0.55    0.31    0.15    0.13    0.21    0.26    0.25    0.22    0.40    0.55    0.43      4.46      0.37
    1934    0.51    0.58    0.34    0.10    0.06    0.07    0.12    1.85    2.13    1.69    1.63    1.44     10.52      0.88
    1935    1.00    0.59    0.31    0.13    0.06    0.10    0.16    0.28    0.33    0.35    0.33    0.28      3.91      0.33
    1936    0.33    0.52    0.42    0.17    0.08    0.09    0.08    0.05    0.10    0.30    0.32    0.29      2.75      0.23
    1937    0.32    0.28    0.26    0.20    0.11    0.06    0.09    0.23    0.29    0.30    0.29    0.29      2.75      0.23
    1938    0.34    0.33    0.22    0.08    0.24    0.42    0.39    0.26    0.16    0.18    0.81    0.98      4.41      0.37
    1939    0.70    0.44    0.23    0.13    0.31    0.48    0.42    0.28    0.28    0.46    0.44    0.38      4.56      0.38
    1940    0.32    0.22    0.10    0.08    0.10    0.09    0.18    0.21    0.32    0.41    0.34    0.27      2.63      0.22
    1941    0.31    0.27    0.21    0.20    0.13    0.06    0.08    0.16    0.26    0.25    0.23    0.18      2.33      0.19
    1942    0.39    0.40    0.24    0.28    0.21    0.12    0.14    0.12    0.27    0.45    0.43    0.51      3.58      0.30
    1943    0.46    0.96    0.76    0.27    0.09    0.13    0.16    3.30    2.94    1.59    1.23    1.04     12.93      1.08
    1944    0.86    0.48    0.16    0.08    0.08    0.08    0.08    0.90    1.78    1.85    1.36    0.82      8.53      0.71
    1945    0.48    0.27    0.10    0.07    0.07    0.22    0.27    0.19    0.15    0.30    0.49    0.46      3.08      0.26
    1946    0.41    0.26    0.10    0.04    0.03    0.16    0.26    0.41    0.64    1.10    1.11    0.74      5.28      0.44
    1947    0.46    0.31    0.18    0.09    0.11    0.25    0.73    0.75    0.52    0.43    0.37    0.34      4.54      0.38
    1948    0.43    0.36    0.19    0.08    0.05    0.05    0.07    0.10    0.08    0.06    0.07    0.07      1.62      0.13
    1949    0.04    0.87    0.67    0.17    0.05    0.08    0.10    0.09    0.07    0.18    0.59    0.80      3.70      0.31
    1950    0.72    1.41    1.04    1.01    0.73    0.29    0.12    0.12    0.20    0.57    0.85    0.87      7.92      0.66
    1951    0.70    0.35    0.11    0.06    0.86    0.72    0.25    0.15    0.19    0.19    0.33    2.29      6.20      0.52
    1952    2.11    0.88    0.35    0.13    0.10    0.10    0.08    0.06    0.09    0.22    0.34    0.46      4.92      0.41
    1953    1.50    1.34    0.56    0.15    0.05    0.37    0.43    0.81    1.01    1.09    1.66    1.64     10.61      0.88
    1954    1.00    0.47    0.19    0.08    1.25    1.15    0.54    0.29    0.22    0.24    0.29    0.28      5.98      0.50
    1955    0.21    0.82    0.68    0.23    0.16    0.29    0.28    0.47    0.54    0.45    0.38    0.68      5.19      0.43
    1956    0.97    0.79    0.54    0.32    0.24    0.26    0.27    0.34    0.42    0.40    0.35    0.45      5.34      0.45
    1957    0.47    0.29    0.11    0.06    0.04    0.05    0.06    0.32    0.44    0.35    0.34    0.35      2.87      0.24
    1958    0.30    0.19    0.10    0.14    0.20    0.22    0.36    0.42    0.33    0.25    0.39    0.40      3.30      0.27
    1959    0.32    0.20    0.10    0.18    0.16    0.13    0.18    0.22    0.26    0.31    0.29    0.26      2.61      0.22
    1960    0.23    0.22    0.16    0.10    0.08    1.07    1.13    0.82    0.69    0.58    0.52    0.40      5.99      0.50
    1961    0.22    0.11    0.05    0.05    0.12    0.32    0.36    0.27    0.17    0.16    0.68    0.78      3.31      0.28
    1962    0.65    0.60    0.35    0.24    0.18    1.23    1.67    1.28    0.85    0.61    0.51    0.37      8.54      0.71
    1963    0.23    0.20    0.18    0.13    0.07    0.14    0.16    0.10    0.25    0.37    0.67    4.66      7.16      0.60
    1964    3.35    0.97    0.36    0.11    0.07    0.08    0.13    0.19    0.25    0.29    0.24    0.17      6.22      0.52
    1965    0.34    0.50    0.36    0.22    0.15    0.09    0.07    0.09    0.08    0.09    0.11    0.15      2.23      0.19
    1966    0.15    0.12    0.07    0.04    0.02    0.06    1.06    1.52    1.31    1.03    0.78    0.65      6.81      0.57
    1967    0.55    0.34    0.14    0.05    0.04    0.06    0.14    0.20    1.39    1.58    1.09    1.51      7.09      0.59
    1968    1.44    0.80    0.30    0.09    0.08    0.10    0.11    0.09    0.12    0.17    0.15    0.20      3.64      0.30
    1969    0.32    0.26    0.11    0.04    0.07    0.07    0.04    0.03    0.03    0.03    0.07    0.10      1.16      0.10
    1970    0.16    0.16    0.33    0.26    0.18    0.21    0.68    1.03    1.05    3.23   15.35    8.97     31.61      2.63
    1971    1.41    0.48    0.20    0.12    0.17    0.23    0.27    0.31    0.34    0.40    0.48    0.41      4.81      0.40
    1972    0.24    0.11    0.07    0.04    0.07    0.24    0.55    0.60    0.46    0.34    0.33    0.30      3.34      0.28
    1973    0.26    0.26    0.19    0.69    0.88    1.51    1.31    0.99    0.86    0.61    1.21    1.72     10.49      0.87
    1974    1.30    0.59    0.17    0.10    0.17    0.34    0.32    0.18    0.24    0.42    0.50    0.68      5.01      0.42
    1975    0.58    0.31    0.18    0.17    0.34    0.72    0.68    0.52    0.45    0.53    0.64    0.51      5.62      0.47
    1976    0.64    0.62    0.40    0.18    0.62    0.58    0.34    1.03    1.20    0.86    0.61    0.54      7.63      0.64
    1977    0.51    0.39    0.24    0.13    0.08    0.09    0.15    0.18    0.28    0.42    0.41    0.37      3.26      0.27
    1978    0.46    0.48    0.37    0.24    0.17    0.11    0.05    0.08    0.19    0.54    2.80    2.77      8.26      0.69
    1979    1.62    0.81    0.25    0.08    0.07    0.09    0.12    0.13    0.25    0.32    0.29    0.35      4.37      0.36
    1980    0.36    0.31    0.19    0.29    0.24    1.57    1.39    3.67    3.18    1.67    6.80    4.66     24.33      2.03
    1981    1.78    1.16    0.52    0.18    0.12    0.13    1.31    1.23    0.61    0.57    0.57    0.47      8.65      0.72
    1982    0.37    0.21    0.08    0.05    0.05    0.05    0.06    0.12    0.29    8.42    6.03    1.72     17.44      1.45
    1983    1.05    0.61    0.25    0.09    0.08    0.11    0.11    0.09    0.10    0.14    0.14    0.12      2.89      0.24
    1984    0.08    0.06    0.07    0.10    0.16    0.20    0.32    0.34    0.31    0.48    0.45    0.32      2.87      0.24
    1985    0.43    0.46    0.59    0.51    0.27    0.12    0.06    0.05    0.09    0.15    0.32    0.43      3.47      0.29
    1986    0.61    0.52    0.24    0.08    0.05    0.04    0.10    0.15    0.22    0.30    0.28    0.50      3.08      0.26
    1987    0.50    0.25    0.08    0.03    0.03    0.06    0.18    0.29    0.42    0.46    0.43    0.37      3.11      0.26
    1988    0.28    0.17    0.14    0.10    0.05    0.05    0.15    0.24    0.21    0.32    0.36    0.33      2.40      0.20
    1989    0.49    0.89    0.61    0.20    0.11    0.09    0.14    0.22    0.47    0.59    0.50    0.40      4.70      0.39
    1990    0.38    0.30    0.14    0.05    0.04    0.04    0.03    0.05    0.11    0.13    0.17    0.19      1.63      0.14
    1991    0.26    0.23    0.14    0.07    0.33    0.32    0.16    0.14    0.19    0.55    1.38    1.38      5.15      0.43
    1992    1.12    0.96    0.53    0.17    0.12    0.10    0.13    0.23    0.63    0.82    0.73    3.09      8.63      0.72
    1993    2.46    0.83    0.31    0.14    0.09    0.12    0.25    0.42    0.51    0.70    1.02    0.98      7.83      0.65
    1994    0.83    0.53    0.45    0.55    0.46    0.33    0.26    0.38    0.45    0.37    0.33    0.34      5.27      0.44
    1995    0.26    0.20    0.29    0.22    0.09    0.09    0.09    0.08    0.06    0.13    0.36    0.49      2.37      0.20
    1996    0.89    7.52    4.82    0.82    0.18    0.15    1.23    1.49    1.34    1.25    1.01    0.66     21.35      1.78
    1997    0.38    0.22    0.10    0.08    0.07    0.28    0.32    0.28    0.27    0.23    0.55    0.67      3.47      0.29
    1998    0.46    0.23    0.13    0.12    0.08    0.08    0.12    0.15    0.13    0.29    0.46    0.43      2.65      0.22
    1999    0.34    0.19    0.21    0.32    0.39    0.49    0.47    0.33    0.20    0.14    0.10    0.09      3.28      0.27
    2000    0.09    0.35    0.33    0.22    0.15    0.09    0.15    0.17    0.15    0.32    0.54    0.53      3.10      0.26
    2001    0.41    0.29    0.18    0.08    0.04    0.03    0.03    0.07    0.15    0.71    1.38    1.46      4.84      0.40
    2002    1.05    0.54    0.32    0.18    0.08    1.01    0.90    0.51    0.48    0.47    0.45    0.35      6.34      0.53
    2003    0.26    0.17    0.07    0.07    0.08    0.07    0.10    0.12    0.16    0.24    0.23    0.47      2.03      0.17
    2004    0.71    0.51    0.80    0.56    0.22    0.17    0.30    0.35    0.28    0.21    0.15    0.10      4.37      0.36
    2005    0.06    0.19    0.18    0.21    0.16    0.08    0.13    0.99    1.22    1.10   12.36    8.05     24.73      2.06
    2006    1.53    0.56    0.24    0.12    0.09    1.11    1.06    0.95    1.08    0.97    0.83    0.60      9.13      0.76
    2007    0.44    0.59    0.69    0.44    0.25    0.22    0.18    0.16    0.18    0.17    0.18    0.15      3.64      0.30
    2008    0.19    0.23    0.15    0.05    0.06    0.06    0.09    0.13    0.24    0.45    0.40    0.31      2.36      0.20
    2009    0.28    0.22    0.12    0.07    0.06    0.09    0.13    0.12    0.42    0.68    0.61    0.44      3.23      0.27
  
 AVERAGE    0.67    0.55    0.36    0.23    0.19    0.27    0.31    0.44    0.50    0.65    1.03    0.95      6.14      0.51
