    1920    0.01    0.00    0.33    0.11    0.95    3.10    5.31    1.46    0.00    0.00    0.00    0.00     11.27      0.94
    1921    0.00    3.83    1.73    0.46    0.10    0.00    0.00    0.00    0.01    0.00    0.00    0.00      6.13      0.51
    1922    0.00    0.33    0.11    0.00    0.56    0.32    0.06    0.00    0.00    0.02    0.01    0.00      1.43      0.12
    1923    0.00    0.08    0.03    0.08    0.14    1.03    0.33    0.00    0.00    0.00    0.00    0.02      1.69      0.14
    1924    0.01    0.00    0.06    0.02    0.79    4.28    1.82    0.16    0.00    0.00    0.00    0.02      7.16      0.60
    1925    0.01    0.07    0.03    0.00    0.00    0.00    0.01    0.00    0.01    0.00    0.00    0.00      0.14      0.01
    1926    0.00    0.35    0.18    0.02    0.01    0.21    0.07    0.00    0.00    0.00    0.00    0.00      0.85      0.07
    1927    0.00    0.00    0.00    0.02    0.01   15.03    5.03    0.01    0.00    0.00    0.00    0.07     20.16      1.68
    1928    0.02    0.00    0.02    0.01    0.06    0.31    0.10    0.00    0.00    0.27    0.09    1.75      2.64      0.22
    1929    0.68    0.03    0.08    0.75    1.01    0.59    0.11    0.00    0.00    0.00    0.00    0.00      3.26      0.27
    1930    0.10    0.03    0.00    0.89    0.30    3.53    1.18    0.00    0.00    0.33    0.11    0.00      6.49      0.54
    1931    0.13    0.05    3.56    1.23    0.22    0.07    0.00    0.00    0.00    0.00    0.00    1.13      6.38      0.53
    1932    0.38    0.10    0.03    0.00    0.00    0.05    0.09    0.02    0.00    0.00    0.06    0.02      0.75      0.06
    1933    0.00    1.56    1.14    2.46    1.17    0.72    0.33    0.05    0.00    0.00    0.00    0.00      7.43      0.62
    1934    0.24    0.21    0.10    0.02    1.63    0.57    0.02    3.92    1.31    0.00    0.00    0.03      8.05      0.67
    1935    0.01    0.02    0.01    0.00    0.12    0.83    0.26    0.02    0.01    0.00    0.00    0.00      1.28      0.11
    1936    0.11    0.65    0.21    0.33    0.55    0.15    0.00    0.00    0.00    0.00    0.00    0.00      1.99      0.17
    1937    0.00    0.01    2.86    1.32    0.41    0.12    0.04    0.01    0.02    0.01    0.00    0.00      4.80      0.40
    1938    0.17    0.92    0.29    0.73    3.51    1.13    0.02    0.00    0.00    0.08    3.92    1.30     12.07      1.01
    1939    1.96    0.65    0.00    0.01    3.91    4.22    0.97    0.82    0.27    0.00    0.00    0.15     12.96      1.08
    1940    0.05    0.05    0.02    0.45    1.64    0.50    0.21    0.07    0.00    0.00    0.00    0.00      2.99      0.25
    1941    0.03    0.01    0.00    0.03    0.54    0.61    0.14    0.00    0.00    0.00    0.00    0.00      1.35      0.11
    1942    0.49    0.19    0.05    0.02    0.00    0.42    0.64    0.17    0.00    0.00    0.00    0.00      1.99      0.17
    1943    0.00    7.99    3.17    0.20    0.51    1.56    0.47    0.35    0.12    0.00    0.00    0.00     14.36      1.20
    1944    0.02    0.01    0.00    0.21    0.09    1.40    0.46    0.02    0.01    0.00    0.00    0.00      2.23      0.19
    1945    0.00    0.00    0.00    0.00    0.03    0.04    0.16    0.15    0.03    0.00    0.00    0.00      0.41      0.03
    1946    0.04    0.03    0.01    0.00    0.04    0.06    0.01    0.00    0.00    0.00    0.00    0.03      0.22      0.02
    1947    0.02    0.06    4.99    1.68    6.05    3.96    4.49    1.28    0.00    0.00    0.00    0.00     22.53      1.88
    1948    0.00    0.00    0.00    0.00    0.01    0.00    0.00    1.93    0.64    0.00    0.00    0.00      2.59      0.22
    1949    0.00    0.00    0.01    0.00    4.33    4.40    1.57    0.78    0.19    0.00    0.00    0.35     11.63      0.97
    1950    0.32    0.35    0.72    0.60    0.40    0.09    0.00    0.00    0.00    0.00    0.00    0.13      2.63      0.22
    1951    0.04    0.00    0.00    0.00    5.87    2.26    0.10    0.00    0.00    0.00    0.00    0.01      8.29      0.69
    1952    0.00    0.01    0.33    0.11    1.25    0.42    0.02    0.01    0.00    0.00    0.04    0.11      2.30      0.19
    1953    1.93    2.18    1.15    0.21    0.00    4.96    1.67    0.07    0.02    0.00    0.00    0.00     12.21      1.02
    1954    0.00    0.19    0.06    0.19    0.10    0.26    0.17    0.03    0.01    0.00    0.00    0.00      1.01      0.08
    1955    0.00    0.56    0.24    0.04    0.27    1.33    0.42    0.04    0.01    0.00    0.00    0.00      2.91      0.24
    1956    0.19    0.56    0.38    0.10    0.24    0.28    0.07    0.00    0.00    0.00    0.00    0.00      1.81      0.15
    1957    0.00    0.00    0.25    1.13    0.35    0.00    0.00    2.66    0.89    0.00    0.00    0.01      5.28      0.44
    1958    0.00    0.06    0.86    0.31    0.13    0.14    0.16    0.05    0.00    0.04    0.02    0.00      1.77      0.15
    1959    0.00    0.00    0.01    0.01    0.00    0.11    0.05    0.05    0.01    0.00    0.13    0.04      0.42      0.04
    1960    0.00    0.00    0.00    0.56    0.19   20.02    7.10    0.34    0.07    0.01    0.06    0.02     28.38      2.36
    1961    0.00    0.03    0.01    0.01    1.26    0.68    0.09    0.00    0.00    0.00    0.01    0.00      2.09      0.17
    1962    0.00    0.18    0.06   25.23    8.42    6.69    2.96    0.24    0.00    0.01    0.00    0.00     43.80      3.65
    1963    0.32    0.59    0.30    0.05    0.00    0.01    0.03    0.01    0.27    0.09    0.00    0.00      1.65      0.14
    1964    0.03    0.01    0.17    0.07    0.04    0.01    0.28    0.09    0.17    0.96    0.30    0.00      2.14      0.18
    1965    2.34    1.14    0.12    0.14    0.05    0.00    0.00    0.00    0.00    0.00    0.00    0.01      3.81      0.32
    1966    0.00    0.01    0.01    0.38    0.40    1.03    1.48    1.38    0.33    0.00    0.00    0.00      5.03      0.42
    1967    0.00    0.00    0.00    0.00    0.00    2.61    0.87    0.00    0.00    0.00    0.00    0.21      3.70      0.31
    1968    0.07    0.00    0.00    0.00    0.99    0.49    1.45    0.47    0.00    0.00    0.00    0.00      3.46      0.29
    1969    0.17    0.06    0.00    0.00    0.19    0.06    0.00    0.06    0.02    0.00    8.92    2.97     12.44      1.04
    1970    0.00    0.00    1.84    0.69    0.29    0.15    0.21    0.07    0.00    0.25    2.04    0.65      6.21      0.52
    1971    0.01    0.00    0.00    0.15    0.05    1.90    0.65    0.01    0.00    0.00    0.00    0.00      2.77      0.23
    1972    0.00    0.00    0.00    0.00    0.21    2.58    1.05    0.07    0.00    0.00    0.07    0.02      4.00      0.33
    1973    0.01    0.01    0.03    8.03   10.22   36.19   11.36    0.10    0.02    0.00    0.30    0.10     66.36      5.53
    1974    0.00    1.64    0.55    0.00    0.31    3.30    1.07    0.00    0.03    0.01    0.00    0.00      6.90      0.57
    1975    0.00    0.05    5.16    3.60    3.00    9.36    2.87    0.01    0.00    0.12    0.04    0.00     24.23      2.02
    1976    2.27    0.76    0.00    0.00   12.74    4.55    0.12    6.39    2.13    0.00    0.00    0.00     28.97      2.41
    1977    0.00    0.00    0.76    0.30    0.02    0.65    0.22    0.00    0.00    0.00    0.00    0.00      1.95      0.16
    1978    0.00    0.00    0.92    0.36    0.82    0.27    0.00    0.02    0.01    0.05    0.06    0.01      2.51      0.21
    1979    0.14    0.05    0.00    0.00    0.53    0.25    0.03    0.00    0.00    0.00    0.00    0.00      1.00      0.08
    1980    0.00    0.24    0.42    0.48    1.17    1.30    0.32    1.07    0.36    0.00    0.34    0.11      5.79      0.48
    1981    0.52    0.17    0.10    0.03    0.00    0.05    2.63    0.87    0.00    0.05    0.02    0.00      4.43      0.37
    1982    0.02    0.04    0.01    0.00    0.00    0.00    0.00    0.00    0.02    1.73    0.57    0.01      2.40      0.20
    1983    0.03    0.31    0.32    0.07    0.00    0.01    0.10    0.03    0.00    0.00    0.00    0.00      0.88      0.07
    1984    0.01    0.13    0.04    2.31    1.61    0.29    0.00    0.00    0.00    0.00    0.00    0.00      4.39      0.37
    1985    0.27    0.77   13.86    5.93    0.64    0.20    0.05    0.00    0.00    0.00    0.00    0.00     21.72      1.81
    1986    1.10    0.98    0.21    0.00    0.10    0.03    0.00    0.00    0.02    0.01    0.00    0.51      2.97      0.25
    1987    0.17    1.74    0.58    0.00   22.05    9.96    1.56    0.23    0.00    0.00    0.00    0.07     36.37      3.03
    1988    0.02    0.01    4.99    6.42    2.89    0.78    2.27    0.72    0.00    0.00    0.00    0.00     18.10      1.51
    1989    0.11    3.36    1.11    0.02    0.01    0.15    0.06    0.00    0.01    0.00    0.00    0.00      4.84      0.40
    1990    0.00    0.00    0.01    0.16    0.10    0.13    0.04    0.00    0.09    0.03    0.00    0.00      0.55      0.05
    1991    1.81    0.61    0.16    0.05    0.00    0.04    0.01    0.00    0.01    0.00    0.13    0.04      2.88      0.24
    1992    0.01    0.02    0.00    0.01    0.02    0.03    0.10    0.03    0.00    0.00    0.00    0.00      0.21      0.02
    1993    0.00    0.38    1.00    4.28    3.39    1.88    0.40    0.00    0.00    0.00    0.00    0.00     11.33      0.94
    1994    0.00    0.00    0.07    0.36    0.30    0.21    0.05    0.24    0.08    0.00    0.00    0.01      1.32      0.11
    1995    0.00    0.27    1.26    1.50    0.53    0.09    0.01    0.00    0.00    0.00    0.02    0.01      3.68      0.31
    1996    0.00   19.17    6.48    1.11    0.36    0.60    0.24    0.03    0.44    0.15    0.00    0.00     28.58      2.38
    1997    0.00    0.00    0.00    0.01    0.01    0.76    0.26    0.00    0.00    0.00    0.00    0.00      1.05      0.09
    1998    0.00    0.03    0.01    0.30    0.10    0.02    0.01    0.01    0.00    0.02    0.01    0.00      0.51      0.04
    1999    0.00    0.00    2.72    2.37    0.66    4.94    1.90    0.09    0.00    0.00    0.00    0.15     12.84      1.07
    2000    0.05    1.02    0.34    0.33    0.15    0.67    4.81    1.53    0.00    0.00    0.00    0.89      9.80      0.82
    2001    0.30    1.31    0.65    0.24    0.06    0.17    0.06    0.00    0.00    0.00    0.18    0.10      3.06      0.26
    2002    0.01    0.00    0.09    0.03    0.58    0.28    0.07    0.02    0.00    0.00    0.00    0.00      1.10      0.09
    2003    0.00    0.05    0.02    0.12    0.96    0.34    0.11    0.03    0.00    0.00    0.00    0.34      1.96      0.16
    2004    0.11    0.00    0.33    0.40    0.40    0.13    0.02    0.02    0.01    0.00    0.00    0.02      1.43      0.12
    2005    0.06    0.06    0.01    4.46    1.55    0.04    0.02    0.29    0.10    0.00    4.87    1.62     13.10      1.09
    2006    0.09    0.03    0.21    0.08    0.00    0.00    0.15    0.05    0.00    0.00    0.00    0.00      0.61      0.05
    2007    3.62    1.21    1.89    1.50    2.06    1.08    0.23    0.02    0.00    0.00    0.00    0.00     11.63      0.97
    2008    0.00    0.10    0.03    0.00    7.26    2.43    0.04    0.01    0.00    0.00    0.00    0.00      9.88      0.82
    2009    0.03    0.15    0.05    1.75    0.83    0.22    0.05    0.00    0.00    0.00    0.00    0.00      3.06      0.26
  
 AVERAGE    0.23    0.64    0.78    0.97    1.39    1.96    0.82    0.32    0.09    0.05    0.25    0.14      7.64      0.64
