    1920    0.00    0.00    0.09    0.00    0.25    0.90    2.00    0.45    0.00    0.00    0.00    0.00      3.70      0.31
    1921    0.00    5.38   16.65    4.81    0.09    0.09    0.07    0.07    0.06    0.05    0.05    0.04     27.38      2.28
    1922    0.04    0.36    0.13    0.03    0.05    0.06    0.03    0.02    0.02    0.03    0.01    0.01      0.79      0.07
    1923    0.01    0.33    0.11    0.06    0.02    0.32    0.11    0.02    0.02    0.02    0.02    0.04      1.09      0.09
    1924    0.01    0.01    0.72    0.25    0.02    0.80    0.41    0.05    0.05    0.02    0.02    0.03      2.40      0.20
    1925    0.02    0.01    0.06    0.02    0.01    0.01    0.01    0.02    0.03    0.01    0.01    0.01      0.22      0.02
    1926    0.01    0.09    0.04    0.01    0.01    0.04    0.01    0.01    0.01    0.02    0.01    0.00      0.25      0.02
    1927    0.00    0.00    0.14    0.05    0.01   16.84    5.60    0.11    0.11    0.10    0.09    0.26     23.31      1.94
    1928    0.09    0.06    0.05    0.05    0.13    0.23    0.08    0.03    0.03    0.36    0.19    1.06      2.36      0.20
    1929    0.45    0.03    1.24    0.54    0.39    0.46    0.12    0.04    0.03    0.03    0.03    0.02      3.36      0.28
    1930    0.33    0.12    0.02    0.07    0.02    2.36    0.83    0.04    0.04    0.39    0.15    0.03      4.40      0.37
    1931    0.29    0.21    1.83    0.68    0.34    0.11    0.04    0.07    0.03    0.03    0.02    0.91      4.56      0.38
    1932    0.66    0.45    0.11    0.03    0.03    0.06    0.15    0.05    0.02    0.02    0.38    0.13      2.09      0.17
    1933    0.02    0.33    0.31    0.72    2.02    2.19    0.71    0.05    0.05    0.07    0.04    0.04      6.56      0.55
    1934    0.20    0.36    0.15    0.07    0.19    0.09    0.18    1.17    0.44    0.03    0.03    0.06      2.96      0.25
    1935    0.02    0.02    0.07    0.02    0.02    1.35    0.49    0.06    0.03    0.02    0.02    0.02      2.15      0.18
    1936    0.26    0.63    0.22    0.17    0.36    0.11    0.02    0.02    0.02    0.02    0.01    0.01      1.86      0.15
    1937    0.04    0.10    1.59    0.57    0.03    0.02    0.05    0.02    0.02    0.02    0.02    0.01      2.48      0.21
    1938    0.04    0.32    0.24    0.15    1.46    0.55    0.03    0.03    0.02    0.05    2.93    1.00      6.82      0.57
    1939    0.57    0.19    0.04    0.04    6.42    2.28    0.09    0.09    0.07    0.07    0.06    0.42     10.32      0.86
    1940    0.14    0.05    0.04    0.23    0.09    0.03    1.22    0.43    0.04    0.03    0.03    0.03      2.35      0.20
    1941    5.09    1.72    0.06    0.24    0.09    0.07    0.06    0.06    0.04    0.03    0.03    0.03      7.52      0.63
    1942    0.37    0.25    0.05    0.02    0.02    0.66    0.30    0.03    0.02    0.02    0.10    0.04      1.88      0.16
    1943    0.01    2.20    0.85    0.08    0.13    0.39    0.12    0.12    0.05    0.02    0.02    0.02      4.02      0.34
    1944    0.21    0.07    0.02    0.03    0.13    1.04    0.36    0.07    0.03    0.07    0.02    0.02      2.05      0.17
    1945    0.02    0.01    0.01    0.01    0.06    0.05    0.31    0.12    0.01    0.01    0.01    0.01      0.65      0.05
    1946    0.03    0.09    0.03    0.01    0.01    0.07    0.02    0.01    0.01    0.01    0.01    0.07      0.34      0.03
    1947    0.03    0.02    0.05    0.16    1.33    0.77    2.76    0.91    0.05    0.05    0.04    0.04      6.20      0.52
    1948    0.03    0.03    0.02    0.02    0.02    0.02    0.03    0.72    0.25    0.02    0.02    0.02      1.21      0.10
    1949    0.01    0.01    0.01    0.06    0.36    2.53    1.21    0.19    0.04    0.04    0.04    0.54      5.06      0.42
    1950    0.23    0.29    0.40    0.29    0.27    0.10    0.02    0.02    0.02    0.02    0.02    0.22      1.90      0.16
    1951    0.08    0.02    0.01    0.01    3.86    1.32    0.05    0.04    0.04    0.04    0.03    0.03      5.53      0.46
    1952    0.03    0.07    0.24    0.09    0.12    0.04    0.02    0.02    0.01    0.01    0.02    0.09      0.75      0.06
    1953    3.81    2.04    0.86    0.30    0.05    6.26    2.25    0.23    0.09    0.08    0.08    0.07     16.11      1.34
    1954    0.06    0.61    0.21    0.06    0.39    0.31    0.09    0.03    0.03    0.03    0.03    0.02      1.88      0.16
    1955    0.03    0.41    0.15    0.09    0.17    0.33    0.10    0.08    0.03    0.02    0.01    0.04      1.45      0.12
    1956    0.24    0.33    0.61    0.20    0.14    0.76    0.26    0.02    0.02    0.02    0.02    0.02      2.64      0.22
    1957    0.01    0.01    0.06    0.41    0.14    0.01    0.01    1.16    0.40    0.02    0.02    0.03      2.30      0.19
    1958    0.02    0.01    0.31    0.21    0.07    0.68    0.50    0.10    0.02    0.05    0.02    0.02      2.01      0.17
    1959    0.01    0.01    0.01    0.05    0.02    0.10    0.04    0.04    0.01    0.01    0.13    0.04      0.47      0.04
    1960    0.01    0.34    0.14    0.19    0.07   27.15    9.01    0.27    0.13    0.12    0.11    0.10     37.63      3.14
    1961    0.09    0.10    0.07    0.06    0.27    0.26    0.06    0.04    0.04    0.03    0.03    0.03      1.09      0.09
    1962    0.02    0.12    0.04    3.23    1.22    2.35    1.14    0.12    0.06    0.06    0.05    0.05      8.46      0.70
    1963    0.11    0.27    0.56    0.17    0.05    0.04    0.03    0.02    0.14    0.05    0.02    0.04      1.49      0.12
    1964    0.05    0.05    0.09    0.03    0.01    0.01    0.15    0.06    0.08    0.13    0.04    0.01      0.71      0.06
    1965    0.41    0.50    0.13    0.07    0.04    0.02    0.03    0.01    0.01    0.01    0.01    0.01      1.25      0.10
    1966    0.02    0.02    0.01    0.03    0.01    0.37    0.27    1.35    0.46    0.03    0.02    0.02      2.60      0.22
    1967    0.05    0.03    0.02    0.01    0.01    0.25    0.12    0.03    0.01    0.01    0.01    0.17      0.72      0.06
    1968    0.06    0.01    0.01    0.01    0.79    0.72    0.34    0.07    0.02    0.02    0.02    0.02      2.08      0.17
    1969    0.13    0.05    0.01    0.01    0.17    0.06    0.01    0.08    0.03    0.01    2.48    0.85      3.91      0.33
    1970    0.33    0.13    1.07    0.41    0.27    0.14    0.09    0.05    0.03    0.53    6.36    2.08     11.47      0.96
    1971    0.11    0.07    0.06    0.14    0.05    0.92    0.34    0.05    0.04    0.04    0.04    0.03      1.88      0.16
    1972    0.03    0.02    0.02    0.02    1.32    1.27    0.56    0.09    0.04    0.03    0.05    0.03      3.48      0.29
    1973    0.02    0.02    0.08    4.56    8.52    8.14    2.02    0.51    0.17    0.13    0.17    0.10     24.44      2.04
    1974    0.10    0.93    0.32    0.07    0.37    0.62    0.18    0.06    0.09    0.04    0.04    0.10      2.92      0.24
    1975    0.03    0.09    0.89    2.06    2.62    5.06    1.55    0.13    0.09    0.09    0.08    0.07     12.75      1.06
    1976    0.69    0.31    0.05    0.05    7.66    2.76    0.18    2.90    1.01    0.11    0.10    0.09     15.92      1.33
    1977    0.08    0.07    0.26    0.12    0.05    0.38    0.13    0.04    0.04    0.04    0.03    0.03      1.27      0.11
    1978    0.03    0.03    0.09    0.04    0.23    0.08    0.02    0.04    0.02    0.46    0.39    0.09      1.51      0.13
    1979    0.03    0.03    0.02    0.02    0.60    0.42    0.09    0.02    0.02    0.02    0.02    0.03      1.31      0.11
    1980    0.02    0.26    0.12    0.18    0.19    0.33    0.11    0.76    0.27    0.03    0.10    0.03      2.40      0.20
    1981    0.60    0.21    0.18    0.06    0.02    0.02    0.77    0.27    0.02    0.02    0.02    0.06      2.26      0.19
    1982    0.04    0.06    0.02    0.01    0.01    0.01    0.05    0.02    0.04    1.75    0.60    0.03      2.64      0.22
    1983    0.03    0.25    0.77    0.25    0.03    0.02    0.06    0.02    0.02    0.02    0.02    0.02      1.50      0.13
    1984    0.04    0.82    0.29    1.04    0.81    0.17    0.03    0.03    0.03    0.03    0.02    0.02      3.32      0.28
    1985    0.21    0.45    4.14    1.72    0.30    0.11    0.05    0.05    0.04    0.04    0.04    0.03      7.18      0.60
    1986    0.38    0.29    0.05    0.03    0.04    0.02    0.07    0.03    0.02    0.02    0.02    1.01      1.97      0.16
    1987    0.35    0.58    0.21    0.03    1.74    1.02    1.10    0.40    0.07    0.04    0.04    0.33      5.91      0.49
    1988    0.11    0.07    0.36    0.18    0.27    0.29    0.25    0.06    0.03    0.03    0.02    0.02      1.68      0.14
    1989    0.31    0.72    0.22    0.02    0.04    0.02    0.03    0.02    0.02    0.02    0.01    0.01      1.43      0.12
    1990    0.01    0.01    0.03    0.10    0.03    0.01    0.01    0.01    0.03    0.01    0.01    0.01      0.26      0.02
    1991    0.51    0.21    0.13    0.04    0.03    0.02    0.01    0.01    0.06    0.03    0.04    0.01      1.11      0.09
    1992    0.04    0.02    0.01    0.04    0.10    0.04    0.06    0.02    0.01    0.01    0.01    0.19      0.54      0.05
    1993    0.08    0.17    0.62    1.05    0.90    0.34    0.05    0.03    0.03    0.04    0.02    0.02      3.34      0.28
    1994    0.03    0.01    0.02    0.56    0.35    0.06    0.04    0.33    0.11    0.02    0.02    0.05      1.59      0.13
    1995    0.03    0.11    1.38    0.69    0.23    0.08    0.02    0.02    0.02    0.02    0.03    0.01      2.63      0.22
    1996    0.07   10.77    4.62    0.40    0.09    0.55    0.27    0.07    0.76    0.25    0.06    0.05     17.96      1.50
    1997    0.05    0.04    0.04    0.03    0.12    0.31    0.39    0.11    0.03    0.02    0.02    0.02      1.17      0.10
    1998    0.14    0.05    0.01    0.47    0.17    0.05    0.02    0.02    0.01    0.02    0.01    0.01      0.99      0.08
    1999    0.01    0.01    0.90    1.84    1.39    2.36    0.96    0.09    0.06    0.05    0.04    0.12      7.83      0.65
    2000    0.05    0.94    0.39    0.46    0.16    0.55    1.06    0.31    0.04    0.04    0.03    1.09      5.11      0.43
    2001    0.40    0.62    0.24    0.14    0.06    0.03    0.02    0.02    0.02    0.02    0.32    0.15      2.03      0.17
    2002    0.02    0.02    0.59    0.21    0.05    0.74    0.29    0.14    0.04    0.02    0.02    0.02      2.16      0.18
    2003    0.04    0.06    0.02    0.09    0.30    0.14    0.45    0.16    0.02    0.01    0.01    0.11      1.41      0.12
    2004    0.04    0.01    0.22    0.27    0.49    0.16    0.14    0.15    0.03    0.01    0.02    0.01      1.56      0.13
    2005    0.02    0.29    0.10    0.30    0.39    0.11    0.03    0.16    0.05    0.04    1.18    0.45      3.12      0.26
    2006    0.11    0.03    0.16    0.05    0.02    0.08    0.09    0.02    0.01    0.01    0.01    0.01      0.61      0.05
    2007    0.86    0.31    1.84    0.80    0.38    0.26    0.09    0.03    0.20    0.07    0.05    0.02      4.89      0.41
    2008    0.02    0.02    0.11    0.04    3.02    1.13    0.23    0.07    0.21    0.07    0.03    0.03      4.98      0.41
    2009    0.11    0.09    0.05    0.59    0.25    0.22    0.07    0.02    0.02    0.02    0.02    0.01      1.46      0.12
  
 AVERAGE    0.23    0.42    0.55    0.38    0.62    1.16    0.49    0.18    0.08    0.07    0.20    0.15      4.53      0.38
