    1920    0.00    0.00    0.74    0.00    0.07    1.00    1.66    0.35    0.00    0.00    0.00    0.00      3.81      0.32
    1921    0.00    2.43   15.67    4.97    0.05    0.24    0.07    0.05    0.05    0.04    0.04    0.04     23.66      1.97
    1922    0.04    0.16    0.04    0.03    0.02    0.04    0.14    0.03    0.02    0.13    0.03    0.02      0.70      0.06
    1923    0.02    0.35    0.11    0.02    0.04    0.32    0.11    0.03    0.03    0.02    0.02    0.07      1.13      0.09
    1924    0.02    0.02    2.49    0.85    0.13    0.99    0.69    0.13    0.05    0.08    0.04    0.44      5.95      0.50
    1925    0.16    0.04    0.16    0.05    0.03    0.03    0.03    0.02    0.02    0.02    0.02    0.02      0.59      0.05
    1926    0.02    0.12    0.04    0.01    0.01    0.04    0.01    0.03    0.01    0.03    0.01    0.01      0.36      0.03
    1927    0.01    0.01    0.11    0.06    0.01   13.64    4.72    0.12    0.11    0.10    0.09    0.71     19.70      1.64
    1928    0.26    0.08    0.07    0.06    0.13    0.09    0.08    0.04    0.04    0.16    0.07    0.88      1.95      0.16
    1929    0.48    0.06    0.69    0.36    0.47    0.18    0.04    0.03    0.03    0.03    0.02    0.02      2.43      0.20
    1930    0.52    0.19    0.02    0.04    0.02    0.43    0.21    0.02    0.02    0.56    0.20    0.02      2.24      0.19
    1931    0.74    0.39    4.03    1.59    0.13    0.06    0.05    0.10    0.04    0.04    0.04    3.39     10.60      0.88
    1932    1.61    0.23    0.06    0.06    0.05    0.06    0.29    0.09    0.04    0.03    0.60    0.21      3.32      0.28
    1933    0.03    0.19    0.25    0.21    0.29    2.25    0.95    0.07    0.05    0.09    0.04    0.04      4.44      0.37
    1934    0.57    0.25    0.16    0.06    0.14    0.06    0.16    0.93    0.36    0.04    0.03    0.09      2.83      0.24
    1935    0.03    0.05    0.03    0.02    0.04    3.56    1.22    0.05    0.05    0.07    0.04    0.04      5.20      0.43
    1936    0.74    0.82    0.22    0.06    0.05    0.03    0.03    0.12    0.04    0.02    0.02    0.02      2.17      0.18
    1937    0.15    0.27    1.69    0.66    0.05    0.03    0.30    0.10    0.03    0.03    0.02    0.02      3.36      0.28
    1938    0.08    0.46    0.19    0.06    4.46    1.75    0.09    0.06    0.06    0.05    7.02    2.38     16.65      1.39
    1939    1.50    0.51    0.10    0.09    3.32    1.70    0.19    0.10    0.09    0.11    0.07    0.34      8.14      0.68
    1940    0.13    0.06    0.05    0.76    0.37    0.05    3.35    1.16    0.08    0.07    0.06    0.06      6.20      0.52
    1941    3.66    1.27    0.08    1.63    0.59    0.25    0.09    0.07    0.06    0.06    0.05    0.04      7.85      0.65
    1942    1.87    0.68    0.05    0.40    0.16    0.04    0.06    0.04    0.04    0.03    0.04    0.03      3.44      0.29
    1943    0.03    5.94    2.05    0.28    0.15    0.93    0.31    0.07    0.06    0.06    0.05    0.05      9.96      0.83
    1944    0.08    0.04    0.03    0.04    0.08    0.87    0.31    0.03    0.03    0.02    0.02    0.02      1.57      0.13
    1945    0.02    0.02    0.02    0.01    0.14    0.15    0.28    0.12    0.01    0.01    0.01    0.01      0.81      0.07
    1946    0.09    0.03    0.01    0.01    0.01    0.05    0.02    0.01    0.01    0.01    0.01    0.05      0.31      0.03
    1947    0.06    0.08    0.10    0.06    1.28    0.63    6.69    2.24    0.09    0.08    0.07    0.07     11.46      0.96
    1948    0.06    0.05    0.05    0.04    0.15    0.05    0.04    0.41    0.14    0.03    0.03    0.02      1.07      0.09
    1949    0.02    0.07    0.02    0.02    0.23    6.36    2.51    0.15    0.08    0.07    0.06    0.58     10.16      0.85
    1950    0.24    0.60    0.91    0.85    0.54    0.18    0.05    0.05    0.04    0.04    0.04    0.05      3.59      0.30
    1951    0.03    0.03    0.02    0.02    5.04    1.76    0.07    0.06    0.06    0.05    0.05    0.10      7.29      0.61
    1952    0.04    0.26    0.37    0.11    0.23    0.08    0.03    0.03    0.02    0.02    0.02    0.09      1.30      0.11
    1953    7.48    3.53    0.88    0.20    0.08   17.24    5.94    0.24    0.18    0.17    0.15    0.14     36.22      3.02
    1954    0.12    0.55    0.18    0.09    1.87    1.21    0.22    0.09    0.08    0.07    0.07    0.06      4.60      0.38
    1955    0.05    0.53    0.18    0.04    0.50    0.49    0.11    0.04    0.04    0.03    0.03    0.05      2.09      0.17
    1956    0.20    0.26    0.24    0.09    0.42    0.99    0.31    0.04    0.03    0.03    0.03    0.03      2.65      0.22
    1957    0.02    0.02    0.04    0.04    0.02    0.02    0.19    0.86    0.28    0.03    0.02    0.02      1.56      0.13
    1958    0.02    0.02    0.10    0.15    0.07    1.00    1.24    0.33    0.04    0.04    0.03    0.03      3.06      0.26
    1959    0.03    0.02    0.02    0.70    0.25    0.18    0.07    0.02    0.02    0.02    0.10    0.03      1.47      0.12
    1960    0.02    0.05    0.16    0.50    0.17   16.97    5.91    0.27    0.13    0.13    0.12    0.10     24.54      2.05
    1961    0.10    0.08    0.07    0.07    0.40    0.55    0.16    0.05    0.05    0.05    0.06    0.04      1.68      0.14
    1962    0.04    0.24    0.08    4.34    1.53    4.34    2.04    0.20    0.11    0.09    0.09    0.08     13.17      1.10
    1963    0.09    1.04    0.60    0.08    0.06    0.08    0.05    0.04    0.15    0.05    0.04    0.15      2.43      0.20
    1964    0.15    0.10    0.26    0.08    0.02    0.19    0.38    0.12    0.02    0.06    0.02    0.02      1.43      0.12
    1965    1.20    0.89    0.17    0.21    0.08    0.03    0.03    0.02    0.02    0.02    0.02    0.02      2.72      0.23
    1966    0.02    0.01    0.01    0.03    0.01    0.38    0.17    1.73    0.60    0.03    0.03    0.03      3.07      0.26
    1967    0.10    0.06    0.02    0.02    0.02    0.40    0.51    0.14    0.02    0.02    0.02    0.44      1.78      0.15
    1968    0.17    0.02    0.02    0.02    0.12    1.01    0.67    0.12    0.03    0.03    0.02    0.02      2.26      0.19
    1969    0.08    0.04    0.02    0.02    0.30    0.10    0.02    0.05    0.02    0.01    0.48    0.17      1.30      0.11
    1970    0.26    0.10    0.70    0.34    0.31    0.16    0.16    0.07    0.02    1.06   12.89    4.16     20.24      1.69
    1971    0.13    0.12    0.11    0.41    0.14    0.68    0.26    0.08    0.07    0.06    0.06    0.05      2.17      0.18
    1972    0.05    0.04    0.04    0.04    1.03    1.34    0.76    0.15    0.05    0.05    0.05    0.04      3.63      0.30
    1973    0.03    0.03    0.40    8.73   10.82    8.46    2.08    1.55    0.52    0.19    0.19    0.15     33.16      2.76
    1974    0.15    1.68    0.66    0.12    0.47    0.52    0.12    0.10    0.08    0.08    0.08    0.09      4.14      0.35
    1975    0.06    0.12    0.92    2.12    3.35    5.27    1.60    0.14    0.13    0.12    0.11    0.10     14.03      1.17
    1976    0.54    0.25    0.08    0.08    5.68    2.29    0.56   10.24    3.44    0.20    0.19    0.17     23.73      1.98
    1977    0.16    0.14    0.18    0.11    0.11    0.36    0.13    0.10    0.09    0.09    0.08    0.08      1.64      0.14
    1978    0.07    0.07    0.06    0.06    0.20    0.07    0.06    0.12    0.05    0.31    0.74    0.22      2.04      0.17
    1979    0.06    0.06    0.06    0.05    0.83    0.71    0.15    0.06    0.06    0.06    0.06    0.06      2.21      0.18
    1980    0.05    0.82    0.30    0.14    0.58    1.67    0.54    0.99    0.35    0.08    0.15    0.06      5.72      0.48
    1981    1.19    0.41    0.28    0.13    0.06    0.06    1.24    0.43    0.06    0.06    0.06    0.08      4.06      0.34
    1982    0.06    0.05    0.05    0.04    0.04    0.04    0.04    0.04    0.03    2.34    0.82    0.06      3.61      0.30
    1983    0.06    0.31    1.01    0.32    0.06    0.05    0.08    0.04    0.04    0.04    0.04    0.04      2.09      0.17
    1984    0.04    0.49    0.17    0.79    0.59    0.13    0.04    0.04    0.03    0.03    0.03    0.03      2.41      0.20
    1985    0.14    0.77    5.89    2.29    0.22    0.08    0.08    0.07    0.07    0.06    0.05    0.05      9.77      0.81
    1986    1.43    0.53    0.05    0.05    0.04    0.04    0.05    0.03    0.03    0.03    0.02    0.31      2.61      0.22
    1987    0.11    0.47    0.17    0.02    0.42    0.46    0.18    0.06    0.02    0.02    0.02    0.30      2.24      0.19
    1988    0.11    0.22    0.28    0.23    0.07    0.03    0.37    0.13    0.02    0.02    0.02    0.01      1.50      0.12
    1989    0.20    1.80    0.60    0.03    0.09    0.08    0.03    0.02    0.02    0.02    0.02    0.02      2.93      0.24
    1990    0.01    0.01    0.05    0.13    0.04    0.01    0.01    0.01    0.02    0.01    0.01    0.01      0.31      0.03
    1991    0.48    0.20    0.08    0.02    0.10    0.12    0.04    0.01    0.05    0.02    0.05    0.02      1.20      0.10
    1992    0.03    0.01    0.01    0.11    0.14    0.04    0.01    0.01    0.01    0.00    0.00    0.06      0.43      0.04
    1993    0.04    0.13    0.57    1.67    2.92    0.88    0.05    0.05    0.04    0.04    0.03    0.03      6.45      0.54
    1994    0.05    0.02    0.03    1.75    0.85    0.09    0.03    0.41    0.14    0.03    0.03    0.03      3.46      0.29
    1995    0.02    0.17    2.11    1.02    0.12    0.09    0.07    0.03    0.03    0.03    0.04    0.02      3.75      0.31
    1996    0.17   19.33    8.32    0.79    0.15    0.39    0.44    0.11    0.21    0.09    0.09    0.08     30.16      2.51
    1997    0.07    0.06    0.06    0.05    0.17    1.17    0.81    0.15    0.05    0.04    0.04    0.03      2.70      0.23
    1998    1.13    0.42    0.04    2.97    1.03    0.07    0.05    0.05    0.05    0.06    0.04    0.03      5.93      0.49
    1999    0.03    0.03    1.18    2.10    1.35    0.58    0.88    0.27    0.06    0.05    0.05    0.06      6.64      0.55
    2000    0.04    3.16    1.14    0.35    0.16    1.02    1.04    0.24    0.06    0.05    0.05    0.59      7.89      0.66
    2001    0.20    0.81    0.34    0.29    0.11    0.04    0.03    0.03    0.03    0.03    0.34    0.16      2.41      0.20
    2002    0.02    0.02    0.86    0.31    0.31    0.29    0.20    0.20    0.05    0.03    0.02    0.02      2.34      0.19
    2003    0.11    0.06    0.02    0.06    1.12    0.43    0.21    0.06    0.02    0.02    0.02    0.02      2.14      0.18
    2004    0.02    0.02    1.09    0.77    1.54    0.52    0.16    0.17    0.04    0.04    0.04    0.03      4.43      0.37
    2005    0.03    0.49    0.17    0.39    1.05    0.34    0.03    0.05    0.03    0.03    0.18    0.22      3.02      0.25
    2006    0.16    0.04    0.39    0.13    0.02    0.23    0.15    0.02    0.02    0.02    0.01    0.01      1.21      0.10
    2007    1.43    0.52    3.36    1.22    0.27    0.44    0.30    0.06    0.34    0.11    0.05    0.04      8.16      0.68
    2008    0.04    0.03    0.43    0.15    1.39    0.54    0.22    0.07    0.46    0.16    0.03    0.03      3.55      0.30
    2009    0.21    0.21    0.10    0.04    0.05    1.05    0.37    0.03    0.03    0.02    0.02    0.02      2.16      0.18
  
 AVERAGE    0.36    0.64    0.73    0.56    0.69    1.27    0.63    0.31    0.12    0.10    0.30    0.21      5.92      0.49
