    1920    1.40    1.32    1.23    1.14    1.05    0.98    0.92    0.87    0.82    0.77    0.71    0.66     11.89      0.99
    1921    0.60    2.11   14.80    4.97    0.54    0.50    0.46    0.42    0.39    0.36    0.33    0.30     25.79      2.15
    1922    0.28    0.51    0.21    0.20    0.18    0.16    0.15    0.14    0.13    1.32    0.44    0.12      3.85      0.32
    1923    0.11    0.19    0.09    0.09    0.22    0.07    0.07    0.07    0.06    0.06    0.06    0.29      1.38      0.11
    1924    0.10    0.05    0.05    0.04    0.04    0.20    0.10    0.03    0.03    0.03    0.04    0.03      0.74      0.06
    1925    0.03    0.03    0.05    0.03    0.03    0.03    0.02    0.02    0.02    0.02    0.02    0.02      0.34      0.03
    1926    0.02    0.08    0.02    0.02    0.02    0.02    0.01    0.01    0.01    0.01    0.01    0.01      0.25      0.02
    1927    0.01    0.01    0.01    0.01    0.01   32.34   10.60    0.25    0.23    0.20    0.18    0.55     44.40      3.70
    1928    0.18    0.14    0.12    0.11    0.10    0.09    0.08    0.07    0.06    0.06    0.05    0.66      1.72      0.14
    1929    0.23    0.05    0.22    0.07    0.23    0.24    0.05    0.04    0.04    0.04    0.03    0.03      1.28      0.11
    1930    0.07    0.02    0.02    0.09    0.03    0.04    0.02    0.02    0.02    0.05    0.02    0.02      0.42      0.03
    1931    0.54    0.19    1.70    2.84    0.81    0.06    0.06    0.05    0.05    0.04    0.04    4.84     11.23      0.94
    1932    1.90    0.09    0.08    0.07    0.06    0.06    0.26    0.09    0.05    0.05    1.62    0.58      4.92      0.41
    1933    0.07    0.06    0.06    0.05    0.10    4.96    1.73    0.11    0.11    0.26    0.09    0.10      7.70      0.64
    1934    0.48    0.16    0.10    0.09    0.09    0.08    0.16    2.39    0.84    0.11    0.11    0.12      4.73      0.39
    1935    0.12    0.11    0.11    0.11    0.11    1.08    0.36    0.12    0.12    0.12    0.11    0.11      2.56      0.21
    1936    0.56    3.10    1.04    0.12    0.11    0.11    0.10    0.10    0.09    0.09    0.08    0.08      5.59      0.47
    1937    0.07    0.06    0.05    0.05    0.04    0.04    0.04    0.03    0.03    0.03    0.03    0.02      0.51      0.04
    1938    0.18    0.15    0.03    0.02    0.75    0.29    0.02    0.02    0.02    0.02    2.43    0.84      4.77      0.40
    1939    0.38    0.13    0.05    0.04    0.94    1.19    0.31    0.06    0.06    0.06    0.06    0.05      3.33      0.28
    1940    0.05    0.05    0.05    0.05    0.04    0.04    0.56    0.19    0.05    0.05    0.05    0.05      1.24      0.10
    1941    0.58    0.20    0.12    0.19    0.05    0.04    0.04    0.03    0.03    0.03    0.03    0.02      1.36      0.11
    1942    1.14    0.40    0.03    0.04    0.02    0.02    0.02    0.02    0.11    0.04    0.02    0.02      1.88      0.16
    1943    0.01   14.94    5.02    0.15    0.13    0.31    0.11   45.24   14.79    0.40    0.39    0.37     81.87      6.82
    1944    0.35    0.33    0.32    0.30    0.29    0.28    0.27    0.27    0.27    0.26    0.26    0.26      3.45      0.29
    1945    0.25    0.24    0.23    0.22    0.22    0.44    0.20    0.22    0.22    0.22    0.22    0.21      2.90      0.24
    1946    0.19    0.17    0.15    0.13    0.12    0.10    0.10    0.09    0.08    0.07    0.07    0.06      1.33      0.11
    1947    0.10    0.05    0.04    0.04    0.13    0.04    9.30    3.16    0.13    0.12    0.11    0.10     13.33      1.11
    1948    0.09    0.08    0.07    0.06    0.06    0.05    0.05    0.05    0.04    0.04    0.04    0.03      0.67      0.06
    1949    0.03    1.26    0.45    0.04    0.04    0.51    0.18    0.04    0.03    0.03    0.03    0.03      2.67      0.22
    1950    0.02    0.96    0.45    5.41    1.85    0.09    0.08    0.08    0.07    0.06    0.06    0.23      9.36      0.78
    1951    0.08    0.05    0.04    0.04    0.66    0.23    0.04    0.04    0.04    0.04    0.07   11.19     12.51      1.04
    1952    3.78    0.16    0.15    0.13    0.28    0.11    0.11    0.10    0.10    0.09    0.09    0.08      5.18      0.43
    1953   10.88    3.98    0.18    0.18    0.16   15.28    5.24    0.29    0.29    0.29    0.28    0.27     37.32      3.11
    1954    0.26    0.25    0.24    0.23    5.77    2.37    0.25    0.25    0.24    0.23    0.22    0.21     10.51      0.88
    1955    0.20    0.23    0.17    0.17    0.16    0.15    0.14    0.14    0.13    0.12    0.11    0.28      2.02      0.17
    1956    0.10    0.09    0.07    0.07    0.52    0.18    0.06    0.05    0.05    0.05    0.04    0.04      1.32      0.11
    1957    0.03    0.03    0.03    0.02    0.02    0.02    0.02    2.71    0.94    0.05    0.04    0.04      3.95      0.33
    1958    0.04    0.03    0.03    0.16    0.05    0.95    6.25    2.04    0.11    0.10    0.10    0.10      9.98      0.83
    1959    0.10    0.10    0.09    0.09    0.09    0.09    0.08    0.08    0.09    0.09    0.09    0.09      1.06      0.09
    1960    0.08    0.08    0.08    0.07    0.07    6.25    2.18    0.14    0.14    0.14    0.14    0.13      9.50      0.79
    1961    0.12    0.11    0.10    0.09    0.10    0.42    0.14    0.07    0.07    0.06    0.06    0.06      1.36      0.11
    1962    0.05    0.13    0.04    6.05    2.08   14.68    6.18    0.44    0.26    0.26    0.24    0.23     30.65      2.55
    1963    0.21    0.20    0.19    0.17    0.16    0.16    0.15    0.14    0.22    0.13    0.13    0.13      2.00      0.17
    1964    0.13    0.12    0.21    0.11    0.11    0.11    0.11    0.10    0.10    0.10    0.10    0.09      1.39      0.12
    1965    0.56    1.23    0.36    0.07    0.07    0.06    0.06    0.05    0.05    0.04    0.04    0.04      2.63      0.22
    1966    0.03    0.03    0.03    0.02    0.02    0.02    0.02    2.77    0.96    0.05    0.05    0.05      4.05      0.34
    1967    0.04    0.04    0.04    0.03    0.03    0.03    0.03    0.03    0.32    0.11    0.03    1.84      2.56      0.21
    1968    0.65    0.05    0.05    0.04    0.04    0.59    0.20    0.05    0.05    0.05    0.04    0.04      1.84      0.15
    1969    0.04    0.04    0.03    0.03    0.07    0.02    0.02    0.02    0.02    0.02    0.16    0.05      0.53      0.04
    1970    0.02    0.02    1.79    0.62    0.13    0.06    0.39    0.13    0.03    0.41   38.92   12.69     55.21      4.60
    1971    0.32    0.29    0.27    0.25    0.23    0.22    0.21    0.21    0.20    0.19    0.19    0.18      2.76      0.23
    1972    0.17    0.17    0.16    0.15    0.55    0.57    1.19    0.35    0.17    0.18    0.18    0.17      4.02      0.33
    1973    0.17    0.16    0.23    1.85    3.89   17.07    5.45    0.30    0.30    0.30    0.28    0.28     30.29      2.52
    1974    0.28    0.26    0.26    0.25    0.23    0.83    0.26    0.25    0.25    0.25    0.25    0.40      3.77      0.31
    1975    0.22    0.23    0.36    0.20    0.43   11.14    3.86    0.33    0.32    0.31    0.29    0.27     17.94      1.50
    1976    1.20    0.41    0.22    0.19    8.43    2.97    0.23    2.50    0.81    0.24    0.23    0.22     17.65      1.47
    1977    0.21    0.20    0.18    0.18    0.17    0.16    0.16    0.15    0.15    0.14    0.14    0.13      1.96      0.16
    1978    0.12    0.20    0.09    0.09    0.08    0.08    0.08    0.07    0.07    8.05   17.18    4.95     31.04      2.59
    1979    0.31    0.29    0.27    0.25    0.23    0.22    0.22    0.21    0.20    0.20    0.19    0.18      2.76      0.23
    1980    0.18    1.26    0.42    0.17    0.44    7.66    2.67    1.38    0.46    0.28    0.29    0.29     15.50      1.29
    1981    0.96    0.32    0.27    0.25    0.23    0.21    0.48    0.17    0.17    0.25    0.15    0.15      3.62      0.30
    1982    0.14    0.13    0.12    0.11    0.11    0.10    0.10    0.10    0.09   24.94    8.29    0.30     34.54      2.88
    1983    0.28    0.25    0.22    0.20    0.18    0.16    0.15    0.14    0.13    0.12    0.11    0.10      2.03      0.17
    1984    0.09    0.08    0.07    0.19    0.28    0.07    0.06    0.05    0.05    0.05    0.04    0.04      1.08      0.09
    1985    0.23    0.73    1.45    0.44    0.05    0.05    0.04    0.04    0.03    0.03    0.03    0.02      3.15      0.26
    1986    0.76    0.27    0.03    0.02    0.02    0.02    0.02    0.02    0.01    0.01    0.01    0.06      1.26      0.11
    1987    0.02    0.01    0.01    0.01    0.32    0.11    0.08    0.03    0.01    0.01    0.01    0.06      0.67      0.06
    1988    0.02    0.01    0.06    0.02    0.01    0.00    0.31    0.11    0.01    0.01    0.01    0.01      0.56      0.05
    1989    0.05    3.24    1.11    0.04    0.04    0.04    0.03    0.03    0.03    0.02    0.02    0.02      4.67      0.39
    1990    0.02    0.02    0.01    0.01    0.01    0.01    0.01    0.01    0.01    0.01    0.01    0.01      0.13      0.01
    1991    2.17    0.74    0.03    0.03    0.02    0.02    0.02    0.02    0.02    0.01    0.01    0.01      3.10      0.26
    1992    0.01    0.85    0.30    0.02    0.01    0.01    0.01    0.01    0.06    0.02    0.01    0.74      2.05      0.17
    1993    0.26    0.02    0.92    1.53    0.45    0.64    0.23    0.04    0.04    0.04    0.04    0.03      4.24      0.35
    1994    0.03    0.03    0.03    1.04    0.39    0.04    0.04    0.03    0.03    0.03    0.03    0.03      1.74      0.15
    1995    0.03    0.15    1.83    0.63    0.04    0.04    0.04    0.03    0.03    0.03    0.03    0.02      2.90      0.24
    1996    0.45   46.49   19.77    1.76    0.30    0.28    2.35    0.78    0.24    0.23    0.22    0.20     73.07      6.09
    1997    0.19    0.17    0.16    0.15    0.14    0.13    0.13    0.12    0.12    0.11    0.11    0.11      1.63      0.14
    1998    0.10    0.10    0.31    0.30    0.09    0.09    0.08    0.08    0.07    0.18    0.06    0.06      1.52      0.13
    1999    0.05    0.05    2.68    1.06    0.66    3.62    1.23    0.10    0.09    0.09    0.08    0.07      9.78      0.81
    2000    0.07    4.42    1.54    0.31    0.10    0.09    0.29    0.09    0.08    0.07    0.07    0.08      7.21      0.60
    2001    0.06    0.50    0.17    0.06    0.06    0.06    0.06    0.05    0.05    0.28    0.30    0.22      1.86      0.15
    2002    0.05    0.05    0.13    0.04    0.04    0.20    0.07    0.13    0.04    0.04    0.04    0.04      0.88      0.07
    2003    0.04    0.03    0.03    0.17    0.12    0.03    0.16    0.05    0.03    0.03    0.03    0.03      0.74      0.06
    2004    0.03    0.03    0.87    0.31    5.84    2.45    0.45    0.10    0.10    0.09    0.09    0.08     10.45      0.87
    2005    0.08    7.88    2.71    0.14    0.17    0.13    0.12    2.82    1.00    0.14    3.68    1.30     20.16      1.68
    2006    0.20    0.20    0.20    0.20    0.19    8.25    2.94    0.30    0.30    0.29    0.28    0.27     13.63      1.14
    2007    0.25    0.24    1.51    0.50    0.22    0.19    0.20    0.20    0.19    0.18    0.18    0.17      4.02      0.34
    2008    0.16    0.15    0.13    0.12    2.18    0.77    0.11    0.10    0.09    0.08    0.08    0.07      4.04      0.34
    2009    0.17    0.06    0.05    0.04    0.04    1.07    0.38    0.04    0.04    0.03    0.03    0.03      1.98      0.16
  
 AVERAGE    0.42    1.17    0.78    0.43    0.51    1.62    0.81    0.84    0.33    0.50    0.91    0.55      8.86      0.74
