    1920    0.00    0.00    0.26    0.03    0.00    0.30    0.31    0.04    0.00    0.00    0.00    0.07      1.01      0.08
    1921    0.02    1.52    0.75    0.09    0.04    0.04    0.04    0.26    1.85    4.11    1.25    0.16     10.15      0.85
    1922    0.18   10.43    3.60    0.56    0.27    0.26    0.24    0.23    0.21    0.19    0.18    0.17     16.53      1.38
    1923    0.15    0.14    0.13    0.11    0.10    0.09    0.08    0.07    0.07    0.06    0.06    0.05      1.10      0.09
    1924    0.04    0.04    0.21    0.15    0.03    0.49    0.20    0.03    0.25    0.08    0.04    0.05      1.62      0.14
    1925    0.08    0.06    0.25    0.08    0.06    0.24    0.08    0.09    0.05    0.05    0.04    0.04      1.12      0.09
    1926    0.26    0.35    0.09    0.04    0.04    0.03    0.03    0.04    0.03    0.02    0.02    0.02      0.97      0.08
    1927    0.02    0.01    0.01    0.01    0.01    8.50    2.79    0.07    0.07    0.06    0.06    0.26     11.88      0.99
    1928    0.56    0.18    0.33    0.11    0.06    0.06    0.05    0.05    0.41    0.20    0.04    1.57      3.60      0.30
    1929    0.59    0.08    0.08    0.09    0.13    0.43    0.13    0.09    0.09    0.07    0.07    0.07      1.92      0.16
    1930    1.58    0.55    0.09    0.11    0.08    0.07    1.67    0.59    0.08    0.84    0.28    0.42      6.37      0.53
    1931    1.80    0.58    2.06    1.85    0.39    0.16    0.15    0.14    0.13    0.19    0.10    8.95     16.48      1.37
    1932    3.12    0.26    0.14    0.14    0.15    0.12    0.70    0.23    0.12    0.11    2.03    0.71      7.83      0.65
    1933    0.12    0.10    0.10    0.09    0.09    1.30    0.44    0.09    0.08    2.89    1.03    0.12      6.45      0.54
    1934    0.54    0.19    0.13    0.12    0.12    0.11    1.83   31.51   11.56    0.52    1.11    0.52     48.26      4.02
    1935    0.33    0.82    0.32    0.30    0.28    0.25    0.23    0.21    0.20    0.18    0.17    0.16      3.46      0.29
    1936    1.16    3.62    1.14    0.15    0.13    0.12    0.11    0.10    0.10    0.09    0.08    0.07      6.87      0.57
    1937    0.06    0.05    0.44    0.23    0.12    0.26    0.14    0.03    0.03    0.03    0.03    0.04      1.49      0.12
    1938    0.17    0.98    0.33    0.04    2.32    1.14    0.12    0.07    0.07    0.29    0.12    0.17      5.83      0.49
    1939    1.28    0.41    0.12    0.12    0.16    2.11    0.71    0.13    0.12    0.11    0.10    0.12      5.50      0.46
    1940    0.09    0.13    0.07    0.06    0.11    0.05    1.44    0.51    0.05    0.05    0.05    0.04      2.64      0.22
    1941    3.04    1.06    2.15    0.78    0.07    0.07    0.06    0.05    0.05    0.05    0.05    0.04      7.48      0.62
    1942    1.30    0.47    0.05    0.13    0.04    0.04    0.03    0.03    0.88    0.32    0.09    0.04      3.40      0.28
    1943    0.04    1.41    0.70    0.07    0.09    0.43    0.14    9.36    3.12    0.16    0.18    0.40     16.10      1.34
    1944    0.21    0.23    0.22    0.21    0.20    0.18    0.16    0.60    1.21    0.34    0.14    0.14      3.84      0.32
    1945    0.13    0.12    0.11    0.11    0.10    1.15    0.39    0.08    0.07    0.07    0.06    0.06      2.45      0.20
    1946    0.21    0.07    0.04    0.03    0.03    1.57    0.55    0.04    0.15    0.16    0.05    0.06      2.95      0.25
    1947    0.09    0.07    0.07    0.07    0.07    0.06    3.59    1.25    0.09    0.08    0.08    0.07      5.60      0.47
    1948    0.12    0.06    0.06    0.05    0.04    0.04    0.03    0.03    0.03    0.02    0.02    0.02      0.54      0.04
    1949    0.02    2.29    0.78    0.03    0.03    0.03    0.02    0.05    0.02    0.46    0.29    0.04      4.06      0.34
    1950    1.22    2.59    1.21    2.74    0.91    0.13    0.13    0.12    0.11    0.17    0.10    1.13     10.56      0.88
    1951    0.57    0.09    0.09    0.09    0.80    0.27    0.09    0.08    0.07    0.07    0.06   46.49     48.77      4.06
    1952   15.12    0.18    0.17    0.15    0.14    0.13    0.12    0.11    0.10    0.09    0.30    0.70     17.31      1.44
    1953   19.90    8.50    0.72    0.20    0.20    2.19    0.73    0.84    0.28    0.21    0.21    0.20     34.19      2.85
    1954    0.20    0.19    0.18    0.17    0.15    0.14    0.13    0.11    0.10    0.09    0.09    0.08      1.62      0.13
    1955    0.07    1.73    0.62    0.06    0.05    0.05    0.04    0.39    0.13    0.04    0.03    2.16      5.38      0.45
    1956    0.75    0.07    0.09    0.05    1.23    0.72    0.10    0.06    0.06    0.05    0.05    0.04      3.26      0.27
    1957    0.04    0.04    0.03    0.03    0.02    0.02    0.02    4.21    1.42    0.06    0.06    0.06      6.01      0.50
    1958    0.06    0.07    0.09    0.82    0.27    0.59    0.59    0.13    0.07    2.39    0.91    0.14      6.13      0.51
    1959    0.17    0.18    0.18    0.17    0.17    0.17    0.15    0.14    0.13    0.12    0.11    0.41      2.10      0.17
    1960    0.16    0.09    0.08    0.30    0.12    0.22    0.07    0.83    0.28    0.06    0.06    0.06      2.33      0.19
    1961    0.07    0.06    0.06    0.05    0.05    1.67    0.91    0.11    0.06    0.06    0.05    0.05      3.19      0.27
    1962    0.56    0.24    0.05    0.83    0.29    8.25    5.53    0.99    0.14    0.15    0.17    0.18     17.39      1.45
    1963    0.18    0.18    0.17    0.16    0.21    0.12    0.12    0.11    1.14    0.38    0.09    1.29      4.15      0.35
    1964    0.44    0.10    0.10    0.09    0.09    0.08    0.08    0.18    0.25    0.07    0.06    0.06      1.60      0.13
    1965    1.25    2.25    0.65    0.11    0.11    0.10    0.09    0.09    0.08    0.07    0.51    0.17      5.49      0.46
    1966    0.06    0.07    0.04    0.04    0.03    0.29    0.24   12.68    4.14    3.74    1.31    0.23     22.87      1.91
    1967    0.25    0.26    0.24    0.21    0.18    0.16    0.14    0.14    9.24    3.12    0.19    7.79     21.91      1.83
    1968    2.73    0.24    0.23    0.21    0.19    1.02    0.33    0.16    0.14    0.13    0.12    0.11      5.63      0.47
    1969    0.11    0.09    0.08    0.07    0.06    0.06    0.05    0.04    0.04    0.03    3.02    1.03      4.69      0.39
    1970    0.13    0.07   13.79    4.51    0.12    0.12    0.61    0.46    0.11    0.12    5.52    1.94     27.49      2.29
    1971    0.25    0.20    0.20    0.19    0.17    0.16    0.15    0.13    0.12    0.11    0.10    0.09      1.88      0.16
    1972    0.08    0.07    0.06    0.05    0.04    0.26    0.11    0.03    0.03    0.03    0.05    0.02      0.84      0.07
    1973    0.02    0.46    0.32    1.05    0.97   14.62    4.70    2.15   17.44    5.56   11.24    4.05     62.59      5.22
    1974    0.38    0.35    0.32    0.29    0.26    0.23    0.22    0.21    0.19    0.18    0.16   11.11     13.90      1.16
    1975    3.73    0.19    0.19    0.15    0.14    5.19    1.83    0.16    0.16    1.55    0.52    0.18     13.99      1.17
    1976    1.34    0.56    0.21    0.19    3.59    1.25    0.17    2.86    0.98    0.19    0.19    0.19     11.70      0.98
    1977    0.19    1.39    2.52    0.69    0.17    0.15    0.98    0.34    0.13    0.13    0.12    0.12      6.92      0.58
    1978    1.04    0.57    0.12    0.10    0.13    0.09    0.09    0.08    0.07   34.38   33.79    7.24     77.72      6.48
    1979    0.25    0.25    0.24    0.23    0.20    0.18    0.17    0.15    0.14    0.12    0.11    0.10      2.15      0.18
    1980    0.11    0.34    0.10    0.43    0.18   11.60    3.82    1.99    0.69    0.18    9.68    3.38     32.51      2.71
    1981    0.34    0.28    0.25    0.22    0.20    0.18    1.48    0.49    0.15    0.14    0.13    0.12      3.99      0.33
    1982    0.11    0.10    0.09    0.08    0.07    0.06    0.05    0.05    0.04    7.96    2.64    0.10     11.34      0.95
    1983    0.10    0.10    0.10    0.09    0.09    0.08    0.08    0.07    0.24    0.08    0.06    0.05      1.12      0.09
    1984    0.05    0.12    0.04    0.05    0.04    0.03    0.03    0.03    0.02    0.02    0.02    0.02      0.47      0.04
    1985    2.75    4.41    1.27    0.11    0.07    0.07    0.07    0.06    0.06    0.06    0.07    0.04      9.06      0.75
    1986    2.70    1.04    0.06    0.06    0.05    0.05    0.05    0.05    0.12    0.04    0.08    0.13      4.45      0.37
    1987    0.04    0.03    0.03    0.03    1.08    0.39    0.04    0.03    0.03    0.03    0.03    0.14      1.89      0.16
    1988    0.12    0.10    0.11    0.03    0.05    0.03    0.81    0.29    0.03    0.03    0.03    0.03      1.64      0.14
    1989   11.53   19.79    5.18    0.17    0.21    0.27    0.15    0.15    0.15    0.14    0.13    0.12     38.01      3.17
    1990    0.54    0.18    0.10    0.09    0.08    0.07    0.06    0.06    0.05    0.05    0.24    0.08      1.60      0.13
    1991    2.22    0.77    0.05    0.05    0.04    0.04    0.04    0.03    0.03    0.03    0.49    0.17      3.96      0.33
    1992    0.18    0.31    0.08    0.07    0.04    0.04    0.04    0.03    0.64    0.22    0.04    3.66      5.34      0.45
    1993    1.26    0.08    3.38    1.64    0.28    0.13    0.13    0.12    0.11    0.10    0.16    0.09      7.46      0.62
    1994    0.30    0.10    4.61    4.22    0.97    0.13    0.46    0.14    0.13    0.12    0.12    0.11     11.40      0.95
    1995    0.11    0.14    0.22    0.07    0.07    0.06    0.06    0.05    0.05    0.04    0.04    0.03      0.94      0.08
    1996    0.20   10.22    3.34    0.09    0.08    0.07    0.27    8.09   12.04    3.18    0.24    0.25     38.08      3.17
    1997    0.26    0.26    0.25    0.24    0.22    1.06    0.39    0.18    0.16    0.15    0.13    0.13      3.44      0.29
    1998    0.12    0.11    0.10    0.09    0.08    0.07    0.06    0.06    0.05    0.16    0.06    0.04      1.00      0.08
    1999    0.03    0.03    0.03    0.06    0.02    6.13    2.07    0.07    0.07    0.06    0.06    0.11      8.73      0.73
    2000    0.55    2.48    0.82    0.09    0.06    0.06    2.52    0.88    0.08    0.08    1.09    1.35     10.06      0.84
    2001    0.34    0.33    0.21    0.13    0.13    0.13    0.12    0.11    0.10    0.29    9.49   13.70     25.06      2.09
    2002    3.54    0.21    0.20    0.19    0.18    0.49    0.51   13.36    4.44    0.25    0.26    0.26     23.89      1.99
    2003    0.26    0.25    0.24    0.22    0.20    0.18    0.16    0.15    0.14    0.12    0.11    1.40      3.44      0.29
    2004    0.50    0.09    0.24    0.08    0.06    0.06    0.16    0.05    0.05    0.04    0.04    0.03      1.41      0.12
    2005    0.03    1.51    0.54    0.05    0.03    0.03    0.02    1.32    0.62    0.05   14.93    4.91     24.03      2.00
    2006    0.19    0.20    0.20    0.20    0.18    1.25    0.42    0.46    0.25    0.14    0.40    0.15      4.05      0.34
    2007    0.16    0.16    0.54    0.19    0.13    0.12    0.11    0.10    0.09    0.08    0.07    0.07      1.82      0.15
    2008    0.06    0.05    0.04    0.04    0.50    0.17    0.03    0.03    0.35    0.31    0.06    0.03      1.67      0.14
    2009    0.06    0.03    0.03    0.03    0.03    0.03    0.03    0.02    0.38    0.13    0.02    0.02      0.83      0.07
  
 AVERAGE    1.08    1.02    0.67    0.32    0.24    0.90    0.55    1.14    0.89    0.88    1.20    1.48     10.38      0.86
