    1920    0.00    0.01    0.04    0.01    0.73    1.69    1.61    0.42    0.05    0.05    0.05    0.05      4.72      0.39
    1921    0.16    1.29    0.66    0.38    0.10    0.06    0.06    0.05    0.05    0.04    0.03    0.03      2.91      0.24
    1922    0.03    3.84    1.32    0.59    0.75    0.36    0.07    0.09    0.05    0.04    0.04    0.04      7.24      0.60
    1923    0.03    0.04    0.03    0.05    0.03    3.48    1.20    0.06    0.05    0.05    0.04    0.04      5.11      0.43
    1924    0.03    0.13    1.21    0.57    1.08   15.16    5.82    0.47    0.18    0.20    0.22    0.23     25.30      2.11
    1925    0.24    0.24    0.25    0.26    0.25    0.23    0.22    0.21    0.19    0.18    0.16    0.14      2.56      0.21
    1926    0.13    0.44    0.15    0.09    0.08    1.43    0.49    0.08    0.07    0.06    0.06    0.05      3.14      0.26
    1927    0.20    0.08    0.04    0.46    0.16    1.95    0.71    0.05    0.04    0.04    0.03    0.16      3.91      0.33
    1928    0.07    0.04    0.05    0.23    0.08    1.03    0.36    0.03    0.02    0.12    0.05    4.61      6.69      0.56
    1929    1.61    0.06    0.33    0.34    0.17    0.42    0.13    0.05    0.05    0.05    0.04    0.04      3.29      0.27
    1930    0.06    0.03    0.03    0.11    0.09    0.27    0.20    0.04    0.02    0.14    0.05    0.01      1.07      0.09
    1931    0.03    0.02    2.64    0.90    0.40    0.29    0.05    0.03    0.03    0.03    0.02    0.40      4.85      0.40
    1932    0.14    0.02    0.02    0.02    0.01    0.16    0.14    0.03    0.01    0.01    0.01    0.01      0.58      0.05
    1933    0.01    1.43    0.87    3.46    1.79    0.90    0.42    0.08    0.07    0.06    0.06    0.06      9.22      0.77
    1934    0.33    0.32    0.40    0.12    0.12    1.67    0.73    0.83    0.27    0.07    0.06    0.06      4.97      0.41
    1935    0.06    0.14    0.07    0.05    0.08    0.30    0.09    0.21    0.07    0.04    0.03    0.03      1.18      0.10
    1936    0.27    0.81    0.26    0.40    0.50    0.14    0.03    0.03    0.02    0.02    0.02    0.02      2.53      0.21
    1937    0.02    0.01    0.34    0.12    0.43    0.17    0.01    0.01    0.07    0.02    0.01    0.01      1.24      0.10
    1938    0.40    0.39    0.21    1.56    2.71    0.77    0.05    0.06    0.04    0.04    0.50    0.19      6.93      0.58
    1939    0.09    0.04    0.04    0.03    0.61    2.96    0.96    0.27    0.09    0.06    0.05    0.09      5.30      0.44
    1940    0.04    0.17    0.06    0.86    3.10    1.05    0.94    0.32    0.07    0.07    0.06    0.06      6.82      0.57
    1941    0.06    0.05    0.05    0.11    0.46    1.08    0.34    0.05    0.04    0.04    0.04    0.22      2.54      0.21
    1942    1.01    0.50    0.16    0.06    0.03    1.02    2.01    0.76    0.06    0.06    0.36    0.12      6.16      0.51
    1943    0.06    8.16    2.82    0.13    0.12    4.27    1.51    0.14    0.13    0.12    0.11    0.12     17.70      1.48
    1944    0.18    0.08    0.08    0.22    0.12    0.37    0.12    0.05    0.05    0.04    0.04    0.03      1.37      0.11
    1945    0.03    0.02    0.02    0.02    0.02    0.09    0.07    2.06    0.70    0.04    0.03    0.03      3.14      0.26
    1946    0.50    0.21    0.03    0.02    0.11    0.10    0.03    0.02    0.02    0.02    0.01    0.22      1.28      0.11
    1947    0.12    0.45    0.90    0.44    1.70    2.87    1.15    0.12    0.07    0.07    0.07    0.07      8.03      0.67
    1948    0.07    0.06    0.06    0.06    0.05    0.10    0.04    0.04    0.03    0.03    0.03    0.02      0.59      0.05
    1949    0.02    0.02    0.03    0.03    5.11    7.20    2.36    1.98    0.62    0.18    0.20    0.21     17.96      1.50
    1950    0.23    0.23    1.88    0.83    0.45    0.29    0.18    0.17    0.16    0.14    0.13    0.11      4.79      0.40
    1951    0.10    0.09    0.08    0.07    1.47    0.61    0.10    0.06    0.06    0.30    0.10    0.06      3.11      0.26
    1952    0.04    0.07    1.28    0.45    1.89    0.67    0.24    0.08    0.05    0.04    0.04    0.07      4.92      0.41
    1953    0.18    2.92    1.62    0.24    0.06    2.94    1.08    0.07    0.07    0.06    0.06    0.05      9.35      0.78
    1954    0.05    0.08    0.04    0.06    1.09    0.95    0.52    0.11    0.04    0.04    0.04    0.03      3.04      0.25
    1955    0.03    0.61    0.33    0.83    0.37    1.02    0.41    0.04    0.04    0.04    0.03    0.03      3.77      0.31
    1956    0.13    0.47    0.79    0.43    0.21    0.37    0.11    0.03    0.03    0.02    0.02    0.02      2.64      0.22
    1957    0.03    0.02    0.46    5.98    1.95    0.07    0.06    0.32    0.11    0.05    0.04    0.30      9.38      0.78
    1958    0.18    0.25    1.08    0.69    0.39    0.21    0.15    0.44    0.14    0.04    0.04    0.03      3.62      0.30
    1959    0.03    0.03    0.03    0.05    0.05    0.40    0.15    0.10    0.03    0.02    0.24    0.09      1.22      0.10
    1960    0.02    0.09    0.40    0.32    0.07    2.63    1.06    0.17    0.06    0.05    0.04    0.04      4.97      0.41
    1961    0.04    0.32    0.40    0.25    2.53    1.10    0.09    0.07    0.06    0.05    0.05    0.04      5.02      0.42
    1962    0.04    0.55    0.20    9.33    3.08    4.13    1.65    0.12    0.12    0.11    0.10    0.09     19.52      1.63
    1963    0.70    0.48    0.15    0.07    0.07    0.08    0.07    0.05    0.45    0.15    0.04    0.04      2.34      0.19
    1964    0.06    0.03    0.26    0.66    0.24    0.03    0.35    0.12    0.07    0.11    0.03    0.02      1.97      0.16
    1965    0.09    0.68    0.23    0.18    0.32    0.09    0.02    0.02    0.02    0.02    0.01    0.05      1.72      0.14
    1966    0.02    0.01    0.02    4.86    2.46    0.89    2.89    1.27    0.12    0.12    0.13    0.14     12.93      1.08
    1967    0.14    0.14    0.14    0.14    0.14    0.69    0.29    0.11    0.11    0.10    0.09    0.08      2.16      0.18
    1968    0.07    0.06    0.14    0.05    0.23    0.60    0.49    0.12    0.04    0.04    0.03    0.03      1.89      0.16
    1969    0.25    0.09    0.02    0.02    0.04    0.02    0.01    0.01    0.09    0.05    1.14    0.39      2.13      0.18
    1970    0.02    0.02    0.51    0.21    0.25    0.20    0.40    0.14    0.02    0.03    0.02    0.02      1.85      0.15
    1971    0.36    0.13    0.02    0.94    0.57    2.70    1.04    0.05    0.05    0.05    0.04    0.04      5.98      0.50
    1972    0.04    0.03    0.03    0.03    1.16    0.83    0.20    0.04    0.03    0.03    0.03    0.02      2.48      0.21
    1973    0.02    0.02    0.42    1.88    5.89   22.96    7.05    0.33    0.23    0.25    1.99    0.66     41.71      3.48
    1974    0.24    0.20    0.19    0.25    0.90    0.88    0.21    0.14    0.13    0.12    0.11    0.10      3.45      0.29
    1975    0.09    0.29    5.24    4.01    3.37    7.89    2.72    0.20    0.21    0.21    0.20    0.18     24.60      2.05
    1976    1.13    0.47    0.14    0.12    3.76    1.38    0.14    0.24    0.11    0.11    0.10    0.12      7.83      0.65
    1977    0.22    0.19    0.21    0.21    0.35    1.08    0.36    0.06    0.05    0.05    0.04    0.04      2.85      0.24
    1978    0.03    0.03    0.67    0.42    1.16    0.41    0.04    1.66    0.58    0.45    0.20    0.05      5.70      0.48
    1979    0.05    0.06    0.04    0.04    0.39    0.17    0.04    0.04    0.04    0.03    0.03    0.02      0.95      0.08
    1980    0.02    0.12    0.15    0.63    4.80    2.98    0.54    0.09    0.07    0.07    1.80    0.64     11.91      0.99
    1981    0.09    0.11    0.32    0.10    0.08    0.16    0.44    0.13    0.06    0.22    0.07    0.05      1.83      0.15
    1982    0.22    0.09    0.03    0.03    0.03    0.04    0.06    0.02    0.02    0.10    0.03    0.04      0.71      0.06
    1983    0.02    0.21    0.35    0.13    0.01    0.02    0.10    0.04    0.01    0.01    0.06    0.02      0.99      0.08
    1984    0.30    0.15    0.02    0.70    2.72    0.88    0.04    0.04    0.03    0.03    0.03    0.03      4.97      0.41
    1985    0.54    0.56    2.26    1.13    0.21    0.23    0.07    0.04    0.04    0.03    0.03    0.03      5.18      0.43
    1986    0.85    0.55    0.09    0.03    0.62    0.27    0.03    0.03    0.09    0.08    0.02    2.02      4.66      0.39
    1987    0.70    0.26    0.09    0.03   17.74    7.05    0.86    0.14    0.13    0.13    0.12    0.25     27.50      2.29
    1988    0.11    0.47    3.06    1.61    3.75    1.27    0.30    0.14    0.13    0.12    0.12    0.11     11.18      0.93
    1989    0.10    1.10    0.38    0.10    0.07    0.41    0.19    0.06    0.05    0.05    0.04    0.04      2.58      0.22
    1990    0.03    0.03    0.23    0.89    0.40    0.37    0.11    0.03    0.02    0.02    0.02    0.05      2.20      0.18
    1991    2.95    1.14    0.23    0.06    0.07    0.19    0.06    0.03    0.03    0.02    0.02    0.02      4.82      0.40
    1992    0.04    0.04    0.01    0.05    0.16    0.07    0.13    0.04    0.01    0.01    0.01    0.01      0.57      0.05
    1993    0.18    0.25    0.39    0.76    0.59    0.36    0.08    0.02    0.02    0.02    0.02    0.01      2.70      0.22
    1994    0.01    0.01    0.01    0.02    0.03    0.05    0.02    0.05    0.02    0.01    0.01    0.01      0.24      0.02
    1995    0.01    0.22    1.59    1.38    0.40    0.21    0.06    0.03    0.03    0.02    0.02    0.02      3.98      0.33
    1996    0.02    1.41    1.28    1.43    0.45    1.75    0.85    0.32    0.09    0.06    0.06    0.06      7.78      0.65
    1997    0.06    0.05    0.05    0.21    0.26    2.46    0.87    0.07    0.06    0.06    0.05    0.04      4.23      0.35
    1998    0.04    0.41    0.15    0.14    0.05    0.03    0.02    0.06    0.02    0.02    0.02    0.01      0.97      0.08
    1999    0.01    0.01    1.24    3.15    1.14    4.73    1.62    0.09    0.09    0.08    0.08    0.15     12.39      1.03
    2000    0.08    0.39    0.17    0.07    0.06    0.30    2.42    0.82    0.07    0.06    0.06    0.72      5.22      0.43
    2001    0.25    0.94    2.13    2.39    0.64    0.34    0.11    0.07    0.06    0.06    0.19    0.10      7.30      0.61
    2002    0.05    0.04    0.27    0.16    1.32    0.50    0.04    0.15    0.05    0.03    0.03    0.03      2.68      0.22
    2003    0.03    0.05    0.02    3.30    1.30    0.34    1.14    0.37    0.06    0.05    0.05    0.23      6.94      0.58
    2004    0.08    0.04    0.42    0.82    0.53    0.13    0.04    0.04    0.03    0.03    0.03    0.02      2.22      0.18
    2005    0.04    0.20    0.06    0.58    3.66    1.45    0.81    0.35    0.06    0.06    0.59    0.19      8.06      0.67
    2006    0.07    0.07    0.39    0.17    0.07    0.21    0.08    0.06    0.05    0.05    0.04    0.04      1.31      0.11
    2007    0.13    0.16    1.45    1.68    1.71    0.52    0.06    0.05    0.05    0.05    0.04    0.04      5.95      0.50
    2008    0.04    0.06    0.04    0.03    4.71    1.59    0.07    0.06    0.05    0.05    0.04    0.04      6.76      0.56
    2009    0.13    0.09    0.03    2.56    2.42    2.57    0.86    0.08    0.08    0.08    0.07    0.07      9.03      0.75
  
 AVERAGE    0.20    0.41    0.52    0.77    1.18    1.55    0.62    0.21    0.09    0.07    0.13    0.17      5.92      0.49
