    1920    0.01    0.01    0.02    0.01    0.47    1.07    1.02    0.26    0.04    0.04    0.04    0.04      3.05      0.25
    1921    0.10    0.82    0.42    0.24    0.07    0.04    0.04    0.04    0.03    0.03    0.03    0.03      1.87      0.16
    1922    0.03    2.41    0.84    0.37    0.48    0.23    0.05    0.06    0.03    0.03    0.03    0.03      4.59      0.38
    1923    0.02    0.03    0.02    0.03    0.02    2.18    0.76    0.04    0.03    0.03    0.03    0.03      3.22      0.27
    1924    0.02    0.08    0.77    0.36    0.68    9.78    3.78    0.29    0.11    0.11    0.11    0.11     16.21      1.35
    1925    0.10    0.09    0.09    0.09    0.09    0.12    0.08    0.08    0.08    0.08    0.08    0.08      1.07      0.09
    1926    0.08    0.27    0.10    0.07    0.07    0.92    0.31    0.07    0.07    0.06    0.05    0.05      2.13      0.18
    1927    0.13    0.05    0.03    0.30    0.10    1.23    0.46    0.04    0.03    0.03    0.03    0.10      2.52      0.21
    1928    0.05    0.03    0.03    0.15    0.05    0.65    0.23    0.02    0.02    0.07    0.03    2.88      4.20      0.35
    1929    1.02    0.04    0.21    0.21    0.11    0.27    0.08    0.03    0.03    0.03    0.02    0.02      2.07      0.17
    1930    0.04    0.02    0.02    0.07    0.06    0.17    0.13    0.02    0.01    0.09    0.03    0.01      0.68      0.06
    1931    0.02    0.01    1.65    0.57    0.26    0.18    0.03    0.02    0.02    0.02    0.02    0.25      3.06      0.25
    1932    0.09    0.01    0.01    0.01    0.01    0.10    0.09    0.02    0.01    0.01    0.01    0.01      0.37      0.03
    1933    0.01    0.90    0.55    2.16    1.13    0.57    0.27    0.05    0.04    0.04    0.03    0.03      5.78      0.48
    1934    0.21    0.20    0.25    0.07    0.08    1.04    0.46    0.52    0.17    0.04    0.04    0.03      3.10      0.26
    1935    0.03    0.09    0.04    0.03    0.05    0.19    0.06    0.13    0.05    0.02    0.02    0.02      0.75      0.06
    1936    0.17    0.51    0.17    0.26    0.32    0.09    0.02    0.02    0.02    0.02    0.02    0.01      1.63      0.14
    1937    0.01    0.01    0.22    0.08    0.27    0.11    0.01    0.01    0.05    0.02    0.01    0.01      0.80      0.07
    1938    0.25    0.24    0.13    0.98    1.70    0.49    0.03    0.04    0.03    0.02    0.31    0.12      4.36      0.36
    1939    0.06    0.02    0.02    0.02    0.38    1.85    0.60    0.17    0.06    0.04    0.03    0.06      3.31      0.28
    1940    0.03    0.11    0.04    0.54    1.94    0.67    0.60    0.20    0.05    0.04    0.04    0.04      4.29      0.36
    1941    0.03    0.03    0.03    0.07    0.29    0.68    0.22    0.03    0.03    0.03    0.03    0.14      1.61      0.13
    1942    0.64    0.32    0.10    0.04    0.02    0.64    1.27    0.48    0.04    0.04    0.23    0.08      3.90      0.32
    1943    0.03    5.09    1.78    0.08    0.07    2.67    0.95    0.09    0.08    0.08    0.07    0.08     11.06      0.92
    1944    0.12    0.05    0.05    0.14    0.07    0.23    0.07    0.04    0.04    0.03    0.03    0.03      0.92      0.08
    1945    0.02    0.02    0.02    0.02    0.01    0.06    0.04    1.30    0.45    0.03    0.02    0.02      2.01      0.17
    1946    0.31    0.13    0.02    0.02    0.07    0.06    0.02    0.01    0.01    0.01    0.01    0.14      0.81      0.07
    1947    0.07    0.29    0.57    0.28    1.07    1.80    0.72    0.08    0.04    0.04    0.04    0.03      5.03      0.42
    1948    0.03    0.03    0.03    0.02    0.02    0.06    0.03    0.02    0.02    0.02    0.02    0.02      0.31      0.03
    1949    0.01    0.01    0.02    0.02    3.19    4.49    1.50    1.25    0.39    0.09    0.09    0.08     11.15      0.93
    1950    0.08    0.08    1.15    0.52    0.28    0.18    0.09    0.09    0.09    0.09    0.09    0.09      2.86      0.24
    1951    0.09    0.09    0.08    0.08    0.97    0.38    0.08    0.08    0.08    0.19    0.06    0.06      2.25      0.19
    1952    0.05    0.05    0.83    0.29    1.20    0.43    0.15    0.05    0.04    0.04    0.03    0.04      3.21      0.27
    1953    0.12    1.84    1.03    0.15    0.04    1.85    0.69    0.05    0.05    0.05    0.04    0.04      5.93      0.49
    1954    0.03    0.05    0.03    0.04    0.69    0.60    0.33    0.07    0.03    0.03    0.03    0.02      1.94      0.16
    1955    0.02    0.39    0.21    0.53    0.23    0.65    0.26    0.03    0.03    0.03    0.02    0.02      2.40      0.20
    1956    0.08    0.30    0.50    0.28    0.13    0.24    0.07    0.02    0.02    0.02    0.02    0.01      1.69      0.14
    1957    0.02    0.01    0.29    3.73    1.23    0.05    0.05    0.20    0.07    0.04    0.03    0.19      5.91      0.49
    1958    0.11    0.16    0.68    0.44    0.24    0.13    0.10    0.28    0.09    0.02    0.02    0.02      2.29      0.19
    1959    0.02    0.02    0.02    0.03    0.03    0.25    0.09    0.06    0.02    0.01    0.16    0.05      0.77      0.06
    1960    0.01    0.06    0.26    0.20    0.04    1.65    0.67    0.11    0.04    0.03    0.02    0.02      3.13      0.26
    1961    0.02    0.20    0.25    0.16    1.58    0.69    0.06    0.04    0.03    0.03    0.03    0.03      3.13      0.26
    1962    0.03    0.35    0.12    5.83    1.96    2.60    1.06    0.09    0.09    0.08    0.08    0.07     12.37      1.03
    1963    0.44    0.30    0.09    0.05    0.05    0.05    0.04    0.04    0.28    0.09    0.03    0.03      1.49      0.12
    1964    0.04    0.02    0.16    0.42    0.15    0.02    0.22    0.07    0.05    0.07    0.02    0.02      1.26      0.11
    1965    0.06    0.43    0.15    0.11    0.20    0.06    0.01    0.01    0.01    0.01    0.01    0.03      1.09      0.09
    1966    0.01    0.01    0.02    3.04    1.55    0.57    1.82    0.80    0.07    0.06    0.06    0.06      8.06      0.67
    1967    0.05    0.05    0.05    0.05    0.04    0.43    0.18    0.05    0.05    0.05    0.04    0.04      1.09      0.09
    1968    0.04    0.04    0.09    0.04    0.14    0.39    0.31    0.08    0.04    0.04    0.03    0.03      1.27      0.11
    1969    0.16    0.06    0.02    0.02    0.02    0.01    0.01    0.01    0.06    0.03    0.72    0.25      1.37      0.11
    1970    0.02    0.02    0.33    0.13    0.16    0.13    0.25    0.09    0.02    0.02    0.01    0.01      1.18      0.10
    1971    0.23    0.08    0.01    0.59    0.36    1.69    0.65    0.03    0.03    0.03    0.03    0.03      3.77      0.31
    1972    0.02    0.02    0.02    0.02    0.73    0.53    0.13    0.02    0.02    0.02    0.02    0.02      1.57      0.13
    1973    0.02    0.01    0.27    1.19    3.67   15.46    4.82    0.21    0.16    0.16    1.26    0.42     27.64      2.30
    1974    0.17    0.15    0.15    0.16    0.57    0.55    0.15    0.16    0.16    0.16    0.16    0.16      2.69      0.22
    1975    0.15    0.18    3.36    2.62    2.24    5.02    1.76    0.24    0.23    0.22    0.21    0.19     16.42      1.37
    1976    0.71    0.30    0.16    0.14    2.41    0.87    0.14    0.15    0.13    0.12    0.12    0.10      5.36      0.45
    1977    0.14    0.12    0.13    0.13    0.22    0.72    0.23    0.08    0.07    0.06    0.06    0.05      2.01      0.17
    1978    0.05    0.04    0.44    0.28    0.75    0.26    0.04    1.06    0.38    0.28    0.13    0.04      3.72      0.31
    1979    0.03    0.04    0.03    0.02    0.24    0.11    0.02    0.02    0.02    0.02    0.02    0.02      0.59      0.05
    1980    0.01    0.07    0.10    0.40    3.00    1.88    0.34    0.06    0.05    0.05    1.14    0.40      7.49      0.62
    1981    0.05    0.07    0.20    0.07    0.04    0.10    0.28    0.08    0.03    0.14    0.05    0.03      1.13      0.09
    1982    0.14    0.05    0.03    0.02    0.02    0.03    0.04    0.02    0.02    0.06    0.02    0.03      0.47      0.04
    1983    0.01    0.14    0.23    0.08    0.01    0.01    0.06    0.03    0.01    0.01    0.04    0.01      0.64      0.05
    1984    0.19    0.10    0.01    0.44    1.70    0.56    0.03    0.03    0.02    0.02    0.02    0.02      3.13      0.26
    1985    0.34    0.35    1.42    0.71    0.13    0.15    0.05    0.03    0.02    0.02    0.02    0.02      3.26      0.27
    1986    0.54    0.34    0.06    0.02    0.39    0.17    0.02    0.02    0.06    0.05    0.01    1.27      2.94      0.24
    1987    0.44    0.16    0.05    0.02   11.72    4.65    0.54    0.10    0.10    0.09    0.09    0.16     18.13      1.51
    1988    0.07    0.30    1.92    1.00    2.35    0.80    0.19    0.09    0.09    0.08    0.08    0.07      7.03      0.59
    1989    0.07    0.70    0.24    0.07    0.06    0.26    0.12    0.05    0.05    0.04    0.04    0.04      1.72      0.14
    1990    0.03    0.03    0.14    0.57    0.26    0.24    0.07    0.02    0.02    0.02    0.02    0.03      1.45      0.12
    1991    1.85    0.72    0.15    0.04    0.04    0.12    0.04    0.02    0.02    0.02    0.01    0.01      3.04      0.25
    1992    0.02    0.02    0.01    0.03    0.10    0.04    0.08    0.03    0.01    0.01    0.01    0.01      0.37      0.03
    1993    0.12    0.16    0.24    0.48    0.37    0.22    0.05    0.01    0.01    0.01    0.01    0.01      1.70      0.14
    1994    0.01    0.01    0.01    0.02    0.02    0.03    0.01    0.03    0.01    0.00    0.00    0.01      0.15      0.01
    1995    0.00    0.14    1.00    0.87    0.25    0.13    0.04    0.02    0.02    0.01    0.01    0.01      2.51      0.21
    1996    0.01    0.89    0.81    0.90    0.29    1.10    0.53    0.20    0.06    0.04    0.03    0.03      4.88      0.41
    1997    0.03    0.03    0.02    0.13    0.16    1.54    0.54    0.04    0.03    0.03    0.03    0.03      2.61      0.22
    1998    0.02    0.26    0.10    0.09    0.03    0.02    0.02    0.04    0.02    0.02    0.01    0.01      0.63      0.05
    1999    0.01    0.01    0.78    1.97    0.72    2.96    1.03    0.06    0.06    0.05    0.05    0.10      7.80      0.65
    2000    0.05    0.24    0.11    0.04    0.04    0.19    1.52    0.52    0.04    0.04    0.04    0.46      3.28      0.27
    2001    0.16    0.59    1.34    1.51    0.40    0.21    0.07    0.05    0.04    0.04    0.12    0.06      4.60      0.38
    2002    0.03    0.03    0.17    0.10    0.83    0.32    0.03    0.10    0.03    0.02    0.02    0.02      1.71      0.14
    2003    0.02    0.03    0.01    2.07    0.82    0.22    0.72    0.23    0.04    0.03    0.03    0.15      4.38      0.36
    2004    0.05    0.02    0.27    0.52    0.33    0.08    0.02    0.02    0.02    0.02    0.02    0.02      1.39      0.12
    2005    0.02    0.13    0.04    0.37    2.29    0.92    0.51    0.22    0.04    0.04    0.37    0.12      5.07      0.42
    2006    0.03    0.03    0.24    0.11    0.03    0.13    0.05    0.03    0.02    0.02    0.02    0.02      0.74      0.06
    2007    0.08    0.10    0.91    1.06    1.08    0.33    0.04    0.04    0.04    0.03    0.03    0.03      3.78      0.31
    2008    0.02    0.04    0.03    0.02    2.94    1.00    0.05    0.04    0.04    0.03    0.03    0.03      4.27      0.36
    2009    0.08    0.05    0.02    1.61    1.52    1.61    0.55    0.05    0.05    0.05    0.04    0.04      5.68      0.47
  
 AVERAGE    0.13    0.26    0.33    0.49    0.75    0.99    0.40    0.13    0.06    0.05    0.08    0.11      3.78      0.32
