    1920    0.03    0.01    0.51    0.19    0.63    2.12    1.51    0.32    0.07    0.07    0.07    0.07      5.61      0.47
    1921    0.06    1.87    2.01    0.71    0.10    0.09    0.09    0.08    0.08    0.07    0.06    0.06      5.28      0.44
    1922    0.05    2.74    0.98    0.25    0.68    0.85    0.23    0.06    0.09    0.05    0.05    0.04      6.07      0.51
    1923    0.04    0.11    0.04    0.03    0.02    0.23    0.08    0.02    0.02    0.02    0.01    0.02      0.64      0.05
    1924    0.01    0.06    0.26    0.20    0.52   12.23    4.80    0.43    0.11    0.12    0.12    0.37     19.23      1.60
    1925    0.12    0.40    0.14    0.13    0.13    0.12    0.13    0.13    0.12    0.11    0.10    0.09      1.74      0.15
    1926    0.08    0.42    0.17    0.06    0.05    1.41    0.50    0.05    0.05    0.04    0.04    0.03      2.91      0.24
    1927    0.03    0.09    0.33    0.36    0.11    0.87    0.31    0.03    0.03    0.02    0.02    0.21      2.41      0.20
    1928    0.20    0.09    0.18    0.06    0.03    0.41    0.14    0.05    0.08    0.18    0.06    0.90      2.39      0.20
    1929    0.43    0.04    0.78    0.35    0.25    1.88    0.64    0.06    0.05    0.05    0.20    0.07      4.80      0.40
    1930    0.15    0.05    0.14    0.15    0.06    0.64    0.43    0.07    0.03    0.62    0.22    0.03      2.60      0.22
    1931    0.10    0.11    0.60    0.89    0.65    0.16    0.04    0.03    0.03    0.18    0.06    0.58      3.44      0.29
    1932    0.29    0.22    0.10    0.03    0.06    0.65    0.49    0.10    0.03    0.03    0.02    0.02      2.03      0.17
    1933    0.02    3.59    1.65    0.94    0.49    0.95    0.34    0.07    0.06    0.05    0.05    0.05      8.26      0.69
    1934    0.05    0.37    0.27    0.10    0.33    0.41    0.21    3.78    1.28    0.08    0.07    0.07      7.02      0.58
    1935    0.07    0.26    0.13    0.06    0.67    0.89    0.25    0.23    0.07    0.07    0.06    0.06      2.82      0.24
    1936    0.26    0.42    0.12    0.10    0.29    0.55    0.16    0.04    0.04    0.03    0.03    0.03      2.07      0.17
    1937    0.02    0.37    0.87    0.36    0.09    0.10    0.04    0.02    0.05    0.02    0.02    0.01      1.97      0.16
    1938    0.30    1.07    0.63    0.22    3.50    1.18    0.06    0.05    0.05    0.04    0.54    0.20      7.84      0.65
    1939    0.35    0.12    0.04    0.55    1.45    6.71    2.12    0.10    0.10    0.09    0.09    0.36     12.08      1.01
    1940    0.13    0.07    0.07    0.61    3.46    1.15    0.15    0.08    0.08    0.07    0.07    0.06      6.00      0.50
    1941    0.31    0.10    0.04    0.64    0.60    0.68    0.21    0.04    0.04    0.04    0.03    0.20      2.93      0.24
    1942    1.14    0.65    0.16    0.64    0.22    0.18    0.53    0.87    0.29    0.06    0.06    0.06      4.87      0.41
    1943    0.07   14.55    5.39    0.28    1.38    3.20    0.97    5.10    1.80    0.24    0.24    0.23     33.44      2.79
    1944    0.28    0.21    0.20    0.19    0.29    0.40    0.16    0.15    0.15    0.14    0.13    0.12      2.43      0.20
    1945    0.13    0.09    0.08    0.07    0.25    0.20    0.22    0.72    0.23    0.05    0.05    0.05      2.14      0.18
    1946    0.93    0.35    0.04    0.07    0.05    0.19    0.10    0.03    0.03    0.03    0.03    0.12      1.97      0.16
    1947    0.05    0.03    0.47    0.26    0.34    0.36    0.38    0.10    0.02    0.02    0.02    0.02      2.09      0.17
    1948    0.03    0.02    0.01    0.01    0.02    0.02    0.06    0.03    0.01    0.01    0.01    0.01      0.23      0.02
    1949    0.00    0.08    0.07    0.06    0.94    2.31    1.31    0.50    0.09    0.06    0.06    0.06      5.54      0.46
    1950    0.17    0.35    1.44    1.49    0.39    0.09    0.09    0.09    0.09    0.08    0.07    0.10      4.43      0.37
    1951    0.28    0.08    0.05    0.15    0.80    0.32    0.22    0.07    0.03    0.03    0.03    0.17      2.22      0.18
    1952    0.08    0.09    0.23    0.07    0.58    0.21    0.32    0.13    0.02    0.02    0.23    0.43      2.41      0.20
    1953    0.93    0.53    1.29    0.44    0.07    1.12    0.48    0.12    0.05    0.05    0.05    0.05      5.16      0.43
    1954    0.04    0.22    0.08    0.20    0.73    0.25    0.23    0.07    0.03    0.03    0.03    0.02      1.94      0.16
    1955    0.02    0.39    0.16    0.15    0.14    1.46    0.54    0.08    0.03    0.03    0.03    0.20      3.23      0.27
    1956    0.28    1.30    0.60    0.35    0.24    0.30    0.31    0.09    0.04    0.03    0.03    0.03      3.59      0.30
    1957    0.06    0.02    0.30    0.42    0.13    0.02    0.02    0.23    0.08    0.02    0.02    0.21      1.53      0.13
    1958    0.13    0.07    1.34    0.53    0.17    1.02    0.72    0.18    0.04    0.25    0.09    0.04      4.56      0.38
    1959    0.03    0.03    0.16    0.35    0.13    0.62    0.24    0.04    0.03    0.03    0.14    0.05      1.89      0.16
    1960    0.02    0.29    0.36    0.27    0.08    2.77    0.97    0.31    0.12    0.05    0.22    0.07      5.52      0.46
    1961    0.04    0.09    0.07    0.14    2.05    1.08    0.16    0.06    0.06    0.05    0.05    0.04      3.90      0.33
    1962    0.04    0.08    0.03    3.31    1.16    8.91    3.72    0.27    0.12    0.12    0.11    0.11     17.99      1.50
    1963    0.20    1.03    0.40    0.10    0.12    0.19    0.09    0.09    0.09    0.08    0.13    0.06      2.57      0.21
    1964    0.37    0.12    0.39    0.19    0.04    0.04    0.35    0.12    0.03    0.05    0.03    0.02      1.74      0.15
    1965    0.34    0.53    0.15    0.08    0.10    0.03    0.02    0.02    0.01    0.01    0.01    0.03      1.33      0.11
    1966    0.01    0.01    0.01    0.96    0.47    0.60    3.71    1.62    0.19    0.08    0.09    0.10      7.86      0.65
    1967    0.10    0.10    0.11    0.11    0.11    1.60    0.72    0.13    0.13    0.12    0.11    0.19      3.53      0.29
    1968    0.09    0.08    0.41    0.14    0.76    0.94    0.34    0.06    0.06    0.05    0.05    0.04      3.01      0.25
    1969    0.13    0.07    0.03    0.03    0.26    0.09    0.02    0.02    0.10    0.03    0.61    0.22      1.61      0.13
    1970    0.04    0.08    3.34    1.68    0.77    0.59    0.35    0.09    0.05    0.13    0.17    0.04      7.34      0.61
    1971    0.35    0.16    0.04    0.42    0.35    0.79    0.45    0.07    0.04    0.04    0.04    0.03      2.78      0.23
    1972    0.06    0.03    0.03    0.02    0.69    0.75    0.25    0.05    0.03    0.03    0.05    0.02      2.01      0.17
    1973    0.02    0.15    0.48    5.48    2.33   10.41    3.40    1.92    0.68    0.16   10.04    3.43     38.50      3.21
    1974    0.24    0.41    0.21    0.22    0.52    1.31    0.46    0.21    0.20    0.19    0.18    0.16      4.31      0.36
    1975    0.15    0.14    4.06    2.83    3.12   18.76    6.08    0.23    0.23    0.21    0.21    0.19     36.21      3.02
    1976    1.37    0.67    0.25    0.16    1.76    0.62    0.19    0.72    0.22    0.13    0.12    0.10      6.30      0.52
    1977    0.11    0.14    0.43    0.19    0.06    0.58    0.36    0.06    0.05    0.05    0.04    0.04      2.12      0.18
    1978    0.03    0.03    1.65    0.63    0.54    0.22    0.04    0.27    0.09    1.32    0.52    0.04      5.39      0.45
    1979    0.16    0.06    0.04    0.05    0.10    0.13    0.05    0.04    0.04    0.04    0.03    0.03      0.78      0.06
    1980    0.03    0.08    0.15    0.22    0.64    1.64    0.53    0.30    0.17    0.04    0.26    0.09      4.15      0.35
    1981    0.10    0.34    0.52    0.15    0.06    0.18    0.39    0.11    0.18    0.15    0.04    0.03      2.25      0.19
    1982    0.27    0.23    0.05    0.03    0.02    0.02    0.08    0.04    0.03    0.90    0.32    0.03      2.02      0.17
    1983    0.30    0.17    0.34    0.15    0.02    0.07    0.08    0.15    0.04    0.02    0.03    0.02      1.40      0.12
    1984    0.55    0.72    0.20    0.43    2.61    0.89    0.09    0.04    0.04    0.04    0.04    0.03      5.69      0.47
    1985    1.33    2.19    5.31    1.84    0.29    0.43    0.13    0.08    0.08    0.07    0.09    0.06     11.90      0.99
    1986    1.26    1.31    0.31    0.07    0.33    0.11    0.05    0.04    0.04    0.04    0.03    0.51      4.10      0.34
    1987    0.18    0.33    0.14    0.04    2.45    1.04    0.40    0.11    0.05    0.04    0.04    0.11      4.93      0.41
    1988    0.04    0.15    3.45    1.36    0.62    0.71    0.89    0.25    0.07    0.06    0.06    0.05      7.71      0.64
    1989    0.05    1.06    0.39    0.05    0.04    0.27    0.10    0.04    0.03    0.03    0.03    0.02      2.11      0.18
    1990    0.02    0.02    0.01    0.67    0.68    0.60    0.16    0.03    0.04    0.02    0.02    0.02      2.27      0.19
    1991    2.85    1.19    0.70    0.21    0.06    0.09    0.03    0.03    0.03    0.03    0.02    0.02      5.28      0.44
    1992    0.02    0.03    0.02    0.05    0.69    0.33    0.13    0.03    0.02    0.02    0.01    0.01      1.36      0.11
    1993    0.33    0.58    0.64    2.74    1.71    0.65    0.12    0.05    0.05    0.05    0.04    0.04      7.01      0.58
    1994    0.04    0.03    0.21    0.24    0.17    0.09    0.02    0.04    0.02    0.02    0.02    0.01      0.91      0.08
    1995    0.01    0.15    1.07    0.87    0.26    0.02    0.02    0.02    0.02    0.02    0.01    0.01      2.49      0.21
    1996    0.01    4.03    2.89    1.45    0.37    0.79    0.91    0.34    0.09    0.07    0.07    0.07     11.09      0.92
    1997    0.06    0.06    0.06    0.05    0.10    4.44    1.53    0.09    0.09    0.08    0.07    0.07      6.72      0.56
    1998    0.08    0.16    0.21    0.09    0.04    0.23    0.08    0.03    0.03    0.03    0.02    0.02      1.03      0.09
    1999    0.02    0.02    2.06    1.02    0.41    1.95    1.23    0.21    0.06    0.05    0.05    0.37      7.46      0.62
    2000    0.29    0.77    0.25    0.15    0.08    0.50    0.39    0.08    0.05    0.04    0.07    0.10      2.75      0.23
    2001    0.05    0.29    0.25    0.55    0.17    0.04    0.03    0.02    0.02    0.03    0.20    0.51      2.18      0.18
    2002    0.16    0.03    0.25    0.26    0.62    0.34    0.08    0.12    0.04    0.02    0.02    0.02      1.97      0.16
    2003    0.02    0.02    0.03    1.49    0.87    0.38    0.34    0.09    0.03    0.03    0.03    0.62      3.93      0.33
    2004    0.22    0.05    0.27    0.40    0.54    0.80    0.29    0.29    0.09    0.03    0.03    0.03      3.05      0.25
    2005    0.31    0.48    0.14    2.93    1.59    0.34    0.32    0.56    0.15    0.07    0.46    0.15      7.51      0.63
    2006    0.67    0.79    0.27    0.09    0.11    0.37    0.27    0.10    0.12    0.07    0.07    0.06      2.99      0.25
    2007    0.48    0.32    7.93    2.89    0.46    0.21    0.12    0.09    0.08    0.08    0.07    0.06     12.80      1.07
    2008    0.06    0.07    0.04    0.11    2.30    0.80    0.08    0.11    0.04    0.04    0.04    0.03      3.73      0.31
    2009    0.10    0.13    0.07    0.73    0.99    0.44    0.08    0.03    0.03    0.03    0.03    0.02      2.69      0.22
  
 AVERAGE    0.24    0.57    0.70    0.57    0.62    1.29    0.56    0.27    0.11    0.09    0.20    0.15      5.38      0.45
