    1920    0.05    0.03    0.74    0.26    1.61    2.74    3.68    1.08    0.14    0.15    0.16    0.15     10.81      0.90
    1921    0.15    1.94    2.43    1.63    0.47    0.16    0.15    0.15    0.23    0.13    0.13    0.31      7.88      0.66
    1922    0.11    5.39    1.86    0.38    0.43    0.77    0.26    0.09    0.09    0.11    0.07    0.07      9.62      0.80
    1923    0.06    0.16    0.06    0.12    0.23    0.20    0.05    0.03    0.03    0.02    0.02    0.02      1.00      0.08
    1924    0.02    0.04    0.38    0.15    0.05    3.36    1.82    0.30    0.05    0.05    0.05    0.14      6.41      0.53
    1925    0.05    0.15    0.16    0.06    0.04    0.13    0.05    0.04    0.10    0.03    0.03    0.09      0.92      0.08
    1926    0.04    0.63    0.42    0.07    0.02    0.60    0.22    0.02    0.02    0.02    0.02    0.01      2.10      0.18
    1927    0.01    0.03    0.21    0.10    0.01    3.02    1.09    0.04    0.04    0.03    0.03    0.26      4.86      0.40
    1928    0.10    0.19    0.15    0.03    0.03    0.13    0.04    0.01    0.03    0.10    0.04    0.71      1.58      0.13
    1929    0.48    0.08    0.72    0.29    0.53    0.56    0.16    0.03    0.10    0.03    0.08    0.04      3.10      0.26
    1930    0.22    0.07    0.10    0.24    0.08    0.41    0.41    0.10    0.02    0.39    0.14    0.02      2.20      0.18
    1931    0.21    0.21    2.17    1.56    0.62    0.15    0.04    0.07    0.03    0.05    0.03    1.09      6.23      0.52
    1932    0.73    0.35    0.09    0.03    0.03    0.53    0.50    0.11    0.03    0.03    0.07    0.03      2.55      0.21
    1933    0.02    1.13    0.68    0.88    1.10    1.77    0.70    0.07    0.06    0.07    0.05    0.04      6.58      0.55
    1934    0.04    0.23    0.38    0.12    0.13    0.35    0.22    2.03    0.71    0.06    0.05    0.05      4.37      0.36
    1935    0.05    0.13    0.63    0.21    0.18    0.66    0.21    0.15    0.05    0.05    0.05    0.04      2.40      0.20
    1936    0.68    1.59    0.50    0.04    0.34    0.48    0.12    0.04    0.03    0.03    0.03    0.02      3.91      0.33
    1937    0.02    0.45    2.50    0.90    0.21    0.52    0.27    0.04    0.04    0.03    0.03    0.03      5.03      0.42
    1938    0.28    0.80    0.45    0.18    4.44    1.54    0.07    0.11    0.05    0.05    0.53    0.30      8.79      0.73
    1939    0.99    0.34    0.05    0.11    1.27    4.99    1.58    0.24    0.09    0.09    0.09    0.36     10.19      0.85
    1940    0.14    0.09    0.06    0.28    0.91    0.28    0.17    0.06    0.05    0.05    0.04    0.04      2.16      0.18
    1941    0.62    0.22    0.03    0.11    0.16    0.45    0.18    0.07    0.02    0.02    0.02    0.09      2.00      0.17
    1942    2.10    0.85    0.15    0.12    0.04    0.21    0.88    0.45    0.11    0.04    0.04    0.04      5.02      0.42
    1943    0.03    6.65    3.18    0.36    0.30    1.69    0.56   11.03    3.71    0.19    0.18    0.17     28.06      2.34
    1944    0.94    0.31    0.15    0.27    0.16    0.17    0.12    0.19    0.11    0.11    0.11    0.09      2.74      0.23
    1945    0.17    0.07    0.06    0.05    0.49    0.39    0.22    0.11    0.04    0.03    0.03    0.03      1.68      0.14
    1946    0.61    0.26    0.04    0.06    0.03    0.14    0.05    0.02    0.01    0.01    0.01    0.42      1.66      0.14
    1947    0.18    0.17    1.18    0.49    0.42    0.19    2.40    0.82    0.05    0.04    0.04    0.04      6.02      0.50
    1948    0.03    0.03    0.03    0.02    0.03    0.02    0.08    0.04    0.01    0.01    0.01    0.01      0.32      0.03
    1949    0.01    0.05    0.07    0.03    1.01    4.48    1.50    0.17    0.05    0.05    0.05    0.34      7.80      0.65
    1950    0.56    0.63    3.36    1.73    0.37    0.08    0.08    0.08    0.08    0.07    0.06    0.77      7.88      0.66
    1951    0.35    0.05    0.05    0.04    2.75    1.01    0.10    0.05    0.05    0.04    0.04    0.32      4.85      0.40
    1952    0.11    0.15    0.19    0.05    0.54    0.22    0.25    0.08    0.02    0.02    0.23    0.36      2.23      0.19
    1953    5.03    2.49    1.00    0.32    0.07    2.13    0.80    0.08    0.08    0.08    0.08    0.07     12.23      1.02
    1954    0.07    0.36    0.12    0.16    0.71    0.32    0.33    0.10    0.04    0.04    0.03    0.03      2.32      0.19
    1955    0.03    1.16    0.42    0.07    0.20    1.37    0.47    0.03    0.03    0.03    0.03    0.26      4.09      0.34
    1956    0.41    1.93    1.13    0.38    2.40    1.60    0.31    0.07    0.06    0.06    0.05    0.05      8.45      0.70
    1957    0.04    0.04    0.72    1.10    0.31    0.04    0.05    0.44    0.14    0.03    0.03    0.05      3.00      0.25
    1958    0.02    0.12    0.55    0.40    0.41    0.37    0.35    0.19    0.03    0.13    0.09    0.02      2.71      0.23
    1959    0.02    0.02    0.02    0.54    0.22    0.47    0.21    0.04    0.02    0.02    0.12    0.06      1.76      0.15
    1960    0.02    0.27    0.17    0.21    0.07    2.81    1.04    0.25    0.07    0.04    0.23    0.08      5.24      0.44
    1961    0.04    0.03    0.03    0.09    2.60    1.31    0.19    0.05    0.05    0.05    0.04    0.04      4.51      0.38
    1962    0.04    0.12    0.04    3.83    1.31    8.10    3.41    0.26    0.12    0.12    0.11    0.10     17.55      1.46
    1963    0.25    0.44    0.55    0.15    0.31    0.85    0.26    0.08    0.64    0.21    0.12    0.06      3.92      0.33
    1964    0.06    0.05    0.25    0.09    0.04    0.04    0.45    0.16    0.25    0.10    0.03    0.03      1.54      0.13
    1965    0.89    1.31    0.36    0.19    0.07    0.05    0.06    0.03    0.03    0.03    0.02    0.13      3.16      0.26
    1966    0.04    0.02    0.01    0.47    0.33    1.42    1.50    0.94    0.22    0.06    0.06    0.07      5.15      0.43
    1967    0.06    0.07    0.06    0.06    0.06    1.13    0.65    0.09    0.09    0.09    0.08    0.43      2.88      0.24
    1968    0.16    0.06    0.11    0.04    0.85    0.56    0.25    0.05    0.04    0.04    0.03    0.03      2.20      0.18
    1969    0.41    0.37    0.08    0.02    0.16    0.05    0.02    0.03    0.04    0.01    1.17    0.41      2.77      0.23
    1970    0.04    0.08    4.15    1.63    0.31    0.63    0.39    0.10    0.05    0.26    1.73    0.59      9.95      0.83
    1971    0.44    0.17    0.07    0.41    0.27    1.50    0.59    0.07    0.07    0.07    0.07    0.06      3.80      0.32
    1972    0.06    0.05    0.04    0.04    0.98    1.15    0.40    0.04    0.04    0.04    0.10    0.03      2.97      0.25
    1973    0.02    0.09    0.17    3.75    3.00   32.88   10.48    0.52    0.19    0.19    1.27    0.42     52.99      4.42
    1974    0.18    1.31    0.46    0.16    0.23    0.93    0.34    0.15    0.14    0.13    0.12    0.10      4.25      0.35
    1975    0.09    0.18    3.06    2.34    3.70   16.14    5.07    0.20    0.20    0.19    0.19    0.18     31.53      2.63
    1976    0.78    0.34    0.20    0.14    3.19    1.12    0.42    1.12    0.33    0.15    0.14    0.12      8.03      0.67
    1977    0.11    0.10    0.68    0.35    0.10    0.81    0.35    0.07    0.06    0.06    0.05    0.05      2.78      0.23
    1978    0.04    0.03    0.93    0.44    0.80    0.29    0.03    0.10    0.03    1.00    0.54    0.07      4.31      0.36
    1979    0.23    0.08    0.03    0.03    0.47    0.26    0.06    0.03    0.03    0.03    0.02    0.02      1.28      0.11
    1980    0.02    0.09    0.79    0.52    1.09    0.74    0.15    0.25    0.09    0.03    0.82    0.29      4.88      0.41
    1981    0.29    0.16    0.40    0.13    0.08    0.29    0.79    0.25    0.37    0.41    0.10    0.04      3.31      0.28
    1982    0.15    0.13    0.14    0.04    0.03    0.09    0.05    0.08    0.06   13.52    4.43    0.12     18.85      1.57
    1983    0.11    0.45    0.50    0.14    0.08    0.08    0.07    0.26    0.08    0.07    0.06    0.06      1.97      0.16
    1984    0.39    0.27    0.07    0.81    1.12    0.31    0.05    0.04    0.03    0.03    0.03    0.03      3.18      0.26
    1985    0.67    2.36   11.69    3.67    0.28    0.22    0.09    0.09    0.08    0.07    0.07    0.06     19.35      1.61
    1986    2.07    1.16    0.16    0.06    0.26    0.09    0.05    0.04    0.04    0.03    0.03    1.28      5.26      0.44
    1987    0.45    0.41    0.21    0.13    4.03    1.63    0.42    0.12    0.06    0.06    0.05    0.07      7.64      0.64
    1988    0.04    0.20    1.71    1.47    0.36    0.29    1.42    0.48    0.06    0.06    0.05    0.05      6.19      0.52
    1989    0.24   10.60    3.48    0.12    0.09    0.19    0.16    0.07    0.07    0.06    0.06    0.05     15.20      1.27
    1990    0.05    0.04    0.03    0.74    0.41    0.24    0.06    0.03    0.06    0.02    0.02    0.02      1.72      0.14
    1991    3.17    1.40    0.77    0.23    0.06    0.12    0.05    0.03    0.05    0.03    0.02    0.02      5.96      0.50
    1992    0.05    0.03    0.01    0.13    0.27    0.11    0.14    0.04    0.01    0.01    0.01    0.08      0.90      0.08
    1993    0.05    0.70    1.97    1.63    0.76    0.16    0.04    0.04    0.03    0.04    0.03    0.02      5.47      0.46
    1994    0.08    0.03    0.52    1.62    0.63    0.15    0.04    0.03    0.03    0.02    0.02    0.02      3.18      0.26
    1995    0.02    0.10    1.14    1.00    0.31    0.03    0.03    0.02    0.02    0.02    0.01    0.01      2.72      0.23
    1996    0.01    2.88    2.62    0.91    0.20    0.48    1.75    0.61    0.41    0.13    0.07    0.07     10.14      0.85
    1997    0.06    0.06    0.06    0.30    0.13    0.61    0.38    0.07    0.06    0.05    0.05    0.04      1.88      0.16
    1998    0.04    0.19    0.52    1.31    0.44    0.48    0.17    0.04    0.03    0.03    0.03    0.02      3.27      0.27
    1999    0.02    0.02    1.10    1.35    0.44    0.70    3.12    1.01    0.07    0.06    0.06    0.83      8.78      0.73
    2000    0.37    6.39    2.15    0.33    0.13    0.54    0.88    0.23    0.09    0.08    0.10    0.28     11.57      0.96
    2001    0.09    1.34    1.22    0.59    0.11    0.09    0.06    0.05    0.04    0.12    0.49    0.33      4.51      0.38
    2002    0.06    0.08    0.46    0.15    0.81    0.47    0.16    0.13    0.03    0.03    0.03    0.04      2.47      0.21
    2003    0.07    0.07    0.02    2.49    0.94    0.18    0.70    0.23    0.04    0.04    0.03    1.11      5.92      0.49
    2004    0.40    0.03    0.09    1.34    0.89    0.19    0.04    0.05    0.03    0.03    0.06    0.02      3.20      0.27
    2005    0.29    2.81    0.95    1.41    3.47    1.07    0.08    1.04    0.36    0.07    2.04    0.72     14.31      1.19
    2006    1.07    0.52    0.33    0.11    0.09    0.31    1.67    0.65    0.40    0.12    0.13    0.13      5.53      0.46
    2007    0.12    0.14    3.96    1.41    0.51    0.19    0.11    0.11    0.10    0.09    0.09    0.08      6.90      0.57
    2008    0.06    0.12    0.05    0.53    1.22    0.40    0.31    0.14    0.05    0.21    0.07    0.03      3.19      0.27
    2009    0.08    0.03    0.02    3.61    1.78    1.47    0.50    0.07    0.06    0.06    0.06    0.05      7.80      0.65
  
 AVERAGE    0.34    0.75    0.84    0.63    0.70    1.36    0.67    0.33    0.14    0.23    0.20    0.18      6.37      0.53
