    1920    0.03    0.01    0.20    0.07    0.73    4.54   10.26    2.94    0.16    0.17    0.17    0.17     19.46      1.62
    1921    0.17    1.22    1.69    1.03    0.29    0.14    0.13    0.11    0.11    0.10    0.10    0.46      5.54      0.46
    1922    0.15    2.42    0.86    0.18    0.27    1.31    0.47    0.09    0.09    0.09    0.08    0.08      6.10      0.51
    1923    0.08    0.07    0.07    0.06    0.05    0.06    0.04    0.04    0.04    0.03    0.03    0.02      0.58      0.05
    1924    0.02    0.06    0.08    0.04    0.04    6.70    5.37    1.34    0.14    0.17    0.20    0.22     14.39      1.20
    1925    0.24    0.24    0.24    0.22    0.20    0.18    0.17    0.15    0.14    0.13    0.12    0.11      2.14      0.18
    1926    0.09    0.79    0.37    0.07    0.06    0.36    0.12    0.05    0.05    0.04    0.04    0.03      2.06      0.17
    1927    0.03    0.03    0.17    0.13    0.03    0.66    0.25    0.02    0.02    0.02    0.02    0.33      1.69      0.14
    1928    0.19    0.10    0.09    0.02    0.04    0.16    0.05    0.02    0.02    0.07    0.02    0.46      1.23      0.10
    1929    0.25    0.03    0.39    0.20    0.38    0.71    0.22    0.03    0.09    0.03    0.14    0.07      2.55      0.21
    1930    0.16    0.05    0.13    0.06    0.02    0.23    0.36    0.10    0.02    0.27    0.09    0.02      1.53      0.13
    1931    0.18    0.09    0.71    1.39    0.62    0.09    0.04    0.05    0.04    0.09    0.03    0.67      3.99      0.33
    1932    0.41    0.26    0.07    0.04    0.03    0.50    0.47    0.11    0.04    0.04    0.05    0.03      2.04      0.17
    1933    0.03    1.19    0.59    0.43    0.98    0.82    0.25    0.05    0.06    0.06    0.06    0.05      4.55      0.38
    1934    0.07    0.18    0.25    0.08    0.04    0.36    0.26   10.94    3.58    0.12    0.12    0.12     16.12      1.34
    1935    0.12    0.20    0.27    0.10    0.31    0.97    0.29    0.11    0.08    0.07    0.07    0.06      2.66      0.22
    1936    0.51    0.97    0.28    0.06    0.43    0.46    0.11    0.05    0.05    0.04    0.04    0.03      3.03      0.25
    1937    0.03    0.42    1.44    0.54    0.09    0.13    0.07    0.03    0.05    0.03    0.03    0.02      2.88      0.24
    1938    0.17    1.64    0.63    0.14    2.85    1.00    0.06    0.09    0.06    0.06    0.35    0.22      7.27      0.61
    1939    0.78    0.25    0.07    0.06    0.63    9.32    3.04    0.13    0.13    0.13    0.12    0.27     14.95      1.25
    1940    0.10    0.10    0.09    0.16    0.84    0.26    0.12    0.06    0.05    0.05    0.04    0.04      1.91      0.16
    1941    0.30    0.10    0.04    0.27    0.44    0.37    0.11    0.03    0.03    0.02    0.02    0.11      1.83      0.15
    1942    1.36    0.59    0.11    0.12    0.04    0.13    0.55    0.46    0.22    0.07    0.09    0.10      3.83      0.32
    1943    0.11    6.77    2.85    0.21    0.48    0.97    0.27   18.54    6.11    0.25    0.24    0.23     37.03      3.09
    1944    0.37    0.21    0.20    0.18    0.16    0.17    0.13    0.21    0.11    0.11    0.10    0.09      2.05      0.17
    1945    0.13    0.07    0.06    0.07    0.20    0.24    0.10    0.10    0.03    0.03    0.03    0.03      1.10      0.09
    1946    0.49    0.19    0.03    0.20    0.08    0.10    0.05    0.02    0.02    0.05    0.02    0.24      1.48      0.12
    1947    0.12    0.07    0.49    0.20    0.22    0.15    0.90    0.31    0.03    0.03    0.03    0.03      2.57      0.21
    1948    0.02    0.02    0.03    0.02    0.02    0.01    0.06    0.03    0.01    0.01    0.01    0.01      0.25      0.02
    1949    0.01    0.03    0.06    0.02    0.62    2.79    1.11    0.23    0.07    0.08    0.09    0.13      5.24      0.44
    1950    0.48    0.48    2.01    1.06    0.23    0.11    0.10    0.10    0.09    0.08    0.07    0.24      5.05      0.42
    1951    0.14    0.05    0.05    0.05    1.17    0.46    0.07    0.04    0.04    0.03    0.03    0.52      2.65      0.22
    1952    0.18    0.08    0.10    0.03    0.28    0.10    0.11    0.04    0.02    0.01    0.22    0.59      1.77      0.15
    1953   11.94    4.31    0.96    0.29    0.13    1.34    0.46    0.15    0.14    0.13    0.12    0.11     20.09      1.67
    1954    0.10    0.17    0.07    0.07    0.81    0.31    0.23    0.07    0.05    0.05    0.04    0.04      2.01      0.17
    1955    0.03    0.37    0.13    0.06    0.04    0.52    0.19    0.02    0.02    0.02    0.02    0.21      1.62      0.14
    1956    0.31    0.77    0.40    0.10    0.57    0.64    0.22    0.04    0.04    0.04    0.03    0.03      3.19      0.27
    1957    0.03    0.02    0.17    0.39    0.12    0.02    0.02    0.11    0.03    0.01    0.01    0.06      1.00      0.08
    1958    0.03    0.03    0.26    0.13    0.15    0.30    0.33    0.16    0.02    0.15    0.08    0.03      1.67      0.14
    1959    0.03    0.03    0.04    0.32    0.14    0.44    0.17    0.03    0.02    0.02    0.08    0.05      1.38      0.12
    1960    0.02    0.11    0.06    0.11    0.04    1.27    0.45    0.20    0.08    0.03    0.23    0.08      2.67      0.22
    1961    0.04    0.04    0.04    0.19    1.30    0.69    0.13    0.05    0.04    0.04    0.04    0.03      2.63      0.22
    1962    0.03    0.05    0.02    1.28    0.46    3.98    1.86    0.19    0.09    0.17    0.10    0.11      8.36      0.70
    1963    0.12    0.30    0.31    0.09    0.09    0.47    0.16    0.07    0.30    0.10    0.11    0.05      2.17      0.18
    1964    0.04    0.04    0.06    0.03    0.03    0.02    0.12    0.04    0.06    0.04    0.02    0.02      0.52      0.04
    1965    0.50    0.96    0.29    0.04    0.02    0.02    0.02    0.02    0.02    0.02    0.01    0.06      1.99      0.17
    1966    0.02    0.01    0.01    0.83    0.33    0.87    2.71    2.89    0.76    0.14    0.16    0.18      8.92      0.74
    1967    0.17    0.16    0.14    0.12    0.11    0.94    0.45    0.09    0.08    0.07    0.07    0.27      2.67      0.22
    1968    0.12    0.05    0.09    0.04    0.42    0.35    0.16    0.03    0.03    0.03    0.03    0.02      1.37      0.11
    1969    0.25    0.17    0.03    0.02    0.06    0.02    0.01    0.02    0.12    0.04    0.40    0.14      1.29      0.11
    1970    0.01    0.05    2.69    1.22    0.31    0.65    0.38    0.08    0.06    0.23    0.38    0.10      6.16      0.51
    1971    0.35    0.18    0.07    0.49    0.25    0.59    0.23    0.06    0.06    0.05    0.05    0.04      2.45      0.20
    1972    0.04    0.03    0.03    0.03    0.42    0.44    0.16    0.03    0.02    0.02    0.07    0.02      1.31      0.11
    1973    0.02    0.15    0.24    3.30    1.91   30.37    9.76    0.30    0.18    0.19    1.16    0.39     47.98      4.00
    1974    0.20    0.26    0.16    0.14    0.12    0.39    0.15    0.10    0.09    0.08    0.08    0.06      1.85      0.15
    1975    0.06    0.06    0.77    1.01    1.55   14.90    4.77    0.15    0.16    0.16    0.16    0.15     23.90      1.99
    1976    0.50    0.28    0.11    0.10    1.31    0.51    0.17    0.61    0.19    0.09    0.08    0.08      4.02      0.34
    1977    0.07    0.07    0.28    0.12    0.06    0.14    0.21    0.06    0.04    0.03    0.03    0.03      1.13      0.09
    1978    0.02    0.02    0.49    0.28    0.36    0.14    0.02    0.06    0.02    0.57    0.32    0.05      2.36      0.20
    1979    0.15    0.09    0.04    0.04    0.38    0.20    0.05    0.04    0.04    0.03    0.03    0.03      1.14      0.09
    1980    0.02    0.11    0.41    0.34    0.75    0.71    0.20    0.36    0.14    0.05    0.24    0.08      3.41      0.28
    1981    0.11    0.18    0.27    0.08    0.08    0.32    0.36    0.09    0.24    0.33    0.09    0.06      2.19      0.18
    1982    0.07    0.08    0.06    0.06    0.05    0.05    0.04    0.04    0.03    3.54    1.21    0.07      5.30      0.44
    1983    0.13    0.24    0.52    0.16    0.06    0.07    0.07    0.11    0.04    0.04    0.03    0.03      1.51      0.13
    1984    0.53    0.31    0.06    0.41    1.03    0.33    0.10    0.03    0.03    0.03    0.03    0.02      2.93      0.24
    1985    0.89    1.21    7.80    2.56    0.22    0.12    0.09    0.09    0.09    0.08    0.07    0.06     13.28      1.11
    1986    1.24    0.79    0.13    0.05    0.29    0.10    0.04    0.04    0.04    0.03    0.03    0.47      3.25      0.27
    1987    0.17    0.28    0.11    0.07    1.94    0.74    0.10    0.05    0.04    0.04    0.04    0.03      3.60      0.30
    1988    0.03    0.26    0.81    0.48    0.13    0.11    0.59    0.21    0.04    0.04    0.03    0.03      2.77      0.23
    1989    0.03    5.47    1.83    0.07    0.06    0.07    0.05    0.05    0.04    0.04    0.03    0.03      7.75      0.65
    1990    0.02    0.02    0.02    0.38    0.28    0.55    0.18    0.02    0.11    0.04    0.02    0.02      1.66      0.14
    1991    2.58    0.89    0.24    0.08    0.07    0.12    0.14    0.04    0.03    0.03    0.02    0.02      4.25      0.35
    1992    0.02    0.02    0.02    0.07    0.26    0.10    0.07    0.02    0.04    0.01    0.01    0.02      0.66      0.06
    1993    0.01    0.22    1.53    0.95    0.27    0.05    0.03    0.03    0.02    0.04    0.02    0.02      3.18      0.27
    1994    0.13    0.04    0.43    0.83    0.55    0.21    0.06    0.02    0.02    0.02    0.02    0.02      2.36      0.20
    1995    0.02    0.22    0.45    1.26    0.56    0.12    0.03    0.03    0.03    0.02    0.02    0.02      2.78      0.23
    1996    0.05    1.59    0.87    0.51    0.15    0.62    2.08    0.68    2.77    0.98    0.15    0.15     10.60      0.88
    1997    0.15    0.15    0.15    0.13    0.30    0.40    0.16    0.09    0.09    0.08    0.07    0.06      1.82      0.15
    1998    0.07    0.23    0.11    0.55    0.19    0.36    0.12    0.04    0.03    0.07    0.02    0.02      1.82      0.15
    1999    0.02    0.02    1.11    0.60    0.16    0.35    0.23    0.04    0.03    0.02    0.02    0.32      2.92      0.24
    2000    0.18    6.61    2.20    0.07    0.07    0.22    0.77    0.24    0.07    0.06    0.05    0.32     10.85      0.90
    2001    0.15    0.48    0.34    0.34    0.09    0.04    0.04    0.04    0.03    0.06    0.56    1.28      3.46      0.29
    2002    0.42    0.06    0.09    0.07    0.49    0.23    0.11    0.14    0.07    0.06    0.06    0.05      1.85      0.15
    2003    0.07    0.12    0.05    0.84    0.91    0.35    0.46    0.14    0.05    0.04    0.04    1.40      4.46      0.37
    2004    0.50    0.06    0.80    2.13    0.97    0.12    0.15    0.06    0.06    0.06    0.05    0.05      5.01      0.42
    2005    0.07    1.43    0.51    0.74    1.29    0.40    0.05    0.30    0.10    0.06    0.51    0.18      5.65      0.47
    2006    0.55    0.38    0.31    0.14    0.08    0.43    0.78    0.23    0.10    0.09    0.09    0.09      3.27      0.27
    2007    0.08    0.19    1.71    0.58    0.08    0.07    0.06    0.06    0.05    0.05    0.04    0.04      3.03      0.25
    2008    0.03    0.03    0.09    0.22    0.75    0.26    0.05    0.02    0.02    0.02    0.02    0.02      1.53      0.13
    2009    0.06    0.03    0.02    0.39    0.19    0.14    0.05    0.01    0.01    0.01    0.01    0.01      0.92      0.08
  
 AVERAGE    0.35    0.55    0.51    0.37    0.41    1.14    0.63    0.51    0.21    0.12    0.12    0.15      5.06      0.42
