    1920    0.01    0.00    0.06    0.02    0.22    0.84    2.84    0.87    0.05    0.05    0.05    0.05      5.07      0.42
    1921    0.05    0.37    0.51    0.31    0.09    0.04    0.04    0.04    0.04    0.04    0.03    0.14      1.69      0.14
    1922    0.05    0.73    0.26    0.06    0.08    0.39    0.14    0.02    0.02    0.03    0.02    0.02      1.82      0.15
    1923    0.02    0.02    0.01    0.01    0.01    0.02    0.01    0.01    0.01    0.01    0.01    0.01      0.14      0.01
    1924    0.00    0.02    0.02    0.01    0.01    1.40    0.95    0.24    0.02    0.03    0.03    0.05      2.80      0.23
    1925    0.03    0.04    0.03    0.03    0.03    0.03    0.04    0.04    0.04    0.04    0.04    0.03      0.42      0.03
    1926    0.03    0.24    0.11    0.02    0.02    0.11    0.04    0.01    0.01    0.01    0.01    0.01      0.60      0.05
    1927    0.01    0.01    0.05    0.04    0.01    0.20    0.07    0.00    0.00    0.00    0.00    0.10      0.50      0.04
    1928    0.06    0.03    0.03    0.01    0.01    0.05    0.02    0.01    0.01    0.02    0.01    0.14      0.37      0.03
    1929    0.08    0.01    0.12    0.06    0.11    0.21    0.07    0.01    0.03    0.01    0.04    0.02      0.76      0.06
    1930    0.05    0.02    0.04    0.02    0.00    0.07    0.11    0.03    0.01    0.08    0.03    0.01      0.45      0.04
    1931    0.06    0.03    0.21    0.42    0.19    0.03    0.01    0.01    0.01    0.03    0.01    0.20      1.19      0.10
    1932    0.12    0.08    0.02    0.01    0.01    0.15    0.14    0.03    0.01    0.01    0.02    0.01      0.60      0.05
    1933    0.01    0.36    0.18    0.13    0.29    0.24    0.08    0.01    0.01    0.01    0.01    0.01      1.34      0.11
    1934    0.02    0.05    0.08    0.02    0.01    0.11    0.08    2.92    0.97    0.03    0.03    0.03      4.36      0.36
    1935    0.03    0.06    0.08    0.02    0.09    0.29    0.09    0.03    0.02    0.02    0.02    0.02      0.78      0.07
    1936    0.16    0.29    0.08    0.01    0.13    0.14    0.03    0.01    0.01    0.01    0.01    0.01      0.90      0.08
    1937    0.01    0.13    0.43    0.16    0.03    0.04    0.02    0.01    0.02    0.01    0.01    0.00      0.86      0.07
    1938    0.05    0.49    0.19    0.04    0.86    0.30    0.02    0.03    0.01    0.01    0.11    0.07      2.17      0.18
    1939    0.23    0.08    0.01    0.02    0.19    2.28    0.75    0.03    0.03    0.03    0.03    0.08      3.77      0.31
    1940    0.03    0.02    0.02    0.05    0.25    0.08    0.04    0.02    0.02    0.01    0.01    0.01      0.56      0.05
    1941    0.09    0.03    0.01    0.08    0.13    0.11    0.03    0.01    0.01    0.01    0.00    0.03      0.54      0.05
    1942    0.41    0.18    0.03    0.04    0.01    0.04    0.16    0.13    0.07    0.01    0.01    0.02      1.11      0.09
    1943    0.02    1.60    0.70    0.06    0.14    0.29    0.08    5.74    1.89    0.08    0.07    0.07     10.75      0.90
    1944    0.11    0.06    0.05    0.05    0.04    0.05    0.04    0.06    0.04    0.04    0.03    0.03      0.61      0.05
    1945    0.04    0.02    0.02    0.02    0.06    0.07    0.03    0.03    0.01    0.01    0.01    0.01      0.33      0.03
    1946    0.15    0.06    0.01    0.06    0.02    0.03    0.01    0.00    0.00    0.01    0.01    0.07      0.44      0.04
    1947    0.04    0.02    0.15    0.06    0.06    0.04    0.27    0.09    0.01    0.01    0.01    0.01      0.76      0.06
    1948    0.01    0.00    0.01    0.00    0.01    0.00    0.02    0.01    0.00    0.00    0.00    0.00      0.07      0.01
    1949    0.00    0.01    0.02    0.01    0.19    0.69    0.28    0.07    0.01    0.01    0.01    0.04      1.35      0.11
    1950    0.14    0.14    0.59    0.31    0.07    0.02    0.03    0.03    0.03    0.03    0.02    0.07      1.49      0.12
    1951    0.04    0.02    0.01    0.02    0.35    0.14    0.02    0.01    0.01    0.01    0.01    0.15      0.80      0.07
    1952    0.05    0.03    0.03    0.01    0.08    0.03    0.03    0.01    0.00    0.00    0.07    0.18      0.53      0.04
    1953    3.15    1.16    0.29    0.09    0.03    0.39    0.14    0.03    0.03    0.03    0.03    0.03      5.39      0.45
    1954    0.03    0.05    0.02    0.02    0.25    0.09    0.07    0.02    0.02    0.01    0.01    0.01      0.61      0.05
    1955    0.01    0.11    0.04    0.02    0.01    0.16    0.06    0.01    0.01    0.00    0.00    0.06      0.49      0.04
    1956    0.09    0.23    0.12    0.03    0.17    0.19    0.07    0.01    0.01    0.01    0.01    0.01      0.94      0.08
    1957    0.01    0.00    0.05    0.12    0.04    0.00    0.00    0.03    0.01    0.00    0.00    0.02      0.29      0.02
    1958    0.01    0.01    0.08    0.04    0.05    0.09    0.10    0.05    0.01    0.05    0.02    0.00      0.50      0.04
    1959    0.00    0.01    0.01    0.09    0.04    0.13    0.05    0.01    0.01    0.01    0.02    0.02      0.40      0.03
    1960    0.00    0.03    0.02    0.03    0.01    0.38    0.14    0.06    0.02    0.01    0.07    0.02      0.80      0.07
    1961    0.01    0.01    0.01    0.06    0.39    0.21    0.04    0.01    0.01    0.01    0.01    0.01      0.77      0.06
    1962    0.01    0.02    0.01    0.38    0.14    0.96    0.48    0.06    0.02    0.05    0.02    0.02      2.17      0.18
    1963    0.04    0.09    0.09    0.02    0.02    0.14    0.05    0.02    0.09    0.03    0.03    0.02      0.64      0.05
    1964    0.01    0.01    0.02    0.01    0.01    0.01    0.04    0.01    0.02    0.01    0.00    0.00      0.15      0.01
    1965    0.15    0.29    0.09    0.01    0.01    0.00    0.01    0.00    0.00    0.00    0.00    0.02      0.59      0.05
    1966    0.01    0.00    0.00    0.25    0.10    0.26    0.41    0.28    0.07    0.02    0.02    0.03      1.45      0.12
    1967    0.03    0.03    0.03    0.03    0.03    0.28    0.14    0.04    0.04    0.04    0.04    0.08      0.80      0.07
    1968    0.04    0.03    0.03    0.02    0.13    0.11    0.05    0.01    0.01    0.01    0.01    0.01      0.45      0.04
    1969    0.08    0.05    0.01    0.01    0.02    0.01    0.00    0.01    0.04    0.01    0.12    0.04      0.39      0.03
    1970    0.00    0.01    0.81    0.37    0.09    0.19    0.11    0.03    0.01    0.07    0.12    0.03      1.85      0.15
    1971    0.11    0.06    0.01    0.15    0.08    0.18    0.07    0.02    0.02    0.02    0.01    0.01      0.73      0.06
    1972    0.01    0.01    0.01    0.01    0.13    0.13    0.05    0.01    0.01    0.01    0.02    0.01      0.39      0.03
    1973    0.01    0.04    0.07    0.99    0.58    9.92    3.19    0.09    0.05    0.05    0.35    0.12     15.47      1.29
    1974    0.05    0.08    0.04    0.04    0.04    0.12    0.05    0.04    0.04    0.03    0.03    0.03      0.57      0.05
    1975    0.02    0.02    0.24    0.31    0.47    4.22    1.36    0.05    0.04    0.04    0.04    0.04      6.84      0.57
    1976    0.15    0.08    0.03    0.03    0.39    0.15    0.05    0.18    0.06    0.03    0.03    0.02      1.21      0.10
    1977    0.02    0.02    0.09    0.04    0.02    0.04    0.06    0.02    0.01    0.01    0.01    0.01      0.34      0.03
    1978    0.01    0.01    0.15    0.08    0.11    0.04    0.01    0.02    0.01    0.17    0.09    0.02      0.71      0.06
    1979    0.05    0.03    0.01    0.01    0.11    0.06    0.02    0.01    0.01    0.01    0.01    0.01      0.32      0.03
    1980    0.01    0.03    0.12    0.10    0.23    0.21    0.06    0.11    0.04    0.01    0.07    0.02      1.02      0.09
    1981    0.03    0.05    0.08    0.02    0.02    0.10    0.11    0.03    0.07    0.10    0.03    0.01      0.66      0.06
    1982    0.02    0.02    0.01    0.01    0.01    0.01    0.01    0.01    0.01    0.39    0.14    0.01      0.66      0.05
    1983    0.04    0.07    0.15    0.05    0.01    0.02    0.02    0.03    0.01    0.01    0.01    0.01      0.44      0.04
    1984    0.16    0.09    0.02    0.12    0.31    0.10    0.03    0.01    0.01    0.01    0.01    0.01      0.88      0.07
    1985    0.27    0.36    1.71    0.57    0.07    0.04    0.02    0.02    0.02    0.02    0.01    0.01      3.12      0.26
    1986    0.37    0.24    0.04    0.01    0.09    0.03    0.01    0.01    0.01    0.01    0.01    0.14      0.96      0.08
    1987    0.05    0.08    0.03    0.02    0.59    0.22    0.03    0.01    0.01    0.01    0.01    0.01      1.07      0.09
    1988    0.01    0.08    0.24    0.14    0.04    0.03    0.18    0.06    0.01    0.01    0.01    0.01      0.82      0.07
    1989    0.01    1.45    0.49    0.02    0.01    0.02    0.01    0.01    0.01    0.01    0.01    0.01      2.05      0.17
    1990    0.01    0.00    0.00    0.11    0.08    0.16    0.05    0.01    0.03    0.01    0.00    0.01      0.49      0.04
    1991    0.78    0.27    0.07    0.02    0.02    0.04    0.04    0.01    0.01    0.01    0.01    0.00      1.27      0.11
    1992    0.00    0.01    0.00    0.02    0.08    0.03    0.02    0.01    0.01    0.00    0.00    0.00      0.20      0.02
    1993    0.00    0.06    0.46    0.29    0.08    0.01    0.01    0.01    0.01    0.01    0.01    0.00      0.95      0.08
    1994    0.04    0.01    0.13    0.25    0.16    0.06    0.02    0.01    0.01    0.01    0.00    0.00      0.70      0.06
    1995    0.00    0.06    0.14    0.38    0.17    0.04    0.01    0.01    0.01    0.01    0.00    0.00      0.82      0.07
    1996    0.02    0.48    0.26    0.15    0.04    0.18    0.41    0.13    0.23    0.08    0.02    0.02      2.02      0.17
    1997    0.02    0.02    0.02    0.03    0.09    0.12    0.05    0.03    0.03    0.03    0.02    0.02      0.47      0.04
    1998    0.02    0.07    0.03    0.17    0.06    0.11    0.04    0.01    0.01    0.02    0.01    0.01      0.55      0.05
    1999    0.01    0.00    0.34    0.18    0.05    0.10    0.07    0.01    0.01    0.01    0.00    0.10      0.87      0.07
    2000    0.05    1.30    0.44    0.02    0.01    0.07    0.23    0.07    0.01    0.01    0.01    0.10      2.33      0.19
    2001    0.04    0.14    0.10    0.10    0.03    0.01    0.01    0.01    0.01    0.02    0.17    0.26      0.90      0.08
    2002    0.08    0.01    0.03    0.01    0.14    0.07    0.03    0.04    0.01    0.01    0.01    0.01      0.47      0.04
    2003    0.02    0.04    0.01    0.25    0.27    0.11    0.14    0.04    0.01    0.01    0.01    0.42      1.33      0.11
    2004    0.15    0.02    0.24    0.64    0.29    0.04    0.04    0.02    0.02    0.01    0.01    0.01      1.49      0.12
    2005    0.02    0.43    0.15    0.22    0.39    0.12    0.01    0.09    0.03    0.01    0.15    0.05      1.69      0.14
    2006    0.16    0.12    0.09    0.04    0.02    0.13    0.23    0.07    0.03    0.02    0.02    0.02      0.96      0.08
    2007    0.02    0.06    0.51    0.18    0.02    0.02    0.02    0.02    0.02    0.01    0.01    0.01      0.89      0.07
    2008    0.01    0.01    0.03    0.07    0.22    0.08    0.02    0.01    0.01    0.01    0.00    0.00      0.45      0.04
    2009    0.02    0.01    0.00    0.12    0.06    0.04    0.01    0.00    0.00    0.00    0.00    0.00      0.27      0.02
  
 AVERAGE    0.10    0.15    0.14    0.11    0.12    0.33    0.17    0.14    0.05    0.03    0.03    0.04      1.40      0.12
