    1920    0.06    0.14    6.57    2.17    2.50    3.55    5.81    1.96    0.30    0.25    0.20    0.17     23.67      1.97
    1921    0.13    3.80    9.56    4.89    0.85    0.19    0.20    0.22    1.82    0.98    0.33    0.24     23.20      1.93
    1922    0.19    9.43    3.19    1.29    0.90    0.90    0.45    0.23    0.26    0.55    0.27    0.16     17.82      1.49
    1923    0.15    1.51    0.55    0.10    0.96    0.98    0.25    0.12    0.12    0.12    0.12    0.22      5.20      0.43
    1924    0.08    0.05    0.73    0.28    0.04    4.14    2.17    0.43    0.21    0.20    0.16    0.34      8.83      0.74
    1925    0.15    0.26    0.32    0.11    0.06    0.43    0.19    0.10    0.30    0.20    0.11    0.10      2.33      0.19
    1926    0.06    1.28    0.86    0.16    0.06    0.56    0.21    0.19    0.12    0.10    0.14    0.07      3.84      0.32
    1927    0.04    0.22    0.44    0.16    0.03   15.51    5.23    0.17    0.15    0.16    0.16    0.79     23.07      1.92
    1928    0.33    0.12    0.48    0.15    0.17    0.32    0.14    0.09    0.12    0.55    0.34    1.38      4.20      0.35
    1929    1.08    0.24    1.07    0.51    1.16    1.20    0.41    0.14    0.19    0.18    0.38    0.22      6.78      0.57
    1930    1.63    0.60    0.07    1.60    0.58    2.10    1.49    0.35    0.15    0.90    0.44    0.13     10.04      0.84
    1931    0.95    0.77    7.63    5.76    1.91    0.42    0.16    0.18    0.22    0.27    0.19    4.70     23.15      1.93
    1932    3.15    1.47    0.32    0.13    0.13    0.49    0.84    0.30    0.17    0.16    0.52    0.24      7.93      0.66
    1933    0.09    3.38    1.62    1.18    5.27    6.31    1.92    0.24    0.21    0.49    0.24    0.16     21.09      1.76
    1934    0.13    0.50    0.56    0.28    0.49    0.49    0.51    4.42    1.75    0.28    0.22    0.18      9.79      0.82
    1935    0.13    0.72    1.46    0.43    0.62    3.08    1.09    0.52    0.27    0.31    0.20    0.15      8.97      0.75
    1936    1.78    4.94    1.57    0.26    1.02    1.02    0.26    0.14    0.14    0.16    0.14    0.11     11.55      0.96
    1937    0.09    0.35    5.18    1.92    0.52    1.07    1.37    0.47    0.24    0.19    0.14    0.12     11.65      0.97
    1938    0.30    1.29    0.76    0.31   10.09    3.79    0.29    0.20    0.21    0.23    1.83    0.95     20.24      1.69
    1939    1.90    0.70    0.12    0.25    5.13    9.09    2.64    0.31    0.27    0.28    0.23    1.33     22.27      1.86
    1940    0.58    0.26    0.13    0.78    1.40    0.40    0.85    0.36    0.19    0.19    0.17    0.11      5.39      0.45
    1941    8.51    2.87    0.30    0.27    0.48    0.61    0.26    0.16    0.19    0.17    0.14    0.18     14.14      1.18
    1942    9.81    3.63    0.42    0.28    0.10    0.78    1.55    0.65    0.57    0.30    0.19    0.17     18.44      1.54
    1943    0.11   17.89    9.43    1.28    0.50    2.19    0.72   18.51    6.57    0.51    0.34    0.28     58.33      4.86
    1944    1.61    0.55    0.21    0.94    0.39    0.31    0.24    1.47    0.66    0.27    0.21    0.16      7.01      0.58
    1945    0.23    0.11    0.10    0.08    1.25    0.89    0.32    0.21    0.17    0.16    0.13    0.10      3.74      0.31
    1946    1.78    0.77    0.09    0.06    0.05    0.57    0.22    0.09    0.10    0.20    0.13    0.57      4.63      0.39
    1947    0.24    0.42    2.56    1.00    3.13    1.46    9.67    3.32    0.23    0.25    0.20    0.15     22.64      1.89
    1948    0.13    0.11    0.10    0.08    0.08    0.08    0.13    0.19    0.13    0.10    0.08    0.06      1.27      0.11
    1949    0.05    0.19    0.13    0.06    0.64    7.27    2.58    0.40    0.19    0.19    0.37    0.89     12.97      1.08
    1950    1.10    3.61    5.80    3.00    0.78    0.47    0.16    0.17    0.18    0.22    0.20    1.33     17.03      1.42
    1951    0.61    0.10    0.09    0.08   13.36    4.78    0.32    0.19    0.17    0.19    0.31    1.75     21.95      1.83
    1952    0.65    0.51    0.73    0.20    1.41    0.67    0.39    0.17    0.15    0.15    0.90    1.72      7.64      0.64
    1953   13.70    6.99    1.94    0.51    0.17    8.16    3.07    0.51    0.35    0.34    0.29    0.23     36.24      3.02
    1954    0.18    1.34    0.45    0.17    1.68    1.50    0.73    0.20    0.21    0.20    0.17    0.14      6.98      0.58
    1955    0.23    3.71    1.30    0.10    0.72    4.02    1.38    0.36    0.20    0.17    0.15    0.85     13.18      1.10
    1956    1.15    3.66    3.73    1.20    3.00    3.98    1.16    0.23    0.25    0.23    0.20    0.16     18.95      1.58
    1957    0.13    0.11    0.56    1.97    0.64    0.09    0.20    2.74    1.12    0.18    0.14    0.12      8.00      0.67
    1958    0.10    0.29    1.29    1.25    0.53    0.88    0.99    0.63    0.23    0.47    0.36    0.15      7.18      0.60
    1959    0.09    0.08    0.07    1.18    0.44    0.47    0.33    0.15    0.15    0.14    0.41    0.27      3.78      0.32
    1960    0.11    0.57    0.24    0.67    0.27   11.82    4.20    1.05    0.47    0.22    0.74    0.31     20.66      1.72
    1961    0.13    0.11    0.10    0.08    4.47    2.31    0.43    0.17    0.17    0.17    0.26    0.13      8.52      0.71
    1962    0.10    0.17    0.08    6.43    2.20   10.63    4.66    0.55    0.28    0.29    0.24    0.18     25.80      2.15
    1963    0.57    1.29    1.48    0.38    2.30    1.35    0.26    0.16    2.54    1.09    0.33    0.24     12.00      1.00
    1964    0.21    0.11    0.87    0.31    0.09    0.17    0.89    0.41    0.95    0.63    0.24    0.17      5.06      0.42
    1965    5.30    2.98    0.45    0.84    0.32    0.13    0.20    0.17    0.16    0.14    0.14    0.51     11.34      0.95
    1966    0.19    0.11    0.06    0.30    0.32    2.00    1.19    2.47    1.10    0.42    0.22    0.14      8.52      0.71
    1967    0.12    0.15    0.16    0.09    0.09    0.99    0.49    0.16    0.27    0.18    0.26    1.88      4.85      0.40
    1968    0.72    0.14    0.16    0.07    1.53    1.80    0.74    0.19    0.16    0.14    0.11    0.09      5.84      0.49
    1969    0.78    1.01    0.27    0.06    0.47    0.16    0.06    0.08    0.12    0.12    2.05    0.80      5.98      0.50
    1970    0.48    0.29   10.08    4.23    0.78    0.51    2.07    0.95    0.26    0.70   11.65    3.98     35.98      3.00
    1971    0.61    0.23    0.39    1.73    0.68    4.71    1.79    0.28    0.29    0.27    0.22    0.18     11.38      0.95
    1972    0.15    0.13    0.11    0.10    2.32    3.82    2.13    0.50    0.20    0.18    0.27    0.15     10.05      0.84
    1973    0.13    0.16    0.96    8.08    7.72   35.97   11.31    1.20    0.64    0.37    2.84    1.06     70.45      5.87
    1974    0.25    2.86    1.01    0.21    0.61    1.87    0.67    0.23    0.26    0.31    0.25    0.58      9.12      0.76
    1975    0.21    0.25    4.94    4.06    6.37   22.42    7.03    0.91    0.42    0.38    0.31    0.25     47.56      3.96
    1976    3.88    1.57    0.47    0.18    7.94    2.89    0.52    3.79    1.48    0.31    0.25    0.23     23.51      1.96
    1977    0.19    0.24    1.68    0.91    0.21    2.84    1.30    0.20    0.21    0.20    0.17    0.14      8.30      0.69
    1978    0.11    0.12    1.63    0.83    2.95    1.11    0.12    0.29    0.20    4.05    3.06    0.83     15.31      1.28
    1979    0.60    0.19    0.14    0.13    2.14    1.12    0.18    0.19    0.20    0.19    0.17    0.18      5.42      0.45
    1980    0.11    0.53    2.00    1.00    1.50    2.68    0.89    1.20    0.58    0.22    1.89    0.74     13.34      1.11
    1981    1.45    0.54    1.11    0.38    0.11    0.11    6.13    2.21    0.64    0.97    0.42    0.19     14.25      1.19
    1982    0.42    0.19    0.17    0.11    0.10    0.10    0.11    0.19    0.37   17.04    5.75    0.28     24.83      2.07
    1983    0.56    1.57    0.67    0.20    0.16    0.14    0.16    0.19    0.20    0.18    0.15    0.12      4.30      0.36
    1984    0.35    0.53    0.18    3.39    3.99    1.05    0.37    0.17    0.21    0.19    0.13    0.10     10.66      0.89
    1985    1.50    3.74   12.99    4.08    0.20    0.15    0.15    0.15    0.15    0.15    0.14    0.12     23.52      1.96
    1986    9.49    4.35    0.44    0.12    0.19    0.10    0.18    0.17    0.20    0.18    0.14    3.56     19.11      1.59
    1987    1.30    0.46    0.23    0.14    4.32    2.07    1.12    0.46    0.22    0.21    0.16    0.63     11.33      0.94
    1988    0.27    0.82    2.63    2.81    0.77    1.23    6.93    2.49    0.27    0.24    0.20    0.16     18.83      1.57
    1989    1.58   19.19    6.16    0.44    0.29    0.53    0.29    0.21    0.24    0.22    0.19    0.15     29.49      2.46
    1990    0.12    0.09    0.08    1.28    0.48    0.17    0.08    0.09    0.21    0.15    0.10    0.14      3.00      0.25
    1991    5.46    2.18    0.95    0.28    0.10    0.31    0.12    0.09    0.21    0.17    0.17    0.09     10.14      0.84
    1992    0.19    0.10    0.04    0.19    0.26    0.21    0.49    0.22    0.12    0.11    0.09    0.50      2.53      0.21
    1993    0.23    1.08    4.14    2.69    1.84    0.56    0.25    0.13    0.15    0.21    0.17    0.11     11.55      0.96
    1994    0.53    0.20    2.80    6.98    2.28    0.24    0.14    0.19    0.18    0.16    0.13    0.11     13.95      1.16
    1995    0.09    1.50    1.60    1.35    0.73    0.23    0.11    0.12    0.11    0.10    0.11    0.09      6.13      0.51
    1996    0.14    6.73    3.86    1.00    0.28    0.29    2.26    0.99    1.18    0.56    0.18    0.13     17.61      1.47
    1997    0.28    0.12    0.09    0.11    1.62    2.70    0.97    0.18    0.17    0.15    0.14    0.11      6.64      0.55
    1998    1.04    0.76    0.80    1.09    0.33    0.59    0.25    0.10    0.10    0.36    0.19    0.07      5.69      0.47
    1999    0.05    0.04    2.01    3.64    1.24    3.06    4.44    1.35    0.20    0.18    0.14    0.82     17.17      1.43
    2000    0.39    7.95    2.72    1.07    0.47    1.72    3.50    1.17    0.23    0.23    0.23    1.01     20.68      1.72
    2001    0.40    1.71    2.33    1.27    0.22    0.22    0.13    0.15    0.22    0.36    1.47    1.35      9.83      0.82
    2002    0.35    0.10    2.20    0.97    2.19    1.81    2.02    0.95    0.27    0.21    0.19    0.17     11.44      0.95
    2003    0.26    0.11    0.10    0.48    4.74    1.89    0.60    0.22    0.30    0.32    0.20    1.36     10.58      0.88
    2004    0.50    0.10    0.95    1.60    0.81    0.46    0.43    0.22    0.18    0.15    0.13    0.09      5.61      0.47
    2005    0.07    5.33    1.82    3.83    1.88    0.24    0.13    0.59    0.37    0.24    9.06    3.24     26.79      2.23
    2006    0.19    0.15    0.35    0.28    0.39    1.23    0.96    0.32    0.42    0.30    0.23    0.15      4.97      0.41
    2007    1.34    0.55   13.04    4.73    3.08    1.88    0.54    0.25    0.25    0.23    0.62    0.27     26.77      2.23
    2008    0.14    0.83    0.28    0.09    1.98    0.72    0.27    0.14    0.31    0.41    0.21    0.11      5.49      0.46
    2009    0.63    0.25    0.15    0.84    0.51    0.42    0.15    0.09    0.13    0.30    0.17    0.08      3.72      0.31
  
 AVERAGE    1.08    1.70    1.83    1.25    1.60    2.57    1.39    0.78    0.42    0.51    0.65    0.55     14.34      1.20
