    1920    0.22    0.16    2.65    0.89    2.00    2.48    3.99    1.54    0.37    0.26    0.20    0.15     14.93      1.24
    1921    0.12    4.20   13.91    4.71    0.23    0.43    0.22    0.22    0.79    0.57    0.30    0.20     25.91      2.16
    1922    0.15    7.97    2.71    0.54    0.68    0.57    0.54    0.20    0.22    0.97    0.44    0.14     15.14      1.26
    1923    0.12    2.19    0.77    0.09    0.37    0.56    0.23    0.13    0.12    0.12    0.12    0.17      4.99      0.42
    1924    0.08    0.06    0.86    0.32    0.08    1.69    1.44    0.44    0.23    0.29    0.19    0.30      5.98      0.50
    1925    0.14    0.29    0.47    0.17    0.05    0.15    0.09    0.09    0.20    0.16    0.10    0.10      2.02      0.17
    1926    0.08    0.43    0.18    0.03    0.03    0.22    0.09    0.06    0.07    0.09    0.17    0.09      1.55      0.13
    1927    0.04    0.19    0.22    0.22    0.07   22.73    7.52    0.18    0.16    0.16    0.15    1.13     32.77      2.73
    1928    0.49    0.08    0.14    0.05    0.26    0.15    0.08    0.08    0.10    0.27    0.22    0.97      2.89      0.24
    1929    0.84    0.21    2.27    1.08    0.76    0.96    0.33    0.11    0.22    0.16    0.23    0.15      7.30      0.61
    1930    1.04    0.40    0.05    0.85    0.30    1.27    1.41    0.44    0.12    0.86    0.41    0.10      7.24      0.60
    1931    0.89    0.47    4.75    6.73    2.14    0.23    0.12    0.17    0.19    0.20    0.15    6.27     22.30      1.86
    1932    3.84    1.02    0.15    0.10    0.42    0.32    1.51    0.60    0.16    0.15    1.14    0.47      9.89      0.82
    1933    0.09    0.77    0.31    0.19    2.22    8.12    2.58    0.19    0.17    0.22    0.17    0.13     15.18      1.26
    1934    0.11    0.11    0.28    0.26    0.33    0.14    0.44    4.49    1.76    0.26    0.20    0.18      8.55      0.71
    1935    0.10    0.56    0.71    0.18    0.23    3.47    1.26    0.19    0.17    0.28    0.17    0.11      7.42      0.62
    1936    2.05    3.58    1.07    0.26    0.12    0.08    0.09    0.09    0.10    0.12    0.10    0.09      7.74      0.65
    1937    0.07    0.49    0.92    0.39    0.32    0.48    0.94    0.38    0.15    0.13    0.10    0.10      4.48      0.37
    1938    0.59    0.91    0.44    0.25    4.10    1.83    0.28    0.15    0.16    0.31    1.79    0.83     11.66      0.97
    1939    1.65    0.58    0.26    0.14    6.05    9.60    2.67    0.23    0.21    0.30    0.20    0.54     22.44      1.87
    1940    0.25    0.15    0.08    1.30    0.94    0.18    2.10    0.84    0.18    0.18    0.14    0.11      6.43      0.54
    1941    9.53    3.20    0.49    1.11    0.53    0.23    0.12    0.14    0.16    0.16    0.13    0.11     15.91      1.33
    1942    8.80    3.10    0.15    0.09    0.09    0.16    0.61    0.27    1.20    0.58    0.24    0.21     15.50      1.29
    1943    0.09   15.54    6.87    0.67    0.41    0.86    0.27   29.44   10.06    0.47    0.29    0.23     65.21      5.43
    1944    0.52    0.18    0.13    0.73    0.38    0.33    0.19    0.89    0.44    0.21    0.15    0.11      4.24      0.35
    1945    0.09    0.07    0.06    0.05    0.46    0.70    0.48    0.38    0.19    0.15    0.13    0.10      2.86      0.24
    1946    0.91    0.35    0.06    0.05    0.05    0.68    0.27    0.09    0.10    0.13    0.11    0.23      3.02      0.25
    1947    0.25    0.25    0.84    0.36    2.60    1.05   11.56    3.97    0.24    0.25    0.20    0.14     21.69      1.81
    1948    0.12    0.10    0.08    0.07    0.06    0.06    0.10    0.24    0.14    0.10    0.08    0.06      1.20      0.10
    1949    0.05    0.23    0.09    0.08    0.15    3.51    1.33    0.26    0.15    0.15    0.33    0.47      6.79      0.57
    1950    0.59    2.14    3.12    2.64    0.80    0.44    0.15    0.11    0.12    0.22    0.16    0.38     10.87      0.91
    1951    0.89    0.29    0.05    0.04   13.68    4.70    0.24    0.16    0.15    0.18    0.44    3.18     24.02      2.00
    1952    1.17    2.10    0.99    0.10    1.23    0.46    0.11    0.11    0.12    0.13    0.90    1.17      8.56      0.71
    1953   20.76    8.81    1.75    0.49    0.13    8.59    3.41    0.80    0.35    0.28    0.23    0.18     45.77      3.81
    1954    0.14    1.14    0.39    0.10    1.93    1.38    0.84    0.27    0.19    0.18    0.16    0.14      6.87      0.57
    1955    0.26    3.07    1.16    0.08    0.25    1.59    0.57    0.22    0.17    0.14    0.13    0.86      8.49      0.71
    1956    0.84    2.22    1.76    0.39    1.32    3.02    1.02    0.18    0.19    0.18    0.17    0.13     11.42      0.95
    1957    0.10    0.07    0.37    0.78    0.23    0.06    0.20    4.66    1.78    0.19    0.15    0.12      8.71      0.73
    1958    0.09    0.10    0.67    1.89    0.75    0.68    0.85    0.46    0.17    0.56    0.38    0.13      6.74      0.56
    1959    0.08    0.06    0.05    1.29    0.47    0.39    0.25    0.14    0.15    0.13    0.29    0.20      3.50      0.29
    1960    0.12    0.39    0.14    0.62    0.30   12.08    4.15    0.75    0.36    0.20    0.76    0.32     20.19      1.68
    1961    0.11    0.09    0.07    0.08    4.75    3.01    0.77    0.17    0.16    0.15    0.20    0.12      9.69      0.81
    1962    0.09    0.15    0.09    6.65    2.28    9.42    4.63    0.70    0.27    0.28    0.23    0.17     24.95      2.08
    1963    0.43    1.01    1.35    0.37    1.79    1.51    0.37    0.14    2.41    1.06    0.26    0.19     10.88      0.91
    1964    0.29    0.13    0.46    0.15    0.06    0.14    0.44    0.26    0.37    0.31    0.16    0.18      2.97      0.25
    1965    2.88    2.17    0.45    0.15    0.10    0.36    0.23    0.12    0.12    0.11    0.11    0.21      7.00      0.58
    1966    0.08    0.08    0.05    0.13    0.22    1.25    0.59    2.42    1.05    0.36    0.19    0.11      6.54      0.55
    1967    0.09    0.07    0.06    0.05    0.05    0.17    0.40    0.23    0.16    0.13    0.11    1.42      2.93      0.24
    1968    0.57    0.08    0.23    0.07    0.89    0.50    0.16    0.10    0.10    0.10    0.08    0.07      2.96      0.25
    1969    0.19    0.17    0.04    0.03    0.09    0.03    0.03    0.05    0.08    0.09    1.20    0.50      2.51      0.21
    1970    0.40    0.42    7.60    2.94    2.25    0.98    0.36    0.42    0.21    0.90   19.13    6.32     41.93      3.49
    1971    0.79    0.28    0.38    0.75    0.26    1.68    0.64    0.16    0.17    0.16    0.13    0.11      5.51      0.46
    1972    0.08    0.06    0.05    0.05    1.58    2.49    2.18    0.72    0.18    0.16    0.31    0.16      8.02      0.67
    1973    0.12    0.24    0.90    5.15    8.54   31.18    9.53    1.17    0.60    0.34    2.19    0.85     60.83      5.07
    1974    0.21    2.94    1.04    0.15    0.60    0.71    0.21    0.16    0.29    0.26    0.20    0.67      7.44      0.62
    1975    0.25    0.22    2.29    2.56    4.49   18.93    5.98    0.78    0.38    0.33    0.26    0.20     36.68      3.06
    1976    3.09    1.28    0.35    0.16   15.43    5.30    1.49    4.75    1.78    0.32    0.25    0.22     34.41      2.87
    1977    0.19    0.16    1.23    0.72    0.17    0.80    0.41    0.16    0.19    0.19    0.16    0.13      4.49      0.37
    1978    0.11    0.56    0.60    0.42    0.95    0.51    0.11    0.19    0.17    4.72    9.38    2.83     20.55      1.71
    1979    0.20    0.15    0.13    0.10    1.94    1.10    0.18    0.14    0.15    0.15    0.14    0.13      4.50      0.38
    1980    0.10    0.94    0.87    0.30    1.22    3.23    1.11    1.66    0.78    0.24    1.30    0.52     12.27      1.02
    1981    2.45    0.90    1.90    0.66    0.10    0.10    4.00    1.50    0.28    1.29    0.59    0.25     14.02      1.17
    1982    0.28    0.11    0.27    0.09    0.07    0.11    0.08    0.10    0.16   13.51    4.65    0.22     19.65      1.64
    1983    0.38    2.06    0.83    0.18    0.28    0.23    0.17    0.15    0.16    0.15    0.12    0.10      4.79      0.40
    1984    0.30    0.41    0.15    1.94    3.54    1.05    0.34    0.16    0.16    0.17    0.13    0.11      8.46      0.70
    1985    1.87    2.68    6.90    2.39    0.13    0.12    0.12    0.11    0.12    0.12    0.13    0.11     14.81      1.23
    1986    4.06    2.15    0.28    0.08    0.10    0.07    0.07    0.17    0.16    0.14    0.10    2.44      9.81      0.82
    1987    0.91    0.25    0.10    0.05    1.86    0.79    0.79    0.36    0.14    0.14    0.11    0.63      6.14      0.51
    1988    0.31    0.71    0.80    0.84    0.33    0.57    4.14    1.53    0.18    0.16    0.12    0.10      9.80      0.82
    1989    1.40   18.67    5.96    0.40    0.15    0.11    0.12    0.13    0.14    0.14    0.13    0.11     27.46      2.29
    1990    0.08    0.07    0.05    0.48    0.17    0.08    0.05    0.05    0.10    0.10    0.09    0.11      1.43      0.12
    1991    3.04    1.16    0.76    0.25    0.07    0.16    0.07    0.07    0.18    0.15    0.26    0.12      6.29      0.52
    1992    0.13    1.23    0.43    0.44    0.24    0.06    0.23    0.13    0.15    0.13    0.09    1.09      4.36      0.36
    1993    0.57    0.69    3.72    3.43    2.39    0.74    0.37    0.16    0.14    0.17    0.16    0.10     12.65      1.05
    1994    0.57    0.21    1.57    5.58    1.95    0.17    0.11    0.13    0.13    0.12    0.11    0.10     10.76      0.90
    1995    0.08    1.17    2.36    1.32    0.34    0.27    0.12    0.10    0.10    0.10    0.11    0.08      6.16      0.51
    1996    0.37    6.61    3.12    0.68    0.25    0.43    5.46    2.02    0.90    0.47    0.19    0.46     20.96      1.75
    1997    0.35    0.09    0.07    0.08    6.05    2.66    0.38    0.17    0.16    0.15    0.13    0.10     10.41      0.87
    1998    1.65    0.69    0.47    0.89    0.26    0.45    0.29    0.11    0.10    1.03    0.48    0.09      6.53      0.54
    1999    0.06    0.05    1.95    3.51    1.26    4.25    2.25    0.38    0.17    0.15    0.13    0.12     14.27      1.19
    2000    0.11    9.55    3.20    1.74    0.60    1.19    3.10    1.10    0.22    0.20    0.20    0.18     21.40      1.78
    2001    0.12    0.09    0.07    0.06    0.05    0.05    0.05    0.06    0.09    0.18    0.90    4.98      6.72      0.56
    2002    1.69    0.09    0.43    0.39    0.56    0.42    0.40    1.65    0.71    0.15    0.13    0.10      6.72      0.56
    2003    0.27    0.10    0.05    0.42    2.12    0.85    0.31    0.13    0.17    0.18    0.14    0.46      5.19      0.43
    2004    0.17    0.05    0.19    0.27    0.18    0.42    0.55    0.23    0.13    0.11    0.10    0.07      2.48      0.21
    2005    0.07   11.05    3.64    4.20    2.54    0.41    0.13    0.14    0.17    0.18    4.98    1.87     29.37      2.45
    2006    0.14    0.29    0.56    0.45    0.29    2.34    1.56    0.40    0.66    0.42    0.21    0.12      7.45      0.62
    2007    0.89    0.59    8.92    3.30    1.92    1.82    0.71    0.21    0.21    0.19    0.51    0.23     19.49      1.62
    2008    0.11    0.65    0.22    0.11    1.91    0.71    0.15    0.12    0.44    0.50    0.24    0.10      5.26      0.44
    2009    0.75    0.28    0.07    0.29    0.37    0.46    0.14    0.07    0.09    0.12    0.10    0.08      2.79      0.23
  
 AVERAGE    1.02    1.58    1.33    0.95    1.39    2.23    1.23    0.89    0.43    0.46    0.71    0.56     12.79      1.07
