    1920    0.11    0.15    1.68    0.59    0.36    0.95    1.30    0.39    0.08    0.08    0.08    0.08      5.85      0.49
    1921    0.07    2.59    2.33    1.22    0.26    0.17    0.09    0.09    0.72    0.28    0.08    0.08      7.98      0.66
    1922    0.08    7.16    2.47    0.29    0.40    0.49    0.19    0.10    0.09    0.19    0.08    0.08     11.62      0.97
    1923    0.07    0.19    0.06    0.05    0.16    0.55    0.19    0.05    0.05    0.05    0.04    0.04      1.51      0.13
    1924    0.04    0.03    1.26    0.46    0.06    1.15    0.60    0.08    0.05    0.04    0.04    0.17      3.98      0.33
    1925    0.06    0.07    0.19    0.06    0.04    0.14    0.05    0.03    0.06    0.02    0.02    0.10      0.84      0.07
    1926    0.27    0.36    0.13    0.02    0.02    0.19    0.06    0.02    0.02    0.02    0.02    0.01      1.14      0.09
    1927    0.01    0.04    0.06    0.12    0.04    9.21    3.07    0.09    0.08    0.07    0.06    0.33     13.18      1.10
    1928    0.29    0.10    0.15    0.05    0.03    0.11    0.04    0.02    0.04    0.04    0.04    0.96      1.88      0.16
    1929    0.52    0.07    0.35    0.23    0.23    1.01    0.34    0.03    0.11    0.04    0.10    0.12      3.16      0.26
    1930    0.78    0.27    0.02    0.49    0.18    0.35    0.77    0.24    0.03    0.77    0.28    0.03      4.21      0.35
    1931    0.45    0.18    1.27    1.52    0.73    0.15    0.04    0.09    0.03    0.03    0.03    3.12      7.66      0.64
    1932    1.84    0.51    0.08    0.05    0.10    0.04    0.74    0.26    0.04    0.04    0.41    0.14      4.25      0.35
    1933    0.03    0.71    0.33    0.45    1.13    2.57    0.83    0.06    0.06    0.10    0.05    0.05      6.37      0.53
    1934    0.14    0.14    0.12    0.14    0.07    0.18    0.39    2.88    0.97    0.06    0.05    0.06      5.21      0.43
    1935    0.05    0.13    0.23    0.06    0.11    0.89    0.30    0.05    0.04    0.07    0.03    0.03      2.00      0.17
    1936    0.74    1.23    0.40    0.04    0.04    0.09    0.03    0.03    0.03    0.03    0.03    0.03      2.72      0.23
    1937    0.02    0.31    0.68    0.40    0.36    0.52    0.68    0.19    0.04    0.03    0.03    0.07      3.33      0.28
    1938    0.40    0.74    0.37    0.24    2.64    1.53    0.26    0.06    0.06    0.06    0.33    0.25      6.94      0.58
    1939    1.13    0.38    0.08    0.04    3.35    6.16    1.74    0.11    0.10    0.09    0.09    0.16     13.44      1.12
    1940    0.07    0.06    0.06    0.24    0.66    0.20    0.81    0.28    0.05    0.05    0.04    0.04      2.55      0.21
    1941    5.54    1.88    0.07    0.55    0.20    0.09    0.06    0.05    0.05    0.04    0.04    0.04      8.60      0.72
    1942    2.63    1.03    0.08    0.08    0.04    0.04    0.18    0.07    0.52    0.18    0.05    0.05      4.94      0.41
    1943    0.03    3.23    1.90    0.33    0.49    1.59    0.51    5.01    1.75    0.11    0.10    0.26     15.32      1.28
    1944    0.16    0.08    0.07    0.20    0.22    0.13    0.05    0.10    0.07    0.05    0.04    0.04      1.20      0.10
    1945    0.10    0.04    0.03    0.03    0.27    1.21    0.48    0.04    0.04    0.03    0.03    0.03      2.32      0.19
    1946    0.49    0.20    0.05    0.15    0.05    0.55    0.20    0.03    0.03    0.13    0.04    0.15      2.06      0.17
    1947    0.14    0.24    0.35    0.14    0.83    0.34    5.00    1.69    0.08    0.07    0.07    0.06      9.02      0.75
    1948    0.15    0.05    0.04    0.04    0.11    0.04    0.03    0.03    0.03    0.03    0.03    0.03      0.62      0.05
    1949    0.04    0.80    0.29    0.03    0.10    0.56    0.21    0.54    0.19    0.03    0.06    0.04      2.88      0.24
    1950    0.48    0.85    2.17    3.06    0.86    0.10    0.06    0.05    0.05    0.04    0.04    0.88      8.64      0.72
    1951    0.47    0.05    0.03    0.08    2.21    0.79    0.04    0.04    0.04    0.03    0.05    2.89      6.74      0.56
    1952    1.00    0.26    0.12    0.04    0.79    0.28    0.04    0.04    0.03    0.03    0.59    0.60      3.83      0.32
    1953   11.68    5.57    0.85    0.11    0.10    2.77    1.06    0.10    0.10    0.09    0.08    0.07     22.57      1.88
    1954    0.07    0.38    0.13    0.11    0.56    0.40    0.11    0.04    0.04    0.04    0.04    0.05      1.97      0.16
    1955    0.04    1.82    0.66    0.05    0.08    0.30    0.09    0.05    0.03    0.03    0.03    0.88      4.07      0.34
    1956    0.45    0.82    0.86    0.21    1.98    1.16    0.19    0.06    0.05    0.05    0.05    0.04      5.92      0.49
    1957    0.04    0.04    0.06    0.67    0.24    0.04    0.10    1.83    0.63    0.05    0.05    0.04      3.78      0.32
    1958    0.15    0.12    0.69    0.98    0.31    0.34    0.56    0.19    0.04    0.66    0.35    0.05      4.43      0.37
    1959    0.04    0.03    0.03    0.44    0.15    0.48    0.26    0.05    0.03    0.03    0.02    0.09      1.67      0.14
    1960    0.11    0.19    0.11    0.55    0.24    1.54    0.55    0.37    0.12    0.04    0.15    0.05      4.02      0.34
    1961    0.03    0.06    0.02    0.12    0.68    1.94    0.73    0.05    0.05    0.04    0.04    0.04      3.80      0.32
    1962    0.28    0.21    0.05    1.63    0.63    4.97    2.39    0.26    0.09    0.09    0.07    0.07     10.75      0.90
    1963    0.24    0.24    0.24    0.07    0.83    0.63    0.13    0.05    0.63    0.21    0.09    0.24      3.60      0.30
    1964    0.10    0.04    0.10    0.04    0.03    0.08    0.08    0.08    0.10    0.04    0.03    0.07      0.79      0.07
    1965    1.32    1.64    0.44    0.11    0.11    0.08    0.04    0.03    0.03    0.03    0.05    0.06      3.94      0.33
    1966    0.03    0.35    0.15    0.08    0.10    1.50    0.86    1.43    0.48    0.08    0.05    0.05      5.16      0.43
    1967    0.05    0.04    0.04    0.03    0.03    0.14    0.45    0.15    0.15    0.06    0.03    0.50      1.68      0.14
    1968    0.18    0.04    0.04    0.03    0.30    0.56    0.17    0.03    0.03    0.03    0.03    0.02      1.46      0.12
    1969    0.05    0.07    0.02    0.02    0.05    0.02    0.02    0.01    0.03    0.01    2.31    0.81      3.41      0.28
    1970    0.11    0.05    3.98    1.47    1.25    0.60    0.15    0.06    0.06    0.23    4.33    1.47     13.75      1.15
    1971    0.31    0.14    0.07    0.33    0.43    0.40    0.11    0.05    0.05    0.05    0.04    0.04      2.03      0.17
    1972    0.04    0.06    0.03    0.03    0.68    0.37    0.28    0.08    0.03    0.03    0.25    0.09      1.96      0.16
    1973    0.08    0.33    0.62    2.94    4.03   33.24   10.44    0.21    0.19    0.18    0.77    0.26     53.28      4.44
    1974    0.14    1.36    0.49    0.11    0.11    0.67    0.21    0.09    0.16    0.08    0.08    1.15      4.66      0.39
    1975    0.40    0.14    2.09    0.89    3.55   23.34    7.30    0.22    0.21    0.20    0.19    0.18     38.72      3.23
    1976    0.86    0.48    0.14    0.13    4.00    1.42    0.54    0.84    0.22    0.14    0.13    0.17      9.07      0.76
    1977    0.11    0.20    1.01    0.35    0.10    0.09    0.74    0.24    0.09    0.09    0.09    0.09      3.20      0.27
    1978    0.17    0.08    0.54    0.27    0.34    0.27    0.07    0.07    0.08    1.87    1.50    0.32      5.58      0.46
    1979    0.43    0.16    0.09    0.08    0.14    0.13    0.06    0.06    0.06    0.06    0.05    0.05      1.37      0.11
    1980    0.05    0.56    0.38    0.47    0.23    1.02    0.35    0.47    0.16    0.06    0.19    0.06      4.01      0.33
    1981    0.26    0.09    0.08    0.04    0.18    0.27    0.25    0.06    0.47    0.19    0.03    0.03      1.96      0.16
    1982    0.16    0.09    0.02    0.02    0.02    0.02    0.02    0.02    0.01    0.82    0.29    0.05      1.55      0.13
    1983    0.30    1.64    0.70    0.07    0.03    0.03    0.05    0.02    0.02    0.02    0.02    0.02      2.93      0.24
    1984    0.13    0.35    0.13    0.29    1.40    0.46    0.06    0.03    0.03    0.02    0.02    0.02      2.95      0.25
    1985    1.77    5.62    4.89    1.58    0.22    0.08    0.33    0.11    0.07    0.06    0.05    0.05     14.83      1.24
    1986    1.59    0.76    0.07    0.05    0.24    0.08    0.07    0.03    0.03    0.03    0.02    0.42      3.39      0.28
    1987    0.15    0.04    0.03    0.23    0.93    0.36    0.05    0.11    0.03    0.02    0.02    0.06      2.05      0.17
    1988    0.03    0.08    2.04    0.71    0.09    0.32    1.89    0.64    0.05    0.04    0.04    0.04      5.96      0.50
    1989    1.11    4.63    1.46    0.40    0.15    0.34    0.16    0.05    0.05    0.04    0.04    0.04      8.47      0.71
    1990    0.03    0.03    0.02    0.48    0.25    0.07    0.02    0.02    0.02    0.02    0.02    0.02      1.01      0.08
    1991    4.23    1.57    0.72    0.23    0.04    2.87    1.00    0.07    0.06    0.05    0.05    0.04     10.92      0.91
    1992    0.20    0.11    0.03    1.23    0.48    0.03    0.23    0.08    0.03    0.03    0.02    0.13      2.61      0.22
    1993    0.07    0.34    3.94    1.54    0.83    0.27    0.05    0.05    0.04    0.04    0.04    0.03      7.24      0.60
    1994    0.14    0.05    1.24    1.51    0.76    0.17    0.04    0.04    0.03    0.03    0.03    0.02      4.06      0.34
    1995    0.02    0.85    1.39    0.66    1.57    0.66    0.08    0.04    0.04    0.04    0.03    0.03      5.40      0.45
    1996    0.03   14.61    5.76    0.50    0.10    0.43    1.52    0.49    0.14    0.08    0.07    0.07     23.78      1.98
    1997    0.34    0.13    0.05    0.04    0.33    2.20    0.75    0.05    0.05    0.05    0.04    0.04      4.07      0.34
    1998    0.21    0.84    0.40    0.32    0.10    0.66    0.26    0.03    0.03    0.23    0.08    0.03      3.20      0.27
    1999    0.03    0.02    2.15    2.81    0.76    2.50    1.17    0.11    0.07    0.07    0.06    0.35     10.11      0.84
    2000    0.29   10.18    3.40    0.47    0.17    0.79    1.48    0.42    0.10    0.09    0.08    0.96     18.42      1.54
    2001    0.47    1.17    0.95    1.03    0.30    0.17    0.11    0.06    0.06    0.05    0.74    0.72      5.83      0.49
    2002    0.17    0.05    0.08    0.04    0.21    0.32    0.18    0.21    0.06    0.04    0.03    0.03      1.42      0.12
    2003    0.16    0.07    0.07    0.75    1.47    0.53    0.94    0.32    0.05    0.05    0.05    0.93      5.38      0.45
    2004    0.33    0.06    1.73    1.68    0.93    0.23    2.78    1.00    0.09    0.08    0.08    0.07      9.07      0.76
    2005    0.06    2.98    1.04    1.54    1.80    0.48    0.16    0.15    0.08    0.07    0.79    0.29      9.44      0.79
    2006    1.13    0.42    0.46    0.35    0.18    0.85    0.45    0.06    0.06    0.05    0.05    0.05      4.10      0.34
    2007    0.17    0.38    2.96    1.29    2.06    0.72    0.08    0.07    0.07    0.06    0.06    0.05      7.98      0.66
    2008    0.05    0.71    0.43    0.08    3.49    1.21    0.07    0.07    0.06    0.06    0.05    0.05      6.33      0.53
    2009    0.18    0.09    0.04    1.23    0.53    0.18    0.20    0.05    0.04    0.04    0.04    0.03      2.64      0.22
  
 AVERAGE    0.55    0.97    0.75    0.50    0.65    1.42    0.69    0.27    0.13    0.11    0.19    0.25      6.49      0.54
