    1920    0.01    0.01    0.14    0.05    0.04    0.98    3.00    0.94    0.09    0.10    0.11    0.11      5.57      0.46
    1921    0.11    1.20    0.48    0.14    0.11    0.11    0.11    0.10    0.35    0.19    0.11    0.14      3.14      0.26
    1922    0.11   23.14    7.55    0.61    0.57    0.27    0.21    0.21    0.20    0.20    0.18    0.18     33.41      2.78
    1923    0.17    0.16    0.15    0.14    0.14    0.12    0.13    0.13    0.12    0.12    0.11    0.10      1.59      0.13
    1924    0.09    0.09    0.44    0.15    0.07    0.51    0.26    0.05    0.05    0.05    0.04    0.08      1.90      0.16
    1925    0.04    0.04    0.03    0.03    0.03    0.02    0.02    0.02    0.02    0.02    0.02    0.02      0.29      0.02
    1926    0.11    0.20    0.05    0.02    0.02    0.11    0.04    0.02    0.01    0.01    0.01    0.01      0.62      0.05
    1927    0.01    0.01    0.01    0.01    0.01    3.38    1.14    0.04    0.04    0.04    0.03    0.03      4.74      0.39
    1928    0.23    0.12    0.10    0.03    0.02    0.05    0.02    0.02    0.02    0.02    0.02    0.15      0.80      0.07
    1929    0.19    0.05    0.05    0.02    0.02    0.29    0.10    0.02    0.02    0.02    0.05    0.03      0.86      0.07
    1930    0.53    0.19    0.02    0.04    0.02    0.04    0.05    0.02    0.02    0.34    0.12    0.02      1.39      0.12
    1931    0.36    0.12    0.55    0.46    0.10    0.03    0.03    0.03    0.03    0.03    0.02    4.82      6.57      0.55
    1932    1.97    0.29    0.07    0.07    0.06    0.06    0.06    0.06    0.06    0.05    0.09    0.05      2.89      0.24
    1933    0.05    0.04    0.04    0.13    0.48    1.03    0.32    0.06    0.05    0.28    0.09    0.06      2.63      0.22
    1934    0.06    0.10    0.05    0.04    0.04    0.05    0.59   19.89    6.41    0.16    0.16    0.16     27.70      2.31
    1935    0.15    0.15    0.15    0.14    0.14    0.14    0.13    0.13    0.13    0.13    0.12    0.12      1.64      0.14
    1936    0.15    0.73    0.23    0.11    0.10    0.20    0.09    0.10    0.09    0.08    0.07    0.07      2.02      0.17
    1937    0.06    0.05    3.19    1.16    0.09    0.12    0.12    0.05    0.05    0.05    0.05    0.04      5.04      0.42
    1938    0.07    0.94    0.34    0.04    5.66    3.18    0.46    0.10    0.10    0.10    0.09    0.09     11.17      0.93
    1939    0.54    0.17    0.10    0.10    1.79    2.25    0.58    0.13    0.13    0.13    0.12    0.12      6.15      0.51
    1940    0.12    0.11    0.11    0.11    0.44    0.15    0.49    0.16    0.09    0.08    0.08    0.07      2.02      0.17
    1941    2.97    1.05    0.08    0.29    0.09    0.07    0.06    0.06    0.05    0.05    0.04    0.04      4.86      0.40
    1942    0.70    0.25    0.04    0.03    0.03    0.03    0.31    0.10    0.05    0.03    0.02    0.02      1.61      0.13
    1943    0.02    1.91    0.98    0.12    0.04    2.01    0.70    0.48    0.16    0.07    0.07    0.18      6.74      0.56
    1944    0.08    0.07    0.06    0.06    0.06    0.06    0.06    0.06    0.06    0.06    0.06    0.05      0.74      0.06
    1945    0.10    0.05    0.05    0.05    0.06    0.70    0.23    0.05    0.04    0.04    0.03    0.03      1.43      0.12
    1946    0.15    0.06    0.02    0.02    0.02    0.23    0.08    0.02    0.02    0.01    0.01    0.01      0.66      0.06
    1947    0.01    0.07    0.03    0.01    0.10    0.04    6.63    2.21    0.07    0.07    0.06    0.06      9.37      0.78
    1948    0.24    0.08    0.05    0.05    0.04    0.04    0.04    0.04    0.03    0.03    0.03    0.03      0.70      0.06
    1949    0.03    3.08    1.05    0.06    0.05    0.06    0.04    0.85    0.30    0.05    0.04    0.04      5.64      0.47
    1950    0.37    0.36    2.08    2.14    0.53    0.07    0.07    0.07    0.06    0.06    0.06    1.49      7.34      0.61
    1951    0.53    0.07    0.07    0.06    0.87    0.30    0.07    0.06    0.06    0.06    0.06    1.88      4.09      0.34
    1952    0.67    0.07    0.06    0.06    0.26    0.09    0.05    0.04    0.04    0.04    0.22    0.46      2.06      0.17
    1953   29.01   10.20    0.31    0.15    0.14    2.93    1.02    0.15    0.15    0.15    0.15    0.15     44.51      3.71
    1954    0.14    0.13    0.13    0.13    0.41    0.14    0.12    0.12    0.12    0.12    0.12    0.12      1.81      0.15
    1955    0.11    0.40    0.13    0.09    0.08    0.07    0.06    0.06    0.06    0.05    0.05    0.62      1.79      0.15
    1956    0.31    0.37    0.93    0.29    1.05    0.44    0.05    0.05    0.05    0.04    0.04    0.04      3.65      0.30
    1957    0.04    0.03    0.03    0.08    0.03    0.03    0.03    0.34    0.11    0.03    0.03    0.03      0.80      0.07
    1958    0.03    0.03    0.31    0.30    0.06    0.07    0.20    0.07    0.02    0.20    0.07    0.03      1.38      0.11
    1959    0.03    0.03    0.03    0.15    0.05    0.03    0.03    0.03    0.03    0.03    0.03    0.04      0.50      0.04
    1960    0.03    0.03    0.02    0.08    0.02    0.62    0.22    0.04    0.03    0.03    0.03    0.03      1.18      0.10
    1961    0.02    0.02    0.02    0.02    0.02    1.45    0.51    0.03    0.03    0.03    0.03    0.03      2.21      0.18
    1962    0.54    0.20    0.03    1.30    0.50    7.62    2.68    0.11    0.11    0.10    0.10    0.10     13.38      1.11
    1963    0.09    0.09    0.08    0.08    0.50    0.20    0.08    0.08    0.21    0.08    0.08    0.16      1.74      0.15
    1964    0.08    0.08    0.08    0.08    0.08    0.07    0.07    0.06    0.06    0.06    0.05    0.05      0.81      0.07
    1965    0.48    0.55    0.13    0.04    0.04    0.04    0.04    0.03    0.03    0.03    0.03    0.03      1.49      0.12
    1966    0.03    0.17    0.06    0.02    0.07    1.03    0.87    0.86    0.24    0.06    0.06    0.07      3.54      0.29
    1967    0.07    0.07    0.07    0.07    0.07    0.07    0.07    0.07    0.07    0.08    0.08    0.08      0.87      0.07
    1968    0.08    0.08    0.08    0.08    0.08    1.68    0.58    0.10    0.09    0.08    0.08    0.07      3.08      0.26
    1969    0.06    0.06    0.05    0.05    0.04    0.04    0.03    0.03    0.03    0.03   13.68    4.47     18.57      1.55
    1970    0.11    0.10    6.99    2.46    0.77    0.26    0.13    0.13    0.12    0.12    1.87    0.64     13.72      1.14
    1971    0.16    0.12    0.12    0.12    0.61    0.24    0.13    0.13    0.13    0.13    0.13    0.12      2.15      0.18
    1972    0.12    0.11    0.10    0.10    0.21    0.11    0.07    0.07    0.07    0.07    0.06    0.06      1.14      0.10
    1973    0.05    0.13    0.19    1.53    3.30   33.34   10.49    0.19    0.19    0.18    0.70    0.23     50.53      4.21
    1974    0.18    0.34    0.17    0.17    0.17    0.16    0.17    0.17    0.16    0.16    0.16    1.93      3.94      0.33
    1975    0.65    0.18    0.61    0.20    0.46   10.79    3.62    0.23    0.22    0.21    0.20    0.19     17.57      1.46
    1976    1.13    0.44    0.16    0.15    2.49    0.86    0.25    0.33    0.15    0.15    0.15    0.14      6.39      0.53
    1977    0.14    0.22    0.26    0.12    0.12    0.11    2.70    0.95    0.13    0.12    0.11    0.11      5.08      0.42
    1978    0.12    0.09    0.10    0.08    0.07    0.07    0.07    0.06    0.06    2.91    6.62    1.94     12.19      1.02
    1979    0.13    0.13    0.12    0.12    0.11    0.11    0.11    0.10    0.10    0.09    0.09    0.08      1.30      0.11
    1980    0.08    0.14    0.07    0.32    0.11    2.31    0.82    0.40    0.13    0.10    0.32    0.11      4.89      0.41
    1981    0.25    0.08    0.07    0.07    0.06    0.13    0.77    0.25    0.07    0.06    0.07    0.07      1.96      0.16
    1982    0.07    0.07    0.06    0.06    0.06    0.06    0.06    0.06    0.05    0.63    0.22    0.05      1.44      0.12
    1983    0.39    0.61    0.17    0.05    0.05    0.04    0.04    0.04    0.08    0.03    0.03    0.03      1.57      0.13
    1984    0.03    0.06    0.02    0.05    1.15    0.40    0.03    0.03    0.03    0.03    0.03    0.03      1.89      0.16
    1985    2.33   13.05    5.03    0.39    0.12    0.12    0.11    0.10    0.10    0.09    0.09    0.08     21.61      1.80
    1986    0.37    0.17    0.07    0.07    0.06    0.06    0.06    0.06    0.06    0.05    0.05    0.23      1.32      0.11
    1987    0.08    0.05    0.04    0.04    1.30    0.48    0.04    0.04    0.04    0.03    0.03    0.03      2.20      0.18
    1988    0.03    0.02    0.20    0.07    0.07    0.03    1.60    0.56    0.04    0.03    0.03    0.03      2.71      0.23
    1989    1.23    7.55    2.39    0.10    0.09    0.10    0.08    0.08    0.07    0.07    0.06    0.06     11.87      0.99
    1990    0.05    0.05    0.05    0.25    0.08    0.04    0.04    0.04    0.03    0.03    0.03    0.03      0.72      0.06
    1991    1.87    0.69    0.04    0.04    0.03    0.32    0.11    0.03    0.03    0.02    0.05    0.02      3.25      0.27
    1992    0.04    0.02    0.02    0.17    0.06    0.01    0.02    0.01    0.01    0.01    0.01    0.25      0.63      0.05
    1993    0.09    0.12    2.01    1.01    0.20    0.04    0.04    0.03    0.03    0.03    0.03    0.03      3.65      0.30
    1994    0.03    0.02    0.06    0.40    0.42    0.16    0.06    0.03    0.03    0.03    0.03    0.03      1.30      0.11
    1995    0.03    0.09    0.35    0.12    0.25    0.10    0.03    0.03    0.02    0.02    0.02    0.02      1.08      0.09
    1996    0.02   17.06    6.18    0.25    0.11    0.17    1.10    0.35    0.10    0.09    0.09    0.09     25.61      2.13
    1997    0.12    0.08    0.08    0.07    0.11    1.84    0.64    0.09    0.08    0.08    0.08    0.08      3.34      0.28
    1998    0.07    0.49    0.18    0.09    0.06    0.37    0.12    0.06    0.06    0.06    0.05    0.04      1.65      0.14
    1999    0.04    0.04    1.85    2.38    0.63    2.22    0.89    0.08    0.08    0.07    0.07    0.13      8.48      0.71
    2000    0.08   11.67    3.85    0.20    0.12    0.45    1.03    0.29    0.12    0.12    0.11    0.61     18.65      1.55
    2001    0.23    0.80    0.54    0.61    0.17    0.12    0.12    0.11    0.11    0.11    0.41    0.35      3.67      0.31
    2002    0.10    0.11    0.10    0.09    0.09    0.08    0.08    0.08    0.08    0.08    0.07    0.07      1.02      0.09
    2003    0.06    0.06    0.06    0.45    1.03    0.32    0.60    0.20    0.06    0.06    0.06    0.61      3.55      0.30
    2004    0.21    0.05    1.37    1.22    0.54    0.09    2.52    0.90    0.09    0.09    0.09    0.09      7.27      0.61
    2005    0.09    2.77    0.98    1.22    1.36    0.32    0.12    0.12    0.11    0.11    0.46    0.15      7.80      0.65
    2006    0.78    0.26    0.19    0.10    0.10    0.50    0.19    0.10    0.10    0.09    0.09    0.09      2.61      0.22
    2007    0.08    0.12    2.69    1.05    1.69    0.57    0.11    0.11    0.10    0.10    0.09    0.09      6.80      0.57
    2008    0.08    0.41    0.17    0.07    3.38    1.18    0.09    0.08    0.08    0.07    0.07    0.06      5.73      0.48
    2009    0.05    0.05    0.05    0.88    0.32    0.04    0.04    0.04    0.04    0.03    0.03    0.03      1.60      0.13
  
 AVERAGE    0.60    1.18    0.65    0.29    0.42    1.02    0.58    0.39    0.15    0.12    0.33    0.29      6.03      0.50
