    1920    0.20    0.24    3.40    1.31    0.33    1.60    6.01    2.32    0.44    0.31    0.23    0.20     16.58      1.38
    1921    0.18    1.80    2.58    1.48    0.53    0.22    0.29    0.51    0.72    0.58    0.46    0.69     10.04      0.84
    1922    0.68    9.13    3.30    2.66    1.43    2.62    1.17    0.42    0.40    0.53    0.43    0.25     23.01      1.92
    1923    0.20    0.20    0.26    0.20    0.61    0.39    0.22    0.19    0.17    0.15    0.19    0.21      3.00      0.25
    1924    0.11    0.08    1.11    0.48    0.11    6.80    5.15    1.51    0.50    0.41    0.29    0.51     17.06      1.42
    1925    0.34    0.69    0.65    0.24    0.15    1.72    0.82    0.27    0.39    0.35    0.23    0.45      6.30      0.52
    1926    0.32    1.46    0.93    0.22    0.11    0.90    0.46    0.19    0.17    0.15    0.15    0.10      5.15      0.43
    1927    0.10    0.08    0.05    0.15    0.14    2.35    1.06    0.26    0.21    0.18    0.22    0.26      5.06      0.42
    1928    0.44    0.33    1.39    0.60    0.24    0.62    0.32    0.15    0.30    0.49    0.42    2.02      7.31      0.61
    1929    1.78    0.63    0.95    0.49    0.31    3.30    1.44    0.31    0.39    0.41    0.98    0.78     11.78      0.98
    1930    0.90    0.41    0.46    1.88    0.75    0.25    0.83    0.52    0.24    2.91    1.49    0.31     10.96      0.91
    1931    0.43    0.48    2.45    1.32    0.25    0.19    0.16    0.21    0.31    0.47    0.38    2.88      9.54      0.79
    1932    1.95    1.72    0.67    0.14    0.24    1.77    1.19    0.51    0.32    0.24    0.24    0.22      9.20      0.77
    1933    0.15    4.56    2.06    1.16    2.93    4.25    1.58    0.40    0.36    0.48    0.36    0.23     18.52      1.54
    1934    0.30    0.27    0.24    0.32    0.19    0.57    1.00    6.59    2.69    0.47    0.33    0.28     13.25      1.10
    1935    0.24    0.38    0.45    0.16    0.24    1.08    0.55    0.48    0.43    0.46    0.33    0.25      5.05      0.42
    1936    0.91    1.81    0.69    0.14    0.43    2.40    1.04    0.22    0.18    0.21    0.18    0.19      8.40      0.70
    1937    0.18    1.03    4.29    1.83    0.43    0.21    0.39    0.36    0.40    0.35    0.31    0.30     10.07      0.84
    1938    0.44    1.94    1.77    0.76    6.13    2.87    0.54    0.28    0.24    0.28    0.36    0.73     16.35      1.36
    1939    1.14    0.56    0.19    0.18    3.81    5.39    1.80    0.57    0.44    0.34    0.25    0.87     15.54      1.29
    1940    0.52    0.80    0.35    1.38    2.40    0.88    0.46    0.35    0.27    0.23    0.18    0.15      7.98      0.66
    1941    0.44    0.28    0.23    1.11    0.93    0.91    0.62    0.49    0.38    0.26    0.23    0.25      6.14      0.51
    1942    0.79    1.14    0.79    0.86    0.34    0.16    0.71    0.64    0.74    0.57    0.49    0.48      7.69      0.64
    1943    0.25   11.05    4.74    0.62    1.46    2.93    1.20    1.81    1.35    0.76    0.39    0.36     26.90      2.24
    1944    0.40    0.21    0.13    0.14    0.15    0.39    0.28    0.28    0.29    0.26    0.19    0.12      2.84      0.24
    1945    0.31    0.16    0.07    0.22    0.61    1.04    0.54    0.27    0.27    0.26    0.22    0.15      4.12      0.34
    1946    0.55    0.57    0.23    0.41    0.19    0.55    0.36    0.21    0.25    0.37    0.28    0.85      4.82      0.40
    1947    0.58    0.42    1.56    0.88    0.55    0.99    6.98    2.61    0.31    0.32    0.25    0.19     15.64      1.30
    1948    0.20    0.21    0.14    0.10    0.13    0.14    0.20    0.24    0.16    0.13    0.13    0.13      1.91      0.16
    1949    0.10    0.21    0.14    0.06    1.67    2.51    1.09    3.62    1.63    0.38    0.46    0.36     12.22      1.02
    1950    2.54    1.71    4.33    2.38    0.57    0.28    0.22    0.20    0.23    0.32    0.40    0.62     13.82      1.15
    1951    0.45    0.15    0.08    0.08    5.23    2.13    0.44    0.29    0.21    0.21    0.22    0.47      9.96      0.83
    1952    0.34    0.58    0.73    0.28    1.08    0.67    0.44    0.34    0.26    0.24    1.29    2.19      8.45      0.70
    1953   10.36    4.68    1.70    0.56    0.21    2.92    1.33    0.59    0.60    0.55    0.39    0.29     24.18      2.02
    1954    0.28    0.42    0.19    0.17    1.25    0.64    0.33    0.31    0.33    0.27    0.20    0.20      4.59      0.38
    1955    0.20    0.87    0.38    0.08    0.09    1.91    0.95    0.36    0.25    0.16    0.15    0.51      5.91      0.49
    1956    0.49    3.12    2.60    0.73    0.70    1.29    0.69    0.35    0.31    0.27    0.23    0.19     10.97      0.91
    1957    0.16    0.14    0.18    1.78    0.77    0.37    0.40    0.39    0.28    0.18    0.17    0.22      5.04      0.42
    1958    0.26    0.23    0.93    0.73    0.23    0.90    1.26    1.21    0.73    2.70    1.61    0.61     11.41      0.95
    1959    0.27    0.24    0.50    2.15    0.90    0.59    0.42    0.37    0.31    0.27    0.28    0.37      6.68      0.56
    1960    0.29    0.42    0.98    0.50    0.17    2.92    1.34    0.71    0.58    0.32    0.40    0.33      8.96      0.75
    1961    0.20    0.43    0.27    0.13    1.03    7.06    2.75    0.50    0.34    0.24    0.19    0.14     13.29      1.11
    1962    0.54    0.40    0.14    2.74    1.18    5.81    2.93    0.78    0.36    0.74    0.58    0.25     16.44      1.37
    1963    0.71    0.75    0.57    0.32    1.83    1.02    0.40    0.28    0.94    0.73    0.44    0.40      8.40      0.70
    1964    0.43    0.22    0.26    0.13    0.10    0.10    0.14    0.28    0.68    0.64    0.35    0.22      3.57      0.30
    1965    2.45    1.98    0.54    0.38    0.36    0.17    0.18    0.29    0.27    0.18    0.44    0.49      7.75      0.65
    1966    0.27    0.80    0.37    0.82    0.45    2.45    3.34    2.22    1.04    0.67    0.54    0.31     13.28      1.11
    1967    0.21    0.20    0.14    0.11    0.10    0.69    0.76    0.45    0.38    0.31    0.28    1.51      5.14      0.43
    1968    0.91    0.41    0.18    0.09    2.19    2.61    1.05    0.33    0.25    0.27    0.27    0.18      8.74      0.73
    1969    0.35    0.84    0.33    0.08    1.71    0.72    0.13    0.15    0.38    0.40   12.09    4.36     21.56      1.80
    1970    0.39    0.23    7.90    3.31    1.46    0.89    1.35    0.94    0.46    0.77    1.20    0.71     19.62      1.64
    1971    1.26    1.09    0.40    0.96    2.55    2.57    1.03    0.40    0.41    0.34    0.23    0.26     11.51      0.96
    1972    0.32    0.34    0.15    0.10    1.73    1.64    0.82    0.45    0.27    0.21    0.35    0.33      6.71      0.56
    1973    0.24    0.94    1.21    8.69    4.97   13.73    4.69    4.31    2.19    0.64    1.02    0.61     43.24      3.60
    1974    0.33    1.56    0.72    0.24    0.24    1.04    0.56    0.28    0.39    0.48    0.32    1.59      7.74      0.65
    1975    0.75    0.28    6.86    5.91    7.35   17.34    5.46    0.67    0.57    0.58    0.46    0.35     46.57      3.88
    1976    5.63    2.76    0.64    0.26    6.42    2.46    0.59    0.95    0.73    0.41    0.31    0.48     21.62      1.80
    1977    0.73    0.92    2.77    1.31    0.22    0.26    0.81    0.60    0.51    0.39    0.33    0.28      9.13      0.76
    1978    0.29    0.29    0.61    0.61    0.36    0.59    0.32    0.30    0.36    2.02    2.71    1.26      9.71      0.81
    1979    0.44    0.54    0.23    0.19    0.47    0.40    0.24    0.19    0.18    0.19    0.19    0.54      3.80      0.32
    1980    0.37    0.47    0.28    1.25    1.15    1.37    0.64    1.07    0.98    0.55    0.57    0.39      9.10      0.76
    1981    0.25    0.26    0.78    0.30    0.14    0.38    0.34    0.21    0.47    0.76    0.55    0.28      4.69      0.39
    1982    0.75    0.45    0.12    0.07    0.06    0.06    0.10    0.12    0.16    0.42    0.38    0.26      2.94      0.25
    1983    0.75    1.01    1.86    0.81    0.21    0.73    0.50    0.35    0.35    0.39    0.31    0.19      7.44      0.62
    1984    0.79    1.57    0.72    0.53    3.39    1.29    0.19    0.20    0.21    0.21    0.16    0.13      9.40      0.78
    1985    2.97    8.38   11.02    3.89    0.85    0.35    0.30    0.24    0.22    0.22    0.23    0.23     28.90      2.41
    1986    2.93    2.02    0.53    0.14    0.22    0.18    0.17    0.18    0.19    0.19    0.20    0.86      7.81      0.65
    1987    0.57    0.22    0.11    0.10    0.80    0.69    0.32    0.36    0.36    0.29    0.24    0.23      4.28      0.36
    1988    0.21    0.82    2.67    1.11    0.27    0.46    1.57    0.95    0.36    0.25    0.18    0.13      8.97      0.75
    1989    1.60   13.08    4.34    0.61    0.56    0.87    0.45    0.22    0.21    0.19    0.21    0.21     22.55      1.88
    1990    0.78    0.56    0.16    0.38    0.85    0.62    0.26    0.25    0.29    0.19    0.17    0.16      4.68      0.39
    1991    4.31    2.03    0.76    0.29    0.19    0.35    0.23    0.16    0.18    0.18    0.22    0.19      9.08      0.76
    1992    0.13    0.65    0.29    0.25    1.82    0.79    0.32    0.24    0.25    0.24    0.19    0.35      5.49      0.46
    1993    0.30    0.84    4.59    2.69    2.36    1.03    0.24    0.19    0.23    0.32    0.35    0.20     13.34      1.11
    1994    0.33    0.18    1.88    1.63    0.54    0.22    0.25    0.26    0.29    0.24    0.15    0.14      6.10      0.51
    1995    0.32    0.95    1.32    4.93    2.23    0.45    0.31    0.29    0.21    0.20    0.19    0.16     11.55      0.96
    1996    0.18    6.49    2.40    0.34    0.61    0.56    5.74    2.46    4.19    1.92    0.40    0.27     25.57      2.13
    1997    0.27    0.25    0.16    0.71    0.71    0.84    0.47    0.27    0.21    0.20    0.30    0.41      4.80      0.40
    1998    0.28    0.46    0.29    0.94    0.43    0.16    0.15    0.13    0.11    0.14    0.16    0.10      3.34      0.28
    1999    0.10    0.10    1.03    3.70    1.67    1.78    1.63    0.78    0.30    0.21    0.16    0.70     12.15      1.01
    2000    1.59    5.87    2.20    0.30    0.16    0.59    1.13    0.61    0.23    0.37    0.51    0.40     13.97      1.16
    2001    0.23    2.22    1.48    0.89    0.33    0.31    0.24    0.19    0.21    0.35    0.47    3.42     10.35      0.86
    2002    1.44    0.37    0.41    0.22    0.85    0.55    0.22    0.24    0.23    0.17    0.16    0.11      4.95      0.41
    2003    0.29    0.21    0.17    0.32    0.54    0.74    0.43    0.20    0.16    0.20    0.20    3.00      6.43      0.54
    2004    1.27    0.14    0.73   13.44    5.07    0.45    0.34    0.40    0.30    0.21    0.20    0.18     22.74      1.89
    2005    0.15    3.60    1.33    5.41    2.82    0.72    1.15    0.76    0.47    0.36    1.22    0.89     18.90      1.57
    2006    1.70    0.97    0.50    0.62    5.06    2.51    0.61    0.38    0.33    0.31    0.29    0.20     13.49      1.12
    2007    0.24    0.25    0.94    1.80    1.41    0.73    0.42    0.30    0.20    0.15    0.22    0.17      6.83      0.57
    2008    0.11    0.20    0.25    0.54    1.26    0.55    0.13    0.13    0.13    0.16    0.27    0.20      3.93      0.33
    2009    0.23    0.23    0.09    2.79    1.27    0.20    0.12    0.12    0.15    0.19    0.13    0.09      5.61      0.47
  
 AVERAGE    0.81    1.39    1.30    1.20    1.24    1.63    1.03    0.65    0.47    0.43    0.52    0.55     11.22      0.93
