    1920    0.12    0.22    5.07    1.77    0.37    2.52    7.95    2.45    0.17    0.16    0.13    0.12     21.05
    1921    0.12    2.82    3.93    2.08    0.61    0.14    0.25    0.34    0.45    0.26    0.23    0.85     12.08
    1922    0.66   11.31    3.81    3.95    1.97    3.87    1.34    0.24    0.22    0.48    0.26    0.16     28.27
    1923    0.15    0.19    0.33    0.25    0.94    0.44    0.11    0.11    0.10    0.09    0.12    0.11      2.94
    1924    0.07    0.05    1.88    0.68    0.09    9.09    6.98    1.47    0.20    0.19    0.15    0.78     21.63
    1925    0.32    0.95    0.88    0.24    0.15    2.78    1.00    0.14    0.20    0.16    0.12    0.61      7.55
    1926    0.27    2.21    1.25    0.19    0.08    1.43    0.54    0.11    0.09    0.10    0.09    0.06      6.42
    1927    0.07    0.05    0.03    0.24    0.19    3.80    1.32    0.10    0.09    0.09    0.12    0.14      6.24
    1928    0.45    0.27    2.19    0.82    0.28    0.86    0.30    0.08    0.20    0.25    0.19    4.21     10.10
    1929    2.80    0.55    1.42    0.69    0.38    5.00    1.74    0.17    0.22    0.21    2.04    0.88     16.10
    1930    1.05    0.37    0.65    3.01    1.03    0.24    1.37    0.50    0.14    5.73    2.05    0.15     16.29
    1931    0.54    0.55    3.72    1.83    0.23    0.20    0.11    0.15    0.17    0.68    0.29    5.45     13.92
    1932    2.88    2.17    0.69    0.12    0.41    2.87    1.37    0.23    0.17    0.14    0.16    0.14     11.35
    1933    0.10    6.47    2.73    1.67    4.39    6.37    1.83    0.21    0.20    0.28    0.19    0.16     24.60
    1934    0.32    0.24    0.27    0.46    0.21    0.80    1.56    8.07    2.67    0.19    0.18    0.16     15.13
    1935    0.16    0.49    0.59    0.16    0.36    1.62    0.58    0.48    0.24    0.23    0.15    0.14      5.20
    1936    1.49    2.66    0.79    0.12    0.66    3.79    1.29    0.13    0.12    0.14    0.10    0.12     11.41
    1937    0.11    1.59    6.18    2.42    0.45    0.14    0.39    0.20    0.19    0.17    0.17    0.15     12.16
    1938    0.44    2.87    2.55    0.97    8.15    3.53    0.37    0.17    0.15    0.18    0.22    1.21     20.81
    1939    1.65    0.53    0.11    0.23    5.60    7.78    2.08    0.30    0.20    0.19    0.15    1.78     20.60
    1940    0.70    1.08    0.39    2.24    3.73    1.09    0.46    0.21    0.15    0.14    0.12    0.11     10.42
    1941    0.62    0.27    0.25    1.81    1.36    1.17    0.52    0.23    0.16    0.13    0.13    0.15      6.80
    1942    1.24    1.56    0.96    1.23    0.40    0.10    1.20    0.56    0.67    0.31    0.28    0.28      8.79
    1943    0.13   13.15    5.80    0.70    2.22    4.53    1.40    3.68    1.52    0.33    0.21    0.22     33.89
    1944    0.32    0.14    0.12    0.24    0.13    0.56    0.24    0.14    0.14    0.14    0.10    0.07      2.34
    1945    0.45    0.17    0.05    0.37    0.95    1.49    0.50    0.13    0.12    0.12    0.11    0.08      4.54
    1946    0.80    0.68    0.19    0.62    0.23    0.81    0.34    0.09    0.12    0.19    0.12    1.66      5.85
    1947    0.71    0.38    2.43    1.24    0.72    1.37    9.01    2.91    0.16    0.19    0.14    0.12     19.38
    1948    0.13    0.22    0.11    0.07    0.18    0.10    0.16    0.11    0.07    0.07    0.07    0.07      1.36
    1949    0.05    0.26    0.14    0.03    2.79    3.95    1.16    5.27    1.84    0.18    0.25    0.19     16.11
    1950    4.35    2.37    5.99    3.25    0.63    0.17    0.15    0.14    0.16    0.21    0.23    0.82     18.47
    1951    0.38    0.09    0.08    0.10    7.30    2.67    0.26    0.14    0.11    0.12    0.13    0.64     12.02
    1952    0.28    0.74    1.01    0.31    1.74    0.86    0.33    0.16    0.13    0.12    3.09    4.07     12.84
    1953   12.38    5.53    2.24    0.64    0.16    4.50    1.66    0.30    0.29    0.29    0.21    0.19     28.39
    1954    0.19    0.50    0.17    0.24    2.00    0.80    0.19    0.15    0.17    0.13    0.12    0.13      4.79
    1955    0.12    1.27    0.45    0.06    0.12    3.15    1.15    0.16    0.11    0.09    0.09    0.89      7.66
    1956    0.54    4.49    3.76    0.88    1.03    1.85    0.65    0.17    0.16    0.14    0.14    0.12     13.93
    1957    0.10    0.09    0.22    2.92    1.06    0.41    0.34    0.18    0.12    0.09    0.10    0.13      5.76
    1958    0.20    0.17    1.47    1.06    0.24    1.40    2.08    1.79    0.52    4.65    1.84    0.27     15.69
    1959    0.17    0.26    0.73    3.37    1.21    0.74    0.35    0.19    0.17    0.15    0.17    0.30      7.81
    1960    0.18    0.48    1.46    0.67    0.15    4.54    1.62    0.77    0.36    0.15    0.34    0.20     10.92
    1961    0.12    0.56    0.31    0.12    1.69    9.64    3.17    0.21    0.16    0.13    0.12    0.10     16.33
    1962    0.89    0.47    0.09    4.30    1.63    7.96    3.84    0.52    0.18    1.66    0.66    0.15     22.35
    1963    1.18    0.99    0.69    0.38    2.87    1.31    0.23    0.15    2.05    0.82    0.23    0.22     11.12
    1964    0.37    0.14    0.35    0.15    0.08    0.08    0.10    0.16    1.09    0.50    0.13    0.13      3.28
    1965    4.31    2.87    0.53    0.57    0.50    0.13    0.12    0.16    0.13    0.09    0.83    0.47     10.71
    1966    0.12    1.15    0.44    1.32    0.62    3.84    5.14    3.21    0.80    0.31    0.26    0.17     17.38
    1967    0.15    0.13    0.11    0.09    0.09    1.14    0.97    0.28    0.18    0.14    0.15    3.10      6.53
    1968    1.20    0.29    0.13    0.08    3.57    4.07    1.11    0.16    0.13    0.16    0.15    0.11     11.16
    1969    0.45    1.16    0.37    0.07    2.84    1.00    0.10    0.10    0.54    0.27   14.65    4.87     26.42
    1970    0.19    0.13   10.05    4.20    2.09    1.07    2.20    0.87    0.21    1.65    2.39    0.72     25.77
    1971    2.00    1.45    0.34    1.54    3.91    3.76    1.02    0.21    0.24    0.20    0.16    0.19     15.02
    1972    0.28    0.33    0.11    0.09    2.87    2.41    0.75    0.20    0.14    0.12    0.44    0.22      7.96
    1973    0.15    1.36    1.78   10.92    6.56   15.60    4.85    5.96    2.27    0.29    1.97    0.73     52.44
    1974    0.22    2.40    0.94    0.19    0.29    1.56    0.57    0.17    0.24    0.24    0.18    3.16     10.16
    1975    1.14    0.27    8.99    8.15    9.81   19.21    5.50    0.33    0.28    0.33    0.25    0.23     54.49
    1976    8.38    3.55    0.61    0.23    8.49    2.91    0.62    1.37    0.52    0.21    0.19    0.67     27.75
    1977    0.85    1.09    4.06    1.77    0.18    0.31    1.34    0.52    0.25    0.19    0.19    0.17     10.92
    1978    0.27    0.27    0.89    0.89    0.44    0.76    0.27    0.17    0.16    4.33    4.35    1.19     13.99
    1979    0.21    0.61    0.20    0.26    0.72    0.46    0.13    0.11    0.10    0.11    0.11    0.92      3.94
    1980    0.39    0.54    0.30    2.05    1.73    1.91    0.61    2.09    0.93    0.21    0.64    0.28     11.68
    1981    0.15    0.24    1.17    0.39    0.17    0.51    0.27    0.10    1.06    1.15    0.37    0.14      5.72
    1982    1.12    0.49    0.08    0.06    0.06    0.06    0.07    0.08    0.09    0.85    0.37    0.13      3.46
    1983    1.17    1.36    2.77    1.05    0.18    1.04    0.46    0.16    0.16    0.20    0.15    0.10      8.80
    1984    1.35    2.35    0.83    0.74    5.04    1.66    0.13    0.12    0.12    0.13    0.10    0.09     12.66
    1985    5.12   10.81   13.55    4.82    1.00    0.28    0.17    0.15    0.14    0.14    0.14    0.14     36.46
    1986    5.00    2.86    0.48    0.11    0.31    0.14    0.11    0.10    0.10    0.10    0.11    1.78     11.20
    1987    0.71    0.09    0.07    0.11    1.31    0.89    0.21    0.23    0.16    0.13    0.12    0.13      4.16
    1988    0.13    1.17    4.07    1.46    0.26    0.57    2.97    1.07    0.14    0.14    0.11    0.09     12.18
    1989    3.05   15.46    4.76    0.85    0.79    1.18    0.40    0.13    0.12    0.12    0.13    0.13     27.12
    1990    1.28    0.68    0.09    0.64    1.33    0.75    0.15    0.13    0.14    0.09    0.10    0.10      5.48
    1991    6.78    2.72    0.87    0.30    0.21    0.43    0.17    0.09    0.10    0.09    0.12    0.09     11.97
    1992    0.07    0.98    0.35    0.37    2.96    1.02    0.22    0.11    0.13    0.11    0.10    0.33      6.75
    1993    0.21    1.17    6.49    3.82    3.47    1.18    0.14    0.13    0.14    0.19    0.20    0.11     17.25
    1994    0.40    0.15    3.07    2.56    0.66    0.16    0.14    0.13    0.14    0.12    0.09    0.08      7.70
    1995    0.39    1.35    1.95    6.93    2.90    0.36    0.18    0.15    0.12    0.12    0.12    0.10     14.67
    1996    0.17    8.51    2.90    0.37    0.89    0.67    8.00    2.76    5.34    1.94    0.21    0.17     31.93
    1997    0.19    0.15    0.12    1.22    1.08    1.11    0.37    0.14    0.11    0.12    0.20    0.29      5.10
    1998    0.15    0.56    0.31    1.50    0.58    0.10    0.09    0.07    0.07    0.09    0.09    0.05      3.66
    1999    0.07    0.05    1.71    5.58    2.24    2.60    2.58    0.71    0.14    0.13    0.11    1.49     17.41
    2000    2.84    8.00    2.64    0.26    0.13    0.93    1.90    0.63    0.13    0.78    0.42    0.22     18.88
    2001    0.14    3.43    2.10    1.24    0.36    0.36    0.16    0.12    0.13    0.21    0.26    5.74     14.25
    2002    1.96    0.32    0.52    0.25    1.34    0.67    0.12    0.15    0.12    0.10    0.10    0.07      5.72
    2003    0.41    0.20    0.16    0.47    0.78    0.98    0.34    0.09    0.08    0.11    0.10    5.75      9.47
    2004    1.94    0.08    1.19   15.74    5.86    0.35    0.26    0.20    0.14    0.11    0.12    0.12     26.11
    2005    0.10    5.30    1.78    7.49    3.92    0.77    1.82    0.71    0.23    0.19    2.69    1.11     26.11
    2006    2.66    1.21    0.53    0.91    7.02    3.14    0.41    0.21    0.20    0.18    0.18    0.14     16.79
    2007    0.28    0.25    1.44    2.85    2.04    0.81    0.27    0.15    0.11    0.10    0.16    0.10      8.56
    2008    0.08    0.26    0.32    0.82    1.99    0.66    0.07    0.08    0.08    0.10    0.16    0.09      4.71
    2009    0.23    0.21    0.05    4.42    1.82    0.14    0.08    0.07    0.08    0.10    0.07    0.05      7.32

 AVERAGE    1.10    1.78    1.72    1.65    1.74    2.18    1.24    0.66    0.38    0.42    0.56    0.72     14.14
