    1920    0.01    0.02    1.55    0.55    0.44    1.21    3.76    1.22    0.19    0.20    0.21    0.22      9.59      0.80
    1921    0.21    2.20    1.87    1.41    0.35    0.24    0.23    0.23    0.41    0.23    0.24    0.22      7.83      0.65
    1922    0.21    9.11    3.19    0.25    0.27    1.08    0.33    0.22    0.21    0.20    0.19    0.18     15.44      1.29
    1923    0.17    0.15    0.14    0.13    0.11    0.58    0.18    0.10    0.09    0.08    0.07    0.06      1.86      0.16
    1924    0.06    0.05    0.63    0.22    0.04    2.79    1.31    0.12    0.07    0.07    0.06    0.29      5.69      0.47
    1925    0.10    0.09    0.18    0.05    0.06    0.85    0.29    0.07    0.07    0.07    0.06    0.06      1.95      0.16
    1926    0.05    0.74    0.34    0.05    0.05    0.18    0.06    0.04    0.04    0.03    0.03    0.03      1.64      0.14
    1927    0.02    0.02    0.02    0.02    0.01   12.02    4.00    0.12    0.11    0.10    0.09    0.08     16.62      1.38
    1928    0.07    0.07    0.06    0.06    0.05    0.05    0.05    0.05    0.04    0.04    0.04    2.95      3.53      0.29
    1929    1.15    0.06    0.47    0.24    0.07    1.50    0.53    0.07    0.07    0.07    0.06    0.06      4.36      0.36
    1930    0.66    0.22    0.20    1.33    0.45    0.72    0.48    0.08    0.08    2.79    1.00    0.11      8.11      0.68
    1931    0.33    0.11    1.31    1.43    0.34    0.12    0.12    0.11    0.11    0.11    0.10    1.67      5.86      0.49
    1932    0.99    0.63    0.16    0.10    0.09    0.31    0.51    0.14    0.09    0.08    0.08    0.08      3.27      0.27
    1933    0.07    1.53    0.55    0.56    1.35    4.13    1.35    0.14    0.13    0.13    0.13    0.12     10.19      0.85
    1934    0.11    0.10    0.10    0.10    0.10    0.71    0.36    4.93    1.75    0.19    0.19    0.19      8.83      0.74
    1935    0.18    0.18    0.26    0.16    0.16    1.81    0.59    0.18    0.19    0.19    0.19    0.18      4.26      0.36
    1936    0.83    1.92    0.56    0.14    0.13    0.85    0.28    0.11    0.11    0.10    0.09    0.08      5.21      0.43
    1937    0.07    0.11    1.13    0.73    0.47    0.29    0.23    0.06    0.06    0.06    0.05    0.05      3.32      0.28
    1938    0.12    1.17    0.47    0.10    6.87    2.47    0.14    0.14    0.13    0.13    0.11    0.11     11.96      1.00
    1939    0.33    0.10    0.10    0.10    3.48   14.18    4.41    0.26    0.26    0.25    0.24    0.24     23.96      2.00
    1940    0.21    0.21    0.20    0.18    2.78    0.95    0.39    0.18    0.18    0.17    0.16    0.14      5.74      0.48
    1941    7.92    2.73    0.17    0.20    0.13    0.12    0.12    0.11    0.10    0.09    0.08    0.08     11.85      0.99
    1942    1.01    0.47    0.07    0.06    0.06    0.06    0.65    0.22    0.15    0.05    0.06    0.06      2.92      0.24
    1943    0.06   11.30    4.15    0.16    0.90    2.82    0.88    3.02    1.04    0.24    0.24    0.25     25.05      2.09
    1944    0.25    0.24    0.23    0.23    0.22    0.21    0.21    0.21    0.20    0.19    0.18    0.16      2.54      0.21
    1945    0.14    0.13    0.11    0.10    0.15    1.21    0.40    0.08    0.07    0.06    0.06    0.05      2.55      0.21
    1946    0.47    0.19    0.04    0.08    0.03    0.41    0.14    0.03    0.03    0.03    0.03    0.02      1.50      0.12
    1947    0.03    0.08    0.48    0.26    0.34    0.19    9.26    3.10    0.13    0.13    0.12    0.12     14.24      1.19
    1948    0.10    0.10    0.10    0.10    0.09    0.09    0.09    0.09    0.08    0.08    0.07    0.06      1.07      0.09
    1949    0.06    0.35    0.12    0.04    0.10    1.02    0.36    2.46    0.87    0.07    0.07    0.07      5.58      0.47
    1950    0.95    0.49    9.09    4.42    0.49    0.20    0.20    0.20    0.20    0.20    0.19    0.86     17.48      1.46
    1951    0.29    0.17    0.15    0.14    4.13    1.48    0.16    0.14    0.13    0.12    0.10    1.31      8.32      0.69
    1952    0.45    0.20    0.08    0.07    1.88    0.67    0.08    0.07    0.07    0.06    1.11    0.81      5.55      0.46
    1953   29.04   12.62    1.85    0.29    0.31    4.40    1.50    0.36    0.37    0.37    0.37    0.37     51.84      4.32
    1954    0.36    0.35    0.35    0.34    0.42    0.28    0.27    0.25    0.23    0.21    0.19    0.17      3.42      0.28
    1955    0.15    0.89    0.30    0.11    0.09    0.54    0.18    0.08    0.07    0.06    0.05    0.22      2.73      0.23
    1956    0.12    0.60    1.46    0.46    4.12    2.00    0.21    0.10    0.09    0.09    0.08    0.08      9.40      0.78
    1957    0.07    0.07    0.06    0.98    0.34    0.07    0.06    0.21    0.07    0.05    0.05    0.04      2.08      0.17
    1958    0.04    0.04    0.66    0.48    0.09    0.30    0.60    0.18    0.04    0.47    0.16    0.05      3.10      0.26
    1959    0.06    0.05    0.05    0.23    0.08    0.33    0.11    0.06    0.06    0.06    0.06    0.06      1.23      0.10
    1960    0.05    0.07    0.04    0.58    0.20    2.41    0.85    0.10    0.06    0.06    0.05    0.05      4.53      0.38
    1961    0.05    0.05    0.05    0.04    1.00    2.79    0.88    0.09    0.08    0.08    0.08    0.07      5.26      0.44
    1962    0.21    0.08    0.06    2.05    0.73    8.01    2.97    0.16    0.16    0.16    0.15    0.14     14.87      1.24
    1963    0.12    0.16    0.45    0.14    0.61    1.95    0.61    0.15    0.44    0.15    0.15    0.14      5.06      0.42
    1964    0.13    0.12    0.11    0.10    0.09    0.08    0.08    0.07    0.07    0.07    0.06    0.06      1.03      0.09
    1965    1.08    1.57    0.43    0.06    0.06    0.05    0.05    0.05    0.04    0.04    0.04    0.03      3.51      0.29
    1966    0.03    0.34    0.11    0.04    0.03    5.18    3.04    0.92    0.15    0.13    0.15    0.16     10.28      0.86
    1967    0.16    0.17    0.18    0.18    0.18    0.18    0.19    0.20    0.20    0.21    0.20    0.24      2.29      0.19
    1968    0.16    0.15    0.13    0.12    0.74    0.83    0.19    0.09    0.08    0.07    0.07    0.06      2.69      0.22
    1969    0.18    0.33    0.09    0.04    0.62    0.21    0.04    0.04    0.03    0.03   13.28    4.41     19.31      1.61
    1970    0.14    0.13   11.69    4.50    1.53    0.69    0.22    0.23    0.23    0.24    1.01    0.31     20.95      1.75
    1971    0.71    0.27    0.28    1.57    1.02    1.09    0.31    0.28    0.27    0.26    0.24    0.23      6.53      0.54
    1972    0.21    0.20    0.18    0.16    1.04    0.65    0.14    0.12    0.11    0.10    0.09    0.08      3.09      0.26
    1973    0.07    0.34    0.66    4.88    3.44   53.75   17.23    0.37    0.36    0.35    0.44    0.32     82.21      6.85
    1974    0.32    1.85    0.62    0.31    0.30    0.38    0.29    0.29    0.28    0.26    0.24    1.40      6.56      0.55
    1975    0.47    0.19    2.35    0.90    6.35   43.53   13.48    0.40    0.39    0.37    0.36    0.34     69.13      5.76
    1976    1.77    0.70    0.32    0.31    7.65    2.68    0.35    0.44    0.35    0.34    0.32    0.29     15.51      1.29
    1977    0.27    0.24    1.22    0.45    0.20    0.19    0.90    0.30    0.17    0.16    0.15    0.13      4.36      0.36
    1978    0.12    0.11    0.29    0.13    0.18    0.09    0.07    0.06    0.06    1.53    2.07    0.56      5.26      0.44
    1979    0.17    0.09    0.10    0.10    0.10    0.09    0.10    0.10    0.10    0.10    0.10    0.09      1.24      0.10
    1980    0.09    0.64    0.35    0.48    0.30    1.06    0.35    0.14    0.07    0.06    0.08    0.05      3.67      0.31
    1981    0.15    0.05    0.06    0.05    0.04    0.09    0.05    0.04    0.15    0.05    0.04    0.04      0.81      0.07
    1982    0.04    0.03    0.03    0.03    0.02    0.02    0.02    0.02    0.02    0.45    0.16    0.02      0.86      0.07
    1983    0.19    1.31    1.08    0.24    0.04    0.03    0.04    0.03    0.03    0.03    0.03    0.03      3.07      0.26
    1984    0.44    0.25    0.04    0.26    1.74    0.59    0.05    0.05    0.04    0.04    0.04    0.03      3.56      0.30
    1985    2.31    8.56   12.02    4.33    0.41    0.22    0.21    0.21    0.20    0.19    0.18    0.17     29.01      2.42
    1986    4.18    1.71    0.20    0.20    0.22    0.18    0.17    0.15    0.14    0.13    0.11    0.28      7.66      0.64
    1987    0.09    0.08    0.07    0.06    0.96    0.34    0.06    0.05    0.05    0.04    0.04    0.03      1.89      0.16
    1988    0.03    0.11    1.34    0.47    0.04    0.04    0.97    0.35    0.05    0.04    0.04    0.04      3.50      0.29
    1989    1.66    5.03    1.55    0.21    0.13    0.59    0.19    0.09    0.08    0.08    0.07    0.07      9.74      0.81
    1990    0.06    0.05    0.05    0.17    0.80    0.26    0.05    0.04    0.04    0.03    0.03    0.03      1.61      0.13
    1991    5.74    1.95    1.02    0.35    0.08    0.30    0.10    0.06    0.06    0.05    0.05    0.04      9.79      0.82
    1992    0.05    0.03    0.03    0.21    0.09    0.03    0.03    0.02    0.02    0.02    0.01    0.01      0.56      0.05
    1993    0.01    0.23    3.38    1.57    0.63    0.16    0.05    0.05    0.04    0.04    0.04    0.03      6.23      0.52
    1994    0.03    0.03    2.01    2.18    0.76    0.08    0.06    0.06    0.06    0.05    0.05    0.04      5.41      0.45
    1995    0.04    0.85    2.75    1.73    0.84    0.34    0.08    0.08    0.07    0.07    0.06    0.06      6.96      0.58
    1996    0.06   13.35    4.97    0.20    0.16    0.18    1.73    0.57    0.14    0.14    0.13    0.12     21.74      1.81
    1997    0.11    0.11    0.10    0.09    0.47    0.60    0.15    0.09    0.08    0.08    0.07    0.06      2.00      0.17
    1998    0.06    0.66    0.23    0.04    0.04    0.18    0.06    0.03    0.03    0.03    0.03    0.02      1.42      0.12
    1999    0.02    0.02    0.65    3.01    0.98    7.59    2.61    0.13    0.12    0.12    0.11    0.54     15.90      1.32
    2000    0.24    0.97    0.32    0.10    0.09    0.09    1.26    0.43    0.10    0.10    0.09    0.08      3.86      0.32
    2001    0.07    1.21    0.50    0.10    0.06    0.06    0.05    0.05    0.04    0.04    1.20    2.33      5.72      0.48
    2002    0.70    0.08    0.07    0.07    0.38    0.13    0.06    0.06    0.06    0.06    0.06    0.05      1.78      0.15
    2003    0.06    0.05    0.05    0.67    3.91    1.33    0.87    0.29    0.09    0.08    0.08    3.23     10.71      0.89
    2004    1.15    0.10    5.53    6.61    2.20    0.20    2.44    0.82    0.24    0.24    0.23    0.22     19.99      1.67
    2005    0.20    3.92    1.37    1.66    1.86    0.44    0.22    0.21    0.20    0.19    0.32    0.16     10.74      0.90
    2006    1.05    0.41    0.44    0.26    0.13    1.24    0.61    0.14    0.15    0.15    0.14    0.14      4.86      0.40
    2007    0.13    0.37    3.62    1.25    0.24    0.13    0.13    0.12    0.12    0.11    0.10    0.09      6.40      0.53
    2008    0.08    0.07    0.26    0.08    3.36    1.18    0.08    0.08    0.07    0.06    0.06    0.05      5.42      0.45
    2009    0.04    0.04    0.03    0.12    0.04    0.03    0.02    0.02    0.02    0.02    0.02    0.01      0.42      0.03
  
 AVERAGE    0.81    1.10    1.07    0.67    0.87    2.29    1.00    0.32    0.16    0.17    0.33    0.32      9.12      0.76
