    1920    0.62    1.03    3.47    1.59    1.81    5.43    6.94    3.00    1.00    0.62    0.50    0.51     26.53      2.21
    1921    0.52    2.92    4.28    2.54    0.83    0.40    0.98    1.74    1.60    1.03    1.17    2.00     20.01      1.67
    1922    2.10   14.12    5.30    5.88    3.46    2.53    1.36    0.72    0.61    1.62    1.24    0.57     39.50      3.29
    1923    0.47    0.59    1.46    1.15    0.75    0.96    0.59    0.44    0.45    0.40    0.56    0.72      8.54      0.71
    1924    0.46    0.34    1.85    1.00    0.54    7.13    5.81    2.38    1.07    0.72    0.48    1.06     22.83      1.90
    1925    0.98    1.38    1.58    0.64    0.44    3.16    1.52    0.51    0.75    0.71    0.47    1.48     13.62      1.13
    1926    1.23    2.07    1.53    0.55    0.29    2.27    1.18    0.48    0.37    0.30    0.32    0.27     10.86      0.91
    1927    0.54    0.36    0.27    0.44    0.77    4.43    2.10    0.66    0.55    0.49    0.62    0.70     11.93      0.99
    1928    1.73    1.24    2.59    1.15    0.53    1.74    0.88    0.42    1.24    1.76    1.48    3.58     18.35      1.53
    1929    2.91    1.08    0.99    0.87    1.01    3.92    1.84    0.57    0.78    0.90    2.65    2.28     19.81      1.65
    1930    2.63    1.22    1.03    2.74    1.20    1.02    2.68    1.44    0.51    7.87    3.63    0.68     26.65      2.22
    1931    1.49    1.52    2.37    1.47    1.10    0.73    0.32    0.42    0.56    1.08    1.00    4.50     16.57      1.38
    1932    3.02    4.07    1.67    0.25    1.12    2.15    2.08    1.11    0.55    0.41    0.50    0.54     17.47      1.46
    1933    0.43    3.59    2.05    2.27    3.50    5.18    2.30    0.72    0.54    1.06    0.85    0.51     23.01      1.92
    1934    1.30    1.00    1.06    0.82    0.37    1.37    2.55    9.75    4.35    1.34    0.67    0.63     25.20      2.10
    1935    0.53    0.86    1.37    0.58    0.85    2.54    1.19    1.08    0.86    0.95    0.72    0.56     12.08      1.01
    1936    1.80    5.44    2.08    0.57    0.70    2.13    1.06    0.48    0.42    0.42    0.38    0.46     15.94      1.33
    1937    0.67    1.63    4.19    2.88    1.10    1.04    1.55    1.11    0.85    0.69    0.75    0.89     17.35      1.45
    1938    1.71    3.38    3.10    2.47    6.74    4.52    1.54    0.66    0.44    0.70    1.04    2.01     28.31      2.36
    1939    3.52    1.75    0.83    0.77    3.64    5.93    2.51    1.34    0.93    0.67    0.52    1.94     24.35      2.03
    1940    1.39    1.25    0.66    0.98    4.46    1.93    1.80    1.10    0.60    0.53    0.37    0.32     15.41      1.28
    1941    2.02    1.09    0.84    2.52    1.97    1.63    1.27    1.11    0.74    0.48    0.55    0.85     15.07      1.26
    1942    2.59    6.20    3.30    1.57    0.87    0.44    1.88    1.34    1.30    0.96    1.27    1.20     22.91      1.91
    1943    1.03    6.80    5.77    1.92    1.98    4.76    2.27    1.67    1.64    1.29    0.68    1.28     31.08      2.59
    1944    1.41    0.62    0.18    1.78    0.98    0.52    0.44    0.50    0.56    0.51    0.39    0.26      8.14      0.68
    1945    0.93    0.50    0.20    1.52    1.69    3.35    1.68    0.73    0.61    0.61    0.61    0.47     12.90      1.07
    1946    1.20    2.57    1.19    1.29    0.54    1.24    1.02    0.58    0.60    0.96    0.74    1.05     12.99      1.08
    1947    1.27    2.36    1.86    1.56    1.19    3.35    9.49    3.63    0.59    0.73    0.61    0.44     27.07      2.26
    1948    0.66    0.81    0.52    0.25    0.25    0.29    0.44    0.49    0.33    0.28    0.35    0.45      5.13      0.43
    1949    0.56    1.65    0.87    0.28    1.44    2.47    1.46    5.70    2.65    0.75    0.98    0.77     19.59      1.63
    1950    3.68    2.24    6.11    3.67    1.00    0.50    0.33    0.28    0.37    0.74    1.02    1.33     21.27      1.77
    1951    1.29    0.50    0.14    0.28    3.40    2.03    0.95    0.54    0.39    0.42    0.44    2.24     12.63      1.05
    1952    1.63    1.91    2.14    1.69    3.19    1.74    1.27    0.87    0.66    0.64    2.64    3.71     22.08      1.84
    1953   11.12    9.13    4.19    1.47    0.98    6.22    2.87    1.31    1.16    1.02    0.71    0.63     40.82      3.40
    1954    1.04    1.14    0.50    1.11    2.72    1.43    0.53    0.45    0.65    0.59    0.48    0.64     11.28      0.94
    1955    0.78    1.81    0.78    0.32    1.09    3.53    1.82    0.79    0.50    0.34    0.38    1.42     13.56      1.13
    1956    1.90    3.65    3.37    1.19    1.60    2.79    1.60    0.81    0.68    0.58    0.47    0.49     19.12      1.59
    1957    0.61    0.46    0.45    3.19    1.69    1.41    1.14    1.11    0.75    0.41    0.43    0.69     12.36      1.03
    1958    1.15    1.57    3.65    2.61    0.89    3.61    3.87    5.42    2.31    3.43    2.55    1.44     32.49      2.71
    1959    0.83    1.15    2.06    3.43    1.52    1.43    1.08    0.69    0.52    0.56    0.85    1.43     15.57      1.30
    1960    1.37    1.75    2.24    1.60    0.80    4.06    2.50    2.11    1.51    0.78    1.09    0.82     20.64      1.72
    1961    0.62    1.34    0.80    0.39    1.95    6.90    3.46    1.29    0.73    0.51    0.44    0.34     18.76      1.56
    1962    2.65    1.82    0.60    6.73    4.16   10.58    5.42    1.70    0.64    1.44    1.23    0.61     37.58      3.13
    1963    1.44    1.85    1.57    1.26    3.63    3.29    1.98    0.91    2.77    1.81    1.10    2.02     23.64      1.97
    1964    1.74    0.91    0.98    0.44    0.20    0.28    0.46    0.98    1.74    1.45    0.86    0.83     10.86      0.91
    1965    5.80    3.99    1.07    1.07    1.16    0.76    0.57    0.83    0.71    0.44    0.62    0.79     17.80      1.48
    1966    0.55    2.47    1.28    0.95    0.88    4.27    4.81    3.41    1.88    1.37    1.02    0.64     23.55      1.96
    1967    0.51    0.85    0.38    0.16    0.17    0.76    2.13    1.36    1.06    0.80    0.73    3.36     12.27      1.02
    1968    2.49    1.19    0.52    0.20    2.20    3.41    1.82    0.78    0.61    0.70    0.70    0.53     15.15      1.26
    1969    1.55    2.31    0.82    0.22    2.17    1.04    0.36    0.43    1.14    1.01   17.57    6.91     35.53      2.96
    1970    1.60    0.89    6.21    4.26    2.67    1.31    1.80    1.58    0.84    1.62    5.07    2.36     30.22      2.52
    1971    1.53    1.70    0.87    2.43    7.02    4.32    1.42    0.58    0.66    0.59    0.45    0.58     22.16      1.85
    1972    0.85    1.36    0.57    0.18    3.52    3.16    1.63    0.84    0.45    0.36    1.16    1.06     15.14      1.26
    1973    0.86    2.58    2.31    6.56    4.23    8.55    3.53    4.26    2.48    0.97    2.57    1.65     40.55      3.38
    1974    0.71    3.14    1.56    0.53    1.04    1.27    0.70    0.38    0.66    0.90    0.72    3.56     15.18      1.26
    1975    1.78    0.69    5.25    3.31    5.34   12.75    4.58    1.18    0.67    0.84    0.81    0.70     37.89      3.16
    1976    5.19    3.12    1.06    0.40    2.28    1.10    1.03    2.14    1.56    0.75    0.56    2.49     21.67      1.81
    1977    2.35    2.34    4.37    2.80    0.78    0.65    2.26    1.73    1.21    0.78    0.59    0.57     20.43      1.70
    1978    1.72    1.23    1.36    0.92    0.93    1.01    0.55    0.67    0.67    3.46    9.07    4.07     25.67      2.14
    1979    3.75    2.71    0.88    0.41    0.81    0.99    0.58    0.41    0.35    0.40    0.47    1.36     13.12      1.09
    1980    1.29    1.48    1.88    7.16    4.00    2.48    1.43    2.03    1.84    1.04    2.57    1.62     28.82      2.40
    1981    1.02    0.89    1.13    0.44    0.59    0.93    0.79    0.45    0.91    1.21    0.83    0.66      9.85      0.82
    1982    2.31    1.39    0.42    0.17    0.15    0.17    0.24    0.31    0.36    1.71    1.30    1.43      9.95      0.83
    1983    3.00    2.77    1.66    1.52    0.71    1.37    1.41    0.99    0.75    0.91    0.72    0.52     16.32      1.36
    1984    1.28    2.21    1.06    1.44    5.31    2.08    0.40    0.40    0.44    0.43    0.33    0.38     15.75      1.31
    1985    5.20   13.58   11.28    4.63    2.13    1.34    1.03    0.59    0.44    0.46    0.61    1.14     42.43      3.54
    1986    4.64    4.49    1.42    0.77    1.32    0.87    0.56    0.49    0.51    0.48    0.62    3.54     19.71      1.64
    1987    2.15    0.68    0.73    0.54    2.28    2.75    1.30    0.89    0.87    0.81    0.68    0.88     14.56      1.21
    1988    1.00    1.59    3.72    1.59    1.10    1.33    3.99    2.12    0.79    0.69    0.46    0.36     18.75      1.56
    1989    8.90   12.76    4.01    1.35    1.42    3.15    1.91    0.74    0.43    0.37    0.41    0.42     35.86      2.99
    1990    2.13    1.49    0.57    1.02    1.33    1.22    0.67    0.58    0.74    0.55    0.52    0.58     11.40      0.95
    1991    6.73    4.95    2.25    1.17    1.13    0.77    0.52    0.43    0.38    0.41    0.62    0.59     19.97      1.66
    1992    0.66    1.25    0.77    0.92    1.71    0.89    0.65    0.44    0.44    0.46    0.43    2.11     10.73      0.89
    1993    2.01    2.99    6.41    3.92    5.05    2.60    0.70    0.36    0.38    0.70    1.13    0.73     26.97      2.25
    1994    0.82    0.45    3.01    2.15    0.81    1.26    1.20    0.80    0.72    0.58    0.36    0.37     12.52      1.04
    1995    1.36    2.41    5.25    9.70    4.79    2.00    1.02    0.64    0.44    0.43    0.43    0.39     28.85      2.40
    1996    0.63    6.73    2.77    1.04    0.95    1.24    2.99    2.09    5.84    2.84    0.92    0.59     28.65      2.39
    1997    0.93    0.65    0.26    2.28    2.27    2.89    1.46    0.49    0.30    0.28    0.55    0.89     13.26      1.10
    1998    0.75    1.57    0.84    0.46    0.65    1.03    0.77    0.43    0.29    0.38    0.40    0.27      7.83      0.65
    1999    0.24    0.24    1.06    3.57    2.05    5.86    3.24    1.07    0.54    0.40    0.34    1.98     20.60      1.72
    2000    2.31    5.48    2.23    1.69    0.69    1.30    2.70    1.43    0.47    0.70    1.21    0.88     21.09      1.76
    2001    0.87    1.84    1.82    2.17    1.05    0.86    1.30    0.82    0.54    1.64    2.30    6.01     21.22      1.77
    2002    2.55    1.02    1.85    0.94    1.44    1.84    1.20    1.02    0.71    0.47    0.50    0.45     13.99      1.17
    2003    1.05    0.94    0.63    1.48    1.94    3.28    1.60    0.48    0.34    0.51    0.64    5.27     18.18      1.51
    2004    2.51    1.21    2.52    6.98    2.96    1.35    0.97    0.74    0.57    0.44    0.90    0.79     21.93      1.83
    2005    1.25    8.10    3.19    2.58    2.93    1.69    2.62    2.24    1.49    0.92    3.65    2.72     33.38      2.78
    2006    7.25    3.72    1.27    0.88    0.92    1.86    1.33    0.81    0.63    0.53    0.57    0.47     20.24      1.69
    2007    1.16    1.78    2.65    4.16    3.03    1.86    1.40    0.81    0.76    0.61    0.75    0.61     19.58      1.63
    2008    0.53    1.29    1.12    1.72    2.63    1.05    0.33    0.40    0.51    0.70    0.87    0.79     11.95      1.00
    2009    1.27    1.07    0.85    2.04    1.94    1.32    0.77    0.45    0.83    1.16    0.88    0.51     13.10      1.09
  
 AVERAGE    1.92    2.51    2.06    1.87    1.88    2.51    1.78    1.24    0.92    0.93    1.22    1.34     20.17      1.68
