    1920    0.21    0.22    0.99    0.42    0.86    2.70    5.51    2.39    0.68    0.46    0.38    0.33     15.14      1.26
    1921    0.28    1.91    1.62    0.59    0.21    0.19    0.26    0.48    0.71    0.75    0.67    0.81      8.49      0.71
    1922    0.70   32.75   10.94    4.91    2.55    1.58    0.70    0.50    0.48    1.02    0.82    0.49     57.46      4.79
    1923    0.40    0.35    0.67    0.38    0.25    0.28    0.29    0.28    0.29    0.28    0.31    0.38      4.15      0.35
    1924    0.28    0.17    0.62    0.24    0.11    4.00    2.66    1.09    0.65    0.51    0.36    0.50     11.19      0.93
    1925    0.38    0.24    0.22    0.11    0.11    0.83    0.42    0.23    0.29    0.32    0.25    0.56      3.95      0.33
    1926    0.54    0.92    0.44    0.11    0.10    1.16    0.54    0.19    0.18    0.17    0.17    0.14      4.65      0.39
    1927    0.15    0.10    0.07    0.06    0.07    4.66    1.90    0.34    0.29    0.28    0.36    0.38      8.66      0.72
    1928    0.80    0.50    0.56    0.20    0.09    0.48    0.26    0.17    0.55    0.67    0.66    1.92      6.86      0.57
    1929    1.37    0.47    0.19    0.14    0.15    1.02    0.50    0.23    0.27    0.32    0.79    0.77      6.23      0.52
    1930    1.01    0.48    0.25    1.27    0.48    0.38    0.81    0.50    0.28   12.98    5.12    0.58     24.14      2.01
    1931    0.68    0.40    1.12    0.65    0.26    0.27    0.22    0.27    0.33    0.47    0.51    4.67      9.86      0.82
    1932    2.53    1.73    0.60    0.18    0.22    0.31    0.45    0.41    0.34    0.31    0.36    0.34      7.77      0.65
    1933    0.25    1.97    0.81    0.91    2.93    3.24    1.24    0.45    0.36    0.55    0.58    0.38     13.67      1.14
    1934    0.50    0.38    0.25    0.14    0.12    0.48    1.16   29.58   10.54    0.94    0.72    0.61     45.42      3.79
    1935    0.47    0.36    0.27    0.22    0.21    0.54    0.29    0.36    0.42    0.48    0.43    0.33      4.38      0.37
    1936    0.48    2.51    0.97    0.17    0.17    0.91    0.44    0.27    0.26    0.26    0.25    0.22      6.92      0.58
    1937    0.24    0.26    3.25    1.52    0.37    0.32    0.45    0.40    0.41    0.38    0.35    0.34      8.27      0.69
    1938    0.45    1.63    0.83    0.40    4.87    3.51    1.05    0.41    0.34    0.40    0.55    0.63     15.05      1.25
    1939    1.27    0.60    0.18    0.15    2.14    5.08    1.96    0.56    0.50    0.43    0.37    0.43     13.67      1.14
    1940    0.39    0.25    0.16    0.14    2.95    1.19    0.66    0.43    0.31    0.29    0.24    0.21      7.22      0.60
    1941    1.92    0.86    0.31    0.67    0.27    0.18    0.22    0.31    0.30    0.25    0.33    0.43      6.05      0.50
    1942    1.21    1.40    0.54    0.16    0.11    0.11    0.75    0.55    0.57    0.53    0.56    0.48      6.96      0.58
    1943    0.27    6.83    3.23    0.46    0.27    5.16    2.16    0.89    0.85    0.72    0.48    0.64     21.95      1.83
    1944    0.58    0.27    0.16    0.22    0.18    0.20    0.19    0.21    0.24    0.25    0.23    0.18      2.92      0.24
    1945    0.27    0.15    0.09    0.08    0.18    1.74    0.84    0.30    0.27    0.26    0.25    0.20      4.61      0.38
    1946    0.43    0.57    0.21    0.07    0.06    0.37    0.25    0.19    0.20    0.32    0.30    0.28      3.26      0.27
    1947    0.31    0.59    0.35    0.42    0.30    0.68   18.44    6.64    0.49    0.46    0.40    0.30     29.39      2.45
    1948    0.35    0.26    0.16    0.12    0.12    0.12    0.17    0.21    0.18    0.17    0.19    0.19      2.23      0.19
    1949    0.20    1.68    0.68    0.08    0.13    0.30    0.24    4.03    2.04    0.61    0.53    0.39     10.92      0.91
    1950    1.62    0.86    7.15    3.43    0.48    0.32    0.26    0.22    0.23    0.33    0.43    0.72     16.05      1.34
    1951    0.62    0.24    0.12    0.11    2.75    1.19    0.32    0.28    0.23    0.25    0.27    1.24      7.63      0.64
    1952    0.76    0.43    0.27    0.17    1.54    0.68    0.25    0.25    0.27    0.28    1.27    1.83      7.99      0.67
    1953   34.51   15.03    1.96    0.35    0.32    5.68    2.39    0.68    0.62    0.57    0.53    0.52     63.15      5.26
    1954    0.50    0.39    0.24    0.21    0.77    0.37    0.28    0.27    0.30    0.32    0.29    0.31      4.26      0.36
    1955    0.29    0.42    0.17    0.10    0.11    0.73    0.39    0.24    0.21    0.19    0.21    1.17      4.21      0.35
    1956    0.83    1.86    1.89    0.55    0.87    0.89    0.43    0.31    0.28    0.28    0.24    0.25      8.68      0.72
    1957    0.25    0.13    0.09    0.97    0.42    0.16    0.23    0.36    0.32    0.23    0.22    0.27      3.66      0.31
    1958    0.30    0.39    0.95    1.03    0.34    0.66    1.11    1.47    0.96    2.09    1.69    0.93     11.93      0.99
    1959    0.45    0.24    0.17    0.70    0.28    0.26    0.28    0.33    0.32    0.31    0.34    0.43      4.11      0.34
    1960    0.46    0.40    0.31    0.33    0.16    2.00    0.98    0.57    0.55    0.45    0.52    0.38      7.11      0.59
    1961    0.24    0.19    0.12    0.10    0.25    4.83    2.06    0.47    0.36    0.31    0.28    0.22      9.44      0.79
    1962    1.71    0.85    0.15    4.87    2.26   18.01    6.91    0.85    0.54    0.68    0.72    0.45     38.00      3.17
    1963    0.42    0.36    0.27    0.21    1.20    0.99    0.48    0.39    1.14    0.86    0.61    1.08      8.01      0.67
    1964    0.74    0.34    0.22    0.16    0.14    0.14    0.17    0.30    0.52    0.54    0.42    0.39      4.10      0.34
    1965    2.61    1.67    0.37    0.17    0.16    0.16    0.18    0.27    0.30    0.24    0.28    0.31      6.70      0.56
    1966    0.22    1.05    0.42    0.10    0.11    2.59    2.57    1.85    1.19    0.78    0.56    0.35     11.78      0.98
    1967    0.25    0.20    0.13    0.10    0.10    0.11    0.22    0.28    0.37    0.44    0.41    1.29      3.90      0.33
    1968    0.84    0.26    0.13    0.10    0.55    1.13    0.57    0.31    0.29    0.31    0.29    0.23      5.02      0.42
    1969    0.34    0.64    0.24    0.07    0.75    0.32    0.13    0.17    0.33    0.40   62.18   20.96     86.54      7.21
    1970    0.67    0.38    9.71    3.96    0.95    0.44    0.46    0.52    0.44    0.58    2.35    1.41     21.87      1.82
    1971    0.68    0.42    0.25    0.85    4.64    2.14    0.50    0.40    0.41    0.39    0.34    0.37     11.38      0.95
    1972    0.38    0.34    0.18    0.14    1.29    0.83    0.39    0.36    0.27    0.24    0.42    0.43      5.27      0.44
    1973    0.32    0.70    0.77    4.20    2.37   14.05    5.16    1.21    1.01    0.70    2.26    1.36     34.12      2.84
    1974    0.47    2.31    0.87    0.24    0.25    0.31    0.31    0.27    0.37    0.53    0.48    2.69      9.09      0.76
    1975    1.31    0.30    2.21    0.87    3.36   26.24    8.85    0.74    0.61    0.70    0.68    0.52     46.38      3.86
    1976    3.48    1.73    0.34    0.25    2.86    1.10    0.40    0.66    0.62    0.45    0.41    0.59     12.87      1.07
    1977    0.53    0.79    2.27    1.12    0.22    0.21    1.81    1.01    0.56    0.49    0.41    0.33      9.74      0.81
    1978    0.53    0.38    0.42    0.17    0.20    0.29    0.21    0.25    0.29    3.12   26.70    9.19     41.73      3.48
    1979    0.79    0.44    0.26    0.22    0.22    0.24    0.26    0.25    0.25    0.27    0.29    0.38      3.90      0.33
    1980    0.39    0.33    0.24    1.77    0.81    1.99    0.92    0.81    0.73    0.51    0.67    0.51      9.67      0.81
    1981    0.44    0.25    0.15    0.11    0.10    0.14    0.21    0.20    0.32    0.49    0.39    0.31      3.13      0.26
    1982    0.47    0.28    0.10    0.07    0.07    0.07    0.08    0.11    0.14    0.56    0.52    0.51      2.98      0.25
    1983    1.00    1.76    0.72    0.21    0.11    0.20    0.29    0.32    0.37    0.50    0.41    0.26      6.15      0.51
    1984    0.40    0.51    0.20    0.24    3.81    1.48    0.23    0.23    0.22    0.22    0.19    0.18      7.91      0.66
    1985    4.95   25.66   12.40    2.26    0.41    0.39    0.48    0.44    0.36    0.34    0.43    0.57     48.71      4.06
    1986    2.25    1.82    0.48    0.18    0.19    0.22    0.22    0.25    0.28    0.28    0.31    1.41      7.89      0.66
    1987    0.84    0.22    0.14    0.12    1.81    0.97    0.34    0.40    0.38    0.33    0.29    0.32      6.17      0.51
    1988    0.33    0.23    0.92    0.35    0.69    0.43    4.51    2.08    0.44    0.33    0.26    0.21     10.80      0.90
    1989    2.35   20.84    6.91    0.37    0.31    1.18    0.60    0.37    0.33    0.31    0.29    0.26     34.12      2.84
    1990    0.29    0.22    0.14    0.12    0.19    0.16    0.14    0.15    0.17    0.18    0.22    0.23      2.20      0.18
    1991    7.03    3.08    0.51    0.14    0.12    0.13    0.14    0.14    0.15    0.16    0.22    0.21     12.03      1.00
    1992    0.20    0.20    0.09    0.20    0.13    0.09    0.12    0.15    0.17    0.19    0.17    0.48      2.18      0.18
    1993    0.38    0.94    5.43    2.45    1.49    1.02    0.37    0.21    0.20    0.29    0.40    0.28     13.47      1.12
    1994    0.25    0.14    4.29    1.85    0.36    0.55    0.37    0.32    0.28    0.25    0.21    0.20      9.07      0.76
    1995    0.31    0.55    2.65    3.74    1.87    0.64    0.30    0.25    0.22    0.21    0.21    0.18     11.14      0.93
    1996    0.18   15.41    5.41    0.28    0.21    0.22    0.91    0.68    2.29    1.60    0.67    0.40     28.24      2.35
    1997    0.33    0.20    0.14    0.24    0.64    2.07    0.97    0.34    0.26    0.24    0.31    0.35      6.10      0.51
    1998    0.32    1.39    0.69    0.16    0.21    0.44    0.35    0.28    0.21    0.34    0.38    0.22      4.98      0.41
    1999    0.20    0.15    1.48    2.11    0.82   14.33    5.68    0.79    0.48    0.39    0.32    0.73     27.47      2.29
    2000    0.61    4.94    1.93    0.24    0.22    1.39    1.43    0.68    0.37    0.39    0.45    0.51     13.16      1.10
    2001    0.52    0.97    0.88    1.48    0.51    0.22    0.29    0.28    0.29    0.49    1.26    4.77     11.95      1.00
    2002    2.09    0.31    0.92    0.34    0.76    1.11    0.55    0.51    0.44    0.34    0.32    0.29      7.97      0.66
    2003    0.31    0.25    0.16    0.20    0.41    0.50    0.37    0.31    0.25    0.26    0.28    2.79      6.09      0.51
    2004    1.39    0.27    6.06    4.84    1.24    0.47    0.46    0.48    0.39    0.32    0.39    0.34     16.64      1.39
    2005    0.31    7.10    2.63    2.00    1.46    0.44    0.48    0.67    0.60    0.44    3.01    1.94     21.07      1.76
    2006   10.51    4.03    0.45    0.30    0.28    0.83    0.48    0.42    0.38    0.37    0.37    0.32     18.74      1.56
    2007    0.33    0.32    1.14    2.66    1.48    0.59    0.45    0.38    0.34    0.32    0.37    0.33      8.70      0.73
    2008    0.24    0.59    0.30    0.17    0.58    0.34    0.22    0.21    0.24    0.33    0.33    0.26      3.81      0.32
    2009    0.42    0.26    0.10    0.89    0.42    0.15    0.19    0.19    0.24    0.28    0.23    0.17      3.55      0.30
  
 AVERAGE    1.28    2.09    1.34    0.79    0.81    1.80    1.17    0.90    0.55    0.60    1.53    0.98     13.85      1.15
