    1920    0.50    0.66    2.03    1.45    5.23   11.62   15.75    5.18    0.98    0.87    0.64    1.03     45.94      3.83
    1921    1.55    8.20    9.37    4.50    1.26    0.51    1.40    4.36    2.68    1.34    2.24    5.01     42.42      3.54
    1922    3.27   35.97   12.22   14.52   11.21    4.49    1.55    0.80    0.70    7.80    3.50    0.57     96.58      8.05
    1923    1.16    1.80    9.42    4.65    1.48    3.44    1.84    0.87    0.71    0.60    1.09    2.23     29.29      2.44
    1924    1.27    0.50    3.62    2.74    1.04   19.39   12.75    3.88    1.79    1.04    0.55    2.25     50.82      4.24
    1925    2.01    1.26    1.14    0.83    0.85    6.24    2.60    0.64    1.21    0.97    0.56    4.04     22.33      1.86
    1926    3.53    5.38    2.63    0.64    0.64   10.71    3.95    0.56    0.46    0.37    0.40    0.34     29.61      2.47
    1927    0.85    0.54    0.24    0.37    0.89   15.96    6.07    1.18    0.88    0.69    1.67    1.31     30.64      2.55
    1928    4.00    3.06    3.56    1.39    0.47    3.86    1.75    0.63    6.11    4.38    2.82   14.67     46.71      3.89
    1929    8.40    1.97    0.98    1.67    1.28    9.12    3.57    0.64    1.39    1.36    8.23    6.95     45.56      3.80
    1930    6.30    2.16    0.56    1.50    1.06    1.67    3.77    1.78    0.64   24.10    8.93    0.62     53.10      4.42
    1931    3.17    2.02    4.87    2.54    3.82    1.96    0.43    0.89    0.95    2.00    1.55   12.82     37.03      3.09
    1932    7.74   13.57    4.92    0.44    2.08    3.06    3.98    2.06    0.76    0.52    0.79    0.79     40.71      3.39
    1933    0.58   10.13    4.44    6.63   13.48   14.54    4.47    0.78    0.82    4.12    2.27    0.65     62.92      5.24
    1934    2.75    3.05    3.09    1.38    0.35    2.10    9.85   23.16    9.34    1.79    1.31    1.51     59.68      4.97
    1935    1.68    2.37    1.67    0.55    1.88    4.37    1.79    1.66    1.29    1.94    1.28    0.88     21.35      1.78
    1936    4.41   16.71    5.98    0.76    1.80    5.61    2.25    0.72    0.64    0.97    0.69    0.89     41.44      3.45
    1937    2.12    2.84   10.78    6.06    1.98    2.48    4.92    2.53    1.59    1.09    1.15    1.03     38.57      3.21
    1938    2.39    4.99    3.40    6.15   13.30    8.27    2.35    0.83    0.67    1.47    1.60    4.75     50.16      4.18
    1939    5.96    2.17    1.41    0.92    9.50    9.59    2.93    1.67    1.08    0.75    0.67    2.76     39.41      3.28
    1940    1.57    2.26    1.33    0.93    3.41    2.18    8.22    3.31    0.86    0.73    0.45    0.43     25.67      2.14
    1941    8.81    3.37    0.94    4.73    2.51    1.52    1.52    2.10    1.24    0.49    1.07    1.72     30.02      2.50
    1942    4.21   14.30    5.48    4.09    1.89    0.90    5.79    2.80    3.65    2.02    1.81    1.42     48.34      4.03
    1943    1.05   12.90    9.83    2.87    1.26   11.75    4.72    2.02    1.93    1.52    0.80    5.84     56.49      4.71
    1944    3.69    0.92    0.23    1.79    1.58    1.13    0.61    0.49    0.62    0.64    0.44    0.47     12.61      1.05
    1945    6.80    2.57    0.23    1.18    1.91   11.18    4.27    0.95    0.82    0.80    0.74    0.71     32.16      2.68
    1946    1.61    5.00    1.86    1.87    0.94    4.16    3.07    1.46    1.48    1.69    1.05    1.12     25.32      2.11
    1947    1.57    7.68    4.13    1.79    1.55    4.74   26.42    9.13    0.63    0.83    0.58    0.57     59.62      4.97
    1948    2.91    2.09    1.04    0.34    0.43    0.45    0.71    0.60    0.35    0.30    0.42    0.70     10.33      0.86
    1949    1.78   12.27    4.41    0.63    2.36    2.50    1.36   15.83    5.93    0.79    1.58    1.16     50.59      4.22
    1950    6.78    2.87    8.98    5.34    1.50    2.05    0.99    0.39    0.52    1.29    1.69    7.51     39.91      3.33
    1951    3.56    0.56    0.19    0.78    3.64    2.52    1.52    0.89    0.53    0.50    0.50    9.51     24.70      2.06
    1952    4.50    1.33    0.92    1.95    3.76    1.78    1.51    1.00    1.00    0.85    2.34    4.73     25.65      2.14
    1953   22.77   19.12    4.58    0.33    0.85   12.12    4.60    1.50    1.30    1.03    0.69    1.46     70.36      5.86
    1954    2.71    2.56    0.77    1.62    5.40    2.92    0.81    0.50    1.14    0.90    0.51    1.00     20.87      1.74
    1955    1.01    2.12    0.92    0.20    1.43    5.52    2.65    1.06    0.60    0.56    0.73    7.42     24.21      2.02
    1956    4.39   12.31    9.13    2.38    2.20    4.97    3.37    1.49    1.11    0.86    0.57    1.73     44.51      3.71
    1957    2.00    0.80    0.32    4.56    3.03    2.15    2.26    1.46    0.64    0.50    0.83    1.57     20.12      1.68
    1958    1.42    3.88    4.24    4.00    2.18    2.92    5.60   15.29    5.28   12.20    6.09    2.07     65.17      5.43
    1959    1.18    0.79    0.88    3.05    1.76    5.50    3.23    1.47    0.78    0.62    0.89    1.75     21.90      1.83
    1960    3.24    3.82    3.31    2.06    1.12    8.56    6.00    3.66    1.81    1.11    1.46    0.99     37.16      3.10
    1961    0.73    2.30    1.03    0.52    3.38   16.10    6.59    2.01    1.05    0.53    0.60    0.55     35.39      2.95
    1962   11.94    4.77    0.53   12.54    7.21   24.40   10.87    1.90    0.59    2.55    1.72    0.66     79.67      6.64
    1963    1.66    3.66    2.21    1.53   13.86    8.34    3.44    1.43    5.39    2.64    1.12    8.03     53.33      4.44
    1964    4.19    1.11    0.43    0.29    0.32    0.64    0.71    2.31    4.53    2.50    0.93    2.39     20.36      1.70
    1965   11.09    6.35    1.38    2.47    1.81    0.69    0.55    2.05    1.63    0.71    0.75    0.86     30.34      2.53
    1966    0.61    3.88    1.95    1.24    2.04    5.95   15.38    7.22    2.08    1.91    1.42    0.78     44.44      3.70
    1967    0.54    1.31    0.58    0.15    0.16    0.47    1.78    1.32    2.04    1.44    1.10   13.21     24.12      2.01
    1968    5.87    1.12    0.45    0.22    3.14    9.65    4.18    1.13    0.87    1.02    0.84    0.77     29.28      2.44
    1969    2.69    3.62    1.34    0.27    2.46    1.26    0.66    0.66    1.96    1.55   54.27   19.49     90.22      7.52
    1970    2.95    1.65   11.19    7.74    4.74    2.31    3.47    2.92    1.26    4.83   12.33    4.33     59.73      4.98
    1971    1.53    2.13    0.88    2.68   16.78    6.68    0.96    0.59    0.77    0.69    0.74    1.03     35.47      2.96
    1972    1.14    3.98    1.51    0.26    5.90    5.53    2.99    1.44    0.59    0.46    2.19    1.70     27.68      2.31
    1973    1.62    5.39    3.99   11.40    8.85   12.64    4.33    9.37    5.03    1.46    6.88    3.19     74.16      6.18
    1974    0.97    4.00    2.73    1.01    1.50    1.21    0.55    0.43    1.04    1.21    1.27   12.70     28.62      2.39
    1975    4.61    1.01    5.89    3.68   12.75   21.31    6.54    1.16    0.85    2.03    1.57    1.20     62.60      5.22
    1976   11.28    4.81    0.61    0.25    2.91    1.45    0.99    2.20    1.56    0.70    0.84    5.37     32.98      2.75
    1977    2.81    6.34   11.67    6.03    1.64    0.89    8.93    3.98    1.43    1.02    0.87    0.74     46.35      3.86
    1978    7.68    5.23    4.80    2.76    1.24    1.25    0.69    1.59    1.36   17.41   25.15    7.65     76.81      6.40
    1979    1.71    0.70    0.28    0.40    0.59    0.66    0.46    0.35    0.42    0.71    0.80    1.68      8.75      0.73
    1980    1.50    3.54    2.06   14.14    6.36    3.20    1.44    3.89    2.73    1.08    8.34    3.57     51.84      4.32
    1981    0.95    0.95    1.04    0.39    0.84    1.57    1.57    0.78    0.81    1.28    0.84    0.97     11.99      1.00
    1982    5.20    2.04    0.16    0.13    0.16    0.22    0.35    0.37    0.36    5.75    2.68    2.74     20.17      1.68
    1983    4.48    6.20    2.55    1.22    0.74    2.23    4.44    2.60    1.80    2.01    1.22    0.74     30.23      2.52
    1984    1.73    3.22    1.21    2.73   16.23    5.48    0.51    0.67    0.74    0.55    0.36    0.78     34.23      2.85
    1985   16.81   34.69   17.00    5.32    2.75    2.49    2.63    1.24    0.58    0.66    1.74    2.77     88.68      7.39
    1986   10.77    7.25    1.89    0.70    1.40    1.63    0.93    0.72    0.97    0.80    1.08   10.92     39.07      3.26
    1987    4.89    1.17    1.16    2.73    8.86    9.31    4.21    2.36    1.45    1.16    1.49    2.74     41.54      3.46
    1988    2.50    2.43    6.01    2.51    2.42    3.19   11.01    4.12    0.60    0.88    0.62    0.45     36.75      3.06
    1989   16.45   31.65    8.91    1.99    1.79    8.54    3.77    0.71    0.58    0.54    0.70    0.89     76.52      6.38
    1990    2.99    1.67    0.83    1.00    2.44    1.53    0.53    0.55    0.56    0.44    0.71    0.90     14.15      1.18
    1991   17.09    7.00    1.82    0.77    1.55    1.09    0.69    0.43    0.41    0.45    1.59    1.30     34.18      2.85
    1992    5.08    2.69    1.99    2.22    1.45    0.47    1.04    0.79    1.27    1.04    0.61    6.96     25.61      2.13
    1993    3.54    6.78   19.81    7.63    6.42    7.71    2.49    0.43    0.42    0.90    2.37    1.45     59.95      5.00
    1994    1.61    0.70   11.43    8.57    4.59    5.17    2.52    0.93    0.69    0.61    0.48    0.84     38.16      3.18
    1995    2.23    3.18   10.33   12.16    5.73    2.94    1.39    0.60    0.42    0.44    0.43    0.38     40.22      3.35
    1996    0.69   16.86    6.36    1.16    0.81    2.83    9.85    4.81   15.86    6.17    0.89    0.79     67.08      5.59
    1997    2.60    3.04    0.98    2.11    2.91    8.17    4.10    1.25    0.53    0.51    1.46    1.71     29.35      2.45
    1998    1.27    4.84    4.07    1.44    1.10    4.11    3.40    1.61    0.65    2.07    1.49    0.63     26.68      2.22
    1999    1.38    1.32    1.99    6.44    3.35   18.32    7.97    1.71    0.95    0.61    0.49    1.85     46.39      3.87
    2000    2.88    9.78    3.71    1.94    1.73    3.17    9.04    3.51    0.55    1.09    1.85    2.57     41.81      3.48
    2001    3.90    9.34   10.52    6.98    2.04    0.80    1.40    1.05    1.08    5.05    9.48   10.44     62.08      5.17
    2002    3.37    0.90    2.75    1.13    0.85    4.93    2.48    0.93    0.58    0.45    0.52    0.56     19.46      1.62
    2003    1.75    1.09    0.89    1.74    1.73    2.00    1.30    0.67    0.46    0.58    0.66   13.20     26.06      2.17
    2004    4.94    0.55    6.10    9.48    4.40    2.71    3.08    1.95    0.91    0.57    1.58    1.16     37.43      3.12
    2005    2.09   16.72    5.82    7.02    6.18    2.32    3.37    7.77    3.31    0.76   15.86    7.60     78.81      6.57
    2006   15.11    6.48    2.98    1.27    0.57    1.38    1.22    0.81    0.75    0.78    0.72    0.54     32.61      2.72
    2007    0.87    2.74    3.00    6.50    3.49    1.52    1.40    0.80    1.26    0.99    0.98    0.68     24.21      2.02
    2008    0.54    3.96    2.26    1.57    3.25    1.97    0.73    0.54    0.59    1.34    1.62    1.04     19.41      1.62
    2009    2.37    1.34    0.29    0.64    1.85    0.97    1.22    0.82    1.62    1.47    0.73    0.33     13.65      1.14
  
 AVERAGE    4.09    5.45    3.82    3.06    3.42    5.15    3.79    2.40    1.61    1.94    2.74    3.19     40.65      3.39
