    1920    0.08    0.05    0.15    0.07    0.69    3.55    5.40    1.70    0.24    0.21    0.17    0.15     12.48      1.04
    1921    0.16    4.71    6.61    2.09    0.19    0.15    0.16    0.88    0.53    0.33    0.35    0.37     16.54      1.38
    1922    0.32   50.44   16.59    9.90    6.76    1.35    0.28    0.24    0.23   10.04    3.67    0.33    100.14      8.35
    1923    0.26    0.23    8.15    3.24    0.24    1.77    0.70    0.26    0.23    0.20    0.19    0.23     15.69      1.31
    1924    0.19    0.12    0.56    0.28    0.09   22.57    7.73    0.41    0.36    0.30    0.22    0.23     33.05      2.75
    1925    0.25    0.15    0.11    0.08    0.08    0.33    0.17    0.12    0.17    0.17    0.13    0.83      2.60      0.22
    1926    1.77    1.71    0.53    0.07    0.07   11.03    3.70    0.18    0.16    0.14    0.13    0.12     19.61      1.63
    1927    0.14    0.09    0.06    0.05    0.05   17.57    5.82    0.22    0.22    0.21    0.28    0.26     24.95      2.08
    1928    2.08    1.80    1.02    0.24    0.09    0.89    0.37    0.13    1.47    0.93    0.69   15.73     25.44      2.12
    1929    5.98    0.50    0.15    0.13    0.13    7.22    2.52    0.20    0.22    0.25    1.11    3.68     22.09      1.84
    1930    2.14    0.51    0.14    0.11    0.10    0.12    0.19    0.18    0.14   23.60    8.03    0.27     35.52      2.96
    1931    3.49    1.34    1.42    0.50    1.02    0.39    0.13    0.15    0.19    0.23    0.23   20.49     29.57      2.46
    1932    8.67    7.39    2.42    0.18    0.17    0.21    0.98    0.51    0.25    0.21    0.22    0.20     21.40      1.78
    1933    0.15    4.80    1.68    3.77   13.31    7.39    1.40    0.30    0.26    1.19    0.75    0.33     35.33      2.94
    1934    1.30    3.16    1.06    0.15    0.12    0.41    9.73   28.97   10.56    1.13    1.29    0.75     58.62      4.89
    1935    0.45    0.31    0.18    0.14    0.13    0.85    0.35    0.20    0.22    0.30    0.28    0.20      3.62      0.30
    1936    0.67    7.57    2.55    0.12    0.11    3.33    1.25    0.19    0.17    0.20    0.21    0.19     16.55      1.38
    1937    0.21    2.55    5.15    1.72    0.13    0.14    0.64    0.38    0.35    0.33    0.24    0.17     12.02      1.00
    1938    0.17    5.11    1.96    2.11    7.31    6.92    1.82    0.29    0.28    0.33    0.33    1.13     27.76      2.31
    1939    1.39    0.49    0.13    0.11    9.71    4.64    0.63    0.26    0.23    0.20    0.18    0.30     18.28      1.52
    1940    0.22    0.44    0.18    0.08    0.24    0.16   17.75    5.97    0.29    0.26    0.20    0.15     25.92      2.16
    1941    8.27    2.85    1.77    1.58    0.40    0.17    0.17    0.29    0.26    0.18    0.20    0.21     16.37      1.36
    1942    0.26    5.50    1.91    1.38    0.49    0.10    1.42    0.63    0.51    0.38    0.43    0.31     13.32      1.11
    1943    0.18   10.89    4.66    0.50    0.14    8.09    2.84    0.32    0.32    0.30    0.23    4.47     32.96      2.75
    1944    1.83    0.22    0.13    0.11    0.11    0.11    0.09    0.10    0.10    0.11    0.10    0.11      3.12      0.26
    1945    5.60    1.95    0.08    0.07    0.08    9.81    3.33    0.22    0.21    0.18    0.16    0.16     21.84      1.82
    1946    0.25    1.19    0.44    0.20    0.08    6.38    2.27    0.25    0.30    0.38    0.31    0.22     12.26      1.02
    1947    0.22    2.95    1.25    0.12    0.09    1.13   20.62    6.83    0.26    0.23    0.20    0.18     34.07      2.84
    1948    4.46    1.66    0.15    0.11    0.14    0.12    0.13    0.13    0.11    0.09    0.10    0.13      7.34      0.61
    1949    0.53   14.70    4.81    0.12    0.11    0.13    0.14    7.90    2.86    0.26    0.28    0.24     32.08      2.67
    1950    0.32    0.17    8.37    4.64    0.71   10.33    3.52    0.21    0.19    0.21    0.22   14.29     43.17      3.60
    1951    4.93    0.21    0.16    0.17    0.50    0.20    0.18    0.21    0.19    0.15    0.14   14.97     22.02      1.83
    1952    5.11    0.24    0.16    3.33    1.33    0.18    0.19    0.18    0.22    0.22    0.36    1.45     12.97      1.08
    1953   54.36   30.82    4.34    0.18    0.17   14.42    4.85    0.34    0.46    0.47    0.44    0.50    111.35      9.28
    1954    0.50    0.37    0.14    0.11    3.24    1.27    0.18    0.14    0.18    0.19    0.16    0.27      6.77      0.56
    1955    0.23    0.23    0.09    0.05    0.55    3.40    1.23    0.19    0.15    0.15    0.18    5.55     12.01      1.00
    1956    2.23   11.53    8.12    1.57    0.72    3.65    1.49    0.35    0.33    0.30    0.25    1.76     32.31      2.69
    1957    0.85    0.18    0.11    1.23    0.84    0.22    0.37    0.27    0.17    0.17    0.22    0.39      5.03      0.42
    1958    0.29    1.06    3.38    1.52    0.22    0.13    0.95   13.44    4.61   12.04    4.43    0.56     42.64      3.55
    1959    0.41    0.24    0.25    0.34    0.14    0.68    0.40    0.39    0.31    0.21    0.18    0.21      3.77      0.31
    1960    1.14    0.57    0.12    0.14    0.08    3.75    5.03    1.64    0.37    1.56    0.91    0.29     15.61      1.30
    1961    0.18    0.92    0.34    0.09    0.28   14.65    5.16    0.41    0.27    0.20    0.19    0.17     22.87      1.91
    1962    7.77    2.73    0.15    6.34    2.76   40.85   13.87    0.54    0.36    0.45    0.43    0.28     76.51      6.38
    1963    0.27    1.13    0.43    0.50   11.34    4.05    0.49    0.36    4.91    2.05    0.43    2.46     28.43      2.37
    1964    1.11    0.24    0.15    0.12    0.11    0.10    0.10    1.71    0.88    0.38    0.26    1.74      6.91      0.58
    1965    5.47    2.22    0.26    0.89    0.32    0.11    0.11    1.74    0.83    0.25    0.21    0.19     12.60      1.05
    1966    0.13    3.72    1.31    0.10    0.81    1.31   20.82   14.44    2.93    0.60    0.46    0.28     46.91      3.91
    1967    0.20    0.16    0.11    0.09    0.08    0.08    0.10    0.12    0.18    0.21    0.19   11.18     12.70      1.06
    1968    3.91    0.18    0.11    0.08    0.45    5.48    1.95    0.24    0.24    0.26    0.26    0.21     13.38      1.11
    1969    0.43    0.34    0.11    0.06    0.06    0.07    0.08    0.08    0.14    0.17   93.77   31.41    126.70     10.56
    1970    2.42    0.98    9.44    3.24    1.29    0.50    1.18    0.66    0.34    0.80    5.12    1.98     27.96      2.33
    1971    0.53    0.36    0.18    0.28   13.97    4.66    0.23    0.20    0.19    0.20    0.21    0.22     21.23      1.77
    1972    0.19    2.71    1.00    0.10    1.68    1.07    1.14    0.52    0.19    0.15    0.36    0.29      9.39      0.78
    1973    0.31    5.55    1.95    3.74    2.96    8.14    2.72    6.88    2.78    0.51    1.68    0.92     38.16      3.18
    1974    0.37    0.90    0.34    0.15    0.14    0.14    0.13    0.12    0.13    0.16    0.25   18.02     20.84      1.74
    1975    6.09    0.19    1.18    0.45   10.59   13.77    3.56    0.33    0.27    0.79    0.51    0.34     38.08      3.17
    1976   13.85    5.13    0.29    0.17    2.93    1.07    0.80    1.34    0.68    0.35    0.37    1.46     28.44      2.37
    1977    0.71   12.02   13.02    3.27    0.22    0.19   13.40    4.65    0.47    0.41    0.32    0.25     48.92      4.08
    1978   16.80    5.77    7.85    2.77    0.26    0.25    0.22    0.24    0.28   11.96   30.61    9.03     86.03      7.17
    1979    0.51    0.29    0.20    0.17    0.16    0.16    0.16    0.15    0.15    0.17    0.18    0.26      2.56      0.21
    1980    0.29    0.44    0.18   13.38   10.56    7.13    1.95    1.10    0.70    0.42    5.24    2.11     43.52      3.63
    1981    0.32    0.22    0.16    0.13    0.12    0.13    1.31    0.59    0.20    0.27    0.24    0.19      3.89      0.32
    1982    0.53    0.23    0.06    0.05    0.04    0.04    0.05    0.06    0.06    7.82    2.82    0.36     12.12      1.01
    1983    0.64    1.68    0.62    0.10    0.08    0.09    0.15    0.17    1.49    1.05    0.56    0.32      6.97      0.58
    1984    0.70    0.47    0.12    0.81    4.96    1.70    0.20    0.16    0.18    0.19    0.14    1.82     11.43      0.95
    1985   21.14   54.31   18.08    1.54    0.74    0.47    0.35    0.29    0.22    0.21    0.29    0.52     98.16      8.18
    1986    5.91    5.74    1.43    0.15    0.14    0.16    0.15    0.14    0.17    0.17    0.18    6.81     21.16      1.76
    1987    2.48    0.17    0.12    0.10    6.19    3.83    0.82    1.38    0.81    0.41    0.34    1.98     18.62      1.55
    1988    1.03    0.26    0.36    0.12    0.09    1.45    0.87    0.26    0.16    0.15    0.13    0.11      5.00      0.42
    1989   23.02   31.42    7.75    0.17    0.17   11.71    4.04    0.29    0.23    0.20    0.21    0.25     79.47      6.62
    1990    0.31    0.20    0.11    0.09    0.09    0.09    0.08    0.09    0.11    0.11    0.12    0.13      1.52      0.13
    1991    3.13    1.52    0.36    0.08    0.27    0.18    0.16    0.13    0.09    0.08    0.89    0.51      7.40      0.62
    1992    0.29    0.49    0.46    0.51    0.17    0.05    0.06    0.07    0.08    0.08    0.10   11.58     13.94      1.16
    1993    4.34    1.19   18.12    5.86    6.94    2.73    0.26    0.21    0.18    0.18    2.10    0.91     43.02      3.58
    1994    0.25    0.20   11.92   11.99    2.97    2.54    1.09    0.36    0.26    0.26    0.22    0.39     32.44      2.70
    1995    0.33    0.26    2.35    0.94    0.15    0.17    0.16    0.14    0.12    0.13    0.12    0.09      4.98      0.41
    1996    0.37   21.31    6.98    0.13    0.11    0.11    1.12    0.64   12.28    4.42    0.52    0.34     48.33      4.03
    1997    0.38    1.59    0.56    0.65    1.24   15.43    5.27    0.36    0.23    0.22    0.34    0.37     26.64      2.22
    1998    0.67   12.40    4.59    2.03    0.66    0.46    2.94    1.18    0.25    1.56    0.78    0.26     27.77      2.31
    1999    0.21    0.16    0.12    0.10    0.42   23.10    7.70    0.42    0.34    0.26    0.19    0.79     33.82      2.82
    2000    0.45    0.22    0.11    8.14    2.88    0.24    7.35    2.66    0.24    0.29    0.49    1.17     24.23      2.02
    2001    3.27   12.08    3.84    3.45    1.22    0.19    2.22    0.89    0.25    0.34   36.36   17.74     81.84      6.82
    2002    2.29    0.28    0.21    0.17    0.15    0.22    0.86    0.63    0.39    0.29    0.23    0.20      5.92      0.49
    2003    0.31    0.18    0.50    0.98    0.32    0.10    0.11    0.11    0.10    0.15    0.22    9.09     12.17      1.01
    2004    3.21    0.16    0.10    6.27    2.15    0.14    0.15    0.17    0.16    0.14    0.15    0.13     12.92      1.08
    2005    0.09    3.14    1.10    0.71    0.26    0.10    1.31    6.36    2.34    0.33   12.66    4.75     33.16      2.76
    2006   21.71    7.26    0.65    0.38    0.23    0.25    0.27    0.27    0.27    0.24    0.22    0.19     31.93      2.66
    2007    0.19    0.19    0.17    5.68    1.96    0.14    0.18    0.19    0.24    0.25    0.25    0.20      9.66      0.80
    2008    0.16    3.23    2.09    0.61    0.14    0.10    0.08    0.09    0.10    0.12    0.11    0.10      6.93      0.58
    2009    0.43    0.36    1.77    0.65    0.06    0.07    0.12    0.11    0.15    0.19    0.18    0.13      4.23      0.35
  
 AVERAGE    3.13    4.31    2.39    1.46    1.63    3.61    2.43    1.44    0.75    1.10    2.56    2.63     27.44      2.29
