    1920    0.18    0.23    1.38    0.58    1.91    6.24   11.44    4.02    0.77    0.54    0.42    0.38     28.09      2.34
    1921    0.41    3.42    4.41    2.69    0.75    0.29    0.29    0.88    0.69    0.54    0.67    1.60     16.65      1.39
    1922    1.42   53.56   17.77   22.20   16.48    4.15    0.89    0.69    0.58   18.58    7.08    0.81    144.22     12.02
    1923    0.62    0.84   13.60    7.61    1.60    1.39    0.73    0.59    0.50    0.44    0.40    0.53     28.86      2.41
    1924    0.48    0.31    4.24    2.49    0.59   32.75   16.98    3.14    1.10    0.84    0.62    1.52     65.07      5.42
    1925    0.97    0.50    0.33    0.25    0.28    1.70    0.78    0.37    0.44    0.43    0.33    1.76      8.13      0.68
    1926    2.70    3.02    1.61    0.41    0.33   14.09    5.10    0.49    0.38    0.31    0.29    0.27     29.00      2.42
    1927    0.29    0.21    0.14    0.56    0.33   14.37    5.24    0.61    0.49    0.40    0.44    0.44     23.53      1.96
    1928    1.73    1.70    1.94    0.68    0.19    2.11    0.94    0.31    1.11    1.14    1.09   30.55     43.50      3.62
    1929   11.64    1.26    0.42    0.51    0.34    6.23    2.52    0.45    0.45    0.48    3.29    9.71     37.30      3.11
    1930    8.13    2.37    0.40    0.30    0.28    0.56    0.53    0.42    0.32   66.07   22.45    0.71    102.55      8.55
    1931    4.22    2.20    1.84    0.75    2.15    0.90    0.32    0.34    0.37    0.42    0.45   21.65     35.61      2.97
    1932    8.33   25.09    8.78    0.53    0.85    1.16    2.00    1.11    0.66    0.52    0.46    0.40     49.89      4.16
    1933    0.33   18.28    6.95    5.19   15.04   13.57    3.92    0.85    0.70    1.10    1.02    0.65     67.58      5.63
    1934    1.98    4.78    2.50    0.57    0.29    1.59   10.24   63.08   29.30    4.24    1.30    1.18    121.06     10.09
    1935    0.92    0.69    0.43    0.33    0.48    1.50    0.68    0.52    0.54    0.71    0.64    0.46      7.90      0.66
    1936    1.50   17.40    6.35    0.48    1.98    2.54    0.95    0.46    0.41    0.44    0.43    0.37     33.30      2.77
    1937    0.69    2.25    9.48    5.22    1.08    0.66    2.97    1.59    0.91    0.81    0.64    0.48     26.77      2.23
    1938    1.30    6.94    3.80    7.78    9.80    4.70    1.30    0.67    0.58    0.62    0.64    3.37     41.50      3.46
    1939    4.58    1.74    1.03    0.92    8.74    5.28    1.35    1.29    0.88    0.59    0.48    0.58     27.47      2.29
    1940    0.46    0.89    0.57    0.63    1.87    0.97    5.47    2.46    0.57    0.45    0.40    0.34     15.08      1.26
    1941    5.28    2.15    0.52    4.15    1.86    0.50    0.44    0.69    0.56    0.37    0.40    0.48     17.39      1.45
    1942    1.39   27.08    9.28    4.02    1.54    0.38    3.61    1.79    1.51    1.12    0.99    0.82     53.53      4.46
    1943    0.57    9.53    5.52    1.82    0.55    8.66    3.49    0.69    0.65    0.64    0.51    2.98     35.60      2.97
    1944    1.73    0.50    0.24    0.19    0.70    0.36    0.23    0.21    0.20    0.20    0.19    0.20      4.96      0.41
    1945    8.67    3.25    0.19    0.98    0.85   10.68    4.07    0.72    0.59    0.45    0.35    0.33     31.13      2.59
    1946    0.56    1.72    0.69    0.99    0.41    5.97    2.48    0.52    0.56    0.69    0.58    0.47     15.64      1.30
    1947    0.47    5.22    2.95    0.81    0.34    3.80   58.75   19.49    0.75    0.59    0.48    0.39     94.05      7.84
    1948    2.72    1.51    0.43    0.26    0.24    0.24    0.27    0.27    0.22    0.19    0.22    0.26      6.84      0.57
    1949    0.40   14.92    5.35    0.30    1.37    1.10    0.47    5.25    2.53    0.65    0.59    0.51     33.44      2.79
    1950    1.29    0.65   17.38    8.68    1.38    2.78    1.25    0.42    0.34    0.34    0.36    7.64     42.52      3.54
    1951    3.46    0.58    0.25    0.85    1.17    0.50    0.37    0.39    0.32    0.26    0.23   14.90     23.26      1.94
    1952    5.74    0.81    0.89    4.69    4.63    1.48    0.60    0.51    0.45    0.40    0.53    2.42     23.15      1.93
    1953   77.08   37.66    4.90    0.45    1.00   20.37    7.30    0.85    0.92    0.88    0.70    0.90    153.01     12.75
    1954    1.34    1.73    0.65    1.30   14.23    5.55    0.73    0.53    0.55    0.55    0.44    0.48     28.08      2.34
    1955    0.47    1.70    0.72    0.19    0.61    7.78    3.10    0.67    0.50    0.44    0.45    9.19     25.82      2.15
    1956    8.42   31.63   16.97    2.98    0.77    4.31    2.21    0.86    0.72    0.62    0.51    1.09     71.10      5.92
    1957    1.40    0.66    0.28    2.74    1.81    0.67    0.64    0.52    0.38    0.36    0.43    0.67     10.57      0.88
    1958    0.55    2.86    4.99    3.32    1.20    1.41    3.91   40.42   13.55   22.21    8.50    1.44    104.36      8.70
    1959    1.02    0.61    0.88    2.60    1.05    2.61    1.77    1.02    0.77    0.55    0.50    0.57     13.94      1.16
    1960    2.43    2.85    1.74    1.66    0.72    8.02   11.51    4.22    1.17    1.04    0.96    0.64     36.97      3.08
    1961    0.46    1.08    0.45    0.28    1.19   15.92    6.28    1.11    0.73    0.51    0.44    0.39     28.84      2.40
    1962    7.61    3.32    0.43   15.20    5.94   83.42   28.40    1.23    0.80    0.83    0.79    0.57    148.54     12.38
    1963    0.57    2.75    1.40    1.24   19.98   13.75    3.89    1.16    8.50    3.79    1.02    4.42     62.47      5.21
    1964    2.43    0.80    0.46    0.32    0.28    0.27    0.29    1.44    1.38    0.98    0.68    1.52     10.84      0.90
    1965   11.79    5.45    0.90    3.53    1.38    0.32    0.29    1.68    1.02    0.53    0.44    0.40     27.72      2.31
    1966    0.31    1.52    0.73    1.47    1.51    6.94   51.77   17.21    1.26    1.12    0.94    0.65     85.42      7.12
    1967    0.45    0.48    0.26    0.19    0.16    0.16    0.19    0.23    0.26    0.27    0.28    6.31      9.24      0.77
    1968    2.89    0.60    0.24    0.15    1.17    6.38    2.68    0.68    0.52    0.50    0.47    0.41     16.67      1.39
    1969    1.12    1.55    0.62    0.16    0.31    0.19    0.19    0.20    0.30    0.34  150.03   50.48    205.50     17.12
    1970    2.37    1.31    7.46    5.76    2.60    0.95    1.35    1.05    0.74    1.84   21.09    7.53     54.06      4.51
    1971    1.15    1.10    0.50    1.45   20.75    7.60    0.74    0.53    0.46    0.43    0.44    0.46     35.62      2.97
    1972    0.44    2.35    0.94    0.21    2.30    1.84    1.75    0.93    0.43    0.34    0.68    0.57     12.78      1.07
    1973    0.78    8.13    4.18    7.21    6.48   11.43    4.17    5.77    2.97    1.11    2.00    1.40     55.65      4.64
    1974    0.83    1.26    1.12    0.47    0.31    0.30    0.28    0.26    0.31    0.39    0.59   24.41     30.54      2.54
    1975    8.54    0.66    2.81    1.32   19.45   36.39   10.44    0.90    0.71    0.72    0.69    0.65     83.27      6.94
    1976   24.04    9.04    0.65    0.38    4.41    1.70    0.55    0.79    0.76    0.61    0.63    2.12     45.68      3.81
    1977    1.27   11.89   16.43    5.76    0.91    0.54    9.39    4.13    1.08    0.82    0.63    0.50     53.34      4.45
    1978    6.19    2.95    6.26    2.92    1.46    5.20    2.24    1.46    1.05   25.28   68.90   20.53    144.44     12.04
    1979    1.10    0.69    0.45    0.38    0.37    0.39    0.37    0.33    0.31    0.33    0.35    0.57      5.65      0.47
    1980    0.63    1.69    1.01   24.52   10.53    2.55    0.98    1.36    1.10    0.82    3.42    1.91     50.52      4.21
    1981    0.67    0.45    0.39    0.21    0.19    0.48    0.66    0.42    0.35    0.46    0.44    0.39      5.08      0.42
    1982    2.09    0.98    0.15    0.10    0.09    0.09    0.11    0.13    0.14    7.01    3.07    0.94     14.91      1.24
    1983    1.50    3.88    1.62    0.86    0.36    0.97    0.88    0.55    0.88    1.07    0.89    0.59     14.06      1.17
    1984    2.10    2.12    0.71    2.25   17.86    6.26    0.59    0.45    0.45    0.43    0.32    0.83     34.36      2.86
    1985   36.48  120.37   40.70    4.95    1.76    1.80    1.32    0.78    0.58    0.55    1.28    1.52    212.09     17.67
    1986   15.40    8.11    1.50    0.45    0.39    0.47    0.41    0.38    0.38    0.36    0.41   10.29     38.55      3.21
    1987    4.17    0.65    0.62    0.53   13.42   11.50    3.38    1.37    1.18    0.94    0.85    1.51     40.12      3.34
    1988    1.38    1.32    4.49    1.70    0.58    1.56    2.78    1.36    0.55    0.49    0.41    0.33     16.96      1.41
    1989   29.17   53.27   14.46    0.84    0.56   12.48    4.99    0.83    0.58    0.47    0.45    0.46    118.57      9.88
    1990    1.54    0.78    0.28    0.24    0.68    0.36    0.25    0.24    0.25    0.24    0.27    0.32      5.44      0.45
    1991   11.69    4.91    1.59    0.54    3.55    1.51    0.43    0.35    0.27    0.24    0.60    0.51     26.18      2.18
    1992    0.98    0.88    0.68    0.68    0.29    0.15    0.17    0.19    0.19    0.19    0.21    6.80     11.43      0.95
    1993    3.46    2.64   18.42    6.60    7.36    5.30    1.52    0.52    0.40    0.40    1.43    0.89     48.93      4.08
    1994    0.52    0.34   14.48   12.93    4.34    4.83    2.35    0.93    0.71    0.61    0.48    0.48     43.00      3.58
    1995    0.53    0.77    4.98    3.83    1.54    1.01    0.54    0.43    0.34    0.31    0.31    0.25     14.81      1.23
    1996    0.83   27.86    9.98    0.81    0.51    0.40    3.22    1.82   30.42   10.83    1.05    0.72     88.44      7.37
    1997    1.99    5.69    2.10    1.93    4.14    8.47    3.75    1.06    0.68    0.54    0.70    0.76     31.81      2.65
    1998    0.62    8.65    4.83    2.27    0.77    2.65    2.22    1.03    0.61    0.88    0.75    0.49     25.78      2.15
    1999    0.57    0.38    3.29    6.38    2.35   25.92    9.52    1.16    0.86    0.63    0.48    1.46     52.98      4.41
    2000    1.17    1.84    0.84    1.62    0.79    1.97    4.00    1.82    0.51    0.53    0.70    1.03     16.81      1.40
    2001    2.29   12.12    7.27    5.18    1.74    0.45    1.51    0.83    0.49    3.35   35.69   25.40     96.31      8.03
    2002    5.45    0.68    0.44    0.35    0.32    1.85    1.11    0.78    0.69    0.53    0.45    0.42     13.07      1.09
    2003    0.95    0.55    0.53    2.87    1.11    0.42    0.30    0.28    0.24    0.31    0.40   14.53     22.49      1.87
    2004    5.46    0.52   13.45   13.51    4.22    0.73    0.60    0.67    0.62    0.52    0.62    0.59     41.52      3.46
    2005    0.37    6.11    2.28    2.58    1.02    0.37    3.23    5.82    2.54    0.78   15.66    8.77     49.51      4.13
    2006   37.18   12.54    1.38    1.29    0.79    1.33    0.83    0.70    0.56    0.48    0.46    0.42     57.96      4.83
    2007    0.41    0.64    0.72   10.10    3.96    0.47    0.48    0.46    0.72    0.61    0.59    0.50     19.67      1.64
    2008    0.38    2.49    1.50    0.99    0.64    0.24    0.19    0.19    0.18    0.21    0.21    0.22      7.44      0.62
    2009    0.56    0.69    0.42    0.79    0.32    0.15    0.19    0.19    0.24    0.31    0.27    0.21      4.32      0.36
  
 AVERAGE    4.70    7.07    4.05    2.93    3.10    5.49    4.00    2.58    1.56    2.31    4.28    3.68     45.75      3.81
