    1920    0.05    0.03    0.14    0.07    0.25    1.71    0.80    0.19    0.11    0.10    0.08    0.07      3.61      0.30
    1921    0.07    0.31    0.44    0.19    0.04    0.05    0.05    0.05    0.08    0.14    0.23    0.19      1.84      0.15
    1922    0.10    1.53    0.63    1.01    1.75    0.79    0.16    0.15    0.16    0.18    0.17    0.12      6.77      0.56
    1923    0.09    0.07    0.07    0.06    0.08    0.59    0.24    0.07    0.07    0.06    0.06    0.07      1.53      0.13
    1924    0.05    0.04    1.48    0.96    0.46   11.73    4.31    0.37    0.27    0.24    0.22    0.20     20.35      1.70
    1925    0.18    0.39    0.20    0.36    0.19    0.69    0.28    0.15    0.16    0.14    0.12    0.18      3.03      0.25
    1926    0.12    0.33    0.33    0.09    0.15    3.49    1.27    0.13    0.11    0.11    0.11    0.09      6.32      0.53
    1927    0.08    0.09    1.07    1.36    0.54    0.11    0.08    0.08    0.07    0.07    0.07    0.09      3.71      0.31
    1928    0.10    0.57    0.44    0.44    0.15    0.54    0.23    0.08    0.13    0.19    0.16    1.84      4.85      0.40
    1929    0.95    0.21    0.78    0.39    0.16    1.16    0.45    0.16    0.14    0.13    0.61    0.32      5.46      0.46
    1930    0.14    0.09    0.08    0.77    0.63    0.81    0.33    0.12    0.10    1.70    0.84    0.18      5.80      0.48
    1931    0.24    0.18    1.52    0.56    0.39    0.20    0.11    0.10    0.10    0.10    0.10    0.37      3.98      0.33
    1932    0.19    0.09    0.05    0.04    0.03    0.57    0.27    0.08    0.07    0.07    0.07    0.06      1.59      0.13
    1933    0.04    3.21    1.87    2.11    0.74    0.43    0.21    0.14    0.13    0.15    0.14    0.10      9.28      0.77
    1934    0.09    0.31    0.47    0.18    0.29    1.21    0.50    0.39    0.26    0.16    0.16    0.13      4.15      0.35
    1935    0.10    0.13    0.07    0.05    0.08    0.28    0.12    0.10    0.11    0.14    0.14    0.11      1.42      0.12
    1936    0.10    2.51    0.95    0.24    0.21    0.08    0.08    0.09    0.09    0.09    0.09    0.07      4.58      0.38
    1937    0.05    0.11    0.41    1.26    1.89    0.63    0.12    0.11    0.11    0.11    0.11    0.11      5.03      0.42
    1938    0.26    0.35    0.39    0.68    0.75    0.22    0.07    0.07    0.08    0.09    0.11    0.12      3.20      0.27
    1939    0.11    0.06    0.03    0.10    1.46    2.06    0.68    0.30    0.21    0.16    0.14    0.19      5.51      0.46
    1940    0.14    0.12    0.08    1.18    1.91    0.65    0.36    0.20    0.14    0.13    0.14    0.12      5.16      0.43
    1941    0.18    0.08    0.05    0.37    1.59    2.41    0.83    0.18    0.15    0.13    0.15    0.18      6.29      0.52
    1942    0.49    1.87    1.59    0.58    0.11    0.50    1.23    0.64    0.31    0.24    0.25    0.24      8.04      0.67
    1943    0.19    8.74    3.17    0.24    0.22    1.07    0.42    0.21    0.22    0.22    0.19    0.34     15.21      1.27
    1944    0.25    0.12    0.08    0.07    0.44    0.68    0.26    0.12    0.10    0.09    0.09    0.07      2.38      0.20
    1945    0.07    0.05    0.03    0.78    0.60    0.21    0.22    0.64    0.38    0.17    0.13    0.10      3.38      0.28
    1946    0.22    0.14    0.07    0.28    0.46    0.37    0.13    0.08    0.08    0.09    0.09    0.11      2.13      0.18
    1947    0.10    0.44    2.87    1.02    0.68    1.55    0.64    0.17    0.14    0.13    0.12    0.10      7.96      0.66
    1948    0.10    0.07    0.05    0.04    0.10    0.09    0.06    0.07    0.07    0.07    0.06    0.05      0.84      0.07
    1949    0.04    0.03    0.15    0.15    0.63    0.55    0.40    0.33    0.21    0.15    0.15    0.14      2.94      0.24
    1950    0.12    0.08    4.58    1.96    0.31    0.20    0.13    0.11    0.10    0.10    0.10    0.10      7.90      0.66
    1951    0.28    0.12    0.04    0.11    0.95    0.38    0.08    0.08    0.07    0.09    0.10    0.29      2.60      0.22
    1952    0.16    0.12    0.43    0.14    0.64    0.27    0.26    0.16    0.10    0.09    0.11    0.27      2.75      0.23
    1953    0.39    1.15    0.76    0.20    0.30    1.57    0.61    0.16    0.15    0.14    0.12    0.10      5.64      0.47
    1954    0.08    0.09    0.06    2.95    1.82    0.36    0.12    0.12    0.13    0.13    0.11    0.10      6.08      0.51
    1955    0.10    0.31    0.13    0.04    0.22    1.46    0.59    0.12    0.10    0.09    0.09    0.09      3.35      0.28
    1956    0.10    0.25    1.16    1.44    0.42    0.21    0.10    0.08    0.08    0.08    0.09    0.12      4.14      0.34
    1957    0.11    0.06    0.59    3.20    1.07    0.09    0.08    0.10    0.11    0.10    0.08    0.08      5.67      0.47
    1958    0.07    0.27    1.79    0.62    0.52    0.24    0.59    0.58    0.29    0.21    0.19    0.15      5.53      0.46
    1959    0.12    0.37    0.71    0.91    0.36    0.11    0.11    0.13    0.13    0.11    0.13    0.14      3.32      0.28
    1960    0.12    1.02    1.57    0.48    0.07    1.07    0.49    0.19    0.18    0.16    0.17    0.14      5.65      0.47
    1961    0.09    0.39    0.23    0.06    3.25    2.17    0.51    0.18    0.15    0.14    0.12    0.11      7.39      0.62
    1962    0.10    1.13    0.54    2.85    1.05    4.22    1.64    0.22    0.18    0.19    0.19    0.15     12.45      1.04
    1963    0.54    0.75    0.37    0.09    0.08    0.13    0.11    0.10    0.13    0.14    0.12    0.09      2.65      0.22
    1964    0.08    0.05    0.34    0.12    0.27    0.10    0.21    0.13    0.14    0.16    0.12    0.08      1.81      0.15
    1965    0.12    0.39    0.13    2.33    0.91    0.07    0.06    0.07    0.09    0.09    0.08    0.08      4.42      0.37
    1966    0.06    0.04    0.10    1.45    0.95    0.96    1.31    0.67    0.31    0.28    0.24    0.18      6.55      0.55
    1967    0.16    0.14    0.11    0.10    0.08    0.08    0.09    0.10    0.09    0.09    0.08    0.08      1.19      0.10
    1968    0.07    0.04    0.17    0.06    0.56    3.39    1.22    0.17    0.14    0.13    0.12    0.11      6.19      0.52
    1969    0.11    0.08    0.05    0.04    0.15    0.06    0.04    0.04    0.06    0.10    2.78    1.25      4.77      0.40
    1970    0.39    0.14    2.13    0.81    0.17    0.33    0.46    0.23    0.18    0.20    0.22    0.16      5.42      0.45
    1971    0.13    0.09    0.14    0.83   10.20    3.49    0.23    0.19    0.19    0.19    0.16    0.13     15.98      1.33
    1972    0.12    0.10    0.07    0.06    1.22    0.62    0.23    0.16    0.13    0.12    0.12    0.10      3.06      0.26
    1973    0.07    0.06    0.13    8.44    3.60    2.93    1.16    0.32    0.31    0.27    0.58    0.32     18.20      1.52
    1974    0.23    0.27    0.73    0.23    0.70    0.40    0.16    0.14    0.14    0.15    0.15    0.14      3.42      0.28
    1975    0.10    0.20    3.85    2.10    7.18   16.45    5.05    0.48    0.40    0.36    0.33    0.32     36.82      3.07
    1976    3.93    1.46    0.23    0.19    1.89    0.72    0.20    0.20    0.21    0.19    0.16    0.39      9.77      0.81
    1977    0.24    0.15    0.48    0.42    0.69    2.68    1.09    0.20    0.16    0.14    0.13    0.13      6.52      0.54
    1978    0.15    0.10    0.52    0.28    0.66    0.25    0.09    0.24    0.18    0.23    0.24    0.18      3.11      0.26
    1979    0.12    0.12    0.09    0.06    0.66    0.26    0.08    0.07    0.07    0.07    0.07    0.12      1.78      0.15
    1980    0.08    0.16    0.09    1.20    2.32    1.13    0.24    0.26    0.23    0.21    0.38    0.24      6.55      0.55
    1981    0.13    0.10    0.11    0.07    0.06    0.07    0.16    0.10    0.11    0.19    0.16    0.12      1.37      0.11
    1982    0.19    0.36    0.11    0.04    0.03    0.03    0.04    0.06    0.08    0.34    0.25    0.14      1.68      0.14
    1983    0.11    0.08    1.02    0.39    0.05    0.05    0.07    0.09    0.09    0.09    0.10    0.08      2.20      0.18
    1984    0.23    0.25    0.07    0.17    5.57    1.90    0.11    0.09    0.09    0.10    0.09    0.08      8.74      0.73
    1985    1.15    1.08    2.37    1.47    0.46    0.26    0.13    0.11    0.11    0.11    0.14    0.15      7.54      0.63
    1986    2.45    1.13    0.16    0.07    0.61    0.30    0.11    0.10    0.10    0.10    0.11    0.84      6.08      0.51
    1987    0.39    0.24    0.08    0.05   10.03    3.60    0.25    0.21    0.19    0.17    0.15    0.37     15.73      1.31
    1988    0.20    0.28    8.64    3.70    0.88    0.87    1.91    0.78    0.29    0.27    0.23    0.19     18.24      1.52
    1989    0.17    2.95    1.26    0.16    0.12    0.86    0.36    0.15    0.15    0.15    0.14    0.12      6.58      0.55
    1990    0.09    0.06    0.05    0.95    1.02    0.51    0.13    0.08    0.08    0.08    0.07    0.07      3.19      0.27
    1991    6.87    2.47    1.43    0.55    0.23    0.15    0.11    0.10    0.09    0.09    0.10    0.09     12.27      1.02
    1992    0.08    0.06    0.04    0.03    0.09    0.07    0.14    0.09    0.07    0.07    0.06    0.06      0.85      0.07
    1993    0.26    0.46    1.61    3.10    1.64    0.48    0.13    0.11    0.11    0.14    0.15    0.10      8.29      0.69
    1994    0.08    0.05    0.04    0.04    0.03    0.34    0.15    0.08    0.09    0.08    0.07    0.07      1.13      0.09
    1995    0.07    0.16    1.10    3.24    2.11    0.55    0.12    0.10    0.10    0.10    0.10    0.10      7.86      0.65
    1996    0.08    3.92    1.51    1.55    0.59    0.51    0.29    0.17    0.19    0.20    0.16    0.12      9.29      0.77
    1997    0.11    0.08    0.06    0.06    1.05    1.61    0.54    0.13    0.11    0.10    0.12    0.11      4.08      0.34
    1998    0.08    1.33    0.56    0.05    0.04    0.04    0.04    0.04    0.05    0.05    0.05    0.05      2.38      0.20
    1999    0.04    0.02    0.01    2.66    1.91    2.44    0.92    0.19    0.17    0.16    0.14    0.41      9.06      0.75
    2000    0.24    0.60    0.26    0.54    0.35    0.21    0.18    0.13    0.11    0.11    0.11    0.31      3.16      0.26
    2001    0.18    1.00    1.07    1.53    0.49    0.13    0.12    0.13    0.15    0.18    0.63    0.47      6.09      0.51
    2002    0.20    0.12    0.10    0.11    0.09    0.45    0.20    0.14    0.13    0.11    0.11    0.10      1.87      0.16
    2003    0.09    0.06    0.04    0.17    2.02    1.22    0.42    0.16    0.12    0.13    0.13    0.88      5.43      0.45
    2004    0.41    0.10    1.32    0.97    0.26    0.11    0.10    0.10    0.10    0.09    0.10    0.09      3.75      0.31
    2005    0.15    0.21    0.08    6.33    3.95    0.84    0.20    0.19    0.17    0.17    0.34    0.31     12.96      1.08
    2006    0.24    0.35    0.19    0.21    0.09    0.30    0.15    0.12    0.12    0.12    0.11    0.09      2.08      0.17
    2007    0.13    0.15    0.46    0.46    1.85    0.67    0.10    0.11    0.13    0.13    0.12    0.10      4.41      0.37
    2008    0.07    0.28    0.50    0.16    1.30    0.52    0.08    0.07    0.09    0.11    0.11    0.09      3.36      0.28
    2009    0.69    1.02    0.31    1.57    0.62    0.33    0.22    0.12    0.11    0.11    0.10    0.08      5.28      0.44
  
 AVERAGE    0.32    0.57    0.74    0.89    1.09    1.12    0.44    0.17    0.14    0.16    0.19    0.20      6.02      0.50
