    1920    0.29    0.16    0.26    0.54    1.36    4.91    4.04    1.80    0.73    0.44    0.35    0.27     15.15      1.26
    1921    0.30    1.02    1.79    0.94    0.26    0.27    0.24    0.34    0.90    1.96    2.53    1.78     12.33      1.03
    1922    0.84    5.43    2.30    7.31    5.87    3.14    1.31    0.83    1.04    1.35    1.01    0.50     30.91      2.58
    1923    0.31    0.25    0.27    0.24    0.43    1.97    1.06    0.35    0.34    0.34    0.37    0.48      6.40      0.53
    1924    0.33    0.21    5.89    3.43    1.35   39.99   16.59    2.57    1.04    0.83    0.70    0.64     73.56      6.13
    1925    0.46    1.61    0.83    1.22    0.69    1.94    1.21    0.73    0.88    0.71    0.44    1.06     11.76      0.98
    1926    0.79    1.02    0.89    0.26    0.30   11.29    4.39    0.52    0.41    0.44    0.45    0.33     21.09      1.76
    1927    0.33    0.26    3.11    3.54    1.40    0.56    0.44    0.39    0.36    0.35    0.49    0.69     11.91      0.99
    1928    0.75    3.11    2.26    1.31    0.48    2.02    1.08    0.52    1.32    1.78    1.25   21.25     37.13      3.09
    1929    8.64    1.13    1.84    1.19    0.68    3.01    1.76    0.65    0.57    0.53    8.70    4.03     32.73      2.73
    1930    0.89    0.36    0.26    3.34    2.49    5.28    2.68    0.74    0.43   23.89    9.19    0.82     50.37      4.20
    1931    1.42    1.09    3.19    1.21    2.20    1.16    0.38    0.45    0.50    0.62    0.53    2.58     15.33      1.28
    1932    1.78    1.66    0.62    0.12    0.15    1.96    1.46    0.70    0.43    0.43    0.43    0.34     10.09      0.84
    1933    0.18   13.49    8.33    9.84    3.88    3.92    2.13    0.92    0.72    1.00    0.81    0.43     45.65      3.80
    1934    0.56    2.21    1.77    0.65    0.83    4.53    2.52    2.92    2.20    1.01    0.88    0.62     20.71      1.73
    1935    0.47    0.74    0.33    0.15    0.63    1.04    0.67    0.74    0.82    1.30    1.10    0.68      8.67      0.72
    1936    0.83    8.26    3.19    2.10    3.10    1.47    0.46    0.55    0.54    0.56    0.52    0.36     21.93      1.83
    1937    0.28    0.51    1.60    5.38    7.22    2.88    1.50    1.00    0.87    0.82    0.71    0.65     23.41      1.95
    1938    1.32    1.93    3.09    3.70    3.78    1.39    0.38    0.51    0.49    0.71    0.87    1.36     19.54      1.63
    1939    1.25    0.53    0.13    1.69    4.53    4.18    1.83    1.65    1.33    0.78    0.51    1.18     19.58      1.63
    1940    0.86    0.71    0.55    3.59    5.24    2.11    1.49    1.11    0.62    0.52    0.75    0.58     18.13      1.51
    1941    1.01    0.47    0.10    1.66    4.04    4.79    2.41    1.06    0.66    0.52    0.78    1.16     18.66      1.56
    1942    2.53    6.62    6.31    2.37    0.59    1.42    4.47    3.13    1.61    0.87    1.27    1.08     32.28      2.69
    1943    0.80   28.51   11.15    1.10    0.89    4.38    2.24    0.71    0.90    0.90    0.65    1.86     54.08      4.51
    1944    1.67    0.53    0.14    0.45    1.06    2.81    1.79    0.77    0.44    0.42    0.36    0.26     10.71      0.89
    1945    0.57    0.34    0.12    4.98    2.63    1.53    1.21    2.70    2.18    1.10    0.57    0.36     18.30      1.52
    1946    0.64    0.49    0.19    1.11    1.42    1.37    0.76    0.42    0.50    0.59    0.60    0.92      9.00      0.75
    1947    0.75    1.28    7.48    3.06    2.09    5.34    3.06    1.17    0.58    0.65    0.53    0.32     26.30      2.19
    1948    0.41    0.22    0.14    0.11    0.64    0.76    0.59    0.48    0.42    0.42    0.41    0.35      4.97      0.41
    1949    0.23    0.54    0.37    0.13    1.88    2.75    2.53    4.77    2.62    1.04    1.01    0.78     18.65      1.55
    1950    0.83    0.42   10.38    6.21    1.58    1.17    0.80    0.52    0.46    0.48    0.50    0.78     24.12      2.01
    1951    1.65    0.72    0.09    0.38    2.08    1.12    0.59    0.47    0.45    0.56    0.54    2.21     10.87      0.91
    1952    1.48    0.95    1.09    0.39    1.72    1.02    1.85    1.47    0.75    0.50    0.73    1.16     13.11      1.09
    1953    2.58    3.56    2.74    1.47    0.91    7.67    3.38    0.84    0.80    0.67    0.46    0.44     25.52      2.13
    1954    0.39    0.58    0.35    4.68   13.47    4.76    1.70    1.27    1.10    0.88    0.57    0.54     30.28      2.52
    1955    0.60    1.03    0.52    0.15    0.65    5.86    2.97    0.94    0.54    0.47    0.41    0.65     14.79      1.23
    1956    0.73    0.70    2.52    3.18    1.47    3.26    1.76    0.58    0.46    0.46    0.84    1.17     17.13      1.43
    1957    1.22    0.56    1.76    7.11    2.57    0.52    0.48    0.82    0.76    0.51    0.39    0.48     17.18      1.43
    1958    0.42    1.28    4.12    1.64    3.00    1.87    3.31    4.02    2.24    1.40    1.15    0.67     25.11      2.09
    1959    0.44    0.95    1.68    2.58    1.46    0.83    0.75    0.87    0.71    0.52    0.78    0.90     12.46      1.04
    1960    0.87    2.69    3.49    1.17    0.24    3.71    2.68    1.90    1.38    0.94    1.16    0.80     21.02      1.75
    1961    0.30    1.19    0.64    0.21   10.96   11.10    3.45    0.89    0.67    0.51    0.46    0.36     30.76      2.56
    1962    0.40    3.25    1.92    9.24    3.75   27.21   10.07    0.96    0.73    1.05    0.86    0.48     59.92      4.99
    1963    2.29    2.86    1.22    0.38    0.29    0.71    0.78    0.59    0.89    0.88    0.61    0.41     11.92      0.99
    1964    0.45    0.20    0.91    0.59    0.69    0.35    0.48    0.73    1.31    1.31    0.83    0.47      8.31      0.69
    1965    0.88    1.12    0.38    4.13    2.81    0.72    0.22    0.47    0.72    0.59    0.56    0.62     13.22      1.10
    1966    0.48    0.31    0.46    1.04    1.42    4.32   11.54    5.29    1.78    1.18    0.89    0.47     29.18      2.43
    1967    0.48    0.34    0.15    0.11    0.10    0.33    0.43    0.39    0.34    0.36    0.37    0.54      3.95      0.33
    1968    0.45    0.21    0.23    0.13    1.65   16.07    5.88    0.72    0.60    0.63    0.67    0.61     27.85      2.32
    1969    0.75    0.43    0.14    0.12    0.71    0.38    0.20    0.32    0.79    1.08   20.45    8.57     33.93      2.83
    1970    2.90    1.11    5.52    2.50    1.95    2.08    2.17    1.55    0.84    1.27    1.68    0.99     24.56      2.05
    1971    0.88    0.48    0.48    1.80   35.47   12.74    1.29    0.73    0.73    0.69    0.52    0.41     56.22      4.69
    1972    0.45    0.34    0.15    0.11    8.51    4.08    1.28    0.89    0.58    0.55    0.74    0.51     18.18      1.51
    1973    0.30    0.26    0.75   23.87   13.59   13.13    4.91    1.83    1.78    1.15    2.37    1.63     65.56      5.46
    1974    0.64    1.17    0.63    0.20    1.69    2.57    1.35    0.51    0.53    0.76    0.61    0.90     11.57      0.96
    1975    0.57    0.88   10.50    5.45   19.85   59.79   19.05    2.25    1.52    1.06    0.79    1.04    122.74     10.23
    1976   27.30    9.44    0.40    0.36    5.10    2.60    0.65    0.62    0.80    0.76    0.54    1.95     50.52      4.21
    1977    1.85    0.82    2.08    1.45    0.83    4.12    2.82    1.16    0.63    0.55    0.51    0.54     17.36      1.45
    1978    0.60    0.28    0.63    0.35    0.89    0.55    0.62    1.48    1.28    1.94    2.27    1.52     12.42      1.03
    1979    0.73    0.53    0.39    0.22    2.95    1.50    0.47    0.35    0.31    0.34    0.36    0.75      8.89      0.74
    1980    0.56    0.69    0.39    2.79    7.58    3.90    1.11    1.23    1.64    1.27    1.51    1.01     23.69      1.97
    1981    0.39    0.23    0.41    0.17    0.30    0.77    0.92    0.62    0.92    1.80    1.26    0.74      8.52      0.71
    1982    1.25    1.46    0.46    0.08    0.07    0.11    0.41    0.65    0.68    6.10    3.21    1.14     15.61      1.30
    1983    0.90    0.60    2.64    1.10    0.20    0.47    0.61    0.60    0.59    0.57    0.63    0.46      9.37      0.78
    1984    0.79    1.03    0.37    0.58   18.58    6.59    0.46    0.40    0.44    0.46    0.36    0.39     30.45      2.54
    1985   12.69    6.96    6.29    4.02    1.40    1.07    0.79    0.51    0.53    0.70    1.31    1.16     37.45      3.12
    1986   12.91    5.86    0.75    0.21    1.46    1.29    0.91    0.58    0.50    0.56    0.59    4.36     29.98      2.50
    1987    2.30    1.15    0.40    0.24   32.55   12.51    1.52    1.11    0.81    0.69    0.67    1.40     55.35      4.61
    1988    0.98    1.10   13.71    6.96    3.80    4.04   14.20    5.55    0.89    0.89    0.71    0.47     53.31      4.44
    1989    0.48    8.86    4.00    0.89    0.32    3.63    2.60    1.02    0.76    0.76    0.65    0.42     24.38      2.03
    1990    0.33    0.20    0.14    4.96    4.14    2.22    0.85    0.40    0.41    0.39    0.35    0.36     14.77      1.23
    1991   31.91   11.40    4.15    1.47    0.48    0.94    0.74    0.48    0.39    0.41    0.61    0.46     53.43      4.45
    1992    0.37    0.20    0.13    0.11    0.27    0.36    1.14    0.92    0.57    0.44    0.42    0.43      5.36      0.45
    1993    1.12    1.06    3.39   12.02    7.24    2.12    0.64    0.48    0.46    0.85    0.77    0.42     30.57      2.55
    1994    0.28    0.15    0.10    0.10    0.12    1.91    1.23    0.81    0.70    0.50    0.34    0.40      6.65      0.55
    1995    0.46    0.30    2.27    3.20    6.60    3.08    0.85    0.45    0.39    0.45    0.58    0.61     19.24      1.60
    1996    0.42   10.54    4.37    3.00    1.38    4.13    3.41    1.80    1.63    1.57    1.00    0.52     33.75      2.81
    1997    0.44    0.23    0.13    0.34    6.22    9.92    3.42    0.63    0.52    0.48    0.65    0.52     23.51      1.96
    1998    0.37    3.18    1.57    0.19    0.12    0.14    0.21    0.33    0.40    0.49    0.43    0.27      7.70      0.64
    1999    0.20    0.09    0.05    7.64    7.05   11.31    4.61    1.32    0.97    0.75    0.53    2.07     36.59      3.05
    2000    1.70    1.85    0.69    0.60    0.92    1.28    1.12    0.72    0.48    0.49    0.81    1.50     12.17      1.01
    2001    1.13    4.23    3.48    2.49    0.96    0.99    1.07    0.99    1.19    1.74    9.49    5.47     33.23      2.77
    2002    1.66    0.43    0.33    0.48    0.74    1.72    1.22    0.85    0.65    0.47    0.51    0.54      9.61      0.80
    2003    0.50    0.34    0.46    0.65    4.78    5.14    2.66    1.10    0.49    0.68    0.67    2.31     19.77      1.65
    2004    1.53    0.55    2.73    4.14    1.62    0.73    0.63    0.59    0.51    0.43    0.69    0.53     14.67      1.22
    2005    1.11    1.78    0.67   22.04    9.69    1.74    1.62    1.33    0.81    0.67    2.02    2.22     45.70      3.81
    2006    1.96    1.72    0.80    0.49    0.39    1.58    1.07    0.49    0.48    0.50    0.50    0.39     10.37      0.86
    2007    0.97    0.96    1.87    1.57    3.03    1.47    0.76    0.68    1.26    1.26    0.89    0.51     15.22      1.27
    2008    0.29    0.88    1.91    1.07    5.67    2.91    0.70    0.41    0.56    0.63    0.63    0.57     16.24      1.35
    2009    1.61    2.10    0.73    5.57    2.35    1.33    1.99    1.24    0.63    0.62    0.46    0.41     19.04      1.59
  
 AVERAGE    1.86    2.15    2.05    2.63    3.72    4.55    2.31    1.10    0.82    1.09    1.28    1.25     24.82      2.07
