    1920    0.15    0.07    0.02    0.01    0.32    0.99    0.88    0.52    0.31    0.23    0.18    0.14      3.81      0.32
    1921    0.16    1.84    2.67    1.05    0.17    0.13    0.13    0.14    0.19    0.23    0.31    0.29      7.31      0.61
    1922    0.15    4.33    1.72    1.81    2.99    1.25    0.35    0.30    0.31    0.35    0.32    0.22     14.11      1.18
    1923    0.17    0.13    0.10    0.08    0.08    0.31    0.20    0.18    0.18    0.16    0.15    0.17      1.91      0.16
    1924    0.13    0.07    3.34    1.53    1.28   15.59    6.15    1.03    0.62    0.54    0.46    0.43     31.20      2.60
    1925    0.33    0.58    0.25    1.02    0.38    0.24    0.30    0.33    0.37    0.35    0.27    0.35      4.76      0.40
    1926    0.29    0.37    0.29    0.12    0.10    0.77    0.40    0.17    0.16    0.16    0.21    0.18      3.22      0.27
    1927    0.12    0.09    0.20    1.15    0.50    0.78    0.43    0.17    0.15    0.14    0.15    0.18      4.07      0.34
    1928    0.18    0.20    0.75    0.29    0.06    0.33    0.20    0.13    0.24    0.44    0.40    0.70      3.92      0.33
    1929    0.68    0.35    0.86    0.39    0.17    1.01    0.54    0.24    0.22    0.21    0.39    0.39      5.45      0.45
    1930    0.29    0.14    0.09    0.69    0.31    1.42    0.94    0.41    0.25    1.36    1.09    0.45      7.45      0.62
    1931    0.30    0.24    1.12    0.41    1.90    0.80    0.21    0.23    0.26    0.30    0.28    0.49      6.53      0.54
    1932    0.40    0.24    0.11    0.08    0.07    0.40    0.30    0.22    0.19    0.19    0.19    0.17      2.54      0.21
    1933    0.10    8.21    5.40    2.98    1.01    1.14    0.63    0.38    0.32    0.32    0.30    0.22     21.01      1.75
    1934    0.21    0.44    0.28    0.14    0.36    0.58    0.44    0.81    0.75    0.49    0.36    0.27      5.13      0.43
    1935    0.23    0.27    0.13    0.10    0.14    0.33    0.22    0.28    0.32    0.39    0.36    0.27      3.03      0.25
    1936    0.24    2.89    1.11    0.18    0.14    0.15    0.16    0.18    0.17    0.19    0.18    0.15      5.75      0.48
    1937    0.12    0.10    0.27    1.51    0.62    0.19    0.22    0.19    0.22    0.24    0.20    0.17      4.03      0.34
    1938    0.27    0.48    0.35    1.21    0.81    0.27    0.15    0.17    0.17    0.22    0.32    0.47      4.90      0.41
    1939    0.51    0.27    0.08    0.74    1.64    2.64    1.17    0.55    0.49    0.37    0.29    0.40      9.14      0.76
    1940    0.32    0.19    0.14    0.40    1.80    0.78    0.46    0.41    0.31    0.27    0.29    0.24      5.61      0.47
    1941    0.25    0.14    0.08    0.31    0.20    2.82    1.45    0.53    0.39    0.29    0.27    0.37      7.10      0.59
    1942    1.34    1.80    0.75    0.59    0.23    0.39    1.14    1.65    1.14    0.60    0.53    0.48     10.64      0.89
    1943    0.36   10.91    4.11    0.32    0.30    1.03    0.54    0.48    0.59    0.56    0.43    0.43     20.07      1.67
    1944    0.44    0.24    0.15    0.13    0.95    0.67    0.33    0.26    0.22    0.22    0.20    0.16      3.97      0.33
    1945    0.17    0.13    0.08    0.28    0.36    0.22    0.23    0.95    0.79    0.47    0.30    0.19      4.18      0.35
    1946    0.23    0.21    0.11    0.18    0.12    0.27    0.20    0.17    0.18    0.20    0.22    0.31      2.40      0.20
    1947    0.26    0.18    0.69    0.37    0.68    0.74    0.49    0.32    0.23    0.23    0.22    0.15      4.55      0.38
    1948    0.16    0.11    0.06    0.11    0.14    0.10    0.11    0.14    0.15    0.16    0.14    0.11      1.49      0.12
    1949    0.09    0.08    0.06    0.06    1.13    0.86    0.57    1.41    1.06    0.56    0.38    0.29      6.55      0.55
    1950    0.27    0.23    2.73    2.49    1.03    0.35    0.27    0.22    0.22    0.22    0.22    0.34      8.61      0.72
    1951    0.61    0.29    0.09    0.09    0.82    0.48    0.27    0.24    0.22    0.24    0.23    0.30      3.87      0.32
    1952    0.26    0.20    0.41    0.15    0.15    0.09    0.24    0.26    0.22    0.18    0.32    1.47      3.95      0.33
    1953    1.38    0.99    0.99    0.36    0.19    0.85    0.53    0.39    0.35    0.31    0.27    0.23      6.84      0.57
    1954    0.19    0.16    0.13    0.63    1.99    0.83    0.30    0.29    0.33    0.36    0.28    0.23      5.72      0.48
    1955    0.17    0.23    0.11    0.07    0.22    1.79    0.86    0.27    0.22    0.19    0.17    0.19      4.49      0.37
    1956    0.23    0.64    0.56    0.59    0.29    0.25    0.24    0.22    0.20    0.19    0.25    0.26      3.93      0.33
    1957    0.16    0.08    0.73    1.44    0.52    0.13    0.14    0.20    0.23    0.19    0.15    0.20      4.17      0.35
    1958    0.20    0.27    1.30    0.54    0.15    0.14    0.21    0.37    0.35    0.36    0.35    0.26      4.49      0.37
    1959    0.18    0.13    0.47    1.84    0.74    0.17    0.18    0.22    0.23    0.20    0.26    0.34      4.94      0.41
    1960    0.26    0.63    2.21    0.83    0.11    1.95    0.95    0.43    0.43    0.37    0.43    0.35      8.95      0.75
    1961    0.18    0.17    0.19    0.10    3.03    2.03    0.67    0.36    0.29    0.25    0.23    0.18      7.69      0.64
    1962    0.16    0.36    0.24    6.59    2.40    7.27    2.99    0.48    0.37    0.37    0.32    0.25     21.80      1.82
    1963    0.39    1.50    0.66    0.18    0.16    0.17    0.20    0.20    0.30    0.37    0.31    0.26      4.69      0.39
    1964    0.21    0.10    0.08    0.06    0.11    0.09    0.13    0.21    0.40    0.51    0.38    0.23      2.51      0.21
    1965    0.42    0.52    0.19    0.61    0.25    0.08    0.08    0.12    0.17    0.17    0.16    0.17      2.95      0.25
    1966    0.13    0.07    0.11    1.52    0.91    2.46    2.44    1.36    0.79    0.55    0.44    0.30     11.08      0.92
    1967    0.21    0.17    0.15    0.14    0.13    0.16    0.22    0.22    0.20    0.20    0.19    0.19      2.18      0.18
    1968    0.18    0.11    0.14    0.06    0.24    0.69    0.42    0.26    0.23    0.22    0.20    0.16      2.92      0.24
    1969    0.16    0.10    0.04    0.04    0.12    0.08    0.08    0.10    0.20    0.29    7.55    3.12     11.88      0.99
    1970    0.51    0.17    2.99    1.17    0.18    0.23    0.50    0.45    0.34    0.39    0.53    0.39      7.83      0.65
    1971    0.32    0.21    0.12    0.29    5.61    2.51    0.53    0.36    0.37    0.37    0.28    0.24     11.21      0.93
    1972    0.23    0.16    0.10    0.09    0.80    0.49    0.30    0.28    0.22    0.20    0.24    0.20      3.31      0.28
    1973    0.13    0.14    0.28    4.86    3.15    4.72    1.99    0.67    0.71    0.55    0.79    0.62     18.61      1.55
    1974    0.35    0.28    0.24    0.19    0.65    1.03    0.50    0.33    0.32    0.34    0.30    0.31      4.83      0.40
    1975    0.22    0.17    5.11    2.24    3.50   16.53    5.82    0.80    0.60    0.52    0.44    0.45     36.39      3.03
    1976    2.13    0.98    0.31    0.26    1.05    0.46    0.29    0.35    0.43    0.39    0.33    0.54      7.52      0.63
    1977    0.52    0.30    0.94    0.52    0.20    2.85    1.35    0.36    0.30    0.28    0.25    0.22      8.09      0.67
    1978    0.19    0.13    0.50    0.21    2.16    0.97    0.29    0.67    0.60    0.70    0.80    0.50      7.72      0.64
    1979    0.28    0.17    0.11    0.10    0.74    0.62    0.29    0.22    0.20    0.21    0.20    0.21      3.35      0.28
    1980    0.15    0.12    0.08    0.58    0.90    0.86    0.42    0.39    0.58    0.51    0.60    0.46      5.66      0.47
    1981    0.21    0.14    0.69    0.26    0.13    0.95    0.64    0.33    0.37    0.62    0.51    0.34      5.18      0.43
    1982    0.59    0.42    0.12    0.09    0.08    0.08    0.11    0.16    0.25    0.65    0.65    0.43      3.63      0.30
    1983    0.36    0.19    0.24    0.09    0.08    0.16    0.20    0.26    0.27    0.23    0.24    0.20      2.53      0.21
    1984    0.22    0.54    0.21    0.63    6.78    2.49    0.24    0.19    0.21    0.24    0.20    0.16     12.10      1.01
    1985    1.75    2.59    1.78    1.75    0.94    0.49    0.33    0.25    0.22    0.21    0.27    0.28     10.87      0.91
    1986    1.99    1.18    0.41    0.12    0.12    0.15    0.16    0.17    0.17    0.18    0.19    2.25      7.10      0.59
    1987    1.21    0.71    0.25    0.09    3.69    1.61    0.36    0.37    0.35    0.31    0.26    0.37      9.56      0.80
    1988    0.31    1.41    2.71    2.32    1.39    1.21    1.93    1.10    0.51    0.43    0.36    0.30     13.97      1.16
    1989    0.29    4.04    1.77    0.25    0.20    0.36    0.34    0.29    0.27    0.27    0.25    0.21      8.56      0.71
    1990    0.18    0.12    0.08    0.84    2.66    1.07    0.20    0.15    0.16    0.17    0.15    0.16      5.94      0.49
    1991    4.85    1.97    0.76    0.28    0.13    0.16    0.20    0.18    0.17    0.17    0.25    0.24      9.35      0.78
    1992    0.16    0.11    0.06    0.05    0.06    0.19    0.20    0.17    0.14    0.14    0.13    0.14      1.55      0.13
    1993    0.45    0.70    1.89    1.13    0.48    0.22    0.14    0.13    0.14    0.24    0.29    0.17      5.98      0.50
    1994    0.11    0.07    0.06    0.05    0.05    0.12    0.13    0.14    0.15    0.13    0.12    0.13      1.26      0.10
    1995    0.14    0.30    2.14    7.57    3.33    0.58    0.20    0.17    0.18    0.18    0.18    0.17     15.14      1.26
    1996    0.15    1.57    0.74    0.74    0.29    0.11    0.11    0.13    0.16    0.18    0.16    0.13      4.46      0.37
    1997    0.40    0.22    0.05    0.04    0.51    2.07    0.95    0.28    0.21    0.18    0.28    0.25      5.43      0.45
    1998    0.15    0.97    0.48    0.07    0.06    0.06    0.08    0.11    0.11    0.14    0.14    0.12      2.49      0.21
    1999    0.11    0.06    0.04    1.01    1.71    3.33    2.33    1.05    0.49    0.36    0.28    0.40     11.16      0.93
    2000    0.44    2.79    1.11    0.50    0.40    0.54    0.41    0.34    0.29    0.27    0.26    0.37      7.72      0.64
    2001    0.33    1.38    0.99    1.54    0.54    0.16    0.19    0.20    0.21    0.27    0.40    0.61      6.83      0.57
    2002    0.42    0.14    0.26    0.21    0.17    0.18    0.15    0.17    0.20    0.19    0.19    0.19      2.47      0.21
    2003    0.19    0.11    0.06    0.13    2.08    1.62    0.73    0.36    0.22    0.26    0.28    0.61      6.65      0.55
    2004    0.43    0.16    3.10    1.25    0.30    0.24    0.25    0.26    0.25    0.23    0.30    0.26      7.04      0.59
    2005    0.18    0.38    0.17    5.36    3.94    1.09    0.41    0.40    0.33    0.30    0.44    0.55     13.55      1.13
    2006    0.70    0.65    0.22    0.14    0.20    0.88    0.46    0.24    0.24    0.24    0.23    0.19      4.40      0.37
    2007    0.21    0.14    1.71    0.71    5.41    2.05    0.74    0.55    0.44    0.37    0.34    0.26     12.92      1.08
    2008    0.16    0.40    0.17    0.10    1.00    0.46    0.18    0.19    0.21    0.20    0.20    0.16      3.43      0.29
    2009    0.18    0.14    0.07    1.93    0.81    0.18    0.20    0.20    0.20    0.20    0.17    0.13      4.41      0.37
  
 AVERAGE    0.41    0.76    0.78    0.85    0.99    1.24    0.62    0.36    0.32    0.31    0.38    0.35      7.37      0.61
