    1920    0.31    0.16    0.32    0.13    0.80    2.25    1.68    0.78    0.32    0.21    0.16    0.13      7.24      0.60
    1921    0.15    2.08    1.30    0.59    0.20    0.14    0.16    0.17    0.18    0.19    0.19    0.17      5.54      0.46
    1922    0.13    4.73    1.88    2.05    2.06    1.13    0.50    0.32    0.30    0.29    0.22    0.16     13.77      1.15
    1923    0.14    0.15    0.10    0.08    0.09    0.20    0.17    0.15    0.13    0.12    0.13    0.15      1.60      0.13
    1924    0.13    0.10    1.36    0.63    1.39   16.10    7.68    1.94    0.83    0.57    0.44    0.46     31.62      2.63
    1925    0.40    0.75    0.33    0.32    0.24    0.27    0.36    0.38    0.38    0.33    0.27    0.31      4.33      0.36
    1926    0.28    0.50    0.28    0.14    0.14    1.78    0.86    0.24    0.18    0.17    0.20    0.17      4.93      0.41
    1927    0.14    0.13    0.57    0.84    0.40    1.09    0.59    0.18    0.13    0.12    0.12    0.15      4.44      0.37
    1928    0.19    0.19    0.53    0.22    0.08    0.75    0.41    0.17    0.24    0.36    0.30    2.11      5.56      0.46
    1929    1.47    0.52    1.06    0.48    0.22    5.68    2.44    0.40    0.29    0.25    0.32    0.34     13.48      1.12
    1930    0.33    0.21    0.14    0.78    0.40    1.68    1.06    0.40    0.24    3.06    1.62    0.37     10.29      0.86
    1931    0.28    0.26    1.43    0.61    1.09    0.55    0.23    0.23    0.22    0.28    0.25    0.64      6.06      0.51
    1932    0.50    0.39    0.17    0.10    0.10    0.92    0.60    0.28    0.20    0.17    0.17    0.16      3.76      0.31
    1933    0.12    9.64    5.56    3.58    1.65    1.71    0.92    0.52    0.37    0.32    0.28    0.23     24.88      2.07
    1934    0.24    0.65    0.36    0.18    0.49    0.94    0.64    1.76    1.08    0.41    0.32    0.24      7.30      0.61
    1935    0.21    0.23    0.16    0.11    0.86    1.44    0.74    0.47    0.38    0.35    0.32    0.25      5.51      0.46
    1936    0.33    1.52    0.64    0.48    0.51    0.30    0.21    0.18    0.15    0.17    0.16    0.13      4.79      0.40
    1937    0.12    0.14    0.58    1.06    0.44    0.31    0.28    0.21    0.19    0.19    0.15    0.13      3.79      0.32
    1938    0.42    0.68    0.40    1.04    2.40    1.04    0.26    0.23    0.19    0.19    0.46    0.45      7.76      0.65
    1939    0.55    0.32    0.10    1.72    2.58    5.72    2.42    0.63    0.41    0.30    0.25    0.43     15.42      1.28
    1940    0.33    0.22    0.16    0.43    4.80    1.96    0.51    0.43    0.32    0.28    0.27    0.22      9.94      0.83
    1941    0.34    0.19    0.11    0.65    0.75    1.58    0.86    0.42    0.31    0.22    0.22    0.32      5.98      0.50
    1942    1.96    1.63    0.61    0.68    0.30    0.24    1.01    1.51    0.91    0.39    0.30    0.27      9.81      0.82
    1943    0.23   22.46    8.87    0.78    0.53    3.52    1.62    1.32    0.91    0.60    0.43    0.36     41.64      3.47
    1944    0.40    0.29    0.21    0.20    1.53    1.44    0.61    0.42    0.35    0.30    0.25    0.20      6.20      0.52
    1945    0.23    0.19    0.12    0.24    0.36    0.28    0.31    1.48    0.93    0.35    0.23    0.16      4.89      0.41
    1946    0.61    0.39    0.12    0.12    0.11    0.48    0.30    0.19    0.17    0.19    0.20    0.35      3.23      0.27
    1947    0.29    0.18    0.82    0.43    0.49    0.75    0.69    0.42    0.20    0.21    0.19    0.12      4.80      0.40
    1948    0.13    0.10    0.06    0.05    0.08    0.09    0.12    0.15    0.14    0.12    0.10    0.08      1.21      0.10
    1949    0.08    0.11    0.13    0.14    1.32    2.23    1.64    1.72    1.00    0.38    0.26    0.24      9.25      0.77
    1950    0.26    0.35    1.91    2.75    1.03    0.33    0.26    0.22    0.20    0.22    0.22    0.32      8.07      0.67
    1951    0.55    0.28    0.10    0.09    1.25    0.69    0.37    0.29    0.24    0.25    0.23    0.26      4.60      0.38
    1952    0.23    0.35    0.70    0.26    1.38    0.62    0.59    0.43    0.22    0.17    0.40    1.71      7.05      0.59
    1953    1.80    1.08    1.80    0.73    0.33    1.56    0.95    0.50    0.35    0.29    0.24    0.20      9.83      0.82
    1954    0.18    0.20    0.18    0.30    1.89    0.85    0.42    0.33    0.32    0.30    0.24    0.22      5.44      0.45
    1955    0.18    0.65    0.34    0.11    0.33    2.93    1.39    0.41    0.28    0.21    0.18    0.21      7.21      0.60
    1956    0.41    1.50    1.00    0.95    0.53    0.37    0.51    0.38    0.27    0.23    0.24    0.23      6.62      0.55
    1957    0.22    0.14    0.90    0.86    0.28    0.16    0.15    0.22    0.23    0.16    0.14    0.57      4.03      0.34
    1958    0.46    0.36    2.79    1.46    0.45    0.77    0.75    0.52    0.30    0.39    0.36    0.23      8.83      0.74
    1959    0.21    0.16    0.20    0.58    0.26    0.26    0.23    0.26    0.23    0.18    0.23    0.25      3.04      0.25
    1960    0.17    0.79    1.63    0.80    0.17    2.83    1.32    0.62    0.48    0.34    0.38    0.31      9.84      0.82
    1961    0.18    0.21    0.24    0.15    3.01    2.61    1.03    0.38    0.27    0.23    0.21    0.17      8.69      0.72
    1962    0.15    0.15    0.24    6.68    2.61   16.65    6.98    1.12    0.53    0.48    0.43    0.36     36.39      3.03
    1963    0.41    2.31    1.11    0.29    0.28    0.31    0.31    0.28    0.34    0.36    0.34    0.32      6.66      0.55
    1964    0.38    0.23    0.85    0.36    0.17    0.16    0.26    0.26    0.28    0.32    0.23    0.17      3.66      0.31
    1965    0.27    0.53    0.22    0.43    0.20    0.11    0.11    0.13    0.14    0.12    0.12    0.13      2.52      0.21
    1966    0.10    0.07    0.12    1.45    0.84    1.82    4.68    2.54    0.99    0.51    0.34    0.23     13.70      1.14
    1967    0.20    0.18    0.14    0.12    0.11    0.35    0.26    0.25    0.23    0.22    0.19    0.20      2.46      0.21
    1968    0.20    0.13    0.21    0.08    0.81    0.77    0.45    0.29    0.20    0.16    0.13    0.12      3.55      0.30
    1969    0.14    0.12    0.05    0.04    0.18    0.11    0.08    0.09    0.16    0.18    1.94    1.05      4.13      0.34
    1970    0.36    0.17    3.52    1.49    0.54    0.57    0.50    0.35    0.23    0.24    0.34    0.26      8.57      0.71
    1971    0.32    0.20    0.10    0.93    2.66    1.85    0.82    0.37    0.29    0.25    0.19    0.19      8.15      0.68
    1972    0.21    0.14    0.09    0.07    1.21    0.99    0.51    0.35    0.23    0.18    0.19    0.16      4.34      0.36
    1973    0.14    0.29    0.46    6.78    4.68    5.78    2.45    1.19    0.83    0.51    2.75    1.41     27.26      2.27
    1974    0.40    0.58    0.30    0.23    0.39    2.55    1.21    0.45    0.38    0.38    0.33    0.29      7.50      0.63
    1975    0.24    0.22   10.41    4.15    3.18   12.22    5.19    1.05    0.60    0.55    0.48    0.47     38.77      3.23
    1976    2.47    1.17    0.41    0.34    1.79    0.79    0.44    0.56    0.54    0.41    0.34    0.39      9.65      0.80
    1977    0.48    0.42    1.34    0.52    0.25    2.45    1.41    0.47    0.32    0.27    0.26    0.23      8.41      0.70
    1978    0.19    0.15    1.57    0.63    4.13    1.76    0.35    0.68    0.48    1.24    0.91    0.41     12.49      1.04
    1979    0.28    0.22    0.14    0.11    0.13    0.15    0.16    0.14    0.14    0.17    0.18    0.20      2.01      0.17
    1980    0.16    0.12    0.08    0.16    6.70    3.32    0.87    0.69    0.54    0.34    0.39    0.30     13.66      1.14
    1981    0.22    0.20    0.36    0.14    0.19    0.87    0.72    0.37    0.31    0.44    0.36    0.98      5.14      0.43
    1982    1.27    0.76    0.22    0.11    0.10    0.11    0.15    0.20    0.25    1.43    0.92    0.36      5.88      0.49
    1983    0.59    0.42    0.28    0.12    0.10    0.12    0.18    0.25    0.23    0.16    0.17    0.15      2.78      0.23
    1984    0.38    0.70    0.28    0.43    4.00    1.68    0.29    0.20    0.20    0.21    0.16    0.12      8.64      0.72
    1985    1.72    3.05    4.83    3.38    1.21    1.19    0.66    0.33    0.26    0.24    0.28    0.30     17.43      1.45
    1986    2.09    1.59    0.43    0.16    0.17    0.20    0.20    0.20    0.22    0.23    0.21    1.07      6.77      0.56
    1987    0.62    0.57    0.23    0.10    2.98    1.33    0.40    0.34    0.23    0.20    0.17    0.27      7.44      0.62
    1988    0.24    0.54    5.53    3.22    1.45    1.42    1.84    0.99    0.37    0.29    0.24    0.21     16.35      1.36
    1989    0.22    2.88    1.33    0.26    0.20    1.01    0.58    0.31    0.25    0.22    0.19    0.16      7.63      0.64
    1990    0.14    0.12    0.09    0.93    2.44    1.26    0.37    0.18    0.18    0.18    0.15    0.16      6.20      0.52
    1991    2.98    1.55    0.70    0.23    0.11    0.14    0.19    0.16    0.16    0.18    0.19    0.16      6.74      0.56
    1992    0.13    0.12    0.06    0.06    0.43    0.45    0.33    0.23    0.19    0.16    0.12    0.10      2.38      0.20
    1993    0.59    0.87    1.27    3.05    1.57    0.58    0.28    0.19    0.17    0.25    0.25    0.16      9.22      0.77
    1994    0.13    0.10    0.27    0.24    0.30    0.21    0.16    0.16    0.15    0.13    0.11    0.11      2.08      0.17
    1995    0.11    0.27    1.69    2.64    1.40    0.42    0.16    0.13    0.12    0.12    0.13    0.12      7.30      0.61
    1996    0.11    3.16    2.04    1.49    0.55    0.21    0.64    0.54    0.43    0.30    0.19    0.15      9.80      0.82
    1997    0.18    0.18    0.09    0.07    0.12   16.26    6.17    0.65    0.34    0.26    0.32    0.31     24.96      2.08
    1998    0.26    0.38    0.32    0.18    0.14    0.16    0.19    0.17    0.15    0.17    0.17    0.13      2.43      0.20
    1999    0.14    0.11    1.48    0.98    1.12    3.12    3.18    1.39    0.40    0.25    0.20    0.27     12.63      1.05
    2000    0.36    1.07    0.44    0.19    0.18    1.54    0.92    0.38    0.27    0.24    0.29    0.35      6.23      0.52
    2001    0.33    2.15    1.27    1.08    0.39    0.20    0.22    0.20    0.21    0.29    0.39    0.73      7.47      0.62
    2002    0.47    0.17    0.32    0.16    0.33    0.22    0.17    0.19    0.18    0.14    0.14    0.14      2.61      0.22
    2003    0.16    0.12    0.08    0.19    0.63    0.84    0.63    0.35    0.17    0.17    0.17    1.46      4.97      0.41
    2004    0.80    0.19    0.41    0.17    0.47    0.32    0.22    0.23    0.18    0.14    0.17    0.15      3.46      0.29
    2005    0.14    1.17    0.54    2.34    1.69    0.62    0.42    0.42    0.30    0.26    1.36    0.91     10.16      0.85
    2006    3.42    2.42    0.64    0.18    0.80    1.80    0.88    0.39    0.36    0.32    0.26    0.22     11.70      0.97
    2007    0.26    0.24    5.07    2.00    3.39    1.47    0.44    0.45    0.38    0.29    0.28    0.23     14.50      1.21
    2008    0.17    0.47    0.21    0.21    5.81    2.35    0.37    0.34    0.31    0.29    0.26    0.19     11.00      0.92
    2009    0.20    0.18    0.12    2.28    1.23    0.35    0.27    0.25    0.22    0.18    0.14    0.14      5.57      0.46
  
 AVERAGE    0.46    0.98    1.02    0.88    1.13    1.82    0.96    0.49    0.33    0.32    0.33    0.34      9.06      0.76
