    1920    0.23    0.22    2.97    1.23    1.64    9.35    9.82    2.88    0.36    0.34    0.32    0.34     29.72      2.48
    1921    0.40    3.12    4.81    1.94    0.33    0.33    0.53    0.84    0.61    0.35    0.37    0.46     14.09      1.17
    1922    0.39   16.15    6.03    9.00    8.54    3.53    0.89    0.53    0.48    0.79    0.52    0.36     47.20      3.93
    1923    0.43    0.46    0.37    0.70    0.44    1.05    0.55    0.28    0.24    0.21    0.25    0.31      5.30      0.44
    1924    0.21    0.16    0.96    0.44    0.68   23.49   12.40    2.65    0.60    0.40    0.37    0.46     42.82      3.57
    1925    0.39    0.53    0.29    0.34    0.29    0.83    0.49    0.28    0.37    0.27    0.18    0.51      4.76      0.40
    1926    0.77    1.35    0.63    0.12    0.15    4.61    1.89    0.24    0.19    0.17    0.19    0.15     10.46      0.87
    1927    0.21    0.21    1.40    0.93    0.68    2.63    1.30    0.27    0.21    0.19    0.21    0.24      8.47      0.71
    1928    0.38    0.32    0.51    0.23    0.13    1.44    0.74    0.25    0.69    0.89    0.49    8.04     14.10      1.17
    1929    3.46    0.40    0.99    0.56    0.43    2.18    1.09    0.30    0.36    0.30    1.49    1.19     12.76      1.06
    1930    1.59    0.66    0.46    2.11    1.09    1.34    1.45    0.61    0.25   16.21    5.87    0.35     31.98      2.67
    1931    0.55    1.07    1.30    0.58    1.00    0.52    0.27    0.44    0.35    0.45    0.30    0.96      7.79      0.65
    1932    0.99    2.55    1.00    0.15    0.28    1.74    1.60    0.61    0.27    0.23    0.24    0.21      9.86      0.82
    1933    0.17    7.61    4.52    3.71    3.01    9.04    3.44    0.53    0.40    0.60    0.45    0.34     33.82      2.82
    1934    0.41    0.49    1.28    1.14    0.45    1.55    1.56   18.24    6.59    0.49    0.48    0.39     33.07      2.76
    1935    0.36    0.40    0.32    0.23    3.11    2.41    0.90    0.84    0.48    0.64    0.45    0.30     10.43      0.87
    1936    0.84    4.51    1.69    0.59    1.68    1.53    0.53    0.32    0.28    0.30    0.25    0.22     12.75      1.06
    1937    0.33    0.71    2.79    2.96    1.21    1.16    1.12    0.51    0.34    0.28    0.30    0.28     12.00      1.00
    1938    0.66    1.58    1.36    1.40    2.50    1.24    0.36    0.27    0.21    0.26    0.44    1.02     11.30      0.94
    1939    1.78    0.77    0.17    0.16    0.53    1.48    0.77    0.38    0.23    0.25    0.20    0.43      7.15      0.60
    1940    0.31    0.22    0.11    0.52    2.66    1.18    0.48    0.28    0.17    0.15    0.16    0.14      6.37      0.53
    1941    1.09    0.53    0.07    4.26    2.86    1.57    0.80    0.44    0.25    0.19    0.32    0.55     12.92      1.08
    1942    1.16    9.11    3.63    1.36    0.49    0.28    2.75    1.47    0.47    0.34    0.39    0.40     21.87      1.82
    1943    0.35   16.85    6.68    0.68    0.85    8.49    3.43    0.80    0.62    0.45    0.34    0.47     40.02      3.33
    1944    0.62    0.25    0.19    0.21    0.41    1.37    0.69    0.34    0.30    0.24    0.19    0.16      4.97      0.41
    1945    1.00    0.48    0.09    0.67    1.32    2.60    1.25    0.53    0.30    0.23    0.20    0.21      8.89      0.74
    1946    0.59    0.79    0.26    0.13    0.18    0.43    0.30    0.17    0.19    0.26    0.18    0.34      3.80      0.32
    1947    0.81    0.75    1.57    0.76    0.29    2.35   15.65    5.34    0.32    0.37    0.31    0.25     28.76      2.40
    1948    0.45    0.35    0.24    0.16    0.18    0.23    0.29    0.21    0.15    0.15    0.15    0.15      2.71      0.23
    1949    0.16    0.89    0.40    0.07    2.02    9.89    3.51    1.89    0.99    0.36    0.36    0.28     20.79      1.73
    1950    1.64    1.13    4.62    2.85    0.63    0.39    0.30    0.25    0.24    0.27    0.27    0.49     13.09      1.09
    1951    1.36    0.56    0.11    0.11    9.99    4.52    1.10    0.44    0.27    0.26    0.30    1.59     20.61      1.72
    1952    0.98    1.64    2.41    0.83    0.62    0.40    0.44    0.34    0.26    0.24    0.50    1.44     10.10      0.84
    1953    9.71    5.14    1.70    0.53    0.47    3.20    1.45    0.48    0.40    0.35    0.30    0.32     24.05      2.00
    1954    0.52    0.51    0.24    0.34    4.73    2.63    0.72    0.30    0.45    0.34    0.27    0.35     11.38      0.95
    1955    0.28    0.43    0.20    0.13    1.35    2.55    1.32    0.44    0.22    0.19    0.19    0.73      8.03      0.67
    1956    0.60    3.03    3.18    0.91    0.50    0.98    0.72    0.34    0.26    0.26    0.27    0.28     11.33      0.94
    1957    0.29    0.19    0.15    1.30    0.71    0.55    0.51    0.46    0.25    0.16    0.19    0.39      5.15      0.43
    1958    0.47    1.11    1.39    0.97    0.49    2.72    3.38    2.07    0.69    1.50    1.01    0.37     16.17      1.35
    1959    0.40    0.40    0.83    2.52    1.10    0.74    0.46    0.40    0.29    0.25    0.33    0.37      8.08      0.67
    1960    0.40    1.10    1.17    0.50    0.27    7.23    3.16    0.81    0.44    0.32    0.64    0.41     16.46      1.37
    1961    0.24    0.35    0.38    0.19    2.71    4.32    2.27    0.84    0.36    0.28    0.28    0.22     12.43      1.04
    1962    0.55    0.54    0.22    3.59    3.72   26.36    9.56    0.75    0.42    0.55    0.50    0.39     47.13      3.93
    1963    0.74    1.54    0.93    0.34    0.39    1.18    0.91    0.35    0.46    0.36    0.37    0.47      8.05      0.67
    1964    0.89    0.42    0.31    0.16    0.15    0.18    0.41    0.53    0.74    0.47    0.20    0.27      4.74      0.39
    1965    1.64    1.66    0.56    0.50    0.41    0.18    0.24    0.32    0.25    0.17    0.16    0.17      6.27      0.52
    1966    0.17    0.49    0.24    0.49    0.50    2.23    9.13    3.63    0.56    0.33    0.32    0.26     18.35      1.53
    1967    0.25    0.26    0.16    0.13    0.13    0.25    1.14    0.68    0.29    0.22    0.18    1.23      4.92      0.41
    1968    0.94    0.28    0.22    0.11    0.73    2.05    1.13    0.30    0.17    0.18    0.17    0.20      6.47      0.54
    1969    0.53    0.60    0.19    0.08    0.31    0.22    0.17    0.14    0.37    0.29   26.98    9.29     39.19      3.27
    1970    0.58    0.26   14.96    7.62    1.44    0.59    0.76    0.66    0.38    0.52    2.63    1.23     31.64      2.64
    1971    0.54    0.66    0.32    1.08   19.78   15.37    3.57    0.48    0.48    0.42    0.39    0.40     43.50      3.62
    1972    0.51    0.39    0.23    0.20    1.46    1.41    0.91    0.43    0.23    0.22    0.35    0.28      6.63      0.55
    1973    0.33    0.61    1.26   13.63    6.50   23.49    7.99    1.12    0.84    0.49    1.34    0.78     58.38      4.86
    1974    0.50    1.94    0.80    0.32    0.37    0.71    0.58    0.34    0.31    0.32    0.33    0.67      7.18      0.60
    1975    0.38    0.41    9.27    3.80    2.99   35.93   12.21    0.71    0.49    0.58    0.48    0.60     67.85      5.65
    1976   10.36    3.98    1.33    0.51    2.51    1.13    0.51    0.59    0.47    0.33    0.31    0.90     22.94      1.91
    1977    0.78    0.43    3.51    2.11    0.86    1.81    1.54    0.60    0.35    0.29    0.27    0.27     12.83      1.07
    1978    0.45    0.36    1.62    0.80    0.52    0.75    0.49    1.05    0.64    6.41    8.29    2.85     24.24      2.02
    1979    0.58    0.37    0.28    0.29    1.81    2.03    0.76    0.32    0.29    0.31    0.30    0.39      7.71      0.64
    1980    0.30    0.64    0.29    2.31    2.90    1.74    0.58    0.79    0.67    0.31    0.64    0.41     11.57      0.96
    1981    0.31    0.29    0.53    0.20    0.30    0.39    0.48    0.26    0.34    0.46    0.25    0.25      4.07      0.34
    1982    1.30    0.92    0.21    0.10    0.09    0.12    0.21    0.22    0.25    1.11    0.71    0.71      5.95      0.50
    1983    1.50    1.59    1.36    0.63    0.18    0.68    0.73    0.61    0.33    0.25    0.24    0.18      8.26      0.69
    1984    1.35    1.73    0.66    2.09   18.23    6.07    0.38    0.32    0.34    0.31    0.24    0.27     31.98      2.66
    1985    5.68   15.63    9.23    2.05    0.50    0.67    0.77    0.43    0.38    0.38    0.54    0.61     36.88      3.07
    1986    6.68    3.90    0.68    0.25    0.42    0.42    0.39    0.32    0.28    0.28    0.29    8.11     22.03      1.84
    1987    3.27    0.35    0.35    0.22    7.50    4.41    1.19    0.51    0.40    0.34    0.29    0.44     19.28      1.61
    1988    0.53    1.14    4.06    2.14    2.04    1.55    2.64    1.19    0.33    0.36    0.30    0.28     16.57      1.38
    1989    0.63   14.81    5.10    0.87    0.39    2.35    1.49    0.42    0.29    0.27    0.27    0.25     27.12      2.26
    1990    0.38    0.26    0.17    1.46    2.15    1.07    0.28    0.22    0.24    0.20    0.22    0.24      6.89      0.57
    1991   14.22    5.71    2.32    0.76    0.83    0.55    0.37    0.26    0.22    0.21    0.27    0.22     25.92      2.16
    1992    0.23    0.21    0.13    0.13    0.65    0.38    0.27    0.16    0.14    0.13    0.12    0.43      2.97      0.25
    1993    0.75    1.92    9.00    4.36    3.21    1.62    0.36    0.27    0.27    0.33    0.35    0.25     22.69      1.89
    1994    0.26    0.18    0.36    0.26    0.41    1.15    0.68    0.29    0.19    0.16    0.13    0.16      4.25      0.35
    1995    0.31    0.36    6.98    5.63    2.55    1.02    0.37    0.26    0.22    0.21    0.21    0.22     18.34      1.53
    1996    0.24   13.80    5.67    2.03    1.10    0.99    1.97    1.16    5.77    2.43    0.38    0.38     35.93      2.99
    1997    0.60    0.47    0.29    2.11    4.13   12.36    4.34    0.42    0.35    0.34    0.56    0.74     26.71      2.23
    1998    0.46    1.57    1.56    0.88    1.46    1.30    0.74    0.35    0.26    0.49    0.36    0.22      9.63      0.80
    1999    0.26    0.27    3.40    3.58    2.58   23.65    8.06    0.50    0.42    0.37    0.34    0.66     44.09      3.67
    2000    1.22    6.03    2.22    1.77    1.14    1.02    4.15    1.70    0.34    0.36    0.47    0.78     21.21      1.77
    2001    0.80    4.06    1.93    1.27    0.60    0.53    0.51    0.33    0.34    0.69    1.30    4.04     16.40      1.37
    2002    2.58    1.94    1.30    0.39    0.50    2.14    1.21    0.58    0.36    0.30    0.30    0.28     11.88      0.99
    2003    0.56    0.40    0.28    2.39    5.37    3.34    1.06    0.32    0.25    0.30    0.35    1.69     16.30      1.36
    2004    0.92    0.34    2.12   16.00    7.04    3.33    1.93    0.85    0.46    0.38    0.60    0.51     34.49      2.87
    2005    0.65   12.11    4.68    3.73    2.55    0.74    0.74    0.90    0.50    0.37    8.53    3.76     39.24      3.27
    2006   10.65    4.37    0.54    0.44    0.60    1.77    0.98    0.47    0.38    0.35    0.32    0.31     21.17      1.76
    2007    0.57    0.94    9.20    7.21    3.04    1.13    0.62    0.40    0.43    0.42    0.48    0.33     24.78      2.06
    2008    0.29    0.37    0.28    0.29    0.64    0.33    0.22    0.22    0.24    0.22    0.23    0.19      3.53      0.29
    2009    0.65    0.61    0.26    0.86    1.02    0.62    0.33    0.21    0.21    0.21    0.16    0.11      5.23      0.44
  
 AVERAGE    1.30    2.24    1.94    1.67    2.02    3.59    1.96    0.86    0.49    0.62    0.93    0.82     18.46      1.54
