    1920    0.04    0.04    0.86    0.58    3.81    5.17    1.58    0.17    0.11    0.09    0.08    0.08     12.62      1.05
    1921    0.10    0.57    0.49    0.33    0.10    0.08    0.08    0.09    0.10    0.10    0.12    0.09      2.26      0.19
    1922    0.08    3.87    1.32    4.85    3.32    1.57    0.40    0.13    0.12    0.15    0.11    0.09     16.01      1.33
    1923    0.09    0.09    0.08    0.14    0.10    0.15    0.08    0.05    0.05    0.04    0.04    0.06      0.96      0.08
    1924    0.05    0.04    2.08    0.94    0.36   11.07    4.29    0.33    0.10    0.10    0.09    0.13     19.58      1.63
    1925    0.11    0.13    0.08    0.08    0.07    0.16    0.08    0.06    0.09    0.06    0.04    0.35      1.31      0.11
    1926    0.22    0.32    0.49    0.15    0.05    4.76    1.61    0.07    0.06    0.06    0.06    0.05      7.93      0.66
    1927    0.06    0.05    0.65    0.59    0.23    0.61    0.27    0.06    0.05    0.04    0.05    0.07      2.73      0.23
    1928    0.18    0.26    0.36    0.12    0.04    0.47    0.21    0.05    0.11    0.12    0.06    3.31      5.28      0.44
    1929    1.33    0.34    0.42    0.24    0.16    1.41    0.56    0.09    0.09    0.08    2.18    0.88      7.78      0.65
    1930    1.17    0.43    0.22    0.35    0.43    0.96    0.45    0.11    0.08   11.51    3.83    0.11     19.66      1.64
    1931    0.17    0.41    0.71    0.22    0.76    0.31    0.09    0.11    0.09    0.09    0.07    1.78      4.80      0.40
    1932    0.92    5.28    1.77    0.09    0.10    0.53    0.39    0.14    0.10    0.09    0.08    0.07      9.55      0.80
    1933    0.06    4.86    2.74    5.59    2.28    5.88    2.02    0.16    0.14    0.15    0.13    0.12     24.14      2.01
    1934    0.14    0.15    0.16    0.38    0.14    0.41    0.30    4.80    1.70    0.12    0.12    0.10      8.52      0.71
    1935    0.12    0.13    0.09    0.09    0.41    0.60    0.23    0.15    0.10    0.13    0.08    0.07      2.20      0.18
    1936    0.21    6.22    2.07    0.16    2.22    1.00    0.12    0.11    0.09    0.09    0.08    0.07     12.43      1.04
    1937    0.08    0.19    0.54    1.00    0.48    0.34    1.46    0.54    0.10    0.09    0.08    0.08      4.97      0.41
    1938    0.12    0.54    0.85    0.54    0.91    0.39    0.11    0.09    0.07    0.08    0.09    0.39      4.20      0.35
    1939    0.90    0.33    0.07    0.21    2.81    1.38    0.25    0.18    0.11    0.10    0.08    0.17      6.57      0.55
    1940    0.12    0.10    0.17    0.10    0.53    0.24    0.13    0.08    0.05    0.05    0.05    0.05      1.68      0.14
    1941    0.53    0.22    0.04    0.35    0.39    1.95    0.82    0.14    0.07    0.06    0.08    0.13      4.78      0.40
    1942    2.83    4.06    1.15    0.23    0.11    0.12    3.11    1.18    0.15    0.11    0.12    0.12     13.27      1.11
    1943    0.13    6.58    2.39    0.14    0.14    3.42    1.24    0.12    0.12    0.11    0.09    0.14     14.63      1.22
    1944    0.21    0.09    0.06    0.12    0.19    0.26    0.13    0.06    0.05    0.05    0.04    0.04      1.30      0.11
    1945    0.75    0.31    0.03    0.25    0.61    2.10    0.72    0.22    0.11    0.07    0.06    0.06      5.29      0.44
    1946    0.23    0.20    0.05    0.44    0.22    0.20    0.11    0.05    0.05    0.05    0.04    0.11      1.75      0.15
    1947    0.11    0.48    0.47    0.38    0.18    1.87    4.21    1.27    0.09    0.09    0.08    0.07      9.31      0.78
    1948    0.18    0.14    0.06    0.05    0.06    0.10    0.10    0.06    0.04    0.04    0.04    0.04      0.91      0.08
    1949    0.04    0.68    0.29    0.03    0.73    0.68    0.30    1.12    0.44    0.07    0.09    0.08      4.53      0.38
    1950    0.09    0.08    2.52    1.32    0.31    0.39    0.16    0.07    0.06    0.06    0.06    0.22      5.36      0.45
    1951    0.34    0.12    0.04    0.10    1.70    0.65    0.10    0.07    0.05    0.05    0.05    1.66      4.91      0.41
    1952    0.65    0.23    0.19    0.09    0.58    0.30    0.14    0.09    0.06    0.05    0.07    0.14      2.59      0.22
    1953    1.79    0.92    0.35    0.15    0.24    0.63    0.27    0.11    0.09    0.07    0.06    0.07      4.75      0.40
    1954    0.09    0.12    0.05    0.25    2.53    1.02    0.25    0.10    0.11    0.08    0.06    0.08      4.72      0.39
    1955    0.07    0.48    0.22    0.04    0.11    1.70    0.66    0.09    0.06    0.05    0.05    0.20      3.72      0.31
    1956    0.28    0.57    0.69    0.25    0.16    0.73    0.42    0.11    0.07    0.07    0.08    0.10      3.53      0.29
    1957    0.25    0.13    0.37    1.84    0.67    0.11    0.14    0.11    0.07    0.06    0.05    0.15      3.95      0.33
    1958    0.12    0.87    1.20    0.87    0.40    1.56    2.03    0.83    0.16    0.19    0.18    0.12      8.52      0.71
    1959    0.12    0.12    0.32    2.77    1.02    0.31    0.19    0.14    0.09    0.08    0.10    0.12      5.38      0.45
    1960    0.12    0.55    0.74    0.35    0.14    0.45    0.47    0.33    0.12    0.09    0.11    0.09      3.56      0.30
    1961    0.07    0.08    0.07    0.05    0.65    3.56    1.29    0.14    0.08    0.07    0.07    0.06      6.19      0.52
    1962    0.14    0.27    0.10    2.20    0.95    9.18    3.18    0.13    0.10    0.11    0.10    0.09     16.54      1.38
    1963    0.13    1.04    0.46    0.16    0.21    0.49    0.26    0.09    0.08    0.07    0.07    0.08      3.14      0.26
    1964    0.11    0.06    0.37    0.14    0.04    0.04    0.07    0.10    0.13    0.08    0.04    0.05      1.24      0.10
    1965    0.43    0.42    0.12    0.30    0.35    0.11    0.05    0.08    0.06    0.04    0.04    0.05      2.06      0.17
    1966    0.05    0.04    0.02    0.24    0.21    1.33    3.39    1.17    0.12    0.08    0.08    0.07      6.80      0.57
    1967    0.07    0.12    0.05    0.04    0.04    0.14    0.16    0.07    0.04    0.04    0.04    0.20      1.00      0.08
    1968    0.17    0.05    0.03    0.02    1.24    1.76    0.55    0.07    0.05    0.05    0.05    0.05      4.08      0.34
    1969    0.12    0.22    0.08    0.03    0.12    0.06    0.04    0.04    0.07    0.05   10.34    3.46     14.61      1.22
    1970    0.23    0.10    2.41    3.26    0.99    0.17    0.25    0.17    0.10    0.13    1.45    0.56      9.80      0.82
    1971    0.13    0.12    0.16    0.39    6.89    3.38    0.46    0.11    0.10    0.10    0.09    0.09     12.03      1.00
    1972    0.12    0.11    0.06    0.05    0.63    0.42    0.20    0.09    0.05    0.05    0.08    0.06      1.92      0.16
    1973    0.06    0.07    0.51    7.91    6.12    5.51    1.57    0.20    0.18    0.12    0.19    0.14     22.56      1.88
    1974    0.12    0.30    0.13    0.08    0.10    0.30    0.16    0.07    0.06    0.06    0.06    0.16      1.60      0.13
    1975    0.08    0.20    5.28    2.93    6.13   15.74    4.62    0.19    0.14    0.14    0.13    0.15     35.72      2.98
    1976    4.19    1.52    0.18    0.12    0.97    0.38    0.13    0.12    0.11    0.09    0.08    0.43      8.33      0.69
    1977    0.26    0.25    2.39    1.06    0.13    0.12    1.48    0.56    0.09    0.08    0.08    0.07      6.55      0.55
    1978    0.10    0.09    0.67    0.31    0.39    0.18    0.10    0.27    0.14    0.50    1.97    0.72      5.43      0.45
    1979    0.10    0.08    0.06    0.15    0.80    0.40    0.09    0.07    0.06    0.06    0.05    0.07      1.99      0.17
    1980    0.06    0.05    0.04    1.77    0.97    0.21    0.07    0.09    0.08    0.05    0.07    0.05      3.53      0.29
    1981    0.04    0.04    0.12    0.05    0.08    0.34    0.18    0.04    0.04    0.08    0.05    0.06      1.11      0.09
    1982    0.33    0.17    0.02    0.02    0.02    0.02    0.04    0.04    0.04    0.94    0.40    0.07      2.12      0.18
    1983    0.23    0.38    0.53    0.27    0.05    0.40    0.23    0.09    0.06    0.07    0.06    0.05      2.41      0.20
    1984    0.24    0.49    0.21    0.91    8.23    2.64    0.11    0.09    0.08    0.07    0.06    0.07     13.19      1.10
    1985    4.83    6.11    3.51    1.06    0.22    0.21    0.20    0.12    0.10    0.10    0.14    0.14     16.75      1.40
    1986    3.16    1.30    0.09    0.08    0.10    0.10    0.10    0.08    0.07    0.06    0.06    2.53      7.76      0.65
    1987    0.94    0.09    0.33    0.16    4.01    2.48    0.53    0.15    0.10    0.09    0.09    0.11      9.07      0.76
    1988    0.12    0.39    2.21    0.83    0.40    0.54    3.92    1.36    0.11    0.11    0.10    0.09     10.19      0.85
    1989    0.22    3.47    1.23    0.32    0.11    2.19    1.41    0.29    0.10    0.09    0.08    0.08      9.60      0.80
    1990    0.10    0.09    0.06    1.62    1.77    0.52    0.09    0.08    0.07    0.06    0.05    0.05      4.57      0.38
    1991    6.37    2.18    0.32    0.11    0.24    0.11    0.09    0.07    0.05    0.05    0.05    0.05      9.69      0.81
    1992    0.05    0.05    0.03    0.03    0.08    0.08    0.06    0.03    0.02    0.02    0.02    0.05      0.51      0.04
    1993    0.24    0.44    1.80   14.33    7.03    1.17    0.15    0.10    0.10    0.11    0.10    0.08     25.65      2.14
    1994    0.08    0.07    0.11    0.06    0.56    1.19    0.43    0.08    0.07    0.06    0.05    0.06      2.83      0.24
    1995    0.08    0.15    7.17    5.80    3.14    0.81    0.13    0.11    0.09    0.08    0.08    0.08     17.73      1.48
    1996    0.09    6.92    3.69    1.08    0.51    0.27    2.15    0.81    0.23    0.16    0.11    0.10     16.13      1.34
    1997    0.13    0.10    0.09    0.35    1.92    4.78    1.53    0.12    0.09    0.09    0.12    0.11      9.44      0.79
    1998    0.09    0.65    0.45    1.37    1.41    0.42    0.14    0.10    0.09    0.09    0.08    0.06      4.95      0.41
    1999    0.08    0.07    1.11    0.41    0.41    1.50    0.59    0.11    0.07    0.06    0.05    0.08      4.55      0.38
    2000    0.23    1.99    0.75    0.52    0.46    0.26    2.67    0.97    0.09    0.08    0.09    0.12      8.23      0.69
    2001    0.16    2.59    1.34    0.26    0.24    0.16    0.16    0.11    0.09    0.21    1.22    1.60      8.15      0.68
    2002    2.36    1.46    0.43    0.28    0.22    2.15    0.79    0.16    0.13    0.11    0.11    0.10      8.30      0.69
    2003    0.15    0.10    0.13    0.24    2.90    1.08    0.16    0.09    0.07    0.07    0.08    0.06      5.14      0.43
    2004    0.06    0.05    0.51    3.87    2.33    5.55    1.95    0.20    0.12    0.10    0.13    0.11     14.98      1.25
    2005    0.11    1.47    0.53    2.17    5.52    1.76    0.24    0.20    0.12    0.11    0.28    0.21     12.72      1.06
    2006    1.90    0.71    0.11    0.09    0.12    0.13    0.18    0.10    0.09    0.07    0.06    0.05      3.60      0.30
    2007    0.08    0.35    7.47    4.14    2.40    0.73    0.16    0.11    0.11    0.12    0.12    0.09     15.88      1.32
    2008    0.07    0.10    0.07    0.06    0.48    0.20    0.05    0.05    0.05    0.06    0.06    0.04      1.29      0.11
    2009    0.25    0.15    0.04    0.53    0.33    0.15    0.06    0.04    0.03    0.03    0.03    0.02      1.66      0.14
  
 AVERAGE    0.50    0.87    0.83    0.99    1.14    1.46    0.74    0.26    0.11    0.22    0.31    0.28      7.72      0.64
