    1920    0.17    0.15    0.70    1.02   14.52   18.34    9.93    2.09    0.30    0.24    0.19    0.19     47.82      3.98
    1921    0.24    4.56    3.97    2.54    0.90    0.46    0.21    0.35    1.07    4.66    6.64    2.31     27.91      2.33
    1922    0.74   18.54    7.74   33.18   12.26    1.74    0.57    0.41    0.47    3.28    1.37    0.30     80.60      6.72
    1923    0.28    0.20    0.74    1.76    1.03    1.39    0.52    0.16    0.17    0.16    0.19    0.30      6.91      0.58
    1924    0.19    0.48    5.57    6.31    1.86   37.56   25.67    4.63    0.38    0.40    0.32    0.35     83.73      6.98
    1925    0.25    1.32    2.09    3.06    1.36    7.31    2.54    0.36    0.55    0.35    0.20    1.01     20.41      1.70
    1926    0.59    1.58    2.31    0.77    0.28   20.94    6.91    0.24    0.21    0.20    0.23    0.19     34.45      2.87
    1927    0.29    0.19    6.09   11.54    4.61    0.83    0.26    0.25    0.20    0.18    0.33    0.34     25.13      2.09
    1928    0.32    7.17    4.39    0.83    0.13    3.88    1.39    0.29    2.88    1.50    0.45   22.18     45.41      3.78
    1929    9.65    2.28    1.22    2.61    1.10    2.05    0.87    0.21    0.25    0.25   11.26    4.03     35.77      2.98
    1930    0.46    0.18    0.29    3.28    7.19   18.31    5.72    0.29    0.23   19.13    6.54    0.28     61.89      5.16
    1931    3.16    1.52    7.51    2.58    7.09    2.69    0.24    0.27    0.31    0.43    0.27    8.39     34.45      2.87
    1932    3.39    4.56    1.87    0.13    0.31    4.97    1.93    0.24    0.20    0.20    0.22    0.18     18.21      1.52
    1933    0.10   26.10   16.80   21.29    7.12    3.44    1.31    0.40    0.30    2.74    1.14    0.21     80.97      6.75
    1934    0.40    5.33    4.36    1.68    1.68   12.93    5.66    8.75    3.13    0.37    0.55    0.32     45.18      3.77
    1935    0.28    0.63    0.26    0.32    1.86    1.36    0.36    0.48    0.39    0.62    0.39    0.26      7.19      0.60
    1936    0.47   25.55    8.53   14.07    7.97    1.70    0.25    0.36    0.28    0.27    0.23    0.18     59.87      4.99
    1937    0.20    0.92    4.10    6.47   18.09    5.60    6.28    2.32    0.50    0.50    0.42    0.36     45.75      3.81
    1938    1.28    2.79    7.29    8.28   12.84    3.70    0.26    0.32    0.28    0.50    0.50    3.70     41.74      3.48
    1939    3.83    1.30    0.19    2.25   15.09    9.85    2.02    3.33    1.33    0.32    0.24    1.69     41.44      3.45
    1940    0.71    0.65    1.54   11.31   12.72    3.84    1.54    0.60    0.30    0.28    0.44    0.29     34.22      2.85
    1941    0.93    0.36    0.08    1.49    6.53    5.75    1.75    0.42    0.27    0.21    0.46    0.72     18.96      1.58
    1942    4.36   14.15   11.72    4.39    0.78    3.67    8.26    3.14    0.65    0.38    4.95    2.11     58.56      4.88
    1943    1.10   27.05   16.36    3.49    1.33   14.02    4.73    0.39    0.57    0.46    0.30   14.45     84.26      7.02
    1944    5.65    0.38    0.16    0.63    3.17   10.82    3.44    0.25    0.23    0.25    0.20    0.18     25.36      2.11
    1945    0.80    0.31    0.57   11.53    5.00    2.73    1.10    2.96    1.21    0.31    0.24    0.23     26.99      2.25
    1946    0.42    0.32    0.85    5.32    3.72    6.01    1.97    0.24    0.38    0.37    0.28    0.66     20.53      1.71
    1947    0.47    6.32   12.31    7.19   12.51   16.15    4.75    0.42    0.32    0.37    0.29    0.22     61.32      5.11
    1948    0.43    0.21    0.47    0.43    1.05    2.36    0.90    0.22    0.19    0.20    0.20    0.16      6.83      0.57
    1949    0.12    1.18    1.28    0.72    3.42    8.68    3.14   10.01    3.52    0.33    0.75    0.46     33.62      2.80
    1950    1.03    0.53   18.76    9.17    1.62    0.86    0.37    0.24    0.29    0.27    0.33    0.58     34.05      2.84
    1951    4.44    1.51    0.10    0.74   13.41    4.83    0.36    0.24    0.25    0.32    0.24    5.03     31.45      2.62
    1952    1.88    0.45    1.57    1.56    2.11    1.40    8.46    2.96    0.25    0.23    0.42    1.35     22.64      1.89
    1953   14.62   11.62    8.72    3.14    1.86   11.96    3.96    0.48    0.56    0.40    0.25    0.34     57.91      4.83
    1954    0.48    0.45    0.48    6.36   19.55   10.07    2.02    0.44    0.50    0.33    0.22    0.37     41.29      3.44
    1955    0.31    1.85    1.00    0.28    6.27   19.27    5.92    0.32    0.25    0.23    0.20    0.44     36.34      3.03
    1956    0.81    1.25    8.59    5.62    1.89   14.52    4.98    0.35    0.32    0.29    0.53    0.72     39.87      3.32
    1957    1.44    0.64    0.94   15.37    5.29    1.27    0.66    0.40    0.25    0.22    0.18    0.27     26.93      2.24
    1958    0.23    5.43   12.09    5.66    2.47    1.60    8.28   16.52    4.78    0.65    0.78    0.41     58.91      4.91
    1959    0.34    1.13    6.88   12.87    5.16    1.18    0.64    0.50    0.34    0.28    0.47    0.49     30.29      2.52
    1960    0.34    4.98   11.86    4.12    1.21   16.82    6.09    0.73    0.42    0.35    0.58    0.38     47.88      3.99
    1961    0.17    4.04    2.23    1.09   21.01   13.99    2.61    0.37    0.29    0.24    0.23    0.19     46.46      3.87
    1962    0.50    7.06    3.46   18.02    8.12   30.67   10.33    0.44    0.36    0.54    0.37    0.24     80.10      6.67
    1963   11.26    6.92    1.54    1.81    0.92    1.64    1.40    0.45    1.62    0.83    0.27    0.22     28.90      2.41
    1964    0.56    0.21    0.85    1.02    0.86    0.28    0.30    0.37    2.11    0.99    0.30    0.26      8.10      0.68
    1965    5.24    3.54    0.67   13.65    9.96    1.93    0.22    0.39    0.36    0.23    0.34    0.43     36.95      3.08
    1966    0.38    0.48    2.11    3.11    2.58   16.38   19.87    5.84    0.66    0.49    0.38    0.24     52.52      4.38
    1967    0.43    0.67    0.19    0.09    0.08    0.76    0.41    0.14    0.13    0.17    0.19    0.35      3.61      0.30
    1968    0.32    0.30    0.30    0.25    5.63   24.02    7.26    0.26    0.25    0.33    0.42    0.35     39.68      3.31
    1969    0.75    0.62    1.19    0.80    2.98    1.08    0.16    0.22    0.58    0.61   22.09   10.40     41.47      3.46
    1970    6.56    2.04    3.08    5.34    6.78    9.08    4.78    1.18    0.41    2.47    1.54    0.48     43.73      3.64
    1971    2.28    0.93    1.72    3.59   24.34   11.29    1.49    0.34    0.36    0.29    0.23    0.21     47.08      3.92
    1972    0.26    0.42    0.16    0.34   13.49    5.45    0.85    0.29    0.19    0.22    0.39    0.24     22.30      1.86
    1973    0.15    0.63    0.98   27.18   19.64   17.49    4.84    2.05    1.08    0.44    0.93    0.44     75.84      6.32
    1974    0.31    4.57    2.26    0.64    1.34    8.06    2.71    0.21    0.21    0.25    0.26    3.54     24.36      2.03
    1975    1.33    1.04   30.18   13.82   21.51   40.97   11.83    2.22    0.90    0.46    0.38    0.62    125.25     10.44
    1976   25.25    8.26    0.51    0.32    8.37    3.07    0.28    0.25    0.32    0.29    0.23    8.71     55.87      4.66
    1977    3.93    0.94    8.42    3.23    1.04    6.02    8.30    2.38    0.36    0.30    0.35    0.43     35.71      2.98
    1978    1.07    0.43    1.75    0.67    0.57    0.55    0.33    4.48    1.69    1.08    0.67    6.42     19.70      1.64
    1979    2.40    0.27    0.86    0.37    6.11    2.39    0.21    0.16    0.15    0.17    0.15    0.75     13.98      1.17
    1980    0.40    1.08    0.71    6.59   15.31   13.50    3.22    2.48    1.23    0.53    0.88    0.44     46.36      3.86
    1981    0.20    0.16    1.16    0.48    1.18    1.38    0.82    0.31    0.54    0.93    0.51    0.22      7.88      0.66
    1982    3.98    2.13    0.30    0.07    0.06    0.17    0.49    0.29    0.29    6.08    2.23    0.58     16.66      1.39
    1983    0.66    0.65    1.42    0.74    0.82    1.92    1.04    0.43    0.34    0.39    0.32    0.18      8.91      0.74
    1984    0.66    3.21    1.13    4.16   29.00    9.09    0.29    0.29    0.27    0.22    0.17    0.28     48.76      4.06
    1985   23.68   15.24   13.58    7.44    2.10    2.89    1.06    0.25    0.27    0.37    0.67    0.48     68.03      5.67
    1986   14.65    8.07    1.65    0.69    1.92    1.25    0.64    0.26    0.24    0.24    0.32   21.97     51.92      4.33
    1987    7.50    2.19    1.06    1.34   26.80   14.09    2.10    0.56    0.37    0.34    0.33    0.64     57.32      4.78
    1988    0.43    4.36   14.24    6.65    8.46    3.37    7.89    2.90    0.36    0.42    0.30    0.20     49.60      4.13
    1989    0.64   20.05    7.54    2.32    0.71   10.67    4.32    0.39    0.32    0.29    0.35    0.22     47.83      3.99
    1990    0.67    0.36    0.33   10.57    7.39    1.79    0.21    0.20    0.19    0.18    0.21    0.19     22.29      1.86
    1991   16.58    7.90    5.94    1.87    0.19    1.64    0.95    0.23    0.18    0.17    0.28    0.25     36.18      3.02
    1992    0.16    0.62    0.65    1.08    1.31    0.52    0.66    0.36    0.14    0.14    0.14    1.34      7.10      0.59
    1993    5.06    1.84    7.45    4.90    9.16    9.61    2.45    0.26    0.25    0.31    0.31    0.20     41.78      3.48
    1994    0.21    0.14    0.60    3.35    1.54    6.92    2.95    0.53    0.25    0.21    0.16    0.27     17.12      1.43
    1995    0.43    0.37    8.85    6.01   10.75    3.89    0.32    0.23    0.21    0.25    0.25    0.22     31.78      2.65
    1996    0.22   14.11    5.17   11.09    3.81    0.79    5.91    2.17    2.84    1.60    0.43    0.33     48.47      4.04
    1997    0.41    0.64    0.23    2.95   11.18   22.83    6.59    0.31    0.25    0.28    0.53    0.36     46.57      3.88
    1998    0.51   14.53    8.24    2.90    4.77    4.12    1.10    0.36    0.36    0.29    0.23    0.19     37.59      3.13
    1999    3.61    2.33    1.97   23.80   22.13   21.42    7.58    1.18    0.55    0.37    0.28    1.84     87.06      7.26
    2000    1.07    2.13    1.65    1.66    0.63    0.55    0.55    0.23    0.16    0.19    0.24    0.39      9.46      0.79
    2001    0.56   16.53   13.89   18.93    5.67    1.31    0.70    0.51    0.53    8.42    9.07   13.61     89.72      7.48
    2002    4.00    0.28    0.61    3.98    2.72    3.03    1.14    0.46    0.37    0.26    0.39    0.50     17.76      1.48
    2003    0.26    0.94    0.54    1.37   11.91   10.85    2.78    0.30    0.23    0.43    0.31    5.97     35.90      2.99
    2004    2.17    1.53    3.30   24.69    8.40    1.29    0.73    0.35    0.27    0.23    0.44    0.22     43.63      3.64
    2005    0.30    5.76    2.01   14.79    6.24    1.14    3.34    1.46    0.35    0.26    9.19    7.71     52.55      4.38
    2006   23.86    9.08    2.75    1.02    0.47    0.46    0.74    0.33    0.22    0.22    0.26    0.25     39.66      3.31
    2007    7.70    3.34    2.08    5.46    6.84    2.01    1.88    0.76    2.53    1.10    0.36    0.26     34.32      2.86
    2008    0.24    2.62    3.12    3.46    5.22    1.79    0.20    0.23    0.24    0.24    0.39    0.43     18.19      1.52
    2009    8.65    3.55    0.53    9.96    6.39    1.70    0.47    0.24    0.29    0.33    0.21    0.16     32.50      2.71
  
 AVERAGE    2.89    4.17    4.19    5.72    6.63    7.42    3.20    1.21    0.62    0.87    1.15    1.90     39.97      3.33
