    1920    0.06    0.04    0.17    0.86    1.85    3.93    1.77    0.35    0.07    0.05    0.05    0.04      9.24      0.77
    1921    0.07    0.18    0.29    0.19    0.07    0.05    0.05    0.10    0.16    0.18    0.20    0.18      1.73      0.14
    1922    0.14    3.28    1.14    2.38    1.29    1.73    0.67    0.11    0.09    0.15    0.11    0.06     11.15      0.93
    1923    0.05    0.07    0.10    0.09    0.10    0.13    0.08    0.04    0.03    0.03    0.03    0.06      0.82      0.07
    1924    0.05    0.04    1.83    0.78    0.22    8.92    4.85    0.79    0.10    0.07    0.06    0.08     17.79      1.48
    1925    0.08    0.10    0.07    0.06    0.08    0.16    0.11    0.06    0.09    0.06    0.03    0.09      0.99      0.08
    1926    0.12    0.14    0.17    0.08    0.03    2.76    0.99    0.06    0.04    0.03    0.04    0.03      4.50      0.37
    1927    0.04    0.03    0.13    0.23    0.18    0.14    0.08    0.04    0.03    0.02    0.04    0.05      1.03      0.09
    1928    0.11    0.21    0.21    0.10    0.04    0.68    0.30    0.06    0.10    0.11    0.07    3.10      5.09      0.42
    1929    1.72    0.43    0.18    0.11    0.11    0.54    0.31    0.08    0.06    0.06    1.10    0.54      5.24      0.44
    1930    0.24    0.13    0.12    0.24    0.32    1.67    0.70    0.11    0.05    5.03    1.76    0.07     10.44      0.87
    1931    0.12    0.16    0.16    0.08    0.22    0.16    0.05    0.06    0.06    0.06    0.05    1.52      2.70      0.22
    1932    0.80    2.42    0.88    0.06    0.06    0.16    0.21    0.12    0.06    0.04    0.04    0.04      4.89      0.41
    1933    0.03    2.47    2.22    4.67    1.63    3.72    1.35    0.12    0.09    0.10    0.08    0.06     16.55      1.38
    1934    0.08    0.15    0.12    0.10    0.07    0.18    0.20    0.84    0.43    0.10    0.07    0.05      2.40      0.20
    1935    0.08    0.13    0.07    0.05    0.12    0.19    0.14    0.11    0.07    0.09    0.06    0.04      1.15      0.10
    1936    0.11    3.28    1.16    0.11    0.21    0.23    0.11    0.07    0.05    0.04    0.03    0.03      5.43      0.45
    1937    0.04    0.08    0.39    1.15    0.54    0.22    0.42    0.23    0.08    0.06    0.05    0.06      3.31      0.28
    1938    0.11    0.75    1.06    0.46    0.24    0.16    0.08    0.06    0.04    0.05    0.06    0.15      3.23      0.27
    1939    0.26    0.15    0.04    0.05    1.47    0.86    0.25    0.13    0.07    0.05    0.04    0.12      3.48      0.29
    1940    0.11    0.09    0.09    0.08    0.21    0.17    0.13    0.08    0.04    0.03    0.04    0.04      1.09      0.09
    1941    0.11    0.08    0.03    0.07    0.12    1.94    0.82    0.15    0.05    0.03    0.05    0.10      3.55      0.30
    1942    0.50    1.12    0.50    0.13    0.09    0.15    0.62    0.34    0.12    0.06    0.07    0.07      3.80      0.32
    1943    0.10    4.92    1.78    0.13    0.09    1.27    0.55    0.08    0.07    0.06    0.05    0.13      9.23      0.77
    1944    0.20    0.09    0.03    0.04    0.09    0.23    0.18    0.07    0.03    0.03    0.02    0.02      1.03      0.09
    1945    0.13    0.10    0.04    0.18    0.24    0.41    0.24    0.15    0.09    0.04    0.03    0.03      1.68      0.14
    1946    0.08    0.11    0.05    0.06    0.11    0.21    0.16    0.06    0.04    0.04    0.03    0.05      0.98      0.08
    1947    0.07    0.14    0.71    0.36    0.13    0.23    0.36    0.21    0.06    0.04    0.03    0.02      2.38      0.20
    1948    0.09    0.10    0.06    0.03    0.04    0.09    0.10    0.06    0.03    0.02    0.02    0.02      0.65      0.05
    1949    0.03    0.15    0.13    0.06    0.23    0.31    0.24    0.27    0.17    0.05    0.05    0.05      1.74      0.14
    1950    0.07    0.07    0.86    0.48    0.19    0.17    0.12    0.06    0.03    0.03    0.03    0.09      2.20      0.18
    1951    0.23    0.13    0.02    0.05    0.25    0.22    0.14    0.08    0.04    0.03    0.03    0.20      1.43      0.12
    1952    0.22    0.15    0.11    0.06    0.16    0.17    0.15    0.10    0.05    0.03    0.05    0.12      1.37      0.11
    1953    2.95    1.43    0.37    0.16    0.10    0.25    0.18    0.09    0.07    0.05    0.03    0.04      5.71      0.48
    1954    0.10    0.09    0.06    0.15    3.71    1.42    0.59    0.28    0.09    0.06    0.05    0.07      6.68      0.56
    1955    0.08    0.14    0.09    0.03    0.04    1.60    0.67    0.10    0.05    0.04    0.03    0.07      2.93      0.24
    1956    0.15    0.17    0.20    0.13    0.09    0.37    0.33    0.16    0.05    0.04    0.05    0.07      1.81      0.15
    1957    0.16    0.14    0.14    1.80    0.69    0.13    0.13    0.11    0.06    0.04    0.04    0.06      3.49      0.29
    1958    0.08    0.20    0.29    0.22    0.20    0.92    1.09    1.48    0.52    0.18    0.16    0.08      5.41      0.45
    1959    0.08    0.09    0.13    0.63    0.35    0.20    0.17    0.12    0.06    0.04    0.05    0.07      2.00      0.17
    1960    0.08    0.13    0.25    0.22    0.14    1.39    0.70    0.30    0.15    0.06    0.07    0.06      3.56      0.30
    1961    0.04    0.05    0.04    0.04    0.35    1.88    0.72    0.11    0.06    0.04    0.04    0.03      3.41      0.28
    1962    0.07    0.16    0.10    1.77    0.83    8.15    2.81    0.13    0.07    0.08    0.07    0.05     14.29      1.19
    1963    0.13    0.23    0.17    0.13    0.19    0.28    0.23    0.10    0.07    0.06    0.04    0.05      1.68      0.14
    1964    0.08    0.05    0.10    0.09    0.05    0.04    0.06    0.09    0.13    0.10    0.05    0.04      0.88      0.07
    1965    0.30    0.26    0.09    0.15    0.37    0.19    0.05    0.07    0.06    0.03    0.04    0.06      1.68      0.14
    1966    0.07    0.08    0.06    0.09    0.10    2.65    2.31    0.69    0.18    0.10    0.08    0.05      6.44      0.54
    1967    0.06    0.10    0.06    0.02    0.02    0.05    0.09    0.06    0.03    0.03    0.03    0.08      0.63      0.05
    1968    0.12    0.07    0.04    0.02    0.15    2.21    0.83    0.09    0.05    0.05    0.05    0.05      3.72      0.31
    1969    0.09    0.11    0.05    0.02    0.08    0.08    0.05    0.05    0.07    0.05    3.35    1.27      5.25      0.44
    1970    0.24    0.12    1.21    1.16    0.41    0.24    0.31    0.22    0.08    0.11    0.26    0.17      4.54      0.38
    1971    0.14    0.13    0.10    0.10    2.02    0.83    0.15    0.07    0.05    0.05    0.05    0.04      3.73      0.31
    1972    0.06    0.07    0.03    0.02    0.13    0.27    0.22    0.10    0.03    0.03    0.08    0.07      1.10      0.09
    1973    0.04    0.06    0.10    5.78    6.33    3.19    0.73    0.22    0.20    0.10    0.12    0.09     16.96      1.41
    1974    0.08    0.11    0.08    0.05    0.07    0.18    0.17    0.07    0.04    0.04    0.04    0.21      1.13      0.09
    1975    0.16    0.11    3.53    1.36    4.08   10.77    3.25    0.22    0.13    0.10    0.08    0.10     23.89      1.99
    1976    2.92    1.06    0.09    0.08    0.13    0.12    0.08    0.06    0.06    0.05    0.05    0.15      4.86      0.41
    1977    0.21    0.16    0.85    0.40    0.11    0.15    0.53    0.29    0.08    0.05    0.04    0.04      2.92      0.24
    1978    0.10    0.11    0.11    0.08    0.11    0.11    0.11    0.13    0.08    0.13    0.31    0.21      1.59      0.13
    1979    0.10    0.04    0.02    0.03    0.20    0.23    0.13    0.05    0.02    0.02    0.02    0.04      0.92      0.08
    1980    0.05    0.07    0.08    1.55    1.29    0.41    0.11    0.13    0.13    0.07    0.07    0.04      3.98      0.33
    1981    0.03    0.03    0.03    0.03    0.09    0.18    0.15    0.06    0.04    0.08    0.06    0.05      0.84      0.07
    1982    0.13    0.14    0.05    0.01    0.02    0.02    0.04    0.05    0.04    0.25    0.21    0.12      1.08      0.09
    1983    0.15    0.15    0.12    0.10    0.07    0.11    0.16    0.11    0.05    0.05    0.04    0.03      1.15      0.10
    1984    0.13    0.19    0.11    0.18    7.34    2.50    0.11    0.08    0.06    0.04    0.03    0.05     10.81      0.90
    1985    4.69    4.23    3.05    0.97    0.27    0.29    0.21    0.09    0.07    0.07    0.12    0.13     14.18      1.18
    1986    2.06    0.92    0.15    0.08    0.13    0.12    0.12    0.07    0.05    0.04    0.05    1.70      5.50      0.46
    1987    0.72    0.16    0.12    0.10    2.13    1.41    0.38    0.13    0.07    0.06    0.06    0.07      5.41      0.45
    1988    0.07    0.17    1.41    0.60    0.18    0.21    2.27    0.86    0.08    0.07    0.05    0.04      6.03      0.50
    1989    0.11    3.27    1.18    0.14    0.08    0.70    0.48    0.17    0.06    0.05    0.05    0.05      6.34      0.53
    1990    0.07    0.07    0.06    0.32    0.32    0.21    0.11    0.05    0.03    0.03    0.03    0.03      1.33      0.11
    1991    2.84    1.14    0.21    0.09    0.07    0.08    0.12    0.07    0.03    0.03    0.04    0.04      4.75      0.40
    1992    0.04    0.04    0.02    0.02    0.06    0.09    0.10    0.07    0.03    0.02    0.02    0.07      0.58      0.05
    1993    0.22    0.22    0.24    0.55    1.86    0.76    0.14    0.05    0.04    0.04    0.05    0.03      4.21      0.35
    1994    0.03    0.03    0.04    0.04    0.08    0.37    0.33    0.17    0.07    0.03    0.02    0.03      1.25      0.10
    1995    0.08    0.09    2.62    2.97    1.48    0.44    0.13    0.07    0.05    0.05    0.04    0.04      8.08      0.67
    1996    0.08    3.24    1.69    0.48    0.19    0.16    0.83    0.39    0.19    0.15    0.07    0.06      7.53      0.63
    1997    0.11    0.10    0.06    0.11    0.66    2.82    0.99    0.08    0.05    0.04    0.07    0.06      5.15      0.43
    1998    0.05    0.34    0.26    0.21    0.18    0.20    0.18    0.09    0.06    0.05    0.04    0.03      1.69      0.14
    1999    0.12    0.14    0.15    1.81    1.62    3.15    1.05    0.13    0.09    0.06    0.05    0.10      8.46      0.71
    2000    0.15    0.26    0.19    0.09    0.08    0.12    0.15    0.09    0.04    0.03    0.04    0.06      1.31      0.11
    2001    0.10    0.20    0.21    0.17    0.15    0.16    0.14    0.09    0.06    0.20    0.34    0.90      2.71      0.23
    2002    0.38    0.06    0.05    0.10    0.13    0.24    0.20    0.12    0.06    0.03    0.03    0.05      1.45      0.12
    2003    0.09    0.09    0.09    0.10    0.18    0.24    0.18    0.09    0.03    0.04    0.03    0.15      1.31      0.11
    2004    0.15    0.14    0.47    3.22    1.22    0.28    0.18    0.08    0.05    0.04    0.06    0.06      5.94      0.49
    2005    0.07    0.34    0.17    0.97    0.50    0.18    0.15    0.16    0.09    0.04    0.17    0.21      3.04      0.25
    2006    2.72    1.15    0.19    0.08    0.11    0.12    0.08    0.05    0.04    0.03    0.04    0.04      4.63      0.39
    2007    0.13    0.18    0.20    1.15    0.69    0.24    0.13    0.07    0.08    0.06    0.05    0.05      3.03      0.25
    2008    0.05    0.20    0.21    0.16    0.17    0.11    0.06    0.05    0.03    0.03    0.03    0.04      1.14      0.09
    2009    0.18    0.21    0.16    0.15    0.15    0.11    0.08    0.05    0.04    0.03    0.02    0.02      1.19      0.10
  
 AVERAGE    0.34    0.49    0.41    0.50    0.59    0.96    0.47    0.16    0.08    0.12    0.13    0.17      4.42      0.37
