    1920    0.20    0.20    2.24    1.12    4.34    6.27    4.83    1.47    0.21    0.21    0.16    0.28     21.54      1.79
    1921    0.51    3.56    6.10    2.32    0.36    0.20    0.41    0.71    0.44    0.24    0.51    0.72     16.09      1.34
    1922    0.74   16.75    5.59   12.00   11.11    3.67    0.71    0.34    0.28    0.88    0.48    0.19     52.74      4.39
    1923    0.40    0.68    1.67    1.26    0.57    0.97    0.52    0.22    0.16    0.15    0.26    0.38      7.25      0.60
    1924    0.23    0.12    1.81    1.21    0.85   16.03    6.62    1.07    0.37    0.24    0.18    0.94     29.67      2.47
    1925    0.63    0.36    0.19    0.21    0.29    3.18    1.24    0.19    0.35    0.21    0.14    1.19      8.19      0.68
    1926    1.42    1.79    1.14    0.39    0.33    7.25    2.53    0.21    0.15    0.14    0.17    0.14     15.66      1.30
    1927    0.42    0.23    0.31    0.55    0.69    8.09    2.86    0.29    0.20    0.17    0.29    0.26     14.36      1.20
    1928    0.96    0.82    1.05    0.43    0.19    5.13    1.86    0.24    1.50    1.18    0.49    8.56     22.43      1.87
    1929    3.96    0.69    1.06    0.84    0.65    6.05    2.21    0.24    0.39    0.32    4.91    2.76     24.06      2.01
    1930    4.99    1.77    0.29    1.31    0.68    1.13    1.29    0.47    0.17   20.53    6.97    0.20     39.80      3.32
    1931    1.05    1.45    1.54    0.63    1.89    0.88    0.18    0.35    0.22    0.39    0.25    2.79     11.62      0.97
    1932    1.83    8.99    3.20    0.21    0.60    1.77    1.26    0.45    0.23    0.19    0.23    0.21     19.16      1.60
    1933    0.15    8.96    3.95    4.77    5.51    6.96    2.35    0.35    0.31    0.88    0.47    0.19     34.86      2.90
    1934    0.85    1.33    1.19    0.64    0.23    1.79    4.72   10.53    3.74    0.42    0.36    0.32     26.12      2.18
    1935    0.53    0.78    0.42    0.17    1.19    2.39    0.94    0.61    0.35    0.58    0.32    0.25      8.53      0.71
    1936    1.63   13.94    4.77    0.74    2.83    2.26    0.66    0.30    0.23    0.32    0.19    0.21     28.06      2.34
    1937    0.57    0.91    5.58    3.30    1.42    1.34    1.62    0.78    0.42    0.25    0.30    0.24     16.73      1.39
    1938    1.16    2.78    1.86    3.04    6.40    2.63    0.57    0.28    0.20    0.35    0.39    1.39     21.04      1.75
    1939    1.84    0.77    0.56    0.42    4.19    2.86    0.75    0.79    0.40    0.26    0.18    0.58     13.59      1.13
    1940    0.38    0.48    0.48    0.30    1.38    0.91    1.03    0.48    0.19    0.15    0.12    0.15      6.03      0.50
    1941    3.04    1.16    0.14    2.51    1.62    1.56    0.96    0.53    0.21    0.14    0.34    0.51     12.72      1.06
    1942    1.87    9.36    3.17    0.85    0.42    0.43    5.26    2.04    0.57    0.30    0.40    0.36     25.03      2.09
    1943    0.30    8.74    4.00    0.67    0.45    6.11    2.33    0.40    0.36    0.34    0.20    0.86     24.75      2.06
    1944    0.82    0.25    0.09    0.34    0.45    0.68    0.32    0.15    0.15    0.15    0.11    0.15      3.65      0.30
    1945    4.25    1.52    0.11    0.59    1.96    6.29    2.11    0.50    0.29    0.20    0.17    0.16     18.16      1.51
    1946    0.62    1.44    0.54    0.88    0.50    0.81    0.61    0.27    0.29    0.32    0.18    0.44      6.88      0.57
    1947    0.51    1.69    1.23    0.71    0.43    1.29   14.57    4.85    0.19    0.23    0.16    0.16     26.04      2.17
    1948    1.25    0.92    0.26    0.10    0.15    0.27    0.38    0.20    0.10    0.10    0.12    0.21      4.04      0.34
    1949    0.35    5.30    1.92    0.25    4.56    3.71    1.03    5.36    2.00    0.24    0.39    0.26     25.37      2.11
    1950    2.15    1.11    6.36    3.57    0.79    0.38    0.21    0.18    0.19    0.29    0.31    2.75     18.26      1.52
    1951    1.64    0.31    0.09    0.44    4.00    1.84    0.98    0.47    0.16    0.16    0.15    2.26     12.50      1.04
    1952    1.24    0.54    1.02    0.92    1.71    0.78    0.74    0.38    0.25    0.19    0.39    1.32      9.49      0.79
    1953   12.31    7.96    1.64    0.21    0.88    6.51    2.36    0.39    0.30    0.27    0.19    0.37     33.39      2.78
    1954    0.82    0.74    0.22    0.49    5.70    2.66    0.67    0.25    0.50    0.30    0.18    0.33     12.87      1.07
    1955    0.29    1.06    0.46    0.08    0.74    4.08    1.75    0.40    0.16    0.18    0.21    2.91     12.33      1.03
    1956    2.41    2.75    4.00    1.41    0.74    1.59    1.79    0.71    0.25    0.21    0.19    0.46     16.53      1.38
    1957    1.06    0.50    0.22    3.10    1.88    0.90    0.86    0.50    0.17    0.16    0.23    0.61     10.21      0.85
    1958    0.57    2.91    3.69    1.89    0.80    2.88    3.80    5.55    1.79    3.77    1.73    0.35     29.72      2.48
    1959    0.42    0.40    0.59    1.52    1.07    2.44    1.36    0.47    0.21    0.21    0.30    0.71      9.70      0.81
    1960    1.07    1.76    1.47    0.91    0.63    3.58    2.32    1.25    0.47    0.23    0.40    0.25     14.33      1.19
    1961    0.20    0.39    0.21    0.24    2.52   10.13    3.74    0.70    0.27    0.17    0.22    0.16     18.95      1.58
    1962    3.65    1.57    0.24    5.72    3.00   17.98    6.64    0.50    0.22    0.54    0.30    0.22     40.59      3.38
    1963    0.82    1.49    0.81    0.53    2.53    5.82    2.43    0.40    0.60    0.34    0.27    0.88     16.92      1.41
    1964    0.89    0.35    0.38    0.19    0.13    0.22    0.27    0.64    0.96    0.48    0.16    0.72      5.40      0.45
    1965    3.35    1.99    0.47    1.09    1.05    0.39    0.23    0.38    0.25    0.13    0.15    0.17      9.66      0.80
    1966    0.14    0.81    0.60    0.78    1.37    3.22   11.66    4.13    0.41    0.35    0.28    0.19     23.94      1.99
    1967    0.17    0.36    0.15    0.08    0.08    0.24    0.61    0.32    0.20    0.16    0.16    3.92      6.46      0.54
    1968    2.01    0.39    0.17    0.10    1.35    4.99    1.91    0.29    0.17    0.20    0.18    0.24     12.00      1.00
    1969    1.09    1.47    0.51    0.19    0.77    0.37    0.20    0.18    0.43    0.26   28.37    9.73     43.57      3.63
    1970    0.90    0.41    1.68    1.97    1.79    0.79    1.02    0.78    0.27    0.83    5.13    1.87     17.45      1.45
    1971    0.40    0.43    0.27    1.60   12.88    6.09    0.92    0.21    0.23    0.20    0.23    0.26     23.73      1.98
    1972    0.45    0.91    0.31    0.10    3.64    2.22    0.92    0.35    0.14    0.14    0.68    0.40     10.26      0.85
    1973    0.48    1.44    1.60   12.99    8.76   10.10    3.27    1.26    0.75    0.26    0.91    0.56     42.39      3.53
    1974    0.39    1.25    0.93    0.36    0.46    0.78    0.40    0.16    0.24    0.20    0.27    3.61      9.05      0.75
    1975    1.39    0.62    7.73    3.28   11.04   21.14    6.17    0.55    0.29    0.35    0.29    0.44     53.30      4.44
    1976   10.77    3.92    0.69    0.31    2.63    1.10    0.45    0.45    0.25    0.20    0.24    1.21     22.21      1.85
    1977    0.75    1.72    6.50    2.84    0.66    0.59    4.92    1.88    0.31    0.22    0.25    0.26     20.90      1.74
    1978    1.90    1.15    2.19    1.29    0.40    1.05    0.58    0.73    0.37    6.04   12.16    3.68     31.54      2.63
    1979    0.57    0.27    0.15    0.22    0.95    0.86    0.29    0.15    0.15    0.18    0.18    0.40      4.39      0.37
    1980    0.38    1.35    0.69   11.78    5.09    1.29    0.43    1.01    0.67    0.21    0.93    0.51     24.35      2.03
    1981    0.20    0.31    0.60    0.21    0.37    0.71    0.66    0.25    0.29    0.44    0.26    0.34      4.64      0.39
    1982    1.67    0.73    0.08    0.07    0.07    0.09    0.14    0.14    0.13    3.79    1.48    0.61      8.99      0.75
    1983    1.74    3.62    1.36    0.84    0.43    1.39    1.03    0.62    0.31    0.31    0.22    0.19     12.06      1.00
    1984    1.10    2.00    0.72    1.97   14.20    4.62    0.24    0.22    0.22    0.17    0.13    0.31     25.92      2.16
    1985   13.75   24.56    9.92    2.08    0.90    0.69    0.64    0.26    0.25    0.24    0.61    0.81     54.71      4.56
    1986    7.64    3.30    0.49    0.25    0.36    0.46    0.29    0.17    0.21    0.18    0.26    8.07     21.69      1.81
    1987    3.13    0.48    0.43    0.34    6.18    5.08    1.47    0.45    0.31    0.28    0.34    0.53     19.01      1.58
    1988    0.70    1.03    3.87    1.43    1.48    1.32    5.08    1.87    0.20    0.28    0.19    0.17     17.63      1.47
    1989    6.39   16.16    4.66    0.60    0.42    6.57    2.63    0.25    0.21    0.20    0.24    0.23     38.56      3.21
    1990    0.77    0.46    0.27    0.46    2.24    1.08    0.21    0.20    0.18    0.14    0.23    0.29      6.54      0.54
    1991   10.82    4.29    1.31    0.43    1.94    0.99    0.29    0.16    0.14    0.14    0.30    0.21     21.02      1.75
    1992    0.72    0.51    1.16    0.71    0.53    0.25    0.43    0.24    0.18    0.14    0.13    3.05      8.04      0.67
    1993    1.86    2.39   10.80    4.32    4.01    3.11    0.83    0.20    0.19    0.41    0.59    0.26     28.98      2.41
    1994    0.29    0.14    1.91    2.18    1.22    2.67    1.40    0.36    0.22    0.18    0.15    0.20     10.93      0.91
    1995    0.43    0.68    6.71    7.69    3.23    1.22    0.48    0.23    0.17    0.16    0.16    0.17     21.33      1.78
    1996    0.37   11.31    4.08    0.57    0.40    0.68    3.88    1.74    6.26    2.35    0.26    0.27     32.17      2.68
    1997    1.58    1.89    0.58    1.12    3.85    5.92    2.16    0.30    0.19    0.19    0.53    0.46     18.75      1.56
    1998    0.26    4.83    2.62    1.15    0.66    1.70    1.44    0.52    0.19    0.35    0.19    0.13     14.05      1.17
    1999    0.65    0.51    1.39    5.80    2.58   14.55    5.22    0.41    0.32    0.22    0.18    0.73     32.57      2.71
    2000    0.77    4.30    1.53    0.83    0.55    0.82    7.80    2.73    0.19    0.34    0.43    0.59     20.89      1.74
    2001    1.20   14.16    5.26    1.74    0.65    0.79    1.04    0.44    0.28    1.10    1.63    6.64     34.94      2.91
    2002    2.31    0.24    0.34    0.23    0.32    1.14    0.72    0.35    0.16    0.14    0.17    0.19      6.31      0.53
    2003    0.66    0.41    0.24    1.12    1.09    0.96    0.46    0.17    0.12    0.19    0.21    7.45     13.07      1.09
    2004    2.65    0.27    1.60    6.59    2.80    0.95    0.47    0.32    0.21    0.19    0.56    0.37     16.98      1.41
    2005    0.44    5.71    1.96    0.73    0.67    0.27    0.44    0.61    0.30    0.14    1.23    0.75     13.26      1.11
    2006    8.69    3.30    0.87    0.41    0.43    0.87    0.52    0.21    0.19    0.18    0.18    0.15     16.01      1.33
    2007    0.43    0.56    0.81    5.47    3.14    0.72    0.44    0.23    0.51    0.30    0.26    0.17     13.02      1.09
    2008    0.21    0.81    0.67    0.55    0.89    0.44    0.13    0.15    0.16    0.22    0.22    0.17      4.62      0.39
    2009    0.81    0.62    0.24    0.24    1.26    0.59    0.26    0.14    0.35    0.28    0.12    0.08      4.98      0.42
  
 AVERAGE    1.83    2.77    1.88    1.70    2.15    3.12    1.91    0.82    0.43    0.68    0.96    1.12     19.36      1.61
