    1920    0.22    0.18    1.75    0.97    2.24    4.20    3.25    1.25    0.30    0.25    0.22    0.30     15.12      1.26
    1921    0.47    2.19    4.25    1.94    0.37    0.24    0.39    0.63    0.44    0.30    0.46    0.62     12.29      1.02
    1922    0.62   15.99    5.45   10.62    9.74    3.41    0.75    0.44    0.37    0.73    0.46    0.29     48.88      4.07
    1923    0.42    0.55    1.68    1.22    0.51    0.75    0.48    0.29    0.23    0.21    0.28    0.38      6.98      0.58
    1924    0.26    0.16    1.59    1.13    0.72   15.11    6.27    1.13    0.44    0.32    0.26    0.65     28.03      2.34
    1925    0.54    0.35    0.22    0.21    0.26    1.76    0.92    0.24    0.34    0.25    0.18    0.87      6.13      0.51
    1926    1.17    1.61    1.08    0.36    0.26    5.48    2.14    0.25    0.20    0.18    0.19    0.17     13.10      1.09
    1927    0.32    0.19    0.24    0.44    0.54    6.55    2.54    0.33    0.24    0.20    0.28    0.28     12.15      1.01
    1928    0.74    0.70    0.95    0.39    0.18    2.81    1.25    0.25    1.06    1.07    0.54    7.10     17.05      1.42
    1929    3.49    0.71    0.94    0.73    0.52    4.41    1.85    0.31    0.40    0.38    2.77    2.10     18.61      1.55
    1930    3.55    1.37    0.30    1.13    0.61    0.87    1.04    0.47    0.24   19.52    6.84    0.29     36.23      3.02
    1931    0.74    1.19    1.39    0.58    1.39    0.75    0.25    0.36    0.29    0.38    0.31    1.48      9.12      0.76
    1932    1.44    7.95    2.97    0.25    0.43    1.38    1.12    0.49    0.30    0.25    0.27    0.25     17.10      1.42
    1933    0.20    7.13    3.40    3.03    3.49    5.60    2.18    0.45    0.38    0.74    0.44    0.28     27.33      2.28
    1934    0.59    1.09    1.06    0.57    0.26    1.26    3.21    9.63    3.76    0.52    0.43    0.41     22.80      1.90
    1935    0.54    0.63    0.36    0.25    0.90    1.76    0.84    0.57    0.38    0.52    0.32    0.29      7.36      0.61
    1936    1.19   13.22    4.68    0.66    1.83    1.95    0.76    0.37    0.31    0.36    0.27    0.26     25.87      2.16
    1937    0.47    0.74    3.63    2.69    1.30    1.12    1.46    0.83    0.48    0.34    0.34    0.30     13.69      1.14
    1938    0.87    2.04    1.68    2.42    4.75    2.23    0.59    0.37    0.28    0.35    0.42    1.10     17.10      1.43
    1939    1.64    0.75    0.49    0.34    2.24    2.21    0.85    0.65    0.38    0.30    0.25    0.44     10.54      0.88
    1940    0.36    0.39    0.39    0.24    1.11    0.79    0.84    0.46    0.22    0.18    0.15    0.16      5.29      0.44
    1941    1.53    0.79    0.16    1.88    1.36    1.33    0.88    0.51    0.24    0.17    0.30    0.45      9.58      0.80
    1942    1.32    8.45    3.03    0.75    0.37    0.38    3.29    1.59    0.57    0.35    0.40    0.39     20.90      1.74
    1943    0.34    7.13    3.51    0.66    0.38    4.38    1.94    0.45    0.41    0.38    0.26    0.59     20.43      1.70
    1944    0.66    0.25    0.13    0.25    0.33    0.51    0.30    0.18    0.17    0.17    0.14    0.16      3.24      0.27
    1945    1.98    0.89    0.12    0.46    1.42    5.03    1.92    0.46    0.31    0.23    0.20    0.19     13.21      1.10
    1946    0.44    1.22    0.50    0.75    0.42    0.62    0.52    0.27    0.29    0.32    0.20    0.32      5.88      0.49
    1947    0.42    1.43    1.14    0.65    0.36    1.13   14.12    4.91    0.26    0.27    0.22    0.21     25.13      2.09
    1948    0.91    0.76    0.25    0.14    0.17    0.25    0.34    0.21    0.13    0.12    0.14    0.20      3.61      0.30
    1949    0.29    3.20    1.33    0.23    2.25    2.36    0.96    3.79    1.66    0.28    0.39    0.31     17.04      1.42
    1950    1.33    0.87    4.33    2.91    0.79    0.39    0.27    0.22    0.22    0.29    0.32    1.47     13.40      1.12
    1951    1.29    0.37    0.11    0.32    2.13    1.34    0.87    0.47    0.20    0.18    0.17    1.24      8.70      0.72
    1952    0.98    0.53    0.90    0.80    1.41    0.73    0.60    0.36    0.27    0.23    0.35    1.02      8.18      0.68
    1953   11.38    6.41    1.29    0.26    0.65    4.97    2.06    0.47    0.38    0.34    0.27    0.38     28.84      2.40
    1954    0.65    0.62    0.21    0.39    3.45    1.97    0.67    0.31    0.45    0.31    0.23    0.33      9.58      0.80
    1955    0.32    0.89    0.41    0.11    0.53    2.07    1.23    0.45    0.20    0.19    0.22    1.46      8.07      0.67
    1956    1.89    2.27    3.01    1.18    0.61    1.29    1.52    0.71    0.34    0.29    0.26    0.43     13.80      1.15
    1957    0.83    0.45    0.21    2.20    1.57    0.80    0.72    0.48    0.23    0.20    0.25    0.48      8.42      0.70
    1958    0.48    1.92    2.78    1.73    0.73    1.77    2.35    4.55    1.74    1.73    1.14    0.46     21.38      1.78
    1959    0.48    0.45    0.49    1.36    0.92    1.67    1.14    0.53    0.30    0.27    0.33    0.58      8.53      0.71
    1960    0.87    1.59    1.38    0.82    0.52    1.99    1.84    1.20    0.52    0.30    0.41    0.32     11.75      0.98
    1961    0.26    0.33    0.20    0.19    1.57    9.20    3.64    0.71    0.33    0.23    0.26    0.23     17.14      1.43
    1962    1.78    1.06    0.27    3.51    2.23   17.61    6.58    0.58    0.31    0.47    0.37    0.29     35.06      2.92
    1963    0.58    1.25    0.72    0.45    1.67    4.53    2.20    0.47    0.54    0.38    0.32    0.66     13.77      1.15
    1964    0.73    0.34    0.31    0.19    0.17    0.23    0.29    0.51    0.79    0.47    0.20    0.53      4.77      0.40
    1965    1.83    1.57    0.50    0.96    0.88    0.36    0.25    0.37    0.28    0.18    0.18    0.19      7.56      0.63
    1966    0.16    0.66    0.51    0.68    1.12    1.99   11.01    4.18    0.49    0.39    0.35    0.27     21.83      1.82
    1967    0.24    0.32    0.17    0.13    0.13    0.21    0.46    0.30    0.23    0.20    0.19    1.67      4.23      0.35
    1968    1.34    0.44    0.15    0.11    1.09    3.25    1.50    0.36    0.21    0.22    0.20    0.25      9.13      0.76
    1969    0.83    1.27    0.49    0.16    0.56    0.31    0.21    0.20    0.35    0.25   28.58    9.93     43.14      3.59
    1970    0.82    0.39    1.62    1.91    1.61    0.73    0.80    0.69    0.30    0.52    3.53    1.56     14.49      1.21
    1971    0.41    0.41    0.26    1.46   11.95    5.39    0.90    0.30    0.29    0.27    0.29    0.31     22.24      1.85
    1972    0.44    0.73    0.28    0.14    1.94    1.66    0.89    0.38    0.19    0.17    0.46    0.34      7.62      0.64
    1973    0.37    1.36    1.54   12.09    6.99    9.03    3.28    1.06    0.74    0.39    0.72    0.57     38.15      3.18
    1974    0.48    1.02    0.81    0.32    0.39    0.59    0.40    0.24    0.28    0.26    0.30    1.53      6.62      0.55
    1975    0.84    0.55    6.09    2.80    9.88   20.97    6.39    0.65    0.41    0.42    0.39    0.48     49.87      4.16
    1976    9.55    3.73    0.64    0.34    1.62    0.82    0.49    0.51    0.34    0.26    0.29    0.98     19.56      1.63
    1977    0.73    1.54    4.77    2.36    0.62    0.51    2.98    1.39    0.37    0.28    0.29    0.30     16.12      1.34
    1978    1.24    0.94    1.93    1.18    0.38    0.80    0.52    0.58    0.35    4.16   11.33    3.82     27.23      2.27
    1979    0.59    0.34    0.22    0.25    0.69    0.69    0.30    0.21    0.20    0.22    0.22    0.36      4.29      0.36
    1980    0.36    1.16    0.61   10.35    4.56    1.16    0.45    0.74    0.59    0.28    0.66    0.44     21.35      1.78
    1981    0.25    0.29    0.48    0.18    0.24    0.53    0.55    0.26    0.24    0.39    0.25    0.29      3.96      0.33
    1982    1.20    0.66    0.11    0.08    0.08    0.10    0.14    0.15    0.14    1.43    0.87    0.53      5.49      0.46
    1983    1.30    2.45    1.11    0.76    0.38    1.17    0.95    0.59    0.34    0.33    0.26    0.22      9.86      0.82
    1984    0.83    1.71    0.69    1.71   13.31    4.51    0.30    0.28    0.27    0.23    0.19    0.30     24.33      2.03
    1985   12.41   24.70    9.18    1.80    0.81    0.64    0.67    0.38    0.34    0.33    0.56    0.75     52.57      4.38
    1986    6.37    3.00    0.50    0.29    0.36    0.45    0.36    0.25    0.26    0.24    0.29    6.40     18.76      1.56
    1987    2.75    0.49    0.36    0.28    4.26    3.35    1.23    0.52    0.38    0.33    0.37    0.51     14.82      1.24
    1988    0.61    0.87    2.69    1.12    1.26    1.16    3.37    1.48    0.27    0.31    0.25    0.22     13.61      1.13
    1989    4.44   15.28    4.72    0.52    0.39    4.80    2.19    0.35    0.27    0.25    0.28    0.27     33.76      2.81
    1990    0.55    0.39    0.24    0.36    1.53    0.89    0.25    0.22    0.21    0.17    0.23    0.29      5.32      0.44
    1991    9.46    3.91    1.23    0.41    1.36    0.81    0.34    0.21    0.18    0.17    0.28    0.24     18.61      1.55
    1992    0.53    0.42    1.04    0.63    0.42    0.22    0.32    0.22    0.18    0.16    0.15    1.45      5.73      0.48
    1993    1.38    1.92    9.83    4.09    2.44    2.35    0.86    0.29    0.27    0.39    0.58    0.31     24.70      2.06
    1994    0.33    0.22    1.69    2.06    1.12    1.78    1.17    0.43    0.27    0.23    0.20    0.23      9.73      0.81
    1995    0.38    0.54    4.70    5.55    2.72    1.17    0.49    0.30    0.23    0.22    0.22    0.21     16.72      1.39
    1996    0.34   10.00    3.75    0.52    0.35    0.51    2.03    1.26    5.01    2.16    0.33    0.31     26.58      2.21
    1997    1.13    1.68    0.58    0.96    2.29    4.22    1.87    0.39    0.26    0.25    0.47    0.49     14.59      1.22
    1998    0.33    2.72    1.96    1.07    0.57    1.33    1.27    0.56    0.26    0.35    0.26    0.18     10.85      0.90
    1999    0.45    0.41    1.27    3.91    1.98   13.67    5.07    0.50    0.39    0.30    0.25    0.53     28.72      2.39
    2000    0.67    2.48    0.98    0.72    0.46    0.63    6.49    2.53    0.25    0.33    0.43    0.55     16.52      1.38
    2001    0.95   13.26    5.06    1.79    0.71    0.61    0.85    0.43    0.34    0.80    1.33    5.60     31.74      2.64
    2002    2.19    0.31    0.32    0.27    0.33    0.86    0.63    0.41    0.24    0.19    0.21    0.22      6.18      0.51
    2003    0.47    0.35    0.20    0.99    0.93    0.82    0.44    0.21    0.15    0.18    0.21    5.63     10.59      0.88
    2004    2.23    0.29    1.45    4.76    2.23    0.84    0.45    0.35    0.26    0.23    0.46    0.35     13.90      1.16
    2005    0.38    3.66    1.42    0.63    0.53    0.25    0.36    0.53    0.30    0.17    0.93    0.70      9.87      0.82
    2006    7.32    2.94    0.81    0.36    0.33    0.66    0.47    0.27    0.22    0.21    0.21    0.18     13.97      1.16
    2007    0.32    0.44    0.71    3.47    2.44    0.77    0.39    0.25    0.40    0.28    0.27    0.21      9.95      0.83
    2008    0.22    0.66    0.57    0.46    0.71    0.39    0.16    0.16    0.17    0.21    0.23    0.18      4.11      0.34
    2009    0.60    0.53    0.22    0.18    0.97    0.53    0.23    0.14    0.26    0.25    0.14    0.09      4.15      0.35
  
 AVERAGE    1.47    2.40    1.60    1.42    1.66    2.55    1.64    0.78    0.44    0.61    0.91    0.90     16.38      1.37
