    1920    0.23    0.18    0.34    0.37    0.46    1.95    4.46    2.28    0.84    0.53    0.42    0.38     12.43      1.04
    1921    0.44    0.64    0.79    0.63    0.41    0.27    0.25    0.60    1.01    0.91    1.05    1.27      8.27      0.69
    1922    1.26    7.81    3.21    1.36    7.80    3.82    1.28    0.83    0.68    3.16    2.08    0.83     34.12      2.84
    1923    0.59    0.59    1.00    1.26    0.92    0.75    0.62    0.50    0.43    0.38    0.38    0.53      7.93      0.66
    1924    0.53    0.32    0.62    1.01    0.72   25.29   14.39    3.19    1.12    0.91    0.70    0.88     49.67      4.14
    1925    0.90    0.61    0.39    0.29    0.31    0.50    0.53    0.46    0.62    0.62    0.43    0.69      6.36      0.53
    1926    1.04    0.97    0.76    0.37    0.25    0.85    1.01    0.59    0.40    0.32    0.33    0.30      7.19      0.60
    1927    0.32    0.24    0.20    0.31    0.36    0.51    0.55    0.41    0.32    0.27    0.32    0.39      4.21      0.35
    1928    0.56    0.71    0.64    0.35    0.19    0.44    0.47    0.37    0.65    1.01    0.95    5.97     12.32      1.03
    1929    4.72    1.84    0.59    0.36    0.34    0.69    0.82    0.54    0.53    0.56    2.16    3.07     16.23      1.35
    1930    2.32    1.15    0.52    0.56    0.51    0.60    0.77    0.59    0.42   31.03   11.28    0.85     50.59      4.22
    1931    0.87    1.12    0.92    0.62    0.71    0.62    0.36    0.37    0.39    0.43    0.44    1.65      8.49      0.71
    1932    1.66   10.54    4.08    0.51    0.43    0.52    0.88    0.91    0.61    0.50    0.44    0.38     21.47      1.79
    1933    0.32    0.90    1.49    2.54    2.00    6.00    2.90    0.94    0.73    0.85    0.79    0.52     19.99      1.67
    1934    0.64    1.08    0.87    0.53    0.33    0.48    1.25   17.12    7.04    1.57    1.22    0.98     33.11      2.76
    1935    0.79    0.66    0.43    0.36    0.46    0.82    0.82    0.77    0.71    0.76    0.68    0.48      7.75      0.65
    1936    0.63    8.02    3.32    0.47    0.53    0.82    0.65    0.52    0.49    0.45    0.40    0.33     16.62      1.38
    1937    0.37    0.43    0.66    0.78    0.54    0.52    1.24    1.34    1.07    0.87    0.66    0.53      9.00      0.75
    1938    0.67    1.29    1.28    1.26    1.40    1.45    1.00    0.70    0.56    0.56    0.60    1.01     11.77      0.98
    1939    2.73    1.61    0.67    0.60    0.93    1.27    0.94    1.00    0.89    0.65    0.53    0.69     12.48      1.04
    1940    0.69    0.56    0.43    0.29    0.46    0.59    0.61    0.56    0.42    0.37    0.38    0.36      5.73      0.48
    1941    0.62    0.52    0.23    0.35    0.55    0.73    0.87    0.89    0.69    0.43    0.44    0.57      6.91      0.58
    1942    0.94    6.12    2.69    0.62    0.44    0.39    0.83    1.06    1.05    0.93    0.88    0.84     16.79      1.40
    1943    0.66    3.66    2.12    0.69    0.41    0.84    1.09    0.66    0.59    0.60    0.49    0.82     12.63      1.05
    1944    1.16    0.65    0.24    0.19    0.24    0.35    0.31    0.25    0.23    0.23    0.21    0.20      4.27      0.36
    1945    0.56    0.55    0.21    0.22    0.50    1.07    1.08    0.85    0.61    0.43    0.34    0.30      6.71      0.56
    1946    0.46    0.56    0.28    0.19    0.21    0.41    0.53    0.37    0.41    0.51    0.44    0.48      4.85      0.40
    1947    0.44    0.69    0.83    0.62    0.35    0.56   20.00    7.45    0.81    0.58    0.48    0.36     33.16      2.76
    1948    0.54    0.60    0.33    0.21    0.20    0.22    0.27    0.27    0.22    0.20    0.23    0.25      3.56      0.30
    1949    0.27    0.59    0.69    0.38    0.43    0.76    0.74    1.12    1.15    0.74    0.60    0.52      7.99      0.67
    1950    0.63    0.49    1.92    1.64    0.90    0.73    0.68    0.48    0.36    0.34    0.36    0.62      9.14      0.76
    1951    1.00    0.57    0.20    0.22    0.38    0.45    0.51    0.50    0.38    0.32    0.27    3.45      8.25      0.69
    1952    2.15    0.82    0.43    0.48    0.68    0.59    0.57    0.51    0.40    0.36    0.46    1.07      8.52      0.71
    1953   27.92   11.29    1.56    0.58    0.57    1.23    1.28    1.00    1.00    0.83    0.60    0.54     48.39      4.03
    1954    0.71    0.78    0.42    0.34    0.99    1.50    1.29    0.92    0.77    0.68    0.51    0.58      9.49      0.79
    1955    0.54    0.56    0.39    0.20    0.19    0.57    1.07    0.88    0.59    0.45    0.42    0.98      6.85      0.57
    1956    1.74   13.96    5.60    0.88    0.66    1.02    1.17    0.91    0.70    0.58    0.52    0.59     28.33      2.36
    1957    0.92    0.66    0.33    0.51    0.74    0.66    0.72    0.68    0.48    0.45    0.48    0.58      7.21      0.60
    1958    0.53    0.63    0.98    0.91    0.62    0.76    1.69   25.83    9.30    9.62    4.59    1.43     56.90      4.74
    1959    1.06    0.77    0.66    0.84    0.84    0.88    0.96    1.02    0.83    0.61    0.63    0.72      9.83      0.82
    1960    0.95    1.07    0.98    0.91    0.73    2.33    5.68    3.16    1.44    1.11    0.98    0.78     20.12      1.68
    1961    0.56    0.47    0.38    0.36    0.50    1.13    1.54    1.30    0.90    0.59    0.54    0.47      8.75      0.73
    1962    0.74    0.93    0.44    0.85    1.46   44.13   15.71    1.30    0.78    0.93    0.91    0.63     68.79      5.73
    1963    0.64    0.82    0.90    0.83    3.81    2.61    1.80    1.28    2.72    1.92    1.05    1.32     19.70      1.64
    1964    1.41    0.75    0.52    0.42    0.34    0.37    0.46    0.74    1.24    1.18    0.84    0.77      9.04      0.75
    1965    3.03    1.93    0.63    0.53    0.62    0.43    0.34    0.76    1.05    0.65    0.55    0.58     11.10      0.93
    1966    0.56    0.51    0.34    0.31    0.36    0.97   14.03    5.73    1.42    1.38    1.14    0.71     27.46      2.29
    1967    0.52    0.50    0.33    0.22    0.19    0.20    0.28    0.31    0.27    0.28    0.32    0.60      4.02      0.34
    1968    0.90    0.58    0.24    0.13    0.24    0.73    0.89    0.70    0.47    0.42    0.41    0.38      6.09      0.51
    1969    0.57    0.72    0.41    0.15    0.16    0.15    0.15    0.18    0.28    0.31   26.32    9.92     39.32      3.28
    1970    1.70    1.04    0.78    0.98    0.87    0.82    0.95    0.99    0.70    0.84    3.28    2.02     14.98      1.25
    1971    0.93    0.85    0.58    0.46    1.59    1.38    0.73    0.50    0.41    0.36    0.36    0.37      8.51      0.71
    1972    0.44    0.55    0.32    0.15    0.25    0.46    0.51    0.43    0.30    0.26    0.39    0.41      4.48      0.37
    1973    0.35    0.50    0.57    1.03    2.46    9.63    4.07    2.68    2.11    1.44    1.48    1.29     27.60      2.30
    1974    0.99    0.92    0.60    0.39    0.34    0.36    0.41    0.38    0.36    0.38    0.54    4.45     10.11      0.84
    1975    2.29    0.66    0.89    0.82    5.47   23.38    7.98    0.96    0.72    0.63    0.56    0.59     44.95      3.75
    1976    9.62    4.08    0.53    0.34    0.48    0.53    0.45    0.49    0.49    0.44    0.45    0.71     18.61      1.55
    1977    0.85    1.08    1.46    1.16    0.65    0.56    5.19    2.85    1.01    0.72    0.56    0.49     16.58      1.38
    1978    0.73    1.08    1.21    1.25    1.39    1.60    1.42    1.54    1.28    5.65   21.00    7.45     45.60      3.80
    1979    1.08    0.63    0.39    0.34    0.38    0.45    0.44    0.38    0.34    0.34    0.34    0.47      5.60      0.47
    1980    0.59    0.60    0.49    3.43    2.18    1.44    1.06    4.40    2.75    1.21    1.26    1.05     20.47      1.71
    1981    0.64    0.49    0.43    0.29    0.27    0.35    0.46    0.42    0.40    0.59    0.59    0.49      5.42      0.45
    1982    0.71    0.49    0.17    0.12    0.11    0.11    0.16    0.21    0.22    0.70    1.00    0.78      4.79      0.40
    1983    0.70    0.71    0.46    0.32    0.29    0.31    0.47    0.54    0.58    0.74    0.66    0.45      6.24      0.52
    1984    0.73    0.96    0.55    0.38   10.92    4.37    0.69    0.53    0.50    0.43    0.33    0.40     20.78      1.73
    1985   10.89   40.97   13.38    1.62    1.32    1.24    1.30    0.94    0.70    0.70    1.05    1.44     75.54      6.30
    1986    6.46    3.32    0.92    0.54    0.55    0.61    0.55    0.48    0.44    0.41    0.45    5.08     19.81      1.65
    1987    2.67    0.69    0.52    0.42    0.81    2.77    1.87    1.16    0.97    0.81    0.76    0.87     14.33      1.19
    1988    0.87    0.79    1.10    0.72    0.53    0.69    1.34    1.36    0.83    0.69    0.58    0.44      9.93      0.83
    1989    3.03   13.72    4.77    0.47    0.41    0.75    1.20    0.84    0.54    0.43    0.42    0.40     26.97      2.25
    1990    0.64    0.55    0.29    0.27    0.36    0.38    0.29    0.27    0.26    0.24    0.28    0.33      4.16      0.35
    1991    9.94    4.32    1.01    0.41    0.43    0.50    0.46    0.42    0.30    0.26    0.33    0.37     18.75      1.56
    1992    0.38    0.44    0.25    0.15    0.19    0.18    0.20    0.21    0.19    0.20    0.25    0.71      3.35      0.28
    1993    1.26    1.02    1.01    0.98    1.23    1.89    1.31    0.60    0.44    0.44    0.59    0.50     11.27      0.94
    1994    0.37    0.26    0.46    0.92    1.02    1.21    1.30    1.05    0.73    0.59    0.47    0.42      8.80      0.73
    1995    0.44    0.49    0.90    1.25    1.10    0.92    0.68    0.51    0.40    0.37    0.36    0.32      7.73      0.64
    1996    0.45    9.11    3.86    0.72    0.50    0.62    3.95    2.46   24.34    9.08    1.11    0.78     56.98      4.75
    1997    0.79    1.10    0.69    0.55    0.96    4.83    2.71    1.14    0.73    0.59    0.85    0.95     15.88      1.32
    1998    0.72    1.24    1.44    0.85    0.70    0.82    0.90    0.79    0.59    0.57    0.53    0.39      9.53      0.79
    1999    0.44    0.44    0.64    1.21    1.19   11.86    5.14    1.57    1.07    0.74    0.56    0.73     25.61      2.13
    2000    0.93    0.80    0.51    0.39    0.42    0.60    1.00    0.85    0.50    0.46    0.48    0.64      7.58      0.63
    2001    0.96   13.89    5.37    1.24    0.90    0.65    0.97    1.01    0.69    2.06    7.01   11.50     46.26      3.86
    2002    4.18    0.70    0.45    0.44    0.45    0.63    0.73    0.78    0.73    0.57    0.47    0.43     10.55      0.88
    2003    0.50    0.40    0.27    0.28    0.26    0.28    0.30    0.26    0.23    0.29    0.34    2.61      6.02      0.50
    2004    1.76    0.67    0.77    1.07    0.84    0.57    0.48    0.49    0.46    0.40    0.48    0.46      8.45      0.70
    2005    0.32    0.82    0.71    0.43    0.44    0.42    0.43    0.59    0.59    0.44    0.86    1.72      7.78      0.65
    2006   10.39    4.13    0.75    0.68    0.66    0.76    0.86    0.74    0.55    0.45    0.43    0.39     20.80      1.73
    2007    0.51    0.51    0.37    0.67    0.87    0.55    0.52    0.50    0.61    0.66    0.58    0.48      6.83      0.57
    2008    0.40    0.48    0.42    0.33    0.35    0.26    0.25    0.28    0.25    0.24    0.26    0.30      3.81      0.32
    2009    0.47    0.52    0.34    0.22    0.21    0.17    0.24    0.27    0.32    0.37    0.29    0.20      3.61      0.30
  
 AVERAGE    1.75    2.33    1.10    0.64    0.92    2.17    1.85    1.47    1.12    1.24    1.39    1.19     17.17      1.43
