    1920    0.42    0.33    0.61    0.67    0.83    3.61    8.13    4.15    1.51    0.99    0.77    0.70     22.72      1.89
    1921    0.80    1.17    1.45    1.17    0.77    0.51    0.47    1.10    1.84    1.68    1.92    2.33     15.20      1.27
    1922    2.30   14.19    5.87    2.53   14.18    6.91    2.34    1.53    1.25    5.77    3.77    1.52     62.17      5.18
    1923    1.08    1.09    1.83    2.29    1.68    1.38    1.16    0.94    0.80    0.71    0.71    0.98     14.66      1.22
    1924    0.98    0.61    1.15    1.86    1.32   45.74   26.04    5.76    2.08    1.68    1.29    1.61     90.13      7.51
    1925    1.65    1.13    0.74    0.56    0.59    0.93    1.00    0.86    1.15    1.16    0.82    1.29     11.89      0.99
    1926    1.91    1.79    1.41    0.67    0.49    1.55    1.83    1.07    0.75    0.59    0.61    0.56     13.24      1.10
    1927    0.61    0.45    0.37    0.58    0.67    0.95    1.01    0.75    0.60    0.50    0.60    0.72      7.80      0.65
    1928    1.02    1.30    1.16    0.63    0.36    0.81    0.85    0.68    1.18    1.84    1.72   10.86     22.43      1.87
    1929    8.60    3.33    1.08    0.69    0.64    1.26    1.51    0.99    0.98    1.04    3.99    5.63     29.74      2.48
    1930    4.23    2.08    0.99    1.06    0.95    1.11    1.41    1.10    0.78   56.06   20.39    1.53     91.67      7.64
    1931    1.61    2.06    1.70    1.14    1.31    1.14    0.69    0.70    0.73    0.80    0.83    3.04     15.76      1.31
    1932    3.02   19.11    7.44    0.96    0.82    0.98    1.63    1.68    1.14    0.94    0.83    0.71     39.25      3.27
    1933    0.60    1.63    2.73    4.72    3.65   10.94    5.25    1.74    1.34    1.56    1.45    0.96     36.58      3.05
    1934    1.18    1.96    1.59    0.98    0.63    0.89    2.29   30.98   12.76    2.90    2.26    1.80     60.21      5.02
    1935    1.46    1.21    0.80    0.68    0.86    1.52    1.51    1.42    1.32    1.41    1.26    0.91     14.34      1.20
    1936    1.17   14.58    6.05    0.88    0.98    1.50    1.20    0.97    0.91    0.83    0.74    0.62     30.43      2.54
    1937    0.68    0.80    1.22    1.43    0.98    0.96    2.26    2.44    1.93    1.60    1.21    0.97     16.49      1.37
    1938    1.22    2.34    2.33    2.29    2.57    2.64    1.82    1.27    1.03    1.02    1.09    1.83     21.45      1.79
    1939    5.01    2.93    1.24    1.10    1.69    2.31    1.71    1.82    1.62    1.19    0.96    1.25     22.83      1.90
    1940    1.26    1.03    0.79    0.55    0.85    1.08    1.13    1.03    0.78    0.68    0.71    0.66     10.54      0.88
    1941    1.14    0.94    0.42    0.65    1.01    1.34    1.60    1.63    1.25    0.79    0.81    1.05     12.62      1.05
    1942    1.72   11.14    4.91    1.14    0.82    0.73    1.51    1.92    1.91    1.70    1.62    1.54     30.67      2.56
    1943    1.20    6.71    3.86    1.24    0.77    1.55    1.99    1.20    1.08    1.10    0.90    1.50     23.10      1.92
    1944    2.12    1.18    0.46    0.37    0.46    0.65    0.59    0.47    0.43    0.43    0.40    0.38      7.93      0.66
    1945    1.04    1.00    0.38    0.41    0.92    1.94    1.98    1.53    1.10    0.79    0.62    0.55     12.27      1.02
    1946    0.85    1.02    0.51    0.35    0.39    0.76    0.97    0.67    0.76    0.94    0.81    0.87      8.90      0.74
    1947    0.80    1.24    1.50    1.11    0.64    1.03   36.18   13.48    1.45    1.09    0.88    0.67     60.08      5.01
    1948    0.99    1.11    0.61    0.41    0.39    0.43    0.51    0.51    0.42    0.39    0.43    0.48      6.66      0.56
    1949    0.51    1.08    1.26    0.68    0.77    1.39    1.33    2.05    2.09    1.33    1.11    0.97     14.57      1.21
    1950    1.15    0.90    3.56    3.00    1.63    1.34    1.25    0.88    0.66    0.62    0.67    1.14     16.80      1.40
    1951    1.82    1.02    0.38    0.42    0.71    0.83    0.93    0.93    0.70    0.59    0.51    6.31     15.15      1.26
    1952    3.91    1.48    0.81    0.90    1.25    1.08    1.06    0.93    0.73    0.67    0.85    1.96     15.63      1.30
    1953   50.46   20.45    2.83    1.10    1.06    2.25    2.34    1.84    1.84    1.53    1.11    1.01     87.82      7.32
    1954    1.31    1.44    0.79    0.65    1.82    2.74    2.38    1.72    1.43    1.26    0.96    1.07     17.56      1.46
    1955    1.00    1.04    0.73    0.39    0.38    1.06    1.96    1.61    1.09    0.85    0.78    1.80     12.68      1.06
    1956    3.17   25.30   10.18    1.59    1.24    1.88    2.14    1.67    1.28    1.07    0.96    1.09     51.57      4.30
    1957    1.68    1.22    0.63    0.95    1.37    1.23    1.33    1.27    0.90    0.84    0.89    1.07     13.37      1.11
    1958    0.99    1.16    1.80    1.66    1.12    1.40    3.14   46.65   16.80   17.43    8.30    2.61    103.07      8.59
    1959    1.94    1.41    1.21    1.53    1.54    1.62    1.77    1.87    1.53    1.14    1.17    1.33     18.04      1.50
    1960    1.75    1.97    1.80    1.69    1.35    4.30   10.35    5.72    2.65    2.04    1.79    1.42     36.83      3.07
    1961    1.03    0.87    0.71    0.67    0.93    2.08    2.82    2.40    1.66    1.11    1.01    0.88     16.18      1.35
    1962    1.37    1.70    0.82    1.53    2.68   79.73   28.38    2.36    1.44    1.70    1.66    1.15    124.51     10.38
    1963    1.17    1.51    1.65    1.53    7.00    4.74    3.29    2.35    4.97    3.49    1.92    2.39     36.00      3.00
    1964    2.56    1.36    0.95    0.77    0.63    0.68    0.84    1.35    2.27    2.16    1.54    1.42     16.54      1.38
    1965    5.57    3.51    1.14    0.98    1.14    0.80    0.63    1.39    1.91    1.18    1.02    1.06     20.33      1.69
    1966    1.04    0.94    0.63    0.57    0.67    1.75   25.42   10.39    2.62    2.55    2.09    1.30     49.97      4.16
    1967    0.96    0.92    0.61    0.42    0.37    0.39    0.53    0.58    0.51    0.54    0.61    1.12      7.56      0.63
    1968    1.66    1.05    0.43    0.27    0.45    1.35    1.63    1.26    0.85    0.78    0.76    0.70     11.19      0.93
    1969    1.04    1.32    0.74    0.29    0.30    0.29    0.28    0.35    0.51    0.56   47.55   17.93     71.17      5.93
    1970    3.07    1.88    1.46    1.79    1.60    1.51    1.74    1.81    1.29    1.54    6.00    3.66     27.35      2.28
    1971    1.71    1.57    1.06    0.84    2.96    2.52    1.32    0.93    0.75    0.67    0.67    0.68     15.69      1.31
    1972    0.81    1.02    0.59    0.30    0.48    0.86    0.95    0.80    0.56    0.49    0.73    0.75      8.35      0.70
    1973    0.64    0.92    1.04    1.88    4.55   17.47    7.41    4.89    3.83    2.63    2.69    2.35     50.28      4.19
    1974    1.80    1.67    1.10    0.71    0.62    0.67    0.76    0.71    0.67    0.70    0.99    8.12     18.52      1.54
    1975    4.20    1.19    1.64    1.52    9.98   42.27   14.44    1.77    1.32    1.16    1.03    1.09     81.60      6.80
    1976   17.45    7.44    0.98    0.64    0.90    1.00    0.84    0.92    0.91    0.83    0.84    1.31     34.07      2.84
    1977    1.58    2.00    2.69    2.10    1.17    1.06    9.47    5.20    1.81    1.33    1.03    0.90     30.33      2.53
    1978    1.34    1.98    2.22    2.29    2.56    2.93    2.60    2.82    2.34   10.29   37.93   13.47     82.78      6.90
    1979    1.97    1.15    0.73    0.64    0.71    0.84    0.83    0.73    0.65    0.65    0.65    0.89     10.43      0.87
    1980    1.11    1.13    0.93    6.31    4.01    2.65    1.92    8.06    4.98    2.18    2.31    1.93     37.51      3.13
    1981    1.18    0.90    0.79    0.54    0.51    0.67    0.85    0.78    0.75    1.09    1.10    0.92     10.07      0.84
    1982    1.31    0.89    0.33    0.24    0.22    0.23    0.31    0.41    0.41    1.29    1.84    1.42      8.88      0.74
    1983    1.30    1.31    0.84    0.61    0.53    0.57    0.87    0.99    1.05    1.35    1.19    0.82     11.43      0.95
    1984    1.33    1.76    1.00    0.70   19.81    7.93    1.24    0.98    0.91    0.78    0.60    0.74     37.79      3.15
    1985   19.73   73.99   24.17    2.99    2.44    2.28    2.37    1.72    1.29    1.28    1.91    2.63    136.81     11.40
    1986   11.76    6.02    1.70    1.01    1.02    1.13    1.03    0.90    0.83    0.78    0.85    9.26     36.29      3.02
    1987    4.87    1.24    0.99    0.80    1.50    5.14    3.41    2.15    1.80    1.50    1.41    1.61     26.42      2.20
    1988    1.59    1.45    2.02    1.31    0.98    1.28    2.45    2.50    1.49    1.28    1.08    0.81     18.24      1.52
    1989    5.56   24.83    8.66    0.88    0.77    1.38    2.19    1.55    1.01    0.80    0.78    0.75     49.17      4.10
    1990    1.17    1.03    0.55    0.52    0.67    0.71    0.56    0.51    0.50    0.46    0.52    0.61      7.83      0.65
    1991   18.03    7.83    1.82    0.74    0.82    0.93    0.86    0.78    0.57    0.49    0.62    0.68     34.16      2.85
    1992    0.70    0.81    0.46    0.30    0.36    0.35    0.38    0.39    0.37    0.37    0.47    1.29      6.24      0.52
    1993    2.29    1.87    1.85    1.77    2.24    3.53    2.40    1.08    0.81    0.81    1.08    0.92     20.64      1.72
    1994    0.68    0.49    0.85    1.68    1.87    2.21    2.39    1.93    1.35    1.09    0.86    0.78     16.18      1.35
    1995    0.81    0.89    1.65    2.28    1.99    1.69    1.25    0.95    0.75    0.68    0.66    0.59     14.20      1.18
    1996    0.83   16.53    7.01    1.30    0.94    1.15    7.23    4.49   43.97   16.42    2.05    1.45    103.36      8.61
    1997    1.46    2.00    1.26    1.02    1.77    8.84    4.92    2.10    1.35    1.10    1.56    1.74     29.14      2.43
    1998    1.33    2.27    2.64    1.57    1.31    1.52    1.66    1.46    1.09    1.06    0.99    0.73     17.63      1.47
    1999    0.82    0.82    1.19    2.23    2.19   21.51    9.36    2.89    1.98    1.37    1.04    1.35     46.74      3.89
    2000    1.71    1.47    0.94    0.73    0.78    1.11    1.84    1.57    0.93    0.87    0.89    1.18     14.03      1.17
    2001    1.75   25.16    9.74    2.29    1.66    1.21    1.78    1.86    1.28    3.79   12.72   20.81     84.06      7.00
    2002    7.54    1.30    0.84    0.81    0.85    1.17    1.35    1.45    1.36    1.06    0.89    0.81     19.42      1.62
    2003    0.93    0.76    0.53    0.54    0.51    0.55    0.58    0.51    0.44    0.56    0.64    4.80     11.35      0.95
    2004    3.22    1.21    1.41    1.98    1.51    1.06    0.89    0.90    0.85    0.74    0.88    0.84     15.49      1.29
    2005    0.59    1.48    1.28    0.78    0.81    0.78    0.80    1.09    1.07    0.81    1.58    3.14     14.20      1.18
    2006   18.82    7.50    1.40    1.26    1.22    1.40    1.58    1.35    1.01    0.84    0.79    0.72     37.89      3.16
    2007    0.94    0.95    0.69    1.23    1.60    0.99    0.96    0.92    1.13    1.21    1.06    0.89     12.56      1.05
    2008    0.73    0.89    0.77    0.60    0.64    0.49    0.47    0.52    0.46    0.45    0.48    0.55      7.05      0.59
    2009    0.86    0.95    0.61    0.41    0.39    0.32    0.45    0.50    0.58    0.67    0.52    0.37      6.62      0.55
  
 AVERAGE    3.18    4.24    2.01    1.19    1.69    3.95    3.37    2.69    2.04    2.26    2.53    2.17     31.32      2.61
