    1920    0.49    0.58    0.82    5.75    9.05   22.77   14.30    3.01    0.49    0.39    0.30    0.57     58.52      4.88
    1921    0.84    5.01    8.99    3.36    0.78    2.49    1.03    3.27    2.49    2.25    4.44    3.04     37.99      3.17
    1922    8.55   20.59   10.52   24.50   21.60   13.42    3.50    0.84    0.79    8.73    3.40    0.67    117.11      9.76
    1923    0.64    0.71    0.60    4.24    2.87    1.42    0.56    0.54    0.51    0.44    0.55    1.03     14.09      1.17
    1924    0.62    0.50   10.23    4.26    0.68   28.64   21.53    4.58    0.51    0.53    0.42    0.76     73.27      6.11
    1925    0.54    3.61    2.12    1.78    2.63   15.33    5.07    0.82    1.89    1.07    0.40    3.70     38.95      3.25
    1926    2.16    3.02    5.43    1.84    0.92   24.78    8.39    0.50    0.43    0.38    0.50    0.56     48.91      4.08
    1927    1.15    0.62   12.05   18.86    5.88    1.41    0.64    0.56    0.53    0.43    0.99    0.83     43.96      3.66
    1928    1.13    6.37    5.19    1.52    0.83   10.18    3.56    0.69    5.91    3.02    1.05   15.45     54.88      4.57
    1929    9.43    6.19    2.51    2.50    1.01    9.74    3.73    0.53    0.75    0.69    8.22    3.47     48.77      4.06
    1930    1.07    0.42    0.62    8.20    7.82   13.93    4.85    0.55    0.47   23.38    8.19    0.42     69.93      5.83
    1931    3.71    2.52    7.91    2.72    7.17    3.06    0.42    0.57    0.74    1.27    0.66    6.95     37.70      3.14
    1932    8.18   18.40    6.53    0.51    0.59   11.30    4.39    0.57    0.49    0.47    0.52    0.54     52.49      4.37
    1933    0.39   29.66   22.93   26.42    9.15    5.30    2.13    0.65    0.56    4.33    1.79    0.39    103.72      8.64
    1934    0.85    4.93    6.93    3.31    0.82   12.44   10.20    8.80    3.62    0.89    1.19    0.80     54.78      4.57
    1935    0.88    1.03    0.43    0.48    6.94    5.15    1.27    4.34    1.97    1.43    0.74    0.52     25.20      2.10
    1936    1.73   24.44    8.18    8.57    8.51    7.38    2.12    0.57    0.52    0.48    0.44    0.49     63.44      5.29
    1937    0.69    1.21    2.28    6.31   11.48    5.82   11.53    4.03    1.15    1.25    0.96    0.65     47.36      3.95
    1938    4.94   14.99   16.12   14.40   23.68    7.15    0.55    0.76    0.60    1.03    0.96    8.16     93.34      7.78
    1939    7.94    2.44    0.45    1.01   17.11   15.20    3.72    4.95    2.05    0.66    0.48    3.67     59.69      4.97
    1940    1.83    0.80    2.72   10.41    7.89    2.71    1.48    0.76    0.55    0.52    0.59    0.51     30.78      2.56
    1941    5.63    2.30    0.30    3.95    3.73    7.20    4.31    1.47    0.59    0.42    0.74    2.92     33.55      2.80
    1942    3.44   17.78   18.16    6.84    1.31    8.52   11.29    3.88    1.80    0.90    8.89    4.06     86.86      7.24
    1943    4.27   24.46   17.73    4.05    1.23   17.12    6.14    0.73    1.17    1.03    0.55   17.94     96.41      8.03
    1944    7.11    0.58    0.33    0.53    7.36   11.15    3.37    0.54    0.47    0.50    0.41    0.37     32.73      2.73
    1945    2.39    0.92    0.50    7.44    4.89    5.72    2.71    1.67    0.88    0.52    0.40    0.48     28.51      2.38
    1946    0.68    1.06    1.07    5.83    6.03   10.04    3.46    0.46    1.09    0.85    0.45    1.87     32.91      2.74
    1947    1.16   10.82   15.91    9.07    8.44   16.37    6.50    0.90    0.50    0.61    0.45    0.40     71.14      5.93
    1948    0.92    0.82    1.11    1.09    2.34    1.52    0.90    0.59    0.41    0.50    0.55    0.44     11.19      0.93
    1949    0.36    0.83    0.95    0.73   15.51   14.41    4.20   12.83    4.72    0.62    1.60    0.99     57.76      4.81
    1950    2.21    1.16   17.82    9.78    3.28    1.35    0.59    0.45    0.47    0.47    0.80    0.97     39.36      3.28
    1951    4.74    1.66    0.30    0.73   12.55    5.19    0.87    0.51    0.47    0.50    0.38    4.29     32.19      2.68
    1952    2.11    0.60    0.82    0.71    3.59    2.23    1.61    0.74    0.37    0.34    0.69    5.71     19.53      1.63
    1953    9.93    5.88    3.31    1.89    1.41   12.67    4.46    3.41    2.31    0.96    0.44    0.64     47.30      3.94
    1954    1.25    0.87    0.55    7.29   16.69    6.55    3.49    1.54    1.13    0.66    0.39    0.67     41.09      3.42
    1955    0.84    4.69    1.87    0.30    6.31   15.96    5.72    0.89    0.57    0.44    0.39    2.09     40.07      3.34
    1956    1.65    5.29   12.66    8.45    2.43    8.79    3.71    0.76    0.70    0.59    1.09    2.07     48.18      4.01
    1957    4.56    1.91    0.62    8.94    4.58    1.43    1.02    0.76    0.47    0.62    0.47    0.53     25.91      2.16
    1958    0.49    6.12   10.40    3.47    1.13    3.85    8.86   24.27    7.62    3.37    2.03    0.80     72.41      6.03
    1959    0.74    5.74    6.45   13.06    5.18    1.20    0.90    0.97    0.62    0.54    1.04    1.22     37.66      3.14
    1960    0.85    5.21   10.75    6.61    4.50   22.70   10.11    2.22    0.82    0.52    0.75    0.72     65.76      5.48
    1961    0.43    9.14    4.11    1.19   14.14   23.64    6.69    0.68    0.54    0.45    0.46    0.38     61.85      5.15
    1962    0.89    8.52    3.39   12.74    5.84   30.17   13.57    1.67    0.56    2.28    1.11    0.40     81.14      6.76
    1963    7.60    8.90    3.12    5.13    2.11    6.95    7.40    2.06    5.62    2.38    0.58    0.82     52.69      4.39
    1964    2.05    0.73    0.50    0.89    0.85    0.46    0.78    1.17    7.30    3.21    1.02    0.68     19.64      1.64
    1965    9.90    9.61    2.26   12.21    5.15    0.52    0.52    5.30    2.31    0.49    0.79    1.10     50.16      4.18
    1966    0.84    0.73    1.28    6.91    4.45   17.38   20.07    7.79    1.75    1.35    0.79    0.42     63.76      5.31
    1967    0.84    1.09    0.46    0.37    0.38    0.83    1.00    0.47    0.34    0.52    0.67    1.01      7.99      0.67
    1968    0.96    0.69    0.32    0.19    5.20   20.39    6.51    0.59    0.43    0.70    0.96    0.51     37.45      3.12
    1969    4.20    2.54    1.04    0.48    7.22    2.70    0.35    0.44    0.91    0.73   12.95    9.54     43.08      3.59
    1970    8.24    2.48    6.92    7.38    3.98    1.65    2.91    2.12    0.84    2.12    4.72    1.78     45.14      3.76
    1971    4.57    2.97    4.20    6.20   23.66   12.30    2.36    0.74    0.67    0.54    0.45    0.42     59.08      4.92
    1972    0.68    1.14    0.69    0.49   10.09    5.86    1.43    0.45    0.36    0.50    0.79    0.59     23.06      1.92
    1973    0.64    4.31    1.88   25.48   21.85   25.09    7.22    3.80    2.07    0.81    0.81    0.44     94.39      7.87
    1974    0.61    4.66    1.84    0.52    1.06    5.24    2.23    0.44    0.36    0.41    0.56    4.68     22.61      1.88
    1975    1.81    1.07   36.75   23.48   15.91   27.73    8.86    4.33    1.78    0.82    0.59    1.23    124.38     10.36
    1976   25.27    8.64    1.12    0.80    5.42    2.56    0.72    0.50    0.60    0.58    0.57    3.59     50.36      4.20
    1977    2.83    1.54    5.19    2.32    0.84    2.29   17.76    6.31    0.64    0.47    0.69    1.15     42.03      3.50
    1978    4.19    1.71    7.87    3.31    4.95    4.60    1.40    6.25    2.53    4.31    2.69   23.60     67.41      5.62
    1979    8.49    0.79    0.58    0.48    3.93    3.50    0.99    0.43    0.41    0.45    0.39    5.96     26.39      2.20
    1980    2.31    1.10    0.59    6.88    4.23    3.22    1.12    5.29    2.82    0.77    0.96    0.52     29.83      2.49
    1981    0.32    0.47   17.42    5.98    0.85    3.53    1.73    0.48    0.95    1.48    0.80    0.52     34.54      2.88
    1982    5.00    2.50    0.31    0.21    0.23    0.45    0.77    0.46    0.36    0.90    0.59    0.41     12.18      1.02
    1983    0.77    3.01    3.52    1.36    0.92    6.85    3.51    1.23    1.07    2.35    1.20    0.42     26.21      2.18
    1984    4.95    4.89    1.41    4.94   41.39   13.44    0.62    0.56    0.52    0.43    0.33    0.76     74.23      6.19
    1985   19.99   18.53   13.50   11.07    7.03    9.44    3.25    0.53    0.57    0.85    1.56    1.66     87.97      7.33
    1986   22.67   11.48    1.60    3.23    1.95    1.46    0.67    0.50    0.54    0.50    1.00   30.64     76.24      6.35
    1987   10.67    1.21    0.88    1.11   18.25    8.28    1.58    2.74    1.24    0.72    0.69    4.24     51.60      4.30
    1988    1.96   10.29   17.37    5.97   10.30    6.07   16.92    6.00    0.66    1.32    0.68    0.41     77.95      6.50
    1989    6.53   24.01    9.03    4.74    1.57   17.29    8.53    1.24    0.66    0.69    1.31    0.81     76.41      6.37
    1990    6.55    2.48    0.50   14.21    8.81    2.11    0.52    0.62    0.52    0.44    0.41    0.49     37.67      3.14
    1991   21.09    8.12    8.68    3.36    0.81    0.69    1.02    0.51    0.36    0.34    0.56    0.52     46.06      3.84
    1992    0.54    0.63    0.35    0.84    0.61    0.63    1.07    0.65    0.30    0.26    0.29    1.08      7.23      0.60
    1993    4.05    6.94   13.58    8.88    9.47    9.99    2.94    0.63    0.65    1.06    0.92    0.35     59.45      4.95
    1994    0.51    0.51    4.84    2.48    4.64   10.06    4.31    0.88    0.59    0.50    0.41    0.85     30.59      2.55
    1995    1.30    3.66   14.37   17.50   17.32    8.19    1.62    0.66    0.52    0.67    0.61    0.56     67.00      5.58
    1996    1.74   23.04    8.22    5.99    2.89    5.21   14.96    5.45   23.13    8.48    0.68    0.76    100.53      8.38
    1997    1.55    1.23    0.46    6.82   13.94   22.31    6.98    0.80    0.58    0.59    0.96    0.59     56.81      4.73
    1998    0.80   10.69   12.14    3.87    4.05    3.77    1.33    0.88    1.09    0.92    0.80    0.64     40.98      3.41
    1999    5.45    3.73   10.73   16.77    9.19   23.70   14.36    3.70    1.21    0.67    0.48    1.01     90.98      7.58
    2000    2.16    5.94    4.20    2.35    1.27    2.34    1.60    0.59    0.42    0.56    0.54    1.47     23.45      1.95
    2001    1.59   18.44   15.56    3.93    0.69    4.46    2.56    0.94    0.68   10.24   14.41   11.97     85.45      7.12
    2002    3.10    0.48    0.51    0.77    1.09    6.82    2.68    3.71    1.72    0.52    0.50    1.27     23.16      1.93
    2003    0.96    0.65    0.55    1.21    1.91    6.76    2.80    0.43    0.46    1.39    0.84    5.03     22.98      1.91
    2004    2.04    3.58   15.52   20.44    5.49    4.91    2.33    0.77    0.51    0.41    0.66    0.42     57.10      4.76
    2005    0.53   11.34    4.10   31.20   15.40    2.79    6.14    2.30    0.50    0.83   11.31   21.81    108.25      9.02
    2006   23.76   11.05    2.13    0.56    5.41    2.29    0.53    0.44    0.69    0.60    0.43    0.35     48.25      4.02
    2007    3.72    3.77    1.75    3.62    8.71    3.44    5.92    2.46    0.98    0.61    1.11    9.45     45.54      3.80
    2008    3.53    1.04    2.96    1.05    3.99    1.52    0.49    0.52    0.53    0.45    0.70    0.99     17.78      1.48
    2009    6.68    7.13    2.04    6.46    6.89    2.10    0.88    0.56    0.66    0.89    0.49    0.30     35.09      2.92
  
 AVERAGE    4.05    5.78    5.86    6.22    6.74    8.68    4.51    2.15    1.44    1.47    1.52    2.90     51.33      4.28
