    1920    0.57    0.65    0.92    6.11    9.78   25.24   15.75    3.34    0.58    0.46    0.36    0.66     64.42      5.37
    1921    0.97    5.72    9.81    3.70    0.88    2.53    1.08    3.46    2.76    2.50    4.87    3.24     41.52      3.46
    1922    9.40   22.81   11.45   27.13   23.92   14.74    3.86    1.01    0.96    9.79    3.81    0.83    129.70     10.81
    1923    0.79    0.87    0.75    4.41    2.91    1.53    0.71    0.69    0.66    0.58    0.72    1.26     15.89      1.32
    1924    0.76    0.66   11.15    4.91    0.84   31.90   23.86    5.15    0.65    0.67    0.55    0.93     82.04      6.84
    1925    0.69    3.84    2.43    1.87    2.68   16.88    5.71    0.98    2.07    1.19    0.51    3.96     42.81      3.57
    1926    2.37    3.14    6.11    2.09    1.02   27.55    9.38    0.62    0.53    0.49    0.62    0.69     54.62      4.55
    1927    1.30    0.71   13.17   20.74    6.57    1.59    0.73    0.69    0.66    0.55    1.17    1.00     48.88      4.07
    1928    1.28    6.89    5.51    1.62    0.93   11.14    3.95    0.81    6.48    3.39    1.25   17.14     60.38      5.03
    1929   10.69    7.16    2.85    2.53    1.05   10.65    4.10    0.65    0.90    0.84    9.05    3.85     54.33      4.53
    1930    1.26    0.53    0.71    8.90    8.46   15.30    5.38    0.68    0.58   26.10    9.23    0.53     77.66      6.47
    1931    3.89    2.55    8.58    2.95    7.81    3.33    0.53    0.69    0.90    1.52    0.77    7.60     41.11      3.43
    1932    8.95   20.35    7.33    0.58    0.72   12.40    4.84    0.70    0.61    0.60    0.65    0.68     58.40      4.87
    1933    0.51   33.01   25.35   29.28   10.04    6.00    2.45    0.80    0.69    4.69    1.99    0.50    115.33      9.61
    1934    1.02    5.70    7.57    3.39    0.86   13.67   11.16    9.69    4.05    1.06    1.41    0.97     60.53      5.04
    1935    1.06    1.21    0.52    0.61    7.57    5.57    1.37    4.65    2.16    1.71    0.87    0.65     27.94      2.33
    1936    1.74   27.15    9.16    9.32    9.22    8.02    2.31    0.69    0.65    0.61    0.55    0.61     70.04      5.84
    1937    0.85    1.35    2.31    6.75   12.54    6.30   12.67    4.48    1.36    1.49    1.16    0.79     52.05      4.34
    1938    5.75   16.62   17.71   15.77   26.26    8.05    0.67    0.91    0.74    1.22    1.16    9.00    103.86      8.65
    1939    8.74    2.69    0.56    1.11   18.94   16.72    4.11    5.29    2.26    0.82    0.61    3.85     65.70      5.48
    1940    1.99    0.98    2.77   11.32    8.56    3.03    1.75    0.93    0.69    0.66    0.74    0.65     34.06      2.84
    1941    6.15    2.50    0.40    4.19    3.92    7.79    4.61    1.61    0.73    0.53    0.89    3.07     36.39      3.03
    1942    3.63   19.66   20.00    7.40    1.39    9.30   12.37    4.31    2.09    1.07    9.83    4.51     95.57      7.96
    1943    4.59   27.17   19.53    4.45    1.44   19.18    6.89    0.87    1.38    1.25    0.69   19.89    107.34      8.94
    1944    8.05    0.68    0.43    0.66    8.08   12.21    3.71    0.67    0.60    0.64    0.54    0.50     36.79      3.07
    1945    2.43    0.96    0.61    8.06    5.27    6.19    2.96    1.96    1.02    0.66    0.52    0.61     31.26      2.61
    1946    0.84    1.19    1.19    6.26    6.46   10.94    3.82    0.58    1.28    1.04    0.57    1.88     36.07      3.01
    1947    1.25   11.85   17.46   10.19    9.28   18.04    7.13    0.98    0.62    0.74    0.57    0.50     78.61      6.55
    1948    1.09    0.94    1.24    1.21    2.39    1.64    1.05    0.74    0.53    0.65    0.70    0.56     12.73      1.06
    1949    0.47    0.93    1.06    0.81   17.12   15.82    4.69   14.20    5.34    0.76    1.67    1.08     63.94      5.33
    1950    2.29    1.25   19.68   10.59    3.37    1.45    0.72    0.56    0.59    0.59    0.96    1.16     43.21      3.60
    1951    5.51    1.93    0.39    0.80   13.80    5.78    0.99    0.63    0.58    0.63    0.49    4.60     36.13      3.01
    1952    2.31    0.69    0.91    0.79    3.82    2.41    1.82    0.90    0.47    0.43    0.83    6.20     21.56      1.80
    1953   10.89    6.33    3.38    1.83    1.51   13.95    4.99    3.56    2.55    1.15    0.54    0.76     51.44      4.29
    1954    1.48    1.07    0.63    7.86   18.36    7.11    3.64    1.70    1.33    0.81    0.49    0.81     45.28      3.77
    1955    1.01    5.02    2.00    0.38    6.79   17.55    6.40    1.05    0.70    0.54    0.49    2.10     44.04      3.67
    1956    1.80    5.70   13.81    9.11    2.63    9.61    4.09    0.91    0.84    0.73    1.28    2.14     52.64      4.39
    1957    4.95    2.09    0.70    9.71    4.89    1.55    1.20    0.91    0.59    0.75    0.59    0.66     28.58      2.38
    1958    0.61    6.58   11.27    3.83    1.41    4.29    9.69   27.05    8.59    3.65    2.28    0.97     80.20      6.68
    1959    0.89    6.22    6.91   14.26    5.53    1.30    1.07    1.14    0.76    0.67    1.23    1.45     41.41      3.45
    1960    1.02    5.97   11.80    7.11    4.71   25.18   11.11    2.45    0.99    0.64    0.90    0.87     72.75      6.06
    1961    0.54    9.95    4.49    1.33   15.61   26.21    7.55    0.82    0.67    0.57    0.58    0.50     68.81      5.73
    1962    1.07    9.30    3.70   13.97    6.36   33.62   14.97    1.83    0.69    2.34    1.21    0.51     89.59      7.47
    1963    8.32    9.69    3.41    5.81    2.39    7.60    8.07    2.27    6.66    2.82    0.72    0.98     58.75      4.90
    1964    2.10    0.76    0.62    0.98    0.95    0.59    0.95    1.40    8.07    3.61    1.24    0.84     22.13      1.84
    1965   10.89   10.46    2.46   13.33    5.75    0.59    0.64    6.09    2.66    0.63    0.95    1.31     55.76      4.65
    1966    1.02    0.84    1.40    7.58    4.80   19.19   22.24    8.57    1.95    1.61    0.97    0.53     70.72      5.89
    1967    1.00    1.23    0.52    0.49    0.49    0.97    1.17    0.58    0.46    0.67    0.84    1.21      9.62      0.80
    1968    1.09    0.78    0.36    0.27    5.91   22.66    7.28    0.72    0.55    0.85    1.15    0.61     42.24      3.52
    1969    4.51    2.79    1.17    0.53    7.80    2.98    0.44    0.54    1.07    0.89   14.33   10.48     47.54      3.96
    1970    9.03    2.74    7.45    8.25    4.27    1.79    3.04    2.32    0.98    2.24    5.49    2.10     49.70      4.14
    1971    4.90    3.05    4.36    6.98   26.37   13.50    2.57    0.88    0.81    0.67    0.56    0.53     65.18      5.43
    1972    0.83    1.27    0.77    0.59   11.04    6.32    1.55    0.57    0.46    0.62    0.96    0.73     25.71      2.14
    1973    0.79    4.60    2.01   28.29   24.17   27.85    8.10    4.02    2.28    0.99    0.97    0.55    104.63      8.72
    1974    0.75    5.01    1.96    0.62    1.18    5.66    2.43    0.55    0.46    0.52    0.69    5.05     24.89      2.07
    1975    1.97    1.19   41.04   25.98   17.51   30.84    9.94    4.64    1.97    0.99    0.72    1.49    138.27     11.52
    1976   28.47    9.80    1.25    0.89    6.25    2.92    0.88    0.63    0.74    0.73    0.71    3.82     57.08      4.76
    1977    2.95    1.69    5.96    2.63    0.94    2.32   19.65    7.11    0.79    0.59    0.84    1.36     46.83      3.90
    1978    4.57    1.86    8.53    3.60    5.35    4.90    1.51    6.82    2.79    4.71    3.01   26.36     74.02      6.17
    1979    9.55    0.94    0.70    0.59    4.10    3.61    1.05    0.54    0.52    0.57    0.50    6.48     29.15      2.43
    1980    2.52    1.28    0.70    7.41    4.52    3.32    1.20    5.79    3.14    0.93    1.15    0.65     32.62      2.72
    1981    0.42    0.58   19.20    6.66    0.94    3.75    1.87    0.60    1.12    1.75    0.93    0.64     38.47      3.21
    1982    5.78    2.86    0.36    0.29    0.30    0.55    0.91    0.54    0.46    1.08    0.68    0.51     14.34      1.19
    1983    0.87    3.16    3.64    1.45    1.02    7.40    3.71    1.35    1.26    2.55    1.36    0.52     28.28      2.36
    1984    5.70    5.31    1.51    5.23   46.23   15.06    0.73    0.68    0.63    0.53    0.42    0.90     82.93      6.91
    1985   22.23   20.47   14.76   12.03    7.60   10.28    3.58    0.64    0.69    1.02    1.82    1.93     97.06      8.09
    1986   25.29   12.59    1.72    3.30    2.08    1.65    0.82    0.62    0.67    0.63    1.20   34.26     84.84      7.07
    1987   11.98    1.36    0.99    1.23   20.22    9.06    1.72    2.87    1.35    0.89    0.85    4.55     57.06      4.76
    1988    2.14   11.28   19.10    6.50   11.28    6.55   18.73    6.71    0.81    1.55    0.84    0.52     85.99      7.17
    1989    7.16   26.63    9.92    4.94    1.67   19.09    9.36    1.35    0.80    0.85    1.54    0.98     84.31      7.03
    1990    7.23    2.72    0.62   15.61    9.59    2.29    0.65    0.76    0.66    0.57    0.54    0.63     41.87      3.49
    1991   23.44    9.08    9.61    3.71    0.95    0.85    1.22    0.64    0.48    0.46    0.71    0.67     51.84      4.32
    1992    0.69    0.75    0.41    0.92    0.68    0.71    1.19    0.74    0.41    0.35    0.39    1.21      8.45      0.70
    1993    4.36    7.47   14.85    9.93   10.40   10.88    3.23    0.76    0.79    1.26    1.11    0.45     65.48      5.46
    1994    0.62    0.63    5.49    2.78    4.99   10.94    4.65    0.96    0.72    0.62    0.51    1.01     33.93      2.83
    1995    1.47    3.92   15.74   19.24   19.09    8.90    1.76    0.79    0.64    0.81    0.75    0.68     73.79      6.15
    1996    1.74   25.58    9.19    6.49    3.13    6.02   16.62    6.09   25.86    9.60    0.82    0.91    112.05      9.34
    1997    1.65    1.32    0.58    7.40   15.29   24.72    7.86    0.97    0.71    0.72    1.15    0.74     63.10      5.26
    1998    0.97   11.73   13.25    4.24    4.27    3.92    1.44    1.06    1.30    1.12    0.98    0.80     45.07      3.76
    1999    5.97    3.89   11.70   18.42   10.39   26.43   15.84    4.11    1.44    0.82    0.60    1.19    100.78      8.40
    2000    2.23    6.39    4.37    2.33    1.36    2.38    1.73    0.74    0.54    0.70    0.69    1.48     24.95      2.08
    2001    1.74   20.44   17.08    4.32    0.83    4.73    2.78    1.13    0.84   11.39   16.04   13.27     94.57      7.88
    2002    3.45    0.59    0.63    0.88    1.22    7.46    2.93    3.92    1.89    0.66    0.63    1.49     25.75      2.15
    2003    1.06    0.80    0.65    1.32    2.02    7.34    3.07    0.55    0.58    1.67    0.93    5.84     25.82      2.15
    2004    2.36    3.81   17.03   22.55    6.15    5.27    2.53    0.92    0.64    0.52    0.81    0.53     63.12      5.26
    2005    0.65   12.41    4.58   34.73   16.94    3.05    6.72    2.52    0.61    1.00   12.52   24.29    120.03     10.00
    2006   26.49   12.14    2.31    0.68    5.78    2.49    0.66    0.55    0.84    0.75    0.56    0.47     53.70      4.47
    2007    3.95    3.94    1.89    3.78    9.45    3.79    6.47    2.71    1.17    0.76    1.32   10.42     49.64      4.14
    2008    3.91    1.17    3.04    1.09    4.24    1.62    0.60    0.65    0.66    0.58    0.85    1.19     19.60      1.63
    2009    7.31    7.69    2.21    6.95    7.78    2.42    1.04    0.69    0.80    1.07    0.62    0.39     38.95      3.25
  
 AVERAGE    4.51    6.37    6.44    6.82    7.39    9.56    4.99    2.41    1.66    1.70    1.75    3.25     56.85      4.74
