    1920    0.33    0.31    0.38    1.45    3.22   12.54    7.41    1.60    0.37    0.31    0.25    0.39     28.56      2.38
    1921    0.52    1.40    2.96    1.30    0.38    0.81    0.44    1.08    1.40    1.43    1.70    1.39     14.81      1.23
    1922    4.06   10.86    4.24   13.10   11.23    6.46    1.74    0.63    0.62    4.77    1.97    0.53     60.22      5.02
    1923    0.48    0.48    0.40    0.89    0.93    0.72    0.41    0.42    0.41    0.37    0.44    0.68      6.64      0.55
    1924    0.41    0.33    4.26    1.97    0.37   17.14   11.97    2.58    0.42    0.43    0.36    0.54     40.76      3.40
    1925    0.39    0.90    0.81    0.72    0.88    7.90    2.79    0.54    1.16    0.72    0.32    0.95     18.10      1.51
    1926    0.88    0.97    1.25    0.47    0.45   14.38    4.95    0.37    0.33    0.30    0.37    0.39     25.11      2.09
    1927    0.66    0.34    5.18    8.82    2.93    0.73    0.39    0.40    0.40    0.34    0.67    0.54     21.40      1.78
    1928    0.64    2.13    1.47    0.49    0.41    4.48    1.66    0.44    2.83    1.75    0.73    8.59     25.61      2.13
    1929    4.30    1.77    0.87    0.77    0.38    4.59    1.85    0.39    0.57    0.53    4.34    1.96     22.30      1.86
    1930    0.66    0.28    0.34    2.95    2.57    6.57    2.54    0.40    0.36   14.68    5.27    0.33     36.96      3.08
    1931    0.98    1.00    2.88    0.97    2.74    1.27    0.30    0.39    0.52    0.85    0.46    3.18     15.53      1.29
    1932    3.45    9.39    3.45    0.29    0.37    5.27    2.17    0.42    0.38    0.38    0.39    0.39     26.35      2.20
    1933    0.29   17.58   11.73   14.00    4.71    1.60    0.85    0.49    0.44    2.22    1.07    0.31     55.30      4.61
    1934    0.55    1.29    1.82    1.04    0.37    6.03    4.65    4.42    2.15    0.67    0.82    0.56     24.37      2.03
    1935    0.58    0.59    0.28    0.30    2.58    1.73    0.54    1.46    0.94    0.97    0.51    0.37     10.85      0.90
    1936    0.77   13.92    4.71    3.24    2.99    2.61    0.86    0.41    0.39    0.37    0.33    0.35     30.94      2.58
    1937    0.44    0.61    0.78    1.79    4.89    2.37    5.75    2.21    0.78    0.86    0.67    0.45     21.59      1.80
    1938    1.68    7.07    7.21    5.97   12.65    4.09    0.41    0.55    0.47    0.73    0.69    4.03     45.54      3.80
    1939    3.37    1.05    0.30    0.46    8.86    7.21    1.79    1.80    0.98    0.53    0.39    1.02     27.77      2.31
    1940    0.70    0.49    0.76    4.22    2.52    1.03    0.87    0.52    0.41    0.40    0.43    0.36     12.70      1.06
    1941    2.15    0.94    0.19    0.82    1.05    2.78    1.76    0.84    0.42    0.31    0.50    1.05     12.81      1.07
    1942    1.27    9.28    8.55    2.65    0.47    3.77    5.22    2.05    1.17    0.65    4.78    2.30     42.16      3.51
    1943    1.30   13.73    8.69    1.77    0.69    9.26    3.42    0.55    0.83    0.77    0.45   10.34     51.78      4.31
    1944    4.23    0.39    0.27    0.35    2.82    5.00    1.67    0.41    0.38    0.41    0.34    0.30     16.57      1.38
    1945    0.79    0.37    0.29    2.50    1.59    1.90    1.17    1.01    0.58    0.39    0.30    0.34     11.23      0.94
    1946    0.43    0.54    0.50    1.57    1.39    4.26    1.72    0.32    0.69    0.59    0.33    0.80     13.13      1.09
    1947    0.62    4.69    6.99    3.03    2.99    8.17    3.37    0.54    0.39    0.46    0.35    0.30     31.93      2.66
    1948    0.57    0.45    0.51    0.49    0.78    0.69    0.53    0.40    0.31    0.38    0.40    0.31      5.83      0.49
    1949    0.25    0.42    0.44    0.33    7.80    6.65    2.08    7.04    2.80    0.49    0.98    0.62     29.88      2.49
    1950    0.88    0.53    9.01    3.87    1.00    0.64    0.41    0.34    0.37    0.38    0.56    0.63     18.63      1.55
    1951    1.59    0.57    0.19    0.32    5.82    2.56    0.50    0.36    0.35    0.38    0.29    1.34     14.28      1.19
    1952    0.86    0.34    0.38    0.32    0.91    0.88    0.90    0.48    0.27    0.25    0.47    2.32      8.37      0.70
    1953    4.57    2.20    0.99    0.75    0.69    6.10    2.29    1.10    1.30    0.74    0.33    0.43     21.50      1.79
    1954    0.75    0.50    0.28    2.40    7.96    3.17    1.23    0.79    0.77    0.49    0.30    0.46     19.11      1.59
    1955    0.53    1.02    0.48    0.18    2.17    7.85    3.09    0.58    0.42    0.34    0.30    0.81     17.75      1.48
    1956    0.86    1.55    5.03    2.51    0.72    3.88    1.79    0.51    0.49    0.44    0.71    1.04     19.53      1.63
    1957    1.31    0.67    0.31    3.39    1.80    0.71    0.60    0.49    0.34    0.43    0.34    0.36     10.74      0.90
    1958    0.32    2.00    3.80    1.40    0.61    1.12    4.13   14.85    4.88    1.25    1.10    0.56     36.02      3.00
    1959    0.50    1.75    1.53    5.38    2.35    0.66    0.57    0.64    0.46    0.41    0.70    0.76     15.69      1.31
    1960    0.53    1.47    4.08    2.10    1.16   12.88    5.19    1.20    0.60    0.41    0.54    0.50     30.66      2.56
    1961    0.31    3.93    1.81    0.55    6.88   12.93    3.88    0.49    0.42    0.37    0.36    0.30     32.23      2.69
    1962    0.57    3.46    1.41    5.60    2.57   18.26    6.97    0.67    0.44    1.12    0.65    0.32     42.06      3.51
    1963    3.44    3.43    1.22    1.10    0.59    2.74    2.96    0.97    3.54    1.65    0.45    0.56     22.65      1.89
    1964    0.92    0.33    0.30    0.40    0.42    0.30    0.48    0.74    3.79    1.91    0.71    0.47     10.77      0.90
    1965    4.62    3.75    0.82    5.32    2.38    0.32    0.36    2.29    1.21    0.39    0.56    0.70     22.72      1.89
    1966    0.53    0.41    0.58    2.20    1.43    9.29   11.05    3.89    1.02    0.96    0.59    0.34     32.29      2.69
    1967    0.55    0.60    0.27    0.25    0.26    0.48    0.60    0.34    0.28    0.40    0.49    0.64      5.18      0.43
    1968    0.55    0.37    0.17    0.13    1.53   10.91    3.73    0.41    0.34    0.51    0.65    0.35     19.65      1.64
    1969    1.13    0.96    0.51    0.21    2.68    1.10    0.24    0.30    0.60    0.52    7.19    4.57     20.01      1.67
    1970    3.54    1.13    2.26    1.99    1.15    0.75    1.05    1.14    0.59    1.05    2.00    0.91     17.55      1.46
    1971    1.27    1.06    1.06    1.49   12.89    5.77    0.97    0.52    0.49    0.42    0.35    0.31     26.60      2.22
    1972    0.44    0.58    0.33    0.26    4.55    2.39    0.67    0.33    0.27    0.36    0.54    0.40     11.12      0.93
    1973    0.40    1.05    0.56   14.21   11.27   13.98    4.24    1.20    1.05    0.63    0.59    0.34     49.53      4.13
    1974    0.43    0.98    0.46    0.29    0.51    1.66    0.86    0.32    0.27    0.31    0.40    1.54      8.03      0.67
    1975    0.68    0.55   22.04   11.98    7.34   15.85    5.29    1.47    0.82    0.65    0.47    0.83     67.98      5.67
    1976   15.20    5.27    0.56    0.42    1.56    0.95    0.50    0.39    0.47    0.46    0.44    1.09     27.31      2.28
    1977    1.20    0.81    1.23    0.67    0.42    0.81   10.01    3.76    0.48    0.37    0.50    0.73     20.98      1.75
    1978    1.24    0.62    2.81    1.24    1.16    1.26    0.60    2.93    1.36    1.75    1.45   14.27     30.67      2.56
    1979    5.16    0.49    0.36    0.31    0.91    1.11    0.47    0.32    0.32    0.35    0.30    2.54     12.63      1.05
    1980    1.07    0.59    0.30    2.18    1.43    1.06    0.49    2.12    1.47    0.59    0.64    0.36     12.31      1.03
    1981    0.23    0.28    8.70    3.05    0.41    1.00    0.72    0.34    0.62    0.96    0.55    0.36     17.23      1.44
    1982    1.75    1.01    0.17    0.14    0.15    0.27    0.45    0.30    0.27    0.61    0.41    0.28      5.83      0.49
    1983    0.44    0.91    0.99    0.48    0.45    2.58    1.59    0.79    0.70    1.20    0.76    0.29     11.17      0.93
    1984    1.72    1.49    0.47    0.94   25.26    8.41    0.40    0.40    0.39    0.34    0.26    0.50     40.58      3.38
    1985   11.39    9.28    5.77    4.20    1.95    3.94    1.57    0.40    0.43    0.62    1.01    1.02     41.58      3.46
    1986   13.24    5.35    0.47    0.75    0.71    0.78    0.45    0.37    0.41    0.39    0.68   19.15     42.76      3.56
    1987    6.69    0.64    0.42    0.49    9.63    4.03    0.78    1.21    0.70    0.56    0.52    1.23     26.91      2.24
    1988    0.77    4.68    8.08    2.82    4.77    2.44    9.44    3.57    0.52    0.92    0.53    0.33     38.89      3.24
    1989    2.70   13.20    4.80    1.09    0.43    9.34    4.21    0.61    0.52    0.54    0.89    0.57     38.90      3.24
    1990    2.72    1.07    0.32    6.59    3.27    0.76    0.37    0.46    0.41    0.35    0.33    0.36     16.99      1.42
    1991   12.20    4.67    3.34    1.31    0.45    0.43    0.62    0.37    0.28    0.27    0.40    0.37     24.72      2.06
    1992    0.36    0.35    0.18    0.37    0.29    0.33    0.58    0.40    0.24    0.21    0.23    0.62      4.17      0.35
    1993    1.22    2.23    5.65    2.87    3.59    4.20    1.37    0.44    0.47    0.73    0.64    0.26     23.68      1.97
    1994    0.34    0.31    1.07    0.74    1.02    4.23    2.14    0.58    0.42    0.37    0.30    0.54     12.05      1.00
    1995    0.72    1.06    6.41    7.97    8.28    3.21    0.60    0.47    0.40    0.50    0.46    0.40     30.48      2.54
    1996    0.77   12.95    4.63    1.62    0.98    1.59    7.73    3.14   14.54    5.50    0.54    0.55     54.54      4.55
    1997    0.90    0.66    0.32    2.13    6.19   12.10    4.03    0.59    0.46    0.47    0.69    0.44     28.98      2.41
    1998    0.53    4.64    4.87    1.59    1.02    1.15    0.63    0.60    0.74    0.66    0.57    0.45     17.46      1.45
    1999    2.02    1.38    4.57    7.58    3.46   13.28    7.50    1.97    0.86    0.53    0.39    0.68     44.24      3.69
    2000    1.03    1.81    1.22    0.81    0.58    0.85    0.82    0.43    0.33    0.42    0.40    0.80      9.48      0.79
    2001    0.89    9.74    7.07    1.68    0.41    0.99    0.98    0.63    0.49    5.68    8.06    6.07     42.67      3.56
    2002    1.58    0.34    0.34    0.43    0.56    2.63    1.14    1.20    0.79    0.42    0.39    0.81     10.63      0.89
    2003    0.58    0.39    0.30    0.53    0.77    2.60    1.24    0.31    0.34    0.93    0.59    1.99     10.58      0.88
    2004    0.90    0.93    7.16    9.94    2.80    1.27    0.86    0.53    0.39    0.33    0.47    0.31     25.88      2.16
    2005    0.35    5.02    1.91   18.20    7.45    1.09    2.51    1.05    0.39    0.61    6.09   12.66     57.34      4.78
    2006   13.67    4.96    0.70    0.38    1.35    0.75    0.40    0.35    0.52    0.48    0.36    0.29     24.20      2.02
    2007    0.98    1.16    0.73    0.90    3.40    1.55    2.39    1.16    0.68    0.46    0.74    4.51     18.64      1.55
    2008    1.78    0.54    0.84    0.32    0.92    0.45    0.32    0.36    0.38    0.34    0.48    0.62      7.36      0.61
    2009    2.73    2.31    0.66    1.95    2.01    0.75    0.51    0.37    0.45    0.60    0.35    0.21     12.91      1.08
  
 AVERAGE    1.99    2.67    2.55    2.60    2.95    4.24    2.31    1.16    0.91    0.94    0.93    1.57     24.80      2.07
