    1920    0.64    0.47    0.93    0.88    2.53   11.40    5.32    1.08    0.48    0.42    0.34    0.44     24.92      2.08
    1921    0.71    4.35    2.57    0.93    0.41    0.33    0.37    0.91    1.63    2.10    3.38    1.89     19.58      1.63
    1922    1.58   10.71    3.99   24.53   16.42    4.37    1.04    0.75    0.80    1.55    0.88    0.41     67.03      5.59
    1923    0.45    0.53    0.72    0.86    0.94    1.13    0.57    0.30    0.34    0.33    0.37    0.87      7.41      0.62
    1924    0.60    0.39   13.54    5.64    1.14   26.03   13.65    2.40    0.58    0.58    0.47    0.64     65.66      5.47
    1925    0.41    0.78    0.67    1.25    1.24    5.28    2.02    1.01    1.30    0.75    0.34    1.21     16.25      1.35
    1926    1.42    1.27    1.49    0.58    0.33   17.87    6.07    0.37    0.34    0.32    0.40    0.32     30.79      2.57
    1927    0.59    0.29    2.65    5.42    2.53    0.88    0.45    0.44    0.37    0.34    0.74    0.66     15.36      1.28
    1928    0.92    4.03    2.56    0.63    0.59    7.53    2.68    0.61    2.73    2.19    0.98   18.94     44.39      3.70
    1929   12.68    3.46    1.11    1.00    0.53    4.56    1.94    0.45    0.49    0.45    5.87    2.88     35.43      2.95
    1930    1.07    0.61    0.52    8.39    5.25    8.62    3.20    0.44    0.36   20.85    7.40    0.38     57.09      4.76
    1931    1.38    1.38    4.03    1.46    4.95    2.02    0.30    0.50    0.53    0.80    0.50    6.69     24.53      2.04
    1932    3.76    8.07    3.33    0.33    0.37    5.18    2.32    0.49    0.42    0.43    0.39    0.30     25.40      2.12
    1933    0.22   22.55   12.86   20.38    7.26    4.52    1.95    0.63    0.52    2.03    1.12    0.30     74.34      6.19
    1934    0.69    2.92    1.92    0.81    0.64    7.86    3.72    4.16    2.36    0.75    0.81    0.42     27.07      2.26
    1935    0.68    0.71    0.27    0.38    1.29    1.79    0.88    1.26    0.99    1.33    0.76    0.41     10.74      0.90
    1936    1.01   21.16    7.08    7.06    4.88    1.92    0.58    0.63    0.52    0.48    0.35    0.27     45.94      3.83
    1937    0.41    1.12    3.03    4.91    8.26    3.06    6.76    2.67    0.91    0.78    0.62    0.57     33.10      2.76
    1938    1.37    3.62    8.26    5.26    7.52    2.55    0.39    0.61    0.51    0.74    0.91    1.90     33.63      2.80
    1939    3.89    1.53    0.28    0.75   10.07    7.53    2.00    1.82    1.09    0.54    0.37    1.71     31.59      2.63
    1940    0.93    0.45    0.72    1.68    5.78    2.78    1.10    0.56    0.43    0.41    0.68    0.42     15.94      1.33
    1941    0.86    0.40    0.12    0.64    1.11    5.53    2.86    1.00    0.50    0.36    0.62    1.03     15.04      1.25
    1942    2.97   11.00    6.74    1.86    0.52    4.42    5.65    2.46    1.04    0.61    2.12    1.43     40.82      3.40
    1943    1.58   14.51   12.85    3.07    0.56   15.91    5.69    0.54    1.00    0.79    0.46   13.41     70.37      5.86
    1944    6.89    1.04    0.24    0.39    1.54    9.71    3.47    0.42    0.40    0.45    0.33    0.32     25.20      2.10
    1945    4.55    1.70    0.45    6.83    5.09    6.76    2.67    1.36    0.85    0.58    0.38    0.44     31.65      2.64
    1946    0.65    0.71    0.70    2.37    2.01    2.16    0.95    0.37    0.72    0.58    0.38    0.87     12.47      1.04
    1947    0.71    3.48    9.02    4.70    2.39    2.13    2.06    0.89    0.40    0.54    0.36    0.29     26.97      2.25
    1948    1.43    0.76    0.50    0.40    0.78    1.34    0.85    0.41    0.30    0.36    0.33    0.32      7.79      0.65
    1949    0.37    1.70    1.14    0.66    2.81    6.87    2.87    8.76    3.51    0.54    0.98    0.61     30.83      2.57
    1950    1.03    0.60   14.84    5.72    1.04    0.89    0.66    0.45    0.38    0.39    0.58    0.95     27.54      2.29
    1951    4.19    1.51    0.21    0.78    4.52    2.47    0.71    0.46    0.40    0.43    0.31    1.11     17.11      1.43
    1952    0.79    0.57    0.52    0.40    0.81    0.73    1.44    0.86    0.33    0.29    0.58    1.03      8.35      0.70
    1953   13.53   10.72    3.57    1.13    0.75    6.98    2.65    0.67    0.73    0.51    0.34    0.61     42.19      3.52
    1954    1.31    0.79    0.32    6.67   18.08    6.70    1.38    0.73    0.88    0.58    0.36    0.75     38.55      3.21
    1955    0.51    1.76    0.84    0.17    1.32    8.83    3.52    0.53    0.37    0.33    0.32    0.63     19.14      1.59
    1956    1.62    1.32    1.46    1.68    0.72    6.96    3.68    1.03    0.63    0.55    0.89    1.25     21.77      1.81
    1957    1.81    1.08    1.08   10.00    3.81    0.96    1.38    0.99    0.49    0.43    0.31    0.69     23.04      1.92
    1958    0.59    2.84    3.34    1.70    1.27    2.47    4.28   20.68    6.99    1.98    1.31    0.57     48.01      4.00
    1959    0.71    0.99    4.75    4.39    2.13    2.76    1.78    0.96    0.55    0.50    0.81    0.90     21.21      1.77
    1960    0.77    1.31    7.30    3.16    2.24   11.79    4.82    1.54    0.88    0.59    0.70    0.69     35.80      2.98
    1961    0.34    1.17    0.98    0.72    8.65   12.51    3.77    0.96    0.60    0.41    0.39    0.31     30.80      2.57
    1962    1.36    3.29    1.51   12.79    5.53   27.85    9.81    0.89    0.48    0.77    0.47    0.34     65.10      5.42
    1963    2.07    1.96    1.07    1.16    1.32    4.42    2.44    0.65    1.06    0.77    0.42    0.45     17.80      1.48
    1964    1.06    0.46    0.60    0.73    0.69    0.34    0.54    0.99    3.62    1.86    0.61    0.58     12.08      1.01
    1965    6.12    3.21    0.51    9.24    4.31    0.55    0.34    0.92    0.78    0.42    0.60    0.67     27.68      2.31
    1966    0.61    0.76    1.10    0.96    0.87   14.47   15.40    4.94    1.41    1.13    0.73    0.35     42.72      3.56
    1967    0.58    0.86    0.35    0.19    0.17    0.56    0.59    0.33    0.25    0.39    0.40    0.60      5.28      0.44
    1968    0.91    0.69    0.35    0.25    4.50   13.69    4.43    0.72    0.53    0.51    0.55    0.43     27.55      2.30
    1969    1.48    1.51    0.70    0.36    2.01    1.01    0.31    0.46    0.88    0.67   13.94    6.21     29.54      2.46
    1970    2.36    1.03    1.57    2.29    1.54    1.61    1.82    1.53    0.73    1.06    2.12    1.16     18.81      1.57
    1971    2.30    1.66    1.81    1.52   16.85    6.98    1.22    0.57    0.53    0.46    0.42    0.34     34.66      2.89
    1972    0.54    0.62    0.37    0.26    5.40    3.13    1.17    0.50    0.32    0.39    1.14    0.69     14.51      1.21
    1973    0.31    1.23    1.13   18.32   19.44   13.02    3.57    1.62    1.84    0.94    0.95    0.52     62.88      5.24
    1974    0.67    1.15    0.79    0.57    0.78    2.11    1.10    0.34    0.32    0.38    0.49    5.71     14.42      1.20
    1975    2.17    0.98   26.83   12.93   13.54   29.24    9.46    2.71    1.30    0.80    0.61    0.75    101.30      8.44
    1976   21.44    7.21    1.05    0.52    2.91    1.31    0.46    0.47    0.54    0.41    0.39    2.95     39.66      3.30
    1977    1.99    1.15    1.76    1.12    0.96    2.49   10.38    3.87    0.68    0.48    0.64    0.80     26.32      2.19
    1978    4.18    2.26    1.20    0.75    1.37    1.07    0.90    1.30    0.82    2.04    2.01    0.90     18.79      1.57
    1979    0.95    0.58    0.50    0.41    2.30    1.80    0.65    0.26    0.23    0.43    0.43    0.68      9.21      0.77
    1980    0.45    0.80    0.51    6.49    4.14    5.42    2.04    1.57    1.24    0.67    1.04    0.54     24.91      2.08
    1981    0.29    0.37    0.68    0.44    0.99    1.65    1.45    0.73    1.05    1.34    0.70    0.44     10.16      0.85
    1982    1.44    0.92    0.20    0.19    0.33    0.32    0.80    0.60    0.58    2.14    1.29    0.55      9.35      0.78
    1983    0.89    1.07    0.88    0.59    0.51    1.13    1.67    1.12    0.69    0.94    0.68    0.32     10.50      0.87
    1984    1.68    1.39    0.54    2.31   26.34    8.66    0.50    0.64    0.49    0.36    0.27    0.80     43.97      3.66
    1985   18.95   15.05   10.11    5.21    1.79    2.39    1.20    0.45    0.47    0.68    1.26    1.20     58.77      4.90
    1986   14.04    5.92    0.85    0.83    1.27    1.30    0.80    0.48    0.47    0.45    0.63   20.69     47.74      3.98
    1987    7.67    2.55    1.25    0.73   15.56    7.73    1.52    1.22    0.70    0.64    0.67    1.37     41.62      3.47
    1988    0.84    1.98    8.05    3.41    4.86    2.73   10.18    3.95    0.60    1.02    0.54    0.31     38.47      3.21
    1989    3.90   21.40    7.50    2.01    0.73   11.60    5.56    0.96    0.68    0.58    0.88    0.49     56.29      4.69
    1990    1.29    0.66    0.34    5.71    5.54    2.14    0.49    0.37    0.39    0.35    0.35    0.31     17.95      1.50
    1991   21.27    8.05    4.47    1.61    0.62    0.66    0.91    0.48    0.32    0.31    0.44    0.47     39.61      3.30
    1992    0.66    1.06    0.72    0.75    1.03    0.73    1.17    0.66    0.30    0.31    0.25    1.46      9.10      0.76
    1993    6.13    3.05    9.71    4.10    5.97    6.31    1.88    0.55    0.45    0.60    0.63    0.31     39.70      3.31
    1994    0.42    0.33    0.73    1.55    2.65    4.89    2.70    1.06    0.48    0.38    0.28    0.55     16.02      1.34
    1995    1.07    0.98    7.10   11.02    8.81    2.80    0.49    0.55    0.46    0.47    0.47    0.47     34.70      2.89
    1996    1.19   15.92    5.65    2.70    1.48    1.51    2.90    1.98    5.02    2.81    0.77    0.73     42.66      3.55
    1997    1.00    1.27    0.52    1.53   10.61   17.26    5.26    0.59    0.45    0.49    0.82    0.56     40.36      3.36
    1998    0.65    7.77    3.96    1.52    2.13    2.47    1.06    0.72    0.81    0.62    0.49    0.38     22.59      1.88
    1999    2.43    1.97    1.86   14.05   10.09   14.87    5.76    1.39    0.84    0.57    0.38    1.17     55.38      4.62
    2000    1.85    1.69    1.08    1.25    0.66    0.78    1.53    0.78    0.32    0.38    0.43    0.87     11.62      0.97
    2001    1.06   17.51   10.18    7.74    2.70    1.06    0.81    0.96    0.83    7.28    6.20    6.40     62.74      5.23
    2002    2.05    0.45    0.49    1.06    1.20    1.84    1.13    1.57    1.06    0.44    0.53    0.93     12.74      1.06
    2003    0.77    0.76    0.57    0.90    1.63    3.80    1.99    0.59    0.36    0.94    0.63    8.04     20.98      1.75
    2004    3.16    1.69    6.43   11.01    3.87    1.82    1.26    0.68    0.52    0.41    0.71    0.46     32.03      2.67
    2005    0.51    4.23    1.68   11.23    4.88    1.35    1.50    1.50    0.80    0.46    8.70    6.51     43.35      3.61
    2006   13.87    8.10    2.01    0.62    0.71    0.73    0.82    0.43    0.50    0.44    0.39    0.30     28.92      2.41
    2007    6.56    3.97    1.80    4.15    8.52    2.97    1.63    0.90    1.48    1.00    0.66    0.42     34.06      2.84
    2008    0.48    1.35    2.63    1.16    1.29    0.78    0.46    0.56    0.47    0.47    0.72    0.92     11.29      0.94
    2009    5.69    2.99    1.02    1.36    3.68    1.83    0.69    0.45    0.67    0.66    0.34    0.23     19.61      1.63
  
 AVERAGE    2.84    3.51    3.11    3.58    4.05    5.39    2.66    1.33    0.88    1.02    1.11    1.69     31.18      2.60
