    1920    0.78    0.65    1.49    2.07    1.59   14.23    8.39    1.85    0.60    0.55    0.47    0.74     33.41      2.78
    1921    1.26    4.74    5.20    1.87    0.44    0.47    0.46    1.46    2.12    2.11    3.50    2.14     25.79      2.15
    1922    4.18   14.60    5.10   27.86   21.97    6.51    1.51    0.99    0.97    1.33    0.69    0.55     86.26      7.19
    1923    0.64    0.80    0.97    0.96    1.30    1.33    0.60    0.38    0.49    0.48    0.55    1.61     10.11      0.84
    1924    1.00    0.43   17.60    8.01    2.19   33.30   18.43    3.39    0.83    0.82    0.61    0.90     87.51      7.29
    1925    0.58    0.97    0.60    1.04    1.74    7.98    2.93    1.12    1.87    1.12    0.45    1.55     21.94      1.83
    1926    1.93    1.61    1.92    0.76    0.38   22.79    7.77    0.60    0.52    0.45    0.58    0.47     39.78      3.32
    1927    0.87    0.41    3.78    6.30    2.53    0.82    0.43    0.53    0.53    0.45    1.23    1.12     18.99      1.58
    1928    1.46    3.14    2.67    0.82    0.84   12.52    4.37    0.77    4.26    3.36    1.44   23.27     58.93      4.91
    1929   14.83    4.14    1.39    0.80    0.49    8.13    3.27    0.61    0.78    0.73    8.64    4.12     47.93      3.99
    1930    1.49    0.68    0.76   10.34    5.15   11.04    4.30    0.61    0.51   30.31   10.65    0.49     76.33      6.36
    1931    1.66    1.93    3.38    1.20    4.94    2.03    0.34    0.73    0.80    1.15    0.73    9.68     28.57      2.38
    1932    5.80   15.74    6.52    0.72    0.66    7.34    3.35    0.72    0.60    0.60    0.54    0.46     43.04      3.59
    1933    0.35   28.00   23.79   33.29   10.85    9.25    3.67    0.75    0.73    3.24    1.68    0.42    116.02      9.67
    1934    1.10    3.36    2.16    1.13    0.54    8.38    4.37    7.46    4.30    1.32    1.18    0.66     35.96      3.00
    1935    1.14    1.15    0.40    0.62    3.34    4.25    1.77    2.19    1.62    2.01    1.13    0.52     20.12      1.68
    1936    1.91   24.49    8.23    2.89    5.15    4.88    1.53    0.83    0.74    0.67    0.48    0.41     52.20      4.35
    1937    0.72    1.77    4.13    5.85    3.57    2.18   14.44    5.28    1.23    1.11    0.89    0.73     41.91      3.49
    1938    2.09    9.47   12.52    6.26   11.11    4.10    0.58    0.96    0.73    1.00    1.21    3.70     53.73      4.48
    1939    7.19    2.67    0.38    1.08   16.07    9.55    2.09    2.22    1.49    0.84    0.55    4.44     48.57      4.05
    1940    2.04    0.64    0.98    1.38    3.66    2.25    0.94    0.53    0.55    0.54    0.73    0.47     14.71      1.23
    1941    1.57    0.77    0.22    1.54    1.32   13.77    7.32    1.88    0.66    0.49    0.93    1.85     32.34      2.69
    1942    3.32   11.59   10.80    3.05    0.69    8.61   11.31    3.91    1.39    0.86    2.06    1.52     59.10      4.92
    1943    1.76   26.47   16.24    3.12    0.76   16.82    6.17    0.73    1.24    1.08    0.61   16.73     91.72      7.64
    1944    7.41    0.89    0.29    0.42    1.88    9.82    3.59    0.52    0.52    0.59    0.43    0.37     26.71      2.23
    1945    5.71    2.15    0.54    6.20    3.95    8.25    3.46    1.84    1.24    0.78    0.52    0.55     35.19      2.93
    1946    0.96    1.29    0.77    2.70    2.55    5.11    2.05    0.54    1.17    0.99    0.58    1.25     19.97      1.66
    1947    0.95    4.76   11.65    5.90    2.05    2.24    4.53    1.83    0.56    0.78    0.51    0.39     36.16      3.01
    1948    2.85    1.40    0.67    0.51    1.35    1.45    1.06    0.63    0.41    0.49    0.48    0.42     11.73      0.98
    1949    0.51    2.21    1.64    0.72    7.04    8.04    3.21   10.59    4.35    0.74    1.47    0.92     41.45      3.45
    1950    1.64    0.97   16.86    6.61    1.08    1.01    0.96    0.62    0.53    0.55    0.75    1.18     32.77      2.73
    1951    4.37    1.58    0.22    0.99    4.50    2.87    1.07    0.62    0.62    0.65    0.44    1.68     19.60      1.63
    1952    1.22    0.91    0.69    0.55    0.77    1.02    1.65    1.00    0.46    0.40    1.06    2.32     12.05      1.00
    1953   18.40   15.04    4.57    1.18    0.89    9.88    3.70    1.07    1.28    0.79    0.51    0.92     58.24      4.85
    1954    2.00    1.24    0.49    7.39   23.41    8.31    2.71    1.37    1.28    0.86    0.54    0.98     50.58      4.21
    1955    0.73    2.26    0.98    0.19    1.02   14.61    5.91    0.94    0.56    0.49    0.53    1.44     29.67      2.47
    1956    2.47    2.99    2.86    1.82    1.03    6.66    4.04    1.37    0.88    0.78    1.13    1.66     27.70      2.31
    1957    2.75    1.36    0.88   12.42    5.10    1.23    1.65    1.30    0.67    0.65    0.47    0.91     29.39      2.45
    1958    0.75    3.25    3.88    1.90    1.25    3.19    5.67   33.70   11.30    6.69    3.34    0.83     75.76      6.31
    1959    1.08    1.65    2.11    4.94    2.74    6.05    3.10    1.26    0.72    0.66    1.21    1.32     26.84      2.24
    1960    1.23    1.85    8.05    3.97    3.21   22.33    9.10    2.90    1.32    0.83    0.88    0.97     56.63      4.72
    1961    0.50    1.42    1.04    0.79    7.85   20.53    6.53    1.13    0.76    0.54    0.54    0.41     42.04      3.50
    1962    2.21    2.56    1.06   14.45    6.53   37.98   13.66    1.35    0.63    1.28    0.71    0.44     82.85      6.90
    1963    2.26    2.49    1.68    1.73    1.98    5.24    3.28    1.10    1.66    1.20    0.61    0.79     24.03      2.00
    1964    1.46    0.60    0.58    0.85    0.65    0.35    0.69    1.54    6.40    3.09    0.93    0.80     17.95      1.50
    1965   10.32    5.15    0.72    9.30    4.64    0.72    0.47    1.94    1.51    0.61    0.90    0.97     37.26      3.10
    1966    0.88    0.91    1.10    1.57    1.52   18.13   20.25    6.50    2.03    1.74    1.08    0.49     56.20      4.68
    1967    0.70    1.20    0.51    0.21    0.23    0.54    0.94    0.58    0.36    0.58    0.66    1.01      7.51      0.63
    1968    1.43    0.84    0.34    0.14    6.48   14.86    4.84    0.90    0.67    0.72    0.81    0.56     32.57      2.71
    1969    2.37    2.28    0.79    0.32    2.68    1.25    0.38    0.61    1.25    0.93   17.77    7.91     38.54      3.21
    1970    4.77    1.79    4.17    3.17    1.68    1.77    2.27    2.13    1.06    1.67    4.79    2.20     31.45      2.62
    1971    2.23    2.60    2.34    1.94   21.06    8.30    1.25    0.76    0.69    0.62    0.58    0.46     42.83      3.57
    1972    0.89    0.97    0.43    0.20   10.70    5.31    1.34    0.55    0.42    0.53    1.64    1.02     23.99      2.00
    1973    0.45    1.73    1.46   23.28   24.14   21.57    6.13    4.22    3.16    1.38    1.14    0.68     89.35      7.45
    1974    0.84    1.45    0.71    0.39    0.74    2.00    1.36    0.58    0.45    0.48    0.59    8.27     17.85      1.49
    1975    3.07    1.11   31.53   18.24   19.87   39.23   12.36    3.33    1.53    0.94    0.71    1.28    133.19     11.10
    1976   22.22    7.52    0.95    0.50    2.99    1.50    0.58    0.62    0.73    0.57    0.57    3.73     42.48      3.54
    1977    2.51    1.64    5.21    2.57    0.75    2.74    8.94    3.73    0.84    0.60    0.79    1.02     31.35      2.61
    1978    3.14   29.34   14.22    2.55    2.45    1.41    0.83    1.71    1.17    5.86    5.93    2.13     70.75      5.90
    1979    1.14    0.61    0.35    0.35    1.56    1.80    0.87    0.41    0.37    0.56    0.56    0.93      9.51      0.79
    1980    0.57    0.80    0.41    9.05    4.15    1.62    0.76    3.71    2.32    0.86    1.10    0.56     25.89      2.16
    1981    0.29    0.34    0.87    0.52    0.83    1.65    1.65    0.77    1.80    1.88    0.89    0.50     12.00      1.00
    1982    1.88    1.15    0.21    0.19    0.38    0.47    0.57    0.64    0.61    2.41    1.57    0.76     10.84      0.90
    1983    1.37    1.50    1.59    1.04    0.58    1.44    2.33    1.61    0.92    1.33    0.92    0.39     15.02      1.25
    1984    4.94    2.72    0.54    3.48   39.31   12.95    0.74    0.62    0.52    0.46    0.37    0.81     67.47      5.62
    1985   24.43   22.68   15.40   10.79    3.71    2.98    1.69    0.63    0.64    0.91    1.73    2.00     87.59      7.30
    1986   20.95   10.09    1.40    0.94    1.36    1.43    0.82    0.54    0.56    0.54    0.81   27.89     67.34      5.61
    1987   10.11    2.07    1.40    0.85   19.05    8.85    1.69    1.53    0.90    0.79    0.86    1.52     49.61      4.13
    1988    0.99    1.86    9.95    4.04    6.26    3.74   18.12    6.61    0.79    1.48    0.83    0.45     55.13      4.59
    1989    8.72   31.24   10.51    2.01    0.72   19.54    8.41    1.32    0.76    0.74    1.21    0.71     85.90      7.16
    1990    1.93    0.94    0.41    5.59    3.89    1.65    0.58    0.62    0.59    0.47    0.42    0.45     17.55      1.46
    1991   31.41   11.72    2.93    1.04    1.08    0.86    1.35    0.76    0.43    0.41    0.76    0.70     53.46      4.46
    1992    0.88    0.88    0.38    0.84    0.98    0.71    1.19    0.81    0.43    0.39    0.34    3.53     11.36      0.95
    1993    8.09    3.98   10.44    5.30    6.71    5.26    1.51    0.65    0.67    1.02    0.96    0.39     44.98      3.75
    1994    0.43    0.34    1.07    1.11    8.50    8.62    3.64    1.29    0.65    0.56    0.43    0.70     27.33      2.28
    1995    1.24    1.77   14.70   15.92    9.02    3.02    0.72    0.70    0.61    0.66    0.62    0.57     49.55      4.13
    1996    1.72   24.59    8.73    1.31    1.19    1.93   10.41    5.02   15.47    6.32    0.81    0.90     78.42      6.53
    1997    1.42    1.82    0.65    1.85   10.78   25.28    7.98    0.78    0.63    0.65    1.21    0.66     53.71      4.48
    1998    0.67    9.35    5.20    1.63    1.55    2.71    1.26    0.72    0.99    0.88    0.74    0.52     26.22      2.19
    1999    2.73    2.32    7.43   17.12   10.94   15.89    6.32    1.67    1.03    0.72    0.50    1.06     67.74      5.64
    2000    1.94    1.96    0.97    1.08    0.93    1.09    1.74    0.94    0.41    0.52    0.54    1.04     13.17      1.10
    2001    1.15   24.12   13.46    3.52    1.07    1.60    1.14    0.89    0.78    6.07    7.65    9.03     70.51      5.88
    2002    2.90    0.47    0.38    0.84    1.21    3.14    1.50    2.45    1.56    0.56    0.46    1.10     16.57      1.38
    2003    1.26    0.93    0.75    1.06    1.07    2.96    1.77    0.60    0.48    0.99    0.67   16.20     28.73      2.39
    2004    5.87    1.98   11.88   15.65    4.88    1.70    1.39    0.85    0.69    0.57    0.79    0.55     46.79      3.90
    2005    0.57    6.25    2.32   11.59    5.28    1.72    1.56    1.94    1.19    0.83   12.87    9.59     55.72      4.64
    2006   17.93   10.39    2.17    0.58    1.19    1.13    0.56    0.46    0.71    0.64    0.53    0.41     36.69      3.06
    2007    6.99    5.90    2.63    2.94   11.28    4.30    2.16    1.18    1.73    1.23    0.86    0.54     41.74      3.48
    2008    0.62    1.74    6.21    2.30    0.95    0.51    0.85    0.90    0.64    0.52    0.76    1.18     17.17      1.43
    2009    5.09    2.68    0.99    1.35    2.35    1.23    0.78    0.51    0.98    1.00    0.54    0.28     17.77      1.48
  
 AVERAGE    3.86    5.12    4.37    4.33    4.94    7.22    3.78    1.98    1.37    1.50    1.56    2.41     42.43      3.54
