    1920    2.02    3.20    4.36   18.27    8.69   29.30   20.66    5.23    1.15    1.01    0.81    2.31     97.01      8.08
    1921    4.94   23.29   41.00   14.45    2.87    3.24    1.62   21.01   11.51    4.84    8.01    6.56    143.33     11.94
    1922   21.12   34.04   16.49   48.26   49.18   37.75   10.36    1.82    1.96   33.09   12.94    2.02    269.03     22.42
    1923    1.83    2.88    4.86   11.64   13.55    7.86    2.60    1.67    1.56    1.27    2.21    3.82     55.75      4.65
    1924    3.11    2.43   30.86   12.59    2.69   54.83   33.89    7.50    1.53    1.26    1.12    2.70    154.52     12.88
    1925    2.03   11.69    8.06    4.94   10.25   18.60    6.17    2.28    5.30    3.28    1.23    6.28     80.10      6.67
    1926    8.25    7.94   14.04    6.11    4.18   60.64   20.65    1.24    1.13    1.14    1.88    2.30    129.52     10.79
    1927    3.78    2.24   27.30   39.90   16.91    9.74    3.87    2.06    1.83    1.48    3.37    2.64    115.12      9.59
    1928    3.95   12.38   20.74    9.34   11.81   32.27   10.40    2.44    6.79    6.36    3.56   19.11    139.14     11.60
    1929   17.61   16.08    8.15   12.64    4.64   27.48   11.40    1.64    2.68    2.22   12.74    7.26    124.52     10.38
    1930    4.05    1.79    4.42   30.33   32.67   37.14   11.77    1.50    1.30   40.67   15.29    1.26    182.18     15.18
    1931    7.69    7.38   10.27    4.65   21.60    9.37    1.21    2.04    2.26    3.80    2.37   15.78     88.42      7.37
    1932   18.48   44.60   24.27    4.43    2.39   20.36    9.04    1.72    1.44    1.45    1.45    1.54    131.16     10.93
    1933    1.31   58.66   53.06   60.13   20.51   22.23    9.49    1.81    1.78   12.35    5.54    1.09    247.96     20.66
    1934    4.85   14.05   27.92   10.49    1.95   30.81   26.12   18.93   12.25    4.38    3.98    2.68    158.40     13.20
    1935    3.28    3.25    1.05    1.59   24.75   18.81    4.64   11.14    5.55    4.04    2.24    2.19     82.52      6.88
    1936    8.14   56.54   19.21   16.41   24.14   18.14    5.31    1.61    1.53    1.41    1.27    1.93    155.66     12.97
    1937    3.07    3.81    9.53   15.61   24.26   11.28   23.19    8.96    3.59    4.11    3.63    2.22    113.25      9.44
    1938   10.59   32.46   38.36   32.85   56.00   17.38    1.62    2.37    1.88    4.63    3.29   20.99    222.44     18.54
    1939   20.43    7.69    2.40   11.39   19.98   25.61    8.55    8.85    4.49    1.79    1.35   12.88    125.42     10.45
    1940    7.52    5.19    6.42   14.08    9.09    6.13    5.98    2.90    1.78    1.72    1.86    1.66     64.34      5.36
    1941   18.11    8.66    1.77    7.40    8.51   18.75   10.28    5.26    2.46    1.17    1.96    5.58     89.92      7.49
    1942    8.83   51.28   40.82   16.14    4.18   15.85   26.14   10.14    5.61    3.47   21.97   13.76    218.20     18.18
    1943    6.58   34.36   38.79   12.79   11.63   42.95   14.77    1.93    3.45    3.76    1.65   49.61    222.27     18.52
    1944   22.53    3.35    0.81    3.75   19.72   25.02    7.81    2.10    1.69    1.52    1.18    1.55     91.05      7.59
    1945   23.21    8.56    2.12   18.88   15.25   22.08    9.30    4.43    2.59    1.65    1.14    1.39    110.60      9.22
    1946    2.78    7.08    5.86    6.54   10.79   22.16    9.62    2.08    7.35    4.69    1.62    4.23     84.79      7.07
    1947    4.08   16.90   34.92   22.78   18.63   29.14   16.13    3.93    1.37    1.51    1.14    1.05    151.59     12.63
    1948    5.12    4.25    4.29    6.34    5.99    3.83    4.31    2.58    1.17    1.61    1.68    1.69     42.84      3.57
    1949    2.43   10.31    5.28    6.63   29.68   20.52    8.35   13.98    6.01    2.17    5.57    3.76    114.68      9.56
    1950    9.11    5.10   32.82   15.26    6.64    4.75    2.59    1.60    1.29    1.15    2.40    3.37     86.07      7.17
    1951    9.30    3.32    1.29    4.95   17.10    8.60    3.57    2.01    1.52    1.69    1.21    5.21     59.77      4.98
    1952    4.34    2.27    2.74    3.37   15.12    9.68    6.59    2.96    1.16    1.06    2.19   10.47     61.95      5.16
    1953   11.97   14.61   11.02   11.41    8.50   30.17   10.64   14.23    9.33    3.34    1.20    2.45    128.87     10.74
    1954   14.65    8.09    2.26   24.96   44.73   15.68   20.81    9.45    4.37    2.44    1.11    3.71    152.25     12.69
    1955    4.36    7.17    3.49    0.57   10.01   34.75   12.81    2.40    2.09    1.46    1.16    3.95     84.24      7.02
    1956    6.23   14.52   18.67   14.58    7.32   25.13   12.45    3.69    2.02    1.70    3.76    7.62    117.69      9.81
    1957   10.16    6.06    7.31   19.30   18.46    7.60    5.40    3.03    1.32    2.39    1.62    1.93     84.56      7.05
    1958    1.56   17.85   15.85    5.73    3.24   11.18   17.27   28.12    9.52   11.71    6.81    2.61    131.45     10.95
    1959    2.82   12.72    7.79   12.47   14.84   10.16    5.34    2.68    1.43    1.52    3.53    4.89     80.20      6.68
    1960    4.10   14.77   18.85   17.22   11.14   36.44   22.81    8.92    3.27    1.46    1.78    2.22    142.97     11.91
    1961    1.52   22.12   13.89    8.77   34.07   37.46   11.10    2.65    1.64    1.21    1.41    1.23    137.08     11.42
    1962    9.06   24.63   10.54   32.10   24.47   69.50   27.05    3.26    1.49    7.17    3.73    1.17    214.17     17.85
    1963   19.52   18.29    9.25   13.75    7.02   24.64   17.39    4.46   13.70    6.40    1.77    3.39    139.58     11.63
    1964   14.97    5.40    2.72   11.43    6.24    2.87    2.88    5.59   21.63   10.05    5.00    3.40     92.17      7.68
    1965   18.53   20.61    5.71   18.95   14.28    3.40    1.82   17.32    7.73    1.44    3.01    3.65    116.45      9.70
    1966    3.36    3.54    7.41   17.56   10.77   49.58   33.26    9.56    3.69    3.94    2.33    0.98    145.97     12.16
    1967    3.13    5.74    2.79    2.26    3.77    5.38    3.35    1.28    0.95    1.68    2.35    3.91     36.57      3.05
    1968    5.08    3.89    3.55    1.52   16.43   41.51   13.71    2.88    1.75    1.74    2.58    1.58     96.23      8.02
    1969   10.98    7.88    6.13    3.26   12.66    5.39    1.09    2.16    4.86    3.09   21.23   15.70     94.45      7.87
    1970   18.81    8.25    5.28   13.67    9.50    5.16    4.20    5.12    2.85    5.79   12.17    5.92     96.72      8.06
    1971   15.72   16.50   10.85   18.36   51.59   26.43    5.45    1.58    1.74    1.53    1.30    1.23    152.25     12.69
    1972    2.22    8.88    6.44    4.42   23.05   22.40    7.98    1.83    1.11    1.72    3.52    2.50     86.06      7.17
    1973    3.48   13.17    7.74   44.98   34.49   53.71   18.06    5.64    5.77    2.85    1.76    1.27    192.92     16.08
    1974    2.05    7.71    3.90    3.95    3.84    7.81    4.97    1.65    0.96    1.21    1.65   16.44     56.15      4.68
    1975    6.52    8.19   61.21   52.95   35.62   75.70   25.07    8.15    3.96    2.29    1.77    7.14    288.58     24.05
    1976   53.23   18.21    7.80    5.01   11.80    7.92    3.35    1.43    1.71    1.73    2.00    5.63    119.83      9.99
    1977    6.32    6.06   11.77   14.50    6.80    6.43   70.48   24.80    1.71    1.35    2.48    5.14    157.85     13.15
    1978   18.66    9.84   24.90   11.13   10.30   10.70    4.06    2.59    1.80   14.45    9.23   10.90    128.57     10.71
    1979    7.58    3.77    2.99    3.63    7.28    8.86    4.25    1.43    1.15    1.40    1.21   17.95     61.50      5.12
    1980    7.79    8.58    5.37   22.83   26.69   11.05    2.52   16.50    9.11    2.61    2.83    1.73    117.60      9.80
    1981    1.15    2.39   16.44   10.33    5.80   16.52    9.33    2.64    2.47    4.48    2.54    1.97     76.05      6.34
    1982   14.86    8.98    1.77    0.92    1.06    2.23    4.87    2.88    1.63    3.01    1.88    2.55     46.65      3.89
    1983    4.93   16.37   17.08    8.23   13.19   19.60    9.89    3.85    3.05    6.11    3.51    1.39    107.19      8.93
    1984   12.38   13.02    4.50   18.32   75.61   24.13    2.02    1.55    1.39    1.20    0.92    1.57    156.61     13.05
    1985   34.56   23.96   15.03   25.78   19.73   18.47    6.87    1.51    1.33    2.09    4.89    8.26    162.49     13.54
    1986   43.20   25.26    6.27    6.61    5.77   10.63    5.06    1.70    1.90    1.51    3.41   62.58    173.90     14.49
    1987   24.44    5.33    4.35    8.41   36.31   31.01   10.26    8.44    4.09    3.00    2.82    3.96    142.43     11.87
    1988    4.82   20.43   43.45   14.28   30.98   20.89   29.45   10.68    2.06    3.47    1.82    1.17    183.49     15.29
    1989   17.43   49.89   16.63   17.06    6.41   24.45   11.94    2.18    1.78    1.61    4.46    3.01    156.85     13.07
    1990   12.02    5.50    3.67    7.95    6.18    5.42    2.14    1.42    1.56    1.24    1.32    2.40     50.83      4.24
    1991   31.01   21.26   22.00    8.23    2.16    3.23    6.10    2.77    1.09    1.03    1.35    2.15    102.38      8.53
    1992    2.50    2.22    1.66    2.51    3.80    4.29    4.89    2.37    0.97    0.92    1.33   10.43     37.87      3.16
    1993   20.94   23.05   37.35   15.81   22.95   29.86    9.46    1.45    1.35    2.71    3.43    1.46    169.84     14.15
    1994    1.67    1.26    6.08   10.89    7.37   14.87   15.44    5.59    1.79    1.36    0.97    1.89     69.17      5.76
    1995    5.13    7.61   37.54   35.50   24.12   15.26    4.19    1.25    1.19    1.72    1.26    1.19    135.96     11.33
    1996    4.71   36.58   17.24   10.32    7.10   12.56   15.87    5.91   34.14   15.93    3.31    1.70    165.36     13.78
    1997    2.90    7.88    3.76   13.59   48.98   52.14   15.59    2.40    1.51    1.97    4.06    2.19    156.98     13.08
    1998    1.98   21.78   38.28   14.45   23.19   14.30    4.44    1.86    2.28    2.21    1.44    1.24    127.44     10.62
    1999   13.09    8.55   15.63   38.18   23.11   49.56   28.40    7.79    2.58    1.78    1.35    3.71    193.72     16.14
    2000    4.59   12.14   13.00   10.37    7.11    5.30   10.03    4.48    1.33    1.33    1.35    2.52     73.54      6.13
    2001    6.67   39.64   23.44   13.73    5.72    4.95    4.38   25.25    9.84   14.20   47.05   25.35    220.22     18.35
    2002    5.70    1.93    2.62    3.42    2.56   19.88    8.26    3.93    2.84    1.47    1.67    2.58     56.85      4.74
    2003    2.29    1.80    1.84    5.03    2.64   16.56   10.10    2.76    1.12    4.70    3.05   16.33     68.22      5.68
    2004    6.55    3.42    4.88    8.06    7.40    5.93    9.17    4.65    1.55    1.12    3.61    2.37     58.72      4.89
    2005    2.17   23.06    8.66   17.92   12.22    6.53   37.34   15.99    3.46    4.77   16.36   27.51    176.00     14.67
    2006   42.49   23.33    7.37    3.16    1.48    3.75    4.16    1.86    2.88    2.07    1.32    1.02     94.88      7.91
    2007   13.01    8.14    5.39    4.08   10.59    4.91    3.63    3.04    9.56    4.79    1.61    1.49     70.24      5.85
    2008    5.63   10.04    9.52    5.98   16.46    6.14    1.60    1.46    1.79    1.47    1.43    2.93     64.45      5.37
    2009   11.70    5.46    2.88   16.33    7.69    2.93    3.18    2.11    3.10    2.32    1.06    0.76     59.51      4.96
  
 AVERAGE   10.15   13.94   13.65   14.13   15.91   20.17   11.17    5.42    3.75    3.97    4.03    6.21    122.49     10.21
