    1920    1.51    2.21    2.91   11.62    5.73   20.11   14.88    4.05    0.96    0.82    0.66    1.66     67.12      5.59
    1921    3.50   15.49   28.05    9.97    1.99    2.23    1.16   14.23    8.26    3.71    5.11    4.62     98.33      8.19
    1922   14.35   23.24   10.27   33.74   34.49   26.11    7.30    1.43    1.54   23.68    9.51    1.55    187.21     15.60
    1923    1.39    1.98    3.25    6.90    8.07    5.54    2.10    1.29    1.22    1.00    1.66    2.78     37.20      3.10
    1924    2.26    1.70   20.88    8.59    1.86   39.24   23.48    5.32    1.23    1.01    0.89    1.98    108.45      9.04
    1925    1.48    7.50    5.36    3.35    6.04   11.89    4.19    1.68    3.90    2.50    0.98    3.59     52.46      4.37
    1926    5.38    5.38   10.12    4.40    2.85   43.61   14.95    0.97    0.90    0.89    1.42    1.71     92.60      7.72
    1927    2.68    1.58   18.24   27.25   10.76    5.70    2.53    1.57    1.43    1.16    2.49    1.96     77.34      6.44
    1928    2.81    8.79   13.48    6.18    7.11   22.00    7.35    1.80    4.96    5.00    2.82   12.97     95.28      7.94
    1929   11.87   11.53    6.20    7.86    2.89   18.77    7.98    1.28    2.03    1.72    8.31    5.06     85.51      7.13
    1930    2.95    1.29    2.94   20.56   22.09   25.65    8.36    1.18    1.03   29.30   11.22    0.99    127.56     10.63
    1931    4.42    5.03    6.16    2.87   14.31    6.37    0.90    1.51    1.73    2.83    1.81   10.47     58.41      4.87
    1932   13.05   31.55   16.23    2.85    1.63   13.47    6.21    1.34    1.13    1.14    1.12    1.16     90.87      7.57
    1933    0.98   41.97   37.05   42.49   14.53   14.89    6.55    1.42    1.40    8.19    3.92    0.85    174.25     14.52
    1934    3.52   10.42   18.92    7.13    1.35   21.23   17.70   13.01    8.39    3.28    2.99    2.00    109.94      9.16
    1935    2.34    2.25    0.72    1.05   16.61   11.98    3.03    9.27    4.67    3.06    1.72    1.64     58.35      4.86
    1936    4.87   40.23   13.77   11.36   16.12   12.93    4.00    1.26    1.21    1.12    1.00    1.45    109.32      9.11
    1937    2.22    2.63    5.39   10.84   16.42    7.73   15.84    6.36    2.72    3.11    2.73    1.67     77.65      6.47
    1938    6.54   22.07   26.13   22.06   39.64   12.49    1.24    1.80    1.49    3.43    2.47   14.35    153.71     12.81
    1939   14.54    5.56    1.65    6.71   12.73   17.10    5.94    5.60    3.20    1.41    1.06    8.78     84.29      7.02
    1940    5.32    3.62    4.33    9.30    6.29    4.43    4.27    2.16    1.38    1.33    1.41    1.25     45.10      3.76
    1941   12.03    5.91    1.23    3.97    4.66   12.11    7.08    3.89    1.91    0.91    1.47    4.11     59.30      4.94
    1942    5.69   36.38   27.98    9.94    2.58   11.16   18.07    7.28    4.20    2.66   15.27    9.57    150.78     12.57
    1943    4.87   23.85   26.41    8.78    6.92   30.02   10.61    1.50    2.60    2.86    1.29   35.74    155.45     12.95
    1944   16.05    2.47    0.61    2.87   13.27   16.69    5.39    1.61    1.33    1.20    0.93    1.17     63.61      5.30
    1945   15.81    5.96    1.42   12.13    9.33   14.51    6.45    3.29    1.99    1.29    0.89    1.05     74.13      6.18
    1946    2.00    3.88    3.67    4.31    6.62   14.61    6.67    1.59    4.45    3.35    1.33    3.02     55.50      4.63
    1947    2.93   10.81   23.52   16.14   13.22   20.03   10.51    2.70    1.10    1.19    0.89    0.81    103.83      8.65
    1948    3.61    3.09    2.93    4.18    4.19    2.71    3.04    1.91    0.92    1.23    1.28    1.26     30.36      2.53
    1949    1.75    6.01    3.30    3.53   20.02   14.62    6.45   10.70    4.74    1.70    4.26    2.99     80.06      6.67
    1950    5.61    3.32   22.37   10.52    4.73    3.48    1.91    1.24    1.02    0.91    1.80    2.45     59.35      4.95
    1951    5.68    2.08    0.87    3.40   11.24    5.85    2.57    1.52    1.18    1.30    0.94    3.74     40.37      3.36
    1952    3.28    1.67    1.83    2.25   10.40    6.85    4.85    2.26    0.92    0.84    1.64    6.55     43.34      3.61
    1953    7.41   10.31    6.69    6.48    5.40   21.10    7.60   11.05    7.20    2.63    0.95    1.80     88.62      7.38
    1954   10.42    5.77    1.56   16.61   31.09   11.07   14.09    6.71    3.32    1.90    0.89    2.63    106.05      8.84
    1955    3.11    4.59    2.37    0.42    5.80   23.83    9.10    1.83    1.62    1.15    0.91    2.80     57.53      4.79
    1956    4.41   10.50   12.96    8.98    4.72   17.01    8.67    2.77    1.58    1.33    2.78    5.19     80.88      6.74
    1957    6.58    4.11    4.48   12.54   13.16    5.55    3.82    2.25    1.04    1.80    1.25    1.43     58.00      4.83
    1958    1.16   11.48    9.48    3.56    2.23    6.72   12.10   20.16    7.02    9.43    5.47    2.01     90.81      7.57
    1959    2.05    8.21    5.14    7.95    9.61    6.14    3.57    2.04    1.12    1.18    2.59    3.53     53.14      4.43
    1960    2.96   10.14   12.88   11.31    6.67   25.26   15.69    6.44    2.56    1.16    1.36    1.65     98.08      8.17
    1961    1.13   14.64    8.35    4.68   23.34   25.89    7.83    2.01    1.30    0.96    1.09    0.94     92.15      7.68
    1962    5.45   16.26    7.15   21.92   16.98   50.37   19.61    2.60    1.20    4.32    2.59    0.91    149.35     12.45
    1963   13.08   12.92    6.45    9.10    4.75   16.67   11.31    3.07    9.30    4.64    1.38    2.49     95.16      7.93
    1964   10.66    3.92    1.82    6.71    3.93    2.01    2.05    4.03   15.21    7.38    3.76    2.53     64.00      5.33
    1965   12.38   13.29    3.72   12.21    8.69    2.11    1.33   11.83    5.59    1.15    2.24    2.68     77.20      6.43
    1966    2.42    2.46    3.94   10.85    6.98   35.70   23.19    6.83    2.85    2.97    1.79    0.76    100.73      8.39
    1967    2.19    4.14    2.03    1.53    2.56    4.06    2.61    1.02    0.74    1.27    1.76    2.82     26.74      2.23
    1968    3.61    2.72    2.38    1.02   11.47   29.22    9.79    2.17    1.37    1.36    1.94    1.20     68.26      5.69
    1969    6.76    5.23    4.29    2.32    9.13    3.94    0.82    1.76    3.69    2.39   14.70   10.36     65.40      5.45
    1970   12.50    5.69    3.57    9.70    6.59    3.71    3.03    3.73    2.19    4.37    8.38    4.27     67.71      5.64
    1971   10.36   11.59    6.61   11.48   36.35   18.15    3.76    1.23    1.36    1.20    1.01    0.94    104.04      8.67
    1972    1.61    5.11    4.05    3.00   15.34   14.65    5.46    1.42    0.88    1.31    2.60    1.86     57.27      4.77
    1973    2.48    9.44    5.45   31.56   23.45   38.11   13.03    4.12    4.29    2.21    1.38    0.99    136.50     11.37
    1974    1.51    4.28    2.34    2.66    2.62    4.49    3.26    1.28    0.75    0.93    1.25   10.92     36.28      3.02
    1975    4.51    4.63   43.36   37.09   24.33   54.69   18.27    5.16    2.83    1.80    1.38    4.16    202.21     16.85
    1976   38.24   13.24    4.13    3.04    7.14    5.17    2.42    1.11    1.31    1.34    1.52    4.09     82.75      6.90
    1977    4.69    4.27    6.86    9.02    4.54    4.38   51.84   18.40    1.38    1.07    1.86    3.68    111.99      9.33
    1978   12.47    6.74   16.49    7.50    6.11    6.28    2.66    1.94    1.40   10.34    6.80    7.02     85.73      7.14
    1979    5.20    2.68    2.01    2.43    3.97    5.03    2.80    1.11    0.88    1.06    0.92   12.03     40.13      3.34
    1980    5.41    4.92    3.33   15.04   17.64    7.54    1.84   12.04    6.84    2.08    2.12    1.31     80.11      6.68
    1981    0.86    1.63   11.26    7.02    4.08   10.69    6.37    2.00    1.87    3.32    1.94    1.46     52.52      4.38
    1982   10.59    6.37    1.25    0.63    0.76    1.53    3.40    2.13    1.27    2.26    1.45    1.86     33.49      2.79
    1983    3.49   10.40   10.80    5.47    9.46   13.06    6.82    2.88    2.32    4.55    2.91    1.12     73.27      6.11
    1984    8.30    7.96    2.80   11.74   54.40   17.55    1.50    1.20    1.10    0.95    0.73    1.17    109.40      9.12
    1985   24.27   17.18    9.38   16.84   14.02   13.28    5.01    1.20    1.06    1.61    3.59    5.11    112.53      9.38
    1986   30.72   18.19    4.47    4.07    3.96    6.49    3.31    1.32    1.47    1.18    2.52   45.55    123.24     10.27
    1987   17.79    3.74    2.94    4.67   24.95   21.09    7.16    5.38    2.94    2.30    2.14    2.86     97.96      8.16
    1988    3.44   13.41   29.89    9.96   21.27   14.00   20.44    7.72    1.63    2.63    1.40    0.91    126.70     10.56
    1989   11.55   35.10   11.80   10.87    4.15   16.53    8.33    1.67    1.39    1.27    3.25    2.22    108.14      9.01
    1990    7.54    3.59    2.47    4.30    3.92    3.76    1.53    1.06    1.20    0.96    1.01    1.76     33.11      2.76
    1991   21.62   14.19   14.15    5.46    1.49    2.22    4.38    2.22    0.88    0.81    1.03    1.59     70.06      5.84
    1992    1.81    1.55    1.11    1.67    2.58    2.96    3.43    1.76    0.77    0.72    1.01    6.47     25.85      2.15
    1993   13.94   15.13   25.39   10.62   15.55   20.30    6.65    1.14    1.07    2.05    2.57    1.12    115.54      9.63
    1994    1.23    0.90    3.67    6.46    4.84   10.32   10.51    4.05    1.40    1.07    0.76    1.40     46.60      3.88
    1995    3.61    4.93   26.08   24.11   15.81    9.50    2.72    0.97    0.94    1.32    0.98    0.90     91.85      7.65
    1996    3.30   25.39   11.62    6.17    4.62    7.72   11.44    4.60   24.61   11.73    2.58    1.30    115.08      9.59
    1997    2.11    4.37    2.26    9.72   34.84   36.89   11.13    1.83    1.20    1.52    3.00    1.64    110.54      9.21
    1998    1.46   14.39   26.01    9.94   15.48    8.96    2.94    1.44    1.76    1.71    1.12    0.95     86.16      7.18
    1999    8.80    5.90   10.59   26.33   15.54   35.17   20.40    5.83    2.04    1.41    1.07    2.66    135.74     11.31
    2000    3.27    7.34    7.51    5.79    4.75    3.87    6.23    3.05    1.05    1.03    1.03    1.83     46.76      3.90
    2001    4.48   28.01   15.16    8.02    3.62    3.79    3.35   17.83    7.17   11.02   34.53   18.75    155.74     12.98
    2002    4.34    1.39    1.75    2.28    1.74   13.13    5.65    2.91    2.17    1.17    1.28    1.90     39.72      3.31
    2003    1.66    1.27    1.23    3.46    1.92   10.71    7.19    2.30    0.90    3.79    2.54   10.94     47.90      3.99
    2004    4.55    2.37    3.27    4.50    4.75    4.63    6.00    3.27    1.27    0.88    2.61    1.77     39.87      3.32
    2005    1.57   15.32    5.84   11.44    7.27    4.28   26.40   11.55    2.69    3.55   11.11   19.09    120.13     10.01
    2006   30.13   15.82    4.90    2.14    1.02    2.56    2.93    1.40    2.16    1.59    1.03    0.78     66.46      5.54
    2007    9.70    5.92    3.65    2.75    6.26    3.10    2.58    2.25    6.22    3.45    1.28    1.12     48.27      4.02
    2008    3.87    6.14    5.27    3.76   10.51    4.04    1.16    1.11    1.36    1.14    1.08    2.12     41.56      3.46
    2009    7.73    3.73    1.95   11.25    5.36    2.06    2.25    1.58    2.32    1.79    0.85    0.58     41.43      3.45
  
 AVERAGE    7.00    9.51    9.12    9.35   10.71   13.88    7.85    3.95    2.78    2.96    2.96    4.37     84.44      7.04
