    1920    0.91    1.09    1.28    4.32    2.40    9.20    6.10    1.97    0.70    0.57    0.45    0.95     29.94      2.50
    1921    1.82    7.15   12.79    4.60    0.92    1.08    0.62    7.45    4.75    2.33    3.06    2.70     49.27      4.11
    1922    7.14   10.57    4.76   16.78   16.77   12.23    3.61    0.92    1.02   12.87    5.50    0.98     93.15      7.76
    1923    0.84    1.00    1.43    2.57    3.26    2.68    1.15    0.80    0.80    0.68    1.04    1.56     17.80      1.48
    1924    1.22    0.84    8.95    3.80    0.86   21.09   12.06    2.94    0.85    0.70    0.61    1.16     55.08      4.59
    1925    0.83    2.77    2.30    1.49    2.53    5.24    2.06    0.98    2.23    1.53    0.67    2.19     24.82      2.07
    1926    2.93    2.64    3.40    1.63    1.33   23.74    8.27    0.62    0.60    0.59    0.88    1.00     47.62      3.97
    1927    1.41    0.80    8.14   12.01    5.08    2.93    1.42    0.96    0.92    0.78    1.49    1.14     37.08      3.09
    1928    1.48    3.20    5.24    2.67    2.80   10.32    3.72    1.05    2.80    2.91    1.72    6.63     44.52      3.71
    1929    5.35    4.04    2.45    2.86    1.14    8.57    3.92    0.79    1.21    1.08    3.33    2.52     37.25      3.10
    1930    1.63    0.67    1.28    8.57   10.38   12.35    4.26    0.75    0.67   16.39    6.55    0.68     64.18      5.35
    1931    2.25    2.51    2.62    1.24    6.58    3.10    0.54    0.88    1.07    1.70    1.13    5.07     28.69      2.39
    1932    5.55   15.53    7.20    1.12    0.77    6.29    3.15    0.84    0.75    0.76    0.73    0.71     43.37      3.61
    1933    0.57   22.52   17.92   21.17    7.37    7.15    3.37    0.91    0.93    3.49    2.06    0.56     88.02      7.34
    1934    1.80    3.41    8.25    3.36    0.63    9.99    8.57    6.72    4.94    2.24    1.80    1.18     52.89      4.41
    1935    1.28    1.10    0.34    0.46    8.08    5.41    1.52    3.70    2.37    1.88    1.09    0.97     28.19      2.35
    1936    2.50   21.43    7.34    3.85    6.86    4.91    1.68    0.79    0.78    0.74    0.65    0.85     52.38      4.37
    1937    1.19    1.27    2.27    3.22    7.04    3.79    8.23    3.55    1.64    1.87    1.62    1.00     36.69      3.06
    1938    2.83   10.07   11.38    9.91   20.47    6.68    0.75    1.10    0.97    2.03    1.48    7.59     75.25      6.27
    1939    6.50    2.52    0.78    2.35    5.37    8.20    3.13    2.93    2.00    0.95    0.70    3.32     38.75      3.23
    1940    2.46    1.80    1.92    3.14    2.66    2.18    2.18    1.22    0.86    0.85    0.87    0.73     20.88      1.74
    1941    5.74    2.92    0.60    1.78    2.42    5.54    3.56    2.20    1.17    0.61    0.91    2.19     29.64      2.47
    1942    2.99   19.01   13.70    4.56    1.21    4.36    8.76    4.05    2.47    1.64    8.14    5.27     76.16      6.35
    1943    2.62   11.13   11.45    3.84    2.73   15.31    5.71    0.95    1.59    1.76    0.84   19.78     77.71      6.48
    1944    8.85    1.31    0.37    1.23    5.78    7.82    2.79    1.00    0.87    0.81    0.62    0.72     32.17      2.68
    1945    8.28    3.21    0.65    4.76    3.89    6.93    3.37    1.87    1.22    0.85    0.59    0.64     36.25      3.02
    1946    1.09    2.11    1.76    1.88    2.73    6.91    3.47    0.97    2.61    2.17    0.93    1.65     28.29      2.36
    1947    1.56    4.38   10.05    5.54    4.58    8.72    5.16    1.65    0.73    0.78    0.59    0.50     44.25      3.69
    1948    1.83    1.51    1.30    1.80    1.89    1.30    1.56    1.09    0.60    0.79    0.80    0.74     15.23      1.27
    1949    0.95    2.47    1.45    1.77    8.96    5.53    2.97    4.79    2.54    1.12    2.41    1.70     36.66      3.05
    1950    2.70    1.67    9.86    4.72    2.18    1.67    1.00    0.76    0.66    0.61    1.10    1.38     28.31      2.36
    1951    2.74    1.07    0.41    1.46    4.49    2.67    1.37    0.89    0.76    0.84    0.61    1.99     19.30      1.61
    1952    1.73    0.84    0.80    0.96    3.59    2.97    2.50    1.27    0.60    0.57    1.01    2.99     19.82      1.65
    1953    3.61    3.93    2.95    2.72    2.49    9.73    3.73    6.25    4.32    1.73    0.65    1.05     43.17      3.60
    1954    4.15    2.57    0.75    7.57   15.08    5.58    7.13    3.72    1.99    1.21    0.60    1.44     51.79      4.32
    1955    1.64    2.19    1.07    0.23    3.01   11.69    4.69    1.10    1.03    0.77    0.61    1.53     29.56      2.46
    1956    2.29    3.40    4.10    3.29    2.13    8.05    4.40    1.61    0.99    0.86    1.62    2.76     35.48      2.96
    1957    3.28    2.07    2.02    4.83    4.44    2.28    2.00    1.27    0.67    1.11    0.78    0.83     25.57      2.13
    1958    0.64    4.83    3.81    1.52    1.03    2.73    5.19   10.17    3.97    4.25    2.96    1.26     42.38      3.53
    1959    1.12    3.02    2.14    2.83    3.56    3.10    2.05    1.20    0.71    0.75    1.51    1.94     23.94      2.00
    1960    1.58    3.51    4.15    3.71    2.98   12.55    7.21    3.53    1.66    0.76    0.86    0.96     43.45      3.62
    1961    0.64    6.82    4.07    2.35   10.98   12.04    3.92    1.20    0.84    0.64    0.70    0.58     44.80      3.73
    1962    2.49    7.74    3.45    9.49    6.62   27.62   10.95    1.51    0.80    2.60    1.70    0.59     75.56      6.30
    1963    6.49    5.26    2.75    3.17    1.94    7.90    5.42    1.78    5.13    2.89    0.92    1.42     45.07      3.76
    1964    4.28    1.66    0.82    2.44    1.69    1.01    1.09    2.19    8.15    4.35    2.29    1.47     31.44      2.62
    1965    5.93    5.62    1.57    4.89    3.81    1.08    0.75    6.15    3.27    0.84    1.35    1.50     36.77      3.06
    1966    1.30    1.19    1.95    4.09    3.02   18.73   11.91    3.79    1.78    1.81    1.13    0.49     51.19      4.27
    1967    1.14    1.97    0.92    0.65    1.15    1.94    1.35    0.61    0.48    0.79    1.07    1.56     13.64      1.14
    1968    1.89    1.34    1.05    0.43    4.23   14.22    5.14    1.28    0.87    0.89    1.19    0.74     33.26      2.77
    1969    2.79    2.49    1.99    1.00    2.71    1.42    0.47    0.99    2.11    1.47    8.22    5.59     31.25      2.60
    1970    6.04    2.85    1.62    3.16    2.79    1.84    1.56    2.04    1.32    2.47    4.09    2.40     32.18      2.68
    1971    4.75    4.48    2.98    4.47   18.40    8.56    1.86    0.78    0.89    0.80    0.66    0.58     49.21      4.10
    1972    0.89    2.32    1.85    1.31    7.11    6.54    2.73    0.88    0.57    0.82    1.52    1.09     27.63      2.30
    1973    1.31    2.89    2.05   15.30   11.04   20.04    7.11    2.30    2.48    1.38    0.89    0.63     67.43      5.62
    1974    0.86    2.12    1.13    1.15    1.18    2.28    1.79    0.79    0.50    0.60    0.79    5.33     18.52      1.54
    1975    2.38    2.18   22.80   17.81   11.36   30.39   10.37    2.97    1.83    1.21    0.93    2.37    106.59      8.88
    1976   21.05    7.36    1.93    1.38    2.72    2.41    1.31    0.72    0.85    0.89    0.97    2.20     43.79      3.65
    1977    2.44    2.06    2.70    3.23    1.94    2.14   29.49   10.65    0.94    0.73    1.16    2.00     59.49      4.96
    1978    5.85    3.30    7.43    3.45    2.54    3.05    1.51    1.15    0.90    5.76    4.03    3.55     42.53      3.54
    1979    2.77    1.38    0.89    1.03    2.04    2.69    1.59    0.70    0.59    0.70    0.60    6.08     21.06      1.76
    1980    2.91    2.33    1.53    6.48    7.93    3.70    1.00    7.32    4.31    1.41    1.30    0.80     41.04      3.42
    1981    0.52    0.78    3.71    2.77    1.88    4.48    3.11    1.20    1.21    2.00    1.22    0.86     23.74      1.98
    1982    4.26    2.88    0.63    0.30    0.37    0.75    1.73    1.20    0.80    1.38    0.93    1.07     16.29      1.36
    1983    1.81    4.08    3.81    2.27    2.87    5.34    3.42    1.67    1.39    2.61    1.75    0.71     31.73      2.64
    1984    2.80    3.26    1.31    4.55   29.71    9.82    0.85    0.75    0.72    0.64    0.48    0.71     55.61      4.63
    1985   12.18    6.87    3.40    7.44    5.12    4.99    2.31    0.74    0.67    1.00    2.04    2.98     49.75      4.15
    1986   16.29    8.17    1.85    1.81    1.79    2.83    1.71    0.81    0.93    0.78    1.49   25.84     64.28      5.36
    1987   10.06    1.86    1.31    2.06   11.91   10.19    3.75    3.09    1.89    1.46    1.32    1.61     50.51      4.21
    1988    1.80    5.90   13.92    4.78    9.68    6.07   10.03    4.20    1.07    1.63    0.90    0.59     60.56      5.05
    1989    5.50   17.86    6.08    4.09    1.63    8.48    4.45    1.01    0.89    0.84    1.90    1.29     54.03      4.50
    1990    3.10    1.66    1.14    1.99    1.87    1.82    0.80    0.63    0.76    0.64    0.65    1.01     16.07      1.34
    1991   10.51    6.16    5.77    2.35    0.70    1.07    2.22    1.24    0.57    0.54    0.66    0.93     32.72      2.73
    1992    0.98    0.77    0.49    0.70    1.16    1.42    1.75    1.00    0.51    0.49    0.64    2.84     12.78      1.06
    1993    6.82    6.77   11.23    4.82    7.17    9.72    3.47    0.74    0.72    1.28    1.54    0.69     54.95      4.58
    1994    0.71    0.48    1.61    2.56    2.21    3.80    4.28    2.23    0.96    0.71    0.50    0.82     20.88      1.74
    1995    1.86    2.37   11.89   11.04    6.90    4.16    1.40    0.61    0.62    0.85    0.64    0.56     42.89      3.57
    1996    1.69   12.01    5.49    2.58    2.11    3.15    4.57    2.29   13.56    6.81    1.69    0.80     56.75      4.73
    1997    1.16    2.22    1.11    2.72   17.18   18.83    5.87    1.11    0.80    0.99    1.77    0.98     54.74      4.56
    1998    0.83    6.62   11.57    4.53    7.20    4.53    1.68    0.90    1.10    1.10    0.73    0.59     41.38      3.45
    1999    3.08    2.52    3.43   11.45    6.34   18.42    9.81    3.01    1.33    0.93    0.70    1.50     62.53      5.21
    2000    1.72    2.95    3.08    2.62    2.28    1.88    2.98    1.76    0.69    0.67    0.66    1.05     22.33      1.86
    2001    2.28   13.58    6.64    3.12    1.61    1.85    1.72    8.86    3.93    6.42   19.68    9.18     78.86      6.57
    2002    2.06    0.75    0.77    0.97    0.78    6.11    2.86    1.67    1.32    0.78    0.82    1.11     19.99      1.67
    2003    0.92    0.64    0.54    1.49    0.85    4.62    3.56    1.35    0.60    2.13    1.52    5.36     23.58      1.96
    2004    2.41    1.18    1.44    2.08    2.27    2.25    2.97    1.91    0.87    0.60    1.51    1.04     20.54      1.71
    2005    0.86    7.20    2.81    4.40    3.35    2.22   13.56    6.27    1.69    2.12    5.62    9.29     59.40      4.95
    2006   15.41    7.16    2.10    0.96    0.55    1.23    1.51    0.81    1.30    1.02    0.68    0.50     33.23      2.77
    2007    3.52    2.57    1.66    1.18    2.51    1.45    1.38    1.28    3.17    2.17    0.93    0.68     22.48      1.87
    2008    1.98    2.80    2.54    1.75    4.14    1.74    0.65    0.67    0.85    0.74    0.69    1.20     19.76      1.65
    2009    3.16    1.74    0.91    3.63    2.07    1.03    1.17    0.92    1.38    1.14    0.59    0.36     18.10      1.51
  
 AVERAGE    3.45    4.39    4.04    3.96    4.84    6.74    4.00    2.18    1.65    1.76    1.73    2.35     41.09      3.42
