    1920    0.35    0.33    0.48    0.85    0.98    1.33    1.90    1.63    1.04    0.70    0.53    0.49     10.60      0.88
    1921    0.63    1.32    4.50    2.47    0.79    0.69    0.57    1.37    2.87    2.48    2.41    2.30     22.42      1.87
    1922    2.15    2.46    1.61    5.49   12.50    5.77    2.05    1.36    1.15   12.82    6.05    1.54     54.95      4.58
    1923    1.20    1.18    1.13    1.20    1.46    1.37    1.04    0.85    0.78    0.71    0.71    0.88     12.51      1.04
    1924    0.87    0.68    1.08    1.19    0.80   14.34   14.91    5.09    1.50    1.18    0.94    1.03     43.61      3.63
    1925    1.07    1.06    0.99    0.88    1.13    1.80    1.47    0.95    1.08    1.08    0.81    1.03     13.35      1.11
    1926    1.48    1.35    1.36    1.05    0.69   21.42    8.34    1.12    0.85    0.72    0.67    0.66     39.71      3.31
    1927    0.74    0.62    0.73    1.31    1.58    1.83    1.46    0.97    0.79    0.67    0.80    0.85     12.35      1.03
    1928    0.89    1.34    1.84    1.42    1.05    1.60    1.33    0.93    1.46    2.09    1.71    2.62     18.29      1.52
    1929    3.96    2.81    1.82    1.51    1.09    1.38    1.53    1.09    1.05    1.04    1.66    2.30     21.24      1.77
    1930    1.87    1.07    0.77    1.26    2.16    9.79    4.60    1.24    0.94   26.85   10.59    1.37     62.50      5.21
    1931    1.44    1.59    1.34    0.93    1.05    1.08    0.73    0.76    0.86    0.96    0.94    1.72     13.40      1.12
    1932    5.71   25.65    9.72    1.46    1.02    1.64    2.09    1.57    1.16    0.98    0.86    0.78     52.64      4.39
    1933    0.66    9.89   11.53   16.52    6.39    2.72    2.64    1.84    1.37    1.80    1.75    1.08     58.19      4.85
    1934    1.05    1.62    2.29    1.72    0.97    1.70   12.79    9.85   10.92    4.85    2.30    1.77     51.83      4.32
    1935    1.43    1.35    0.87    0.74    1.28    2.48    2.12    2.00    1.96    1.77    1.41    1.06     18.47      1.54
    1936    1.21   21.40    8.40    1.50    2.22    2.67    1.78    1.21    1.00    0.93    0.86    0.79     43.97      3.66
    1937    0.82    0.91    1.06    1.30    1.34    1.33    2.21    2.22    1.83    1.77    1.36    1.01     17.16      1.43
    1938    1.13    2.77    4.61    2.84    8.03    3.95    1.33    1.10    0.98    1.11    1.16    1.70     30.70      2.56
    1939    2.75    1.84    1.03    1.00    1.65    2.04    1.46    1.55    1.58    1.19    0.92    1.15     18.17      1.51
    1940    1.27    1.13    0.96    1.00    1.10    1.07    1.17    1.07    0.87    0.77    0.71    0.63     11.74      0.98
    1941    0.92    1.02    0.52    0.65    0.92    1.34    1.55    1.39    1.13    0.80    0.74    0.98     11.96      1.00
    1942    1.39   16.81    7.71    1.87    0.99    1.27    5.01    3.35    2.29    1.92    2.49    2.92     48.01      4.00
    1943    2.64   16.54   14.80    4.54    1.88   12.18    5.47    1.66    1.55    1.63    1.30    9.92     74.13      6.18
    1944    5.13    1.58    0.83    0.77    1.07    1.69    1.48    1.11    0.97    0.84    0.73    0.69     16.89      1.41
    1945    1.42    1.25    0.67    0.72    1.05    2.00    2.15    1.70    1.38    1.03    0.77    0.68     14.81      1.23
    1946    0.79    1.12    1.01    0.87    0.89    1.35    1.55    1.08    1.19    1.39    1.06    1.10     13.40      1.12
    1947    1.07    4.79   10.55    4.62    2.04   11.27    8.28    3.02    1.45    1.20    0.97    0.77     50.02      4.17
    1948    1.02    1.13    1.13    1.15    1.13    1.10    1.18    1.10    0.83    0.74    0.70    0.64     11.86      0.99
    1949    0.73    1.39    1.26    0.97    1.47    1.78    1.67    2.01    1.91    1.47    1.60    1.38     17.64      1.47
    1950    1.25    0.99    4.84    3.00    1.43    1.22    1.06    0.87    0.72    0.63    0.67    0.85     17.52      1.46
    1951    1.32    0.84    0.53    0.70    1.07    1.19    1.09    0.92    0.72    0.66    0.56    0.82     10.43      0.87
    1952    1.06    0.62    0.48    0.52    0.61    0.81    1.07    0.93    0.68    0.57    0.61    1.21      9.17      0.76
    1953    1.82    1.97    1.47    1.03    1.08    1.93    1.78    1.89    2.60    1.94    1.23    1.12     19.86      1.66
    1954    1.83    1.84    0.99    1.08    5.11    3.13    2.25    2.04    1.67    1.41    0.96    1.06     23.39      1.95
    1955    1.18    1.07    0.81    0.46    0.52    1.51    2.22    1.73    1.33    1.00    0.83    1.01     13.67      1.14
    1956    1.51    5.47    9.58    4.32    1.87    2.41    2.81    2.13    1.59    1.27    1.18    1.41     35.53      2.96
    1957    1.75    1.56    1.16    1.23    1.86    1.89    1.67    1.35    0.96    0.98    0.95    0.88     16.24      1.35
    1958    0.81    1.44    2.14    1.46    0.99    1.09    1.75   25.31    9.89    7.64    4.38    2.10     59.02      4.92
    1959    1.65    1.66    1.73    2.01    2.01    1.78    1.74    1.58    1.22    1.00    1.06    1.29     18.73      1.56
    1960    1.50    1.99    2.53    2.70    2.51   12.38   27.90   10.13    2.26    1.68    1.36    1.20     68.14      5.68
    1961    1.00    1.24    1.41    1.16    1.95   20.06    8.28    1.93    1.54    1.15    1.02    0.88     41.60      3.47
    1962    1.23    2.04    1.46    5.69    3.23   53.29   19.28    2.10    1.43    1.86    1.90    1.20     94.72      7.89
    1963    1.41    1.93    2.20    2.66    2.46    8.44    4.78    2.48    6.21    3.69    1.82    1.49     39.58      3.30
    1964    1.78    1.23    0.81    1.00    1.03    0.83    0.86    1.10    2.14    2.81    2.34    1.97     17.91      1.49
    1965    2.42    2.82    1.51    1.23    1.41    1.00    0.78    1.71    2.43    1.51    1.26    1.30     19.37      1.61
    1966    1.19    1.05    0.96    1.35    1.39   11.86   12.30    4.74    2.39    2.38    1.83    1.11     42.53      3.54
    1967    0.97    1.19    0.97    0.73    0.67    0.67    0.70    0.64    0.56    0.57    0.66    0.75      9.07      0.76
    1968    0.86    0.75    0.56    0.36    0.52    1.71    1.96    1.59    1.23    0.98    0.96    0.77     12.25      1.02
    1969    0.86    1.20    1.08    0.67    0.66    0.61    0.45    0.47    0.69    0.72    5.58    3.92     16.90      1.41
    1970    9.03    4.28    1.83    1.95    1.59    1.28    1.32    1.56    1.34    1.44    2.54    2.38     30.54      2.55
    1971    2.32    2.62    1.76    1.31   11.58    5.52    1.61    1.14    0.96    0.85    0.74    0.68     31.08      2.59
    1972    0.69    0.86    0.78    0.58    0.85    1.54    1.76    1.32    0.89    0.77    0.96    1.00     12.01      1.00
    1973    0.85    1.15    1.26    1.64    6.05   20.17    7.69    2.36    2.62    2.04    1.46    1.13     48.40      4.03
    1974    0.97    1.02    0.93    0.80    0.73    0.91    1.00    0.78    0.62    0.59    0.60    1.41     10.37      0.86
    1975    1.60    1.26    8.18    5.20   12.76   51.46   17.15    2.55    2.25    1.70    1.39    1.43    106.96      8.91
    1976   33.62   12.47    1.21    1.03    1.29    1.58    1.41    1.10    0.98    0.92    0.88    1.13     57.62      4.80
    1977    1.43    1.54    1.71    1.55    1.16    1.08   45.37   16.68    1.96    1.40    1.18    1.12     76.18      6.35
    1978    1.58    1.59    1.99    1.88    1.69    1.72    1.27    1.11    1.02    1.59    2.27    1.70     19.42      1.62
    1979    1.29    0.92    0.65    0.54    0.70    1.11    1.11    0.85    0.68    0.61    0.54    1.19     10.19      0.85
    1980    1.77    1.62    1.26    1.37    1.48    1.18    0.92    1.59    2.27    1.62    1.40    1.07     17.53      1.46
    1981    0.67    0.56    2.01    2.13    1.47    1.56    1.69    1.22    1.06    1.24    1.06    0.78     15.47      1.29
    1982    0.96    0.84    0.41    0.29    0.29    0.34    0.44    0.47    0.45    1.40    2.16    1.52      9.55      0.80
    1983    1.17    1.37    1.13    0.81    0.83    1.15    1.40    1.26    1.15    1.48    1.46    0.92     14.15      1.18
    1984    0.96    1.18    0.84    0.90   55.72   19.47    1.12    0.84    0.70    0.62    0.53    0.62     83.51      6.96
    1985   10.24   13.32    4.88    2.15    2.39    2.51    2.16    1.46    1.10    1.03    1.28    1.69     44.21      3.68
    1986   19.52    8.56    1.93    1.58    1.40    1.30    1.18    0.94    0.87    0.80    0.89   34.62     73.57      6.13
    1987   13.01    1.78    1.45    1.25    3.40    7.80    3.88    2.47    2.17    1.77    1.60    1.46     42.04      3.50
    1988    1.47    1.85    8.03    3.60    2.11    2.69    9.28    4.50    1.71    1.58    1.30    0.95     39.08      3.26
    1989    1.46   18.92    7.54    1.72    1.33    1.59    2.17    1.57    1.19    1.02    1.02    0.92     40.44      3.37
    1990    1.12    1.08    0.81    0.89    1.03    1.12    0.88    0.71    0.65    0.58    0.56    0.60     10.02      0.83
    1991    1.53    2.34    1.95    1.13    0.64    0.60    0.86    0.89    0.65    0.54    0.50    0.50     12.13      1.01
    1992    0.51    0.46    0.39    0.41    0.39    0.37    0.48    0.47    0.38    0.34    0.35    0.63      5.18      0.43
    1993    1.31    1.81   10.47    4.69    2.08    2.73    2.12    1.41    1.09    1.04    1.07    0.78     30.59      2.55
    1994    0.65    0.57    0.65    0.83    0.83    1.13    1.67    1.59    1.36    1.14    0.81    0.73     11.96      1.00
    1995    0.85    0.99    5.01    3.47    2.39    2.39    1.61    1.09    0.90    0.92    0.87    0.69     21.18      1.77
    1996    0.93    5.47    3.15    1.32    1.11    1.33    3.22    2.58   34.70   13.44    2.28    1.56     71.07      5.92
    1997    1.44    1.48    1.06    1.05    6.31   14.63    5.93    1.74    1.35    1.18    1.29    1.16     38.61      3.22
    1998    0.95    1.50    2.19    1.96    2.10    1.96    1.57    1.30    1.23    1.19    0.98    0.79     17.74      1.48
    1999    1.05    1.34    1.52   11.59    5.78   28.65   15.70    4.31    2.56    1.83    1.31    1.33     76.96      6.41
    2000    1.50    1.72    1.85    1.57    1.17    1.15    1.49    1.50    1.16    0.98    0.87    0.95     15.92      1.33
    2001    1.22    7.84    4.19    1.67    1.23    1.27    1.43    2.08    2.15    5.90   28.10   12.95     70.03      5.84
    2002    2.75    1.14    0.83    0.74    0.71    1.48    1.91    1.65    1.58    1.18    0.96    0.95     15.88      1.32
    2003    0.97    0.76    0.63    0.70    0.67    0.82    1.11    0.96    0.76    0.93    0.93    1.13     10.38      0.86
    2004    1.18    0.92    0.98    0.96    0.91    1.16    1.44    1.32    1.05    0.81    0.86    0.81     12.38      1.03
    2005    0.62    1.25    1.20   20.16    8.11    1.75    6.66    3.92    1.80    1.88    5.76   24.15     77.26      6.44
    2006   32.62   10.40    1.74    1.13    1.08    1.11    1.17    1.09    1.11    1.10    0.91    0.72     54.17      4.51
    2007    0.85    0.95    0.83    1.04    1.34    1.29    1.54    1.60    5.13    3.39    2.00    2.07     22.03      1.84
    2008    2.12    2.21    1.93    1.60    2.05    1.68    1.02    0.86    0.84    0.80    0.74    0.80     16.66      1.39
    2009    1.39    1.54    0.96    1.04    1.07    0.83    0.88    0.87    0.86    0.83    0.62    0.44     11.32      0.94
  
 AVERAGE    2.62    3.16    2.51    2.08    2.70    4.86    3.86    2.22    1.98    1.96    1.75    2.04     31.73      2.64
