    1920    0.38    0.30    0.37    0.39    0.59   15.60    5.79    0.71    0.44    0.32    0.24    0.33     25.46      2.12
    1921    0.52    5.32    7.58    2.51    0.70    0.71    0.45    0.75    1.48    1.08    0.86    0.57     22.56      1.88
    1922    0.89    1.46    1.30    3.39   10.59    7.86    2.12    0.53    0.48    1.23    1.16    0.47     31.48      2.62
    1923    0.37    0.33    0.67    5.70    2.74    0.87    0.63    0.54    0.44    0.36    0.34    0.54     13.51      1.13
    1924    0.56    0.70   14.61    5.73    7.38   37.05   12.66    1.33    0.75    0.57    0.46    0.59     82.39      6.87
    1925    0.76    0.79    0.56    0.88    0.58    0.84    0.99    0.70    0.88    0.73    0.39    0.63      8.73      0.73
    1926    1.16    0.88    4.23    2.10    2.43    9.81    3.94    0.68    0.44    0.57    0.77    0.50     27.51      2.29
    1927    0.80    0.64    0.78    6.33    3.95   14.58    5.23    0.54    0.46    0.40    0.44    0.43     34.59      2.88
    1928    0.54    0.50    0.66    0.64    0.56    1.13    0.83    0.50    0.78    1.27    0.86    0.90      9.19      0.77
    1929    0.87    2.97    4.97    2.10    0.76    0.87    0.96    0.62    0.52    0.48    0.74    0.62     16.47      1.37
    1930    0.45    0.47    0.78    7.04   12.29    7.09    2.27    0.82    0.50    0.84    0.76    0.37     33.68      2.81
    1931    0.50    0.62    0.59    0.61    8.56    3.97    0.83    0.62    0.69    0.75    0.51    0.39     18.65      1.55
    1932    0.46    0.80    2.71    1.31    0.61    0.98    0.77    0.40    0.29    0.34    0.30    0.21      9.18      0.77
    1933    0.19   15.78   11.45   19.19    6.60    1.64    1.23    0.86    0.60    0.60    0.52    0.40     59.06      4.92
    1934    0.74    5.95    8.73    3.17    1.05    1.07    3.56    2.03    1.17    0.84    0.80    0.56     29.67      2.47
    1935    0.43    0.36    0.33    0.74    9.88    4.24    0.83    1.09    0.93    0.54    0.38    0.33     20.08      1.67
    1936    0.41   10.35    4.17    3.38   17.45    9.52    1.90    0.53    0.45    0.42    0.37    0.33     49.28      4.11
    1937    0.35    0.38    0.64    1.09    6.11    2.64    1.06    0.81    0.59    0.64    0.64    0.47     15.42      1.28
    1938    0.54    0.56   11.30   11.88   16.07    5.52    1.03    0.72    0.54    0.50    0.49    0.82     49.98      4.16
    1939    1.12    1.05    1.16    1.14   12.40    5.21    1.17    5.00    2.50    0.78    0.49    0.60     32.62      2.72
    1940    0.88    0.71    7.18    9.11    8.55    3.37    1.18    0.65    0.48    0.47    0.46    0.38     33.42      2.79
    1941    0.46    0.43    0.35    4.87   24.80   14.28    3.50    1.22    0.68    0.50    0.47    0.50     52.05      4.34
    1942    0.56    1.01   15.30    7.57    1.54    4.30   10.69    4.30    1.15    1.03    2.80    1.48     51.71      4.31
    1943    2.90    8.04   15.12    9.85    5.38    3.86    1.39    0.65    0.79    0.79    0.55    0.84     50.15      4.18
    1944    1.02    0.75    0.39    0.66    4.31   12.95    4.62    0.69    0.52    0.43    0.37    0.33     27.04      2.25
    1945    0.39    0.39    0.37    2.39    1.53    1.32    1.13    0.77    0.51    0.38    0.29    0.23      9.71      0.81
    1946    0.30    0.75    0.76    0.76    6.48    3.22    1.04    0.51    0.70    0.78    0.41    0.36     16.06      1.34
    1947    0.47    2.20    1.80    9.98   10.19   12.20    4.19    0.86    0.59    0.46    0.38    0.33     43.65      3.64
    1948    0.41    0.43    0.43    0.90    1.39    1.65    1.28    0.71    0.44    0.39    0.35    0.32      8.69      0.72
    1949    0.31    0.43    0.85    1.31    9.55   24.02    7.73    1.25    0.89    0.75    1.43    0.98     49.49      4.12
    1950    0.55    0.58    3.45    1.92    2.28    1.90    1.25    0.69    0.47    0.39    0.50    0.65     14.62      1.22
    1951    0.82    0.36    0.28    1.32   11.58    4.52    0.89    0.59    0.45    0.49    0.45    0.39     22.13      1.84
    1952    0.45    0.67    1.08    1.31    1.39    1.12    0.82    0.56    0.37    0.30    0.29    0.44      8.80      0.73
    1953    0.82    0.75    0.90    1.28    4.69    2.59    1.03    1.35    1.24    0.72    0.43    0.38     16.18      1.35
    1954    0.61    0.88    1.04   27.69   21.59    5.04    1.12    0.79    0.64    0.54    0.39    0.35     60.68      5.06
    1955    0.40    0.53    0.86    0.86    8.07    9.97    3.11    0.60    0.47    0.39    0.35    0.37     25.97      2.16
    1956    0.45    0.65   12.47   13.73    6.56    9.09    3.59    0.79    0.55    0.51    0.65    2.79     51.81      4.32
    1957    2.21    1.11    0.83    8.79    3.90    1.39    1.83    1.21    0.63    0.47    0.38    0.35     23.10      1.93
    1958    0.33    0.84    7.06    3.00    6.04    2.93    1.09   23.78    8.59    0.91    0.73    0.52     55.83      4.65
    1959    0.46    0.75    0.91    0.97    0.85    1.00    1.13    0.82    0.50    0.37    0.35    0.37      8.47      0.71
    1960    0.48    1.91    1.69    1.07    0.81    3.29    2.30    1.14    0.58    0.41    0.35    0.32     14.34      1.20
    1961    0.25    0.50    1.15    1.16    2.78    3.19    1.44    0.58    0.41    0.33    0.34    0.28     12.42      1.03
    1962    0.35    0.73    1.16   12.27    4.97   10.86    4.37    0.72    0.53    0.74    0.62    0.35     37.67      3.14
    1963    0.61    2.27    1.79   11.28    4.38    4.01    2.24    0.85    7.32    3.34    0.67    0.51     39.28      3.27
    1964    1.10    0.94    0.69    1.39    1.52    0.99    0.78    0.66    1.29    2.15    1.89    1.07     14.47      1.21
    1965    0.80    0.91    0.46   15.10    5.81    0.68    0.65    0.92    0.70    0.45    0.47    0.55     27.50      2.29
    1966    0.51    0.42    5.14   16.80    7.01   20.97    7.81    1.19    0.95    1.00    0.68    0.41     62.88      5.24
    1967    0.46    0.59    0.95    0.86    0.54    0.88    0.95    0.54    0.37    0.33    0.36    0.42      7.25      0.60
    1968    0.32    0.25    0.44    0.57    2.42    2.08    1.27    0.83    0.52    0.40    0.32    0.26      9.69      0.81
    1969    0.59    0.44    0.55    0.70    3.77    1.69    0.33    0.35    0.39    0.32    0.52    0.88     10.53      0.88
    1970    1.52    1.05    0.54    1.90    2.36    1.68    1.03    0.88    0.63    0.71    0.79    0.40     13.48      1.12
    1971    0.53    0.62    0.85    6.59   10.43   11.60    3.75    0.83    0.62    0.49    0.42    0.43     37.17      3.10
    1972    0.49    0.79    0.45    0.43   11.11    5.11    1.39    0.79    0.48    0.41    0.46    0.52     22.44      1.87
    1973    0.37    0.65    0.85   12.75   17.51   14.26    4.25    1.14    0.91    0.70    0.56    0.43     54.40      4.53
    1974    0.41    1.68    1.56    1.41    4.33    2.16    0.94    0.60    0.41    0.37    0.34    0.68     14.89      1.24
    1975    0.68    0.93   15.74   24.50   19.18   37.93   11.88    1.11    0.81    0.59    0.49    0.64    114.50      9.54
    1976    1.24    0.65    0.53    6.58    3.30    3.46    1.97    0.96    0.62    0.54    0.49    0.56     20.89      1.74
    1977    1.01    1.22    1.21    2.28    2.54    6.79    3.46    1.13    0.60    0.47    0.61    1.39     22.70      1.89
    1978    1.66    1.20    4.92    1.98    6.46    2.98    1.04    0.75    0.50    0.71    0.86    0.56     23.62      1.97
    1979    0.44    0.46    0.73    4.87    2.69    1.36    0.76    0.45    0.36    0.31    0.27    1.49     14.19      1.18
    1980    1.15    0.68    0.53    2.47   10.47    3.86    0.68    0.62    0.49    0.38    0.49    0.49     22.30      1.86
    1981    0.37    0.48    0.71    1.17    0.89    5.53    2.69    0.68    0.47    0.42    0.30    0.37     14.07      1.17
    1982    0.76    0.57    0.22    0.27    0.25    0.31    0.41    0.32    0.22    0.26    0.23    0.17      3.99      0.33
    1983    0.38    1.02   18.66    6.66    0.86    1.18    0.87    0.53    0.47    0.46    0.43    0.31     31.83      2.65
    1984    0.58    0.57    0.30    1.01   15.20    5.43    0.42    0.31    0.27    0.26    0.24    0.21     24.79      2.07
    1985   13.31    5.07    1.71   17.49    9.65    2.24    0.88    0.54    0.49    0.45    0.52    0.59     52.93      4.41
    1986    1.02    1.16    1.12    1.02    1.21    1.44    0.91    0.49    0.46    0.43    0.71   32.37     42.36      3.53
    1987   11.87    1.21    0.87    2.02   23.62   19.45    5.09    1.15    0.84    0.82    0.69    0.55     68.16      5.68
    1988    0.58    0.73    4.52    2.52   18.60    7.06    1.54    1.18    0.77    0.62    0.47    0.37     38.97      3.25
    1989    0.38   16.70    8.39    1.93    0.80    8.65    4.31    1.10    0.72    0.59    0.64    0.49     44.69      3.72
    1990    0.48    0.43    0.72    9.89    6.95    4.15    1.42    0.50    0.46    0.41    0.34    0.34     26.08      2.17
    1991    1.21    1.07    3.47    1.59    4.64    2.94    1.19    0.60    0.40    0.34    0.34    0.32     18.12      1.51
    1992    0.30    0.36    0.27    0.26    8.86    7.12    2.15    0.58    0.39    0.32    0.34    0.33     21.28      1.77
    1993    0.92    0.99    3.92    8.03    3.43   15.15    5.64    0.61    0.48    0.63    0.74    0.45     40.99      3.42
    1994    0.63    0.40    0.32    0.78    0.70    1.05    0.95    0.52    0.72    0.67    0.34    0.27      7.36      0.61
    1995    0.35    0.73   11.55   15.98   29.33   13.02    2.61    0.93    0.59    0.89    0.81    0.53     77.30      6.44
    1996    0.72    1.14   13.50   16.85    5.26    7.20    4.76    1.59    1.54    1.55    0.95    0.61     55.67      4.64
    1997    0.57    0.90    0.65    0.79   11.82    5.15    0.95    0.61    0.49    0.42    0.42    0.36     23.13      1.93
    1998    0.36    0.83    1.33    1.19    7.17    3.56    1.04    0.58    0.42    0.36    0.30    0.24     17.40      1.45
    1999    0.30    0.62   15.81    9.64    2.90   15.15    5.79    1.11    0.83    0.57    0.42    0.53     53.67      4.47
    2000    0.64    0.65    0.74   12.50    9.86    6.43    2.58    0.93    0.58    0.52    0.61    0.95     36.99      3.08
    2001    1.39    9.75    5.88    3.65    1.42    0.78    0.68    0.78    0.78    1.02    1.53    1.10     28.76      2.40
    2002    0.57    0.33    0.63    2.12    1.75    4.82    2.24    0.64    0.45    0.38    0.35    0.38     14.65      1.22
    2003    0.30    0.34    0.27    0.43    3.97    4.34    1.65    0.55    0.47    1.01    1.10    0.90     15.31      1.28
    2004    1.12    9.06    6.31    2.13    1.37   12.59    4.80    0.57    0.45    0.41    0.42    0.37     39.58      3.30
    2005    0.60    0.93    0.39    0.91   18.05    6.51    0.84    0.66    0.47    0.38    0.69    1.49     31.90      2.66
    2006   10.36    4.58   19.53    7.43    2.89    1.78    1.29    0.81    0.71    0.66    0.48    0.40     50.92      4.24
    2007    0.83    1.04    0.59    0.72    0.97    1.32    2.73    1.43    0.77    0.65    0.40    0.52     11.97      1.00
    2008    0.53    0.91   11.25    5.86   19.91    7.30    0.82    0.69    0.68    0.53    0.67    0.63     49.79      4.15
    2009    4.16    2.39    0.56    6.19    8.50    2.81    1.14    0.90    0.59    0.48    0.36    0.27     28.36      2.36
  
 AVERAGE    1.08    1.74    3.61    5.06    6.75    6.29    2.41    1.13    0.80    0.62    0.57    0.90     30.96      2.58
