    1920    1.13    0.95    0.82    0.77    1.08   21.08    9.56    2.64    1.29    0.86    0.63    0.79     41.59      3.47
    1921    1.20   15.77   14.15    4.27    1.41    1.16    0.87    1.88    3.97    2.77    2.13    1.42     50.99      4.25
    1922    6.09    5.03    2.67    6.04   30.02   19.99    4.92    1.34    1.12    5.03    3.33    1.22     86.80      7.23
    1923    0.95    0.84    1.33    5.36    3.87   12.61    5.41    1.54    1.25    1.01    0.98    1.24     36.38      3.03
    1924    1.60    2.18   24.70    9.73    2.59   38.47   15.48    2.90    1.62    1.23    1.00    1.10    102.59      8.55
    1925    1.22    1.51    1.61    2.00    1.58   24.55    9.63    1.54    1.88    1.59    1.00    1.53     49.64      4.14
    1926    2.28    1.81    2.39    2.48    2.28   47.89   16.95    1.29    1.00    1.08    1.19    0.96     81.58      6.80
    1927    1.34    1.39    2.04   20.82   19.47    6.61    1.91    1.33    1.14    0.95    1.10    1.05     59.15      4.93
    1928    1.36    1.60    1.68    1.77    1.67   24.36    9.28    1.39    2.31    3.14    2.05    2.49     53.10      4.43
    1929    2.71    2.69    6.67    3.91    1.77    2.36    2.98    1.81    1.42    1.29    1.91    1.86     31.38      2.61
    1930    1.46    1.19    1.08   24.70   22.57   14.46    5.69    2.12    1.24    3.87    2.82    1.09     82.28      6.86
    1931    1.53    1.55    1.55    1.63   22.25    9.35    1.54    1.38    1.67    2.01    1.41    1.31     47.18      3.93
    1932    1.84    2.72   11.62    4.69    1.71    2.52    1.73    0.98    0.77    0.81    0.76    0.63     30.77      2.56
    1933    0.57   21.13   16.83   59.75   20.92    4.30    2.47    1.51    1.20    1.33    1.19    0.91    132.12     11.01
    1934    1.40    2.85    7.99    4.00    1.78    1.83   13.51    7.17    3.39    2.12    2.26    1.65     49.95      4.16
    1935    1.11    0.91    0.62    0.78   20.60    8.96    1.64    2.27    2.18    1.44    0.99    0.81     42.32      3.53
    1936    1.30   26.65   10.04    2.38   47.17   18.04    2.05    1.15    0.98    0.93    0.83    0.85    112.38      9.36
    1937    1.00    1.07    1.33    2.28   21.98    8.90    3.11    2.29    1.84    2.02    1.79    1.30     48.91      4.08
    1938    1.36    1.51   18.86   21.10   38.75   12.96    2.06    1.94    1.50    1.55    1.56   17.32    120.47     10.04
    1939    8.04    2.58    2.51    2.44   41.69   15.87    2.61   11.03    5.38    1.75    1.19    1.38     96.47      8.04
    1940    1.62    1.72    7.14    4.59   16.29    7.38    2.88    1.79    1.18    1.09    1.05    0.89     47.62      3.97
    1941    0.95    0.99    0.73    1.47   53.41   31.82    7.83    3.03    1.63    1.15    1.11    1.29    105.41      8.78
    1942    1.73    2.90   14.04    6.87    2.27    9.91   10.67    4.76    2.86    2.53    8.77    4.45     71.76      5.98
    1943    3.17   23.58   14.82   13.05    8.10    6.37    2.77    1.47    1.79    1.87    1.28    2.53     80.80      6.73
    1944    3.15    1.47    0.75    1.22   14.03   23.79    7.90    1.44    1.16    0.99    0.86    0.77     57.54      4.79
    1945    1.08    0.92    0.73    7.81    8.79    4.74    2.95    2.11    1.35    1.12    0.92    0.82     33.35      2.78
    1946    0.96    2.10    2.26    7.92   12.00   12.67    4.93    1.44    1.86    2.13    1.20    1.04     50.51      4.21
    1947    1.30   18.47   12.08   15.04   15.00   20.92    7.56    1.66    1.20    1.05    0.92    0.82     96.01      8.00
    1948    1.03    1.03    1.02    6.10    3.95    3.07    2.73    1.68    1.08    0.99    0.87    0.78     24.32      2.03
    1949    0.81    0.83    1.46    1.95   17.49   42.81   13.95    2.29    1.66    1.48    3.10    2.22     90.04      7.50
    1950    1.82    1.52   15.53    7.61    4.31    3.39    2.14    1.34    1.00    0.86    1.27    2.14     42.95      3.58
    1951    2.99    1.40    0.67    1.63   30.10   11.76    2.56    2.08    1.45    1.20    0.99    1.04     57.87      4.82
    1952    1.39    1.57   11.63    6.29    2.79    2.59    2.46    1.49    0.92    0.78    0.76    1.28     33.96      2.83
    1953    2.02    2.05    2.36    9.01    4.78    4.43    2.66    3.07    3.37    2.11    1.20    1.22     38.28      3.19
    1954    2.50    2.87    2.81   71.68   67.89   16.44    2.39    1.95    2.01    1.69    1.08    1.13    174.43     14.54
    1955    1.46    2.11    1.97    1.74   15.87   29.26    9.77    1.73    1.38    1.10    0.95    1.02     68.37      5.70
    1956    1.52    2.04   35.02   38.74   11.70   16.24    6.98    1.79    1.36    1.28    1.59    9.24    127.51     10.63
    1957    7.39    2.80    1.72   18.30    8.47    2.85    3.60    2.65    1.41    1.13    0.96    0.82     52.10      4.34
    1958    0.83    1.81   11.59    5.69    3.05    2.68    2.08   30.61   11.95    2.28    2.57    1.67     76.83      6.40
    1959    1.20    1.70    2.06    1.71    1.59    1.93    2.21    1.71    1.08    0.83    0.86    1.14     18.03      1.50
    1960    1.22    1.41    2.32    2.20    2.28    5.35    4.12    2.27    1.18    0.86    0.74    0.71     24.67      2.06
    1961    0.61    1.01    1.54    1.81    3.08   14.30    6.29    1.60    1.09    0.81    0.83    0.75     33.72      2.81
    1962    0.78    1.51    2.65   38.07   14.64   34.76   13.24    1.71    1.18    1.93    1.77    0.90    113.16      9.43
    1963    1.93    6.38    4.01   14.15    5.79    3.05    3.45    1.98   31.60   12.66    1.63    1.40     88.03      7.34
    1964    2.77    1.85    1.34    1.62    2.21    1.74    1.10    1.05    7.48    7.41    4.81    2.61     35.99      3.00
    1965    2.26    2.64    1.23   19.15    7.73    1.15    1.02    1.91    1.91    1.12    1.09    1.37     42.58      3.55
    1966    1.10    0.81    1.41    8.26    7.40   36.49   17.09    3.58    2.20    2.70    1.84    0.95     83.82      6.99
    1967    0.99    1.22    1.19    1.61    1.99    3.60    2.69    1.34    0.89    0.81    0.91    1.15     18.38      1.53
    1968    0.98    0.84    0.79    0.78    1.52    4.46    3.15    1.99    1.31    0.97    0.77    0.62     18.17      1.51
    1969    1.23    0.94    1.48    1.98    2.77    1.90    0.77    0.85    1.02    0.81    1.05    1.71     16.50      1.37
    1970    2.68    1.93    1.46    7.83    4.86    2.58    1.97    2.00    1.46    1.75    2.21    1.22     31.96      2.66
    1971    2.02    1.96    1.63   13.38   25.36   17.78    5.19    1.65    1.27    1.03    0.90    0.90     73.06      6.09
    1972    0.96    1.75    1.34    1.16   20.48    9.14    2.22    1.38    0.97    0.86    0.92    1.14     42.31      3.53
    1973    0.99    1.59    1.87   28.26   24.66   41.84   14.00    2.76    2.58    1.77    1.23    0.92    122.48     10.21
    1974    0.94    2.21    5.19    3.54    3.13    3.11    2.45    1.45    0.97    0.85    0.79    1.48     26.10      2.18
    1975    1.45    1.48   35.92   47.49   52.19   73.92   21.66    2.40    1.84    1.42    1.16    1.51    242.44     20.20
    1976    3.17    2.00    1.69    6.45   11.25    8.84    3.66    1.93    1.40    1.26    1.15    1.44     44.23      3.69
    1977    2.50    2.20    2.66    6.09    9.85   30.82   29.28    8.46    1.71    1.32    1.16    1.40     97.46      8.12
    1978    2.02    1.77    2.23    1.95    2.55    2.58    2.18    1.55    1.01    1.42    1.75    1.35     22.37      1.86
    1979    1.14    0.92    0.99   24.36   13.43    3.65    1.52    1.07    0.87    0.76    0.65    3.40     52.75      4.40
    1980    2.40    2.05    1.40    1.95    9.23    4.48    1.40    1.24    1.00    0.79    0.93    0.96     27.83      2.32
    1981    0.86    1.12    1.66    1.64    1.50   20.44    8.54    1.39    1.15    1.17    0.82    1.04     41.33      3.44
    1982    1.60    1.32    0.65    0.50    0.43    0.55    0.69    0.58    0.46    0.47    0.42    0.41      8.09      0.67
    1983    1.05    2.53   17.26    7.52    2.21    2.88    2.55    1.45    1.19    1.18    0.97    0.71     41.52      3.46
    1984    1.44    1.83    0.98    4.80   30.41   10.80    1.10    0.85    0.73    0.72    0.65    0.55     54.87      4.57
    1985    8.14    4.78    2.91    7.95    7.57    4.01    1.99    1.27    1.13    0.98    1.18    1.47     43.38      3.61
    1986    2.41    2.73    1.65    2.19    3.14    3.36    2.17    1.12    0.91    0.82    1.50   88.59    110.59      9.22
    1987   31.27    2.50    1.57    3.70   47.17   32.60    8.31    2.67    2.08    1.92    1.65    1.30    136.74     11.40
    1988    1.30    1.67    8.92    9.60   30.09   11.12    3.15    2.73    1.67    1.36    1.05    0.82     73.48      6.12
    1989    1.03   16.49   10.56    3.76    1.77   19.22    8.82    2.22    1.57    1.28    1.43    1.08     69.23      5.77
    1990    1.08    0.92    1.46    9.50    9.68    4.18    1.43    0.93    0.88    0.83    0.71    0.70     32.29      2.69
    1991   11.73    5.60   10.12    4.55    9.89    5.27    2.21    1.30    0.89    0.78    0.97    0.92     54.20      4.52
    1992    0.82    1.51    1.01    0.79    4.52    9.34    4.44    1.46    0.93    0.74    0.80    0.88     27.26      2.27
    1993    1.95    1.84    8.92   13.23    8.69   20.94    7.86    1.14    1.02    1.42    1.54    0.94     69.50      5.79
    1994    1.11    0.77    0.67    1.52    1.82    9.01    4.46    1.23    1.41    1.30    0.77    0.67     24.74      2.06
    1995    0.86    1.20   16.41   35.42   51.21   20.91    4.30    1.67    1.19    1.82    1.74    1.11    137.83     11.49
    1996    1.38    2.53   18.23   39.95   13.91   10.53    5.93    3.28   32.16   13.35    2.34    1.45    145.06     12.09
    1997    1.29    1.59    1.58    2.17   44.92   19.78    2.97    1.55    1.25    1.11    1.17    1.01     80.40      6.70
    1998    1.02    1.99    2.33    2.45   25.89   17.83    4.48    1.40    1.10    1.02    0.89    0.74     61.14      5.10
    1999    1.17    1.90   30.87   39.18   13.83   37.13   14.39    3.23    2.35    1.52    1.11    1.61    148.29     12.36
    2000    2.74    2.92    2.14   13.00    9.58    4.28    3.36    1.99    1.39    1.35    1.46    2.20     46.42      3.87
    2001    3.38   21.11    9.10   10.15    4.47    1.68    1.44    1.81    1.77    2.17    3.48    3.26     63.83      5.32
    2002    1.78    0.91    1.49    2.31    2.08    5.41    3.60    1.83    1.23    0.94    0.82    0.91     23.32      1.94
    2003    0.70    0.69    0.63    1.00    5.08    4.50    2.53    1.33    0.95    2.03    2.38    2.04     23.87      1.99
    2004    2.02    5.05    7.78    4.16    2.76   10.77    4.78    1.18    0.90    0.79    0.84    0.73     41.77      3.48
    2005    0.98    1.65    0.73    1.73    9.99    4.41    1.55    1.68    1.16    0.84    1.81    7.27     33.80      2.82
    2006   36.55   13.64    4.95    3.54    2.94    2.46    2.53    1.80    1.77    1.88    1.22    0.92     74.20      6.18
    2007    1.61    1.87    1.13    1.10    1.62    2.59    3.47    2.23    1.56    1.29    0.82    0.96     20.24      1.69
    2008    1.02    1.24    2.22    6.08   19.92    8.29    1.74    1.28    1.18    1.03    1.25    1.23     46.48      3.87
    2009    6.78    3.87    1.07    1.71   12.72    5.63    1.93    1.44    1.23    1.11    0.76    0.55     38.80      3.23
  
 AVERAGE    2.69    3.51    5.71    9.74   13.48   12.96    5.22    2.35    2.34    1.72    1.41    2.57     63.72      5.31
