    1920    0.55    0.53    0.64    0.63    0.71    9.32    4.23    1.16    0.60    0.45    0.38    0.42     19.62      1.63
    1921    0.70    6.24   10.04    3.40    1.02    0.95    0.59    1.03    1.98    1.46    1.30    0.89     29.60      2.47
    1922    1.19    1.81    1.41    1.62   14.21   15.40    4.47    0.75    0.64    1.87    1.65    0.71     45.73      3.81
    1923    0.57    0.53    0.84    2.09    1.82    1.20    0.83    0.67    0.56    0.48    0.49    0.71     10.77      0.90
    1924    0.73    0.84   15.08    5.72    1.33   39.91   14.48    1.51    0.89    0.69    0.56    0.74     82.46      6.87
    1925    0.94    0.96    0.74    0.76    0.58    2.33    1.58    0.90    1.08    0.89    0.53    0.75     12.03      1.00
    1926    1.39    1.02    1.22    1.11    1.26   15.17    5.89    0.88    0.63    0.70    0.90    0.64     30.80      2.57
    1927    0.91    0.88    1.16    9.08    4.69    7.90    3.34    0.81    0.65    0.55    0.59    0.59     31.15      2.60
    1928    0.77    0.65    0.70    0.71    0.72    1.02    0.78    0.72    1.18    1.66    1.10    1.20     11.22      0.94
    1929    1.16    1.48    1.86    1.57    1.12    1.31    1.50    0.96    0.87    0.81    1.29    1.23     15.16      1.26
    1930    0.72    0.63    0.84    7.58   11.43   10.29    3.80    1.12    0.70    3.73    2.18    0.64     43.68      3.64
    1931    0.78    0.90    0.88    0.87    9.93    4.84    1.13    0.94    1.05    1.20    0.85    0.67     24.03      2.00
    1932    0.90    3.90    2.58    1.22    0.93    1.25    1.18    0.70    0.49    0.52    0.48    0.35     14.50      1.21
    1933    0.34   13.33    8.62   17.66    6.66    2.39    1.52    1.03    0.79    0.79    0.69    0.58     54.40      4.53
    1934    0.87    1.65    4.83    2.61    1.36    1.24    3.56    2.45    2.06    1.46    1.11    0.81     24.01      2.00
    1935    0.63    0.50    0.42    0.84    8.28    4.19    1.12    1.45    1.38    0.82    0.57    0.50     20.70      1.72
    1936    0.66   11.38    4.56    1.37   19.35    7.91    1.40    0.80    0.63    0.57    0.50    0.45     49.58      4.13
    1937    0.48    0.58    0.87    1.38    8.45    3.64    1.59    1.33    0.93    0.97    0.96    0.70     21.88      1.82
    1938    0.76    0.94    6.62    4.28   13.42    5.39    1.14    0.98    0.76    0.77    0.73    1.29     37.07      3.09
    1939    1.80    1.45    1.25    1.29   15.57    6.54    1.60    4.92    2.81    1.17    0.72    0.73     39.86      3.32
    1940    1.03    0.98    6.25    3.32    2.86    2.36    1.66    0.91    0.65    0.62    0.60    0.53     21.78      1.82
    1941    0.69    0.66    0.49    0.93   19.16   12.93    3.85    1.60    0.91    0.67    0.63    0.69     43.21      3.60
    1942    0.91    1.85   16.65    9.56    2.59    6.98   11.31    4.42    1.61    1.50    4.16    2.13     63.69      5.31
    1943    2.21   11.80   10.31    3.38    1.68    2.58    1.49    0.88    0.94    0.99    0.75    1.05     38.06      3.17
    1944    1.29    1.00    0.56    0.81    1.71   13.18    5.22    0.89    0.71    0.58    0.50    0.45     26.92      2.24
    1945    0.55    0.61    0.58    0.98    1.15    3.78    2.15    0.84    0.57    0.47    0.39    0.36     12.43      1.04
    1946    0.50    1.10    1.04    1.09    4.96    7.97    3.30    0.86    1.20    1.35    0.72    0.53     24.62      2.05
    1947    0.61    8.67    7.14    2.78   14.35   12.72    3.79    1.11    0.80    0.65    0.56    0.49     53.67      4.47
    1948    0.66    0.71    0.78    1.28    4.21    3.29    1.95    1.23    0.74    0.65    0.58    0.55     16.63      1.39
    1949    0.62    0.85    1.01    1.52    7.39   21.14    7.17    1.32    1.13    1.03    1.83    1.42     46.43      3.87
    1950    0.87    0.92    7.95    3.88    5.58    3.00    1.21    0.78    0.61    0.53    0.71    0.97     27.01      2.25
    1951    1.18    0.67    0.65    1.16    1.66    1.25    1.07    0.83    0.62    0.59    0.48    0.45     10.61      0.88
    1952    0.52    0.85    3.80    8.34    3.85    1.80    1.37    0.86    0.58    0.48    0.49    0.70     23.65      1.97
    1953    1.29    1.14    1.12    1.28    1.28    1.44    1.21    1.58    1.47    0.90    0.56    0.52     13.80      1.15
    1954    0.94    1.17    1.05   15.85   30.22    9.18    1.32    1.04    1.06    0.93    0.59    0.55     63.91      5.33
    1955    0.63    0.80    1.06    0.75    1.26    7.03    3.18    0.87    0.65    0.52    0.49    0.56     17.79      1.48
    1956    0.63    0.87   14.06    8.87    2.69    9.47    4.23    1.14    0.84    0.73    0.85    6.76     51.14      4.26
    1957    7.16    2.74    1.34    6.63    3.19    1.37    1.99    1.56    0.82    0.64    0.54    0.49     28.46      2.37
    1958    0.45    0.80    4.87    2.33    3.60    2.23    1.46   34.56   12.36    1.21    1.05    0.79     65.71      5.48
    1959    0.72    1.21    1.27    1.32    1.41    1.68    1.81    1.25    0.76    0.58    0.55    0.65     13.20      1.10
    1960    0.83    1.45    2.29    2.06    1.58    8.40    4.47    1.46    0.82    0.67    0.57    0.56     25.16      2.10
    1961    0.49    0.71    0.98    1.36    3.82    5.59    2.50    0.94    0.65    0.52    0.55    0.46     18.57      1.55
    1962    0.59    1.14    1.28    8.71    4.14   12.60    5.23    0.92    0.66    0.99    0.93    0.54     37.72      3.14
    1963    1.12    8.62    3.85    6.78    3.09    4.56    2.81    1.30   10.50    4.73    0.96    0.77     49.09      4.09
    1964    1.54    1.12    0.81    1.42    2.07    1.32    0.92    0.79    2.27    3.00    2.61    1.60     19.47      1.62
    1965    1.46    1.59    0.86    6.13    2.83    0.70    0.71    1.38    1.26    0.73    0.64    0.92     19.21      1.60
    1966    0.87    0.74    1.09    6.37    7.61   28.47   12.15    2.20    1.31    1.44    1.02    0.61     63.90      5.32
    1967    0.67    0.94    1.00    0.99    0.94    1.16    1.07    0.69    0.50    0.46    0.52    0.66      9.62      0.80
    1968    0.60    0.53    0.58    0.62    2.53    3.17    1.84    1.07    0.71    0.58    0.50    0.43     13.17      1.10
    1969    0.78    0.70    0.82    0.92    1.25    0.89    0.47    0.61    0.68    0.51    0.85    1.31      9.79      0.82
    1970    2.41    1.73    1.16    1.17    1.58    1.56    1.14    1.03    0.76    0.87    1.19    0.75     15.33      1.28
    1971    0.96    1.05    1.12    4.62   12.06   12.66    4.15    1.11    0.82    0.66    0.58    0.56     40.35      3.36
    1972    0.64    1.29    1.01    1.01    9.22    6.28    2.31    1.13    0.70    0.60    0.62    0.74     25.55      2.13
    1973    0.67    1.01    1.23   10.75   12.42   20.43    7.12    1.78    1.56    1.16    0.84    0.62     59.59      4.97
    1974    0.59    1.17    1.58    1.52    1.93    1.68    1.24    0.82    0.57    0.50    0.49    0.87     12.97      1.08
    1975    0.91    1.18   15.51   21.13   19.22   32.50   10.50    1.65    1.17    0.84    0.71    0.85    106.18      8.85
    1976    1.48    0.88    0.80   10.56    4.88    2.55    1.77    1.05    0.79    0.71    0.64    0.73     26.85      2.24
    1977    1.59    1.52    1.39    1.60    1.66    6.26   14.41    5.35    0.98    0.73    0.74    0.97     37.18      3.10
    1978    1.53    1.37    3.31    1.65    7.11    3.72    5.13    2.63    0.98    1.09    1.14    0.86     30.54      2.54
    1979    0.74    0.63    0.70    1.11    1.43    1.66    1.10    0.71    0.55    0.46    0.40    0.85     10.35      0.86
    1980    1.05    1.04    0.99    2.38    7.71    3.42    1.01    0.85    0.68    0.54    0.67    0.74     21.09      1.76
    1981    0.50    0.71    1.01    3.94    2.21    5.17    2.70    0.89    0.69    0.63    0.47    0.51     19.43      1.62
    1982    1.09    1.08    0.47    0.43    0.41    0.54    0.79    0.60    0.39    0.43    0.41    0.36      6.99      0.58
    1983    0.77    5.06   16.59    6.09    1.35    1.62    1.51    0.97    0.81    0.83    0.72    0.55     36.88      3.07
    1984    0.97    0.99    0.60    1.35   22.36    7.97    0.71    0.53    0.47    0.46    0.40    0.37     37.18      3.10
    1985   16.22    6.42    1.49   11.75    5.38    1.61    1.02    0.68    0.61    0.58    0.67    0.75     47.17      3.93
    1986    1.24    1.92    1.34    1.41    2.94    2.96    1.60    0.78    0.67    0.62    0.92   47.17     63.57      5.30
    1987   17.08    1.90    1.20    1.43   22.34   19.74    5.66    1.63    1.30    1.29    1.01    0.80     75.39      6.28
    1988    0.78    1.20    6.43    5.47   16.25    6.18    1.64    1.34    0.89    0.81    0.67    0.53     42.18      3.52
    1989    0.64   20.03    8.99    1.70    1.11    4.11    2.85    1.45    0.95    0.78    0.92    0.80     44.32      3.69
    1990    0.87    0.83    1.15   10.25    6.72    2.65    1.19    0.74    0.67    0.59    0.50    0.52     26.68      2.22
    1991    3.17    2.15    7.36    3.26    3.58    2.52    1.36    0.76    0.56    0.50    0.53    0.53     26.28      2.19
    1992    0.49    0.54    0.43    0.40    1.10    1.59    1.12    0.67    0.45    0.37    0.38    0.41      7.94      0.66
    1993    5.65    2.87    4.02    5.10    3.80   11.84    4.73    0.85    0.69    0.91    0.91    0.56     41.95      3.50
    1994    0.54    0.44    0.55    1.14    1.09    5.01    2.68    0.89    1.34    1.35    0.67    0.48     16.18      1.35
    1995    0.60    0.94   14.86   15.21   15.91    7.96    2.24    0.98    0.77    1.11    1.02    0.68     62.27      5.19
    1996    1.05    1.81    2.00    7.88    3.68    2.05    2.64    2.01   14.56    6.24    1.38    0.95     46.26      3.85
    1997    0.88    1.09    0.79    1.24   24.31   11.12    1.96    1.14    0.89    0.70    0.68    0.63     45.41      3.78
    1998    0.63    1.19    3.87    2.51    4.79    2.92    1.45    0.82    0.61    0.57    0.49    0.40     20.25      1.69
    1999    0.74    1.06    9.13   16.43    5.72   17.84    7.35    1.97    1.32    0.84    0.64    0.83     63.85      5.32
    2000    1.10    1.02    2.53    6.24    2.98    3.89    2.59    1.35    0.83    0.68    0.77    1.12     25.10      2.09
    2001    1.89   13.97    9.52    3.04    1.23    1.06    0.99    1.07    1.09    1.68    3.32    2.35     41.22      3.43
    2002    1.21    0.78    1.07    1.30    1.17    1.60    1.68    1.36    0.96    0.67    0.55    0.62     12.96      1.08
    2003    0.52    0.53    0.48    0.66    1.35    1.89    1.44    0.77    0.59    1.05    1.16    1.14     11.59      0.97
    2004    1.24    5.38    7.89    4.05    2.07    8.66    3.67    0.97    0.75    0.61    0.61    0.53     36.45      3.04
    2005    0.68    1.24    0.70   10.90   19.81    6.32    1.48    1.23    0.77    0.60    0.97    2.39     47.09      3.92
    2006   18.68    7.58    8.88    4.23    1.98    5.76    2.85    1.12    1.12    1.04    0.78    0.71     54.72      4.56
    2007    1.20    1.54    0.84    0.93    1.04    1.37    2.13    1.44    1.28    1.08    0.65    0.72     14.23      1.19
    2008    0.80    1.08    5.71    8.83   19.44    7.04    1.16    0.85    0.77    0.67    0.93    0.89     48.19      4.02
    2009    6.93    3.41    0.74    1.11    1.76    1.19    1.18    0.96    0.74    0.63    0.46    0.35     19.45      1.62
  
 AVERAGE    1.67    2.32    3.45    4.14    6.05    6.46    2.92    1.60    1.29    0.97    0.84    1.34     33.04      2.75
