    1920    0.71    1.01    1.29    1.40    1.31    9.59    6.78    2.69    1.11    0.73    0.56    0.75     27.91      2.33
    1921    1.16   17.96   33.48   10.26    1.56    1.19    0.85   21.12   15.79    4.51    2.35    2.02    112.27      9.36
    1922    4.16    4.34    2.43   14.74   27.74   22.27    6.04    1.30    1.14   35.90   13.61    1.29    134.96     11.25
    1923    1.10    1.08    1.50   12.17   17.01    5.50    1.30    1.38    1.34    1.06    1.15    1.68     46.28      3.86
    1924    2.03    2.48   16.51    6.31    1.39   26.34   10.94    2.31    1.40    1.09    0.90    1.08     72.78      6.07
    1925    1.35    3.31    2.43    5.12    2.98   23.87    9.12    1.36    1.94    1.79    1.10    1.48     55.86      4.66
    1926    2.42    1.98    2.14    2.37    2.10   45.10   15.73    1.20    1.00    0.94    1.00    0.95     76.95      6.41
    1927    1.79    1.54    5.93   24.24   15.36    4.34    1.54    1.14    1.01    0.85    1.05    1.15     59.95      5.00
    1928    1.19    1.22    1.11    1.18    1.42    9.13    4.22    1.53    4.44    3.70    2.26    5.80     37.20      3.10
    1929    5.14    2.88    2.20    2.03    1.52    3.06    3.14    2.14    2.22    2.11    6.99    4.00     37.43      3.12
    1930    1.91    1.48    1.70   38.98   26.82   23.29    8.49    2.05    1.20   45.50   16.66    1.28    169.36     14.11
    1931    1.73    1.98    1.93    1.77   14.89    6.32    1.34    1.31    1.88    2.94    2.20    2.35     40.65      3.39
    1932    3.24   31.55   23.65    5.27    1.30    1.59    1.52    1.18    0.96    0.92    0.87    0.84     72.89      6.07
    1933    0.82    9.32   10.59   23.21    8.91    8.52    4.00    1.67    1.25    1.42    1.22    0.91     71.85      5.99
    1934    1.35    2.41   10.15    6.72    2.41    1.93   15.47   14.56   13.85    5.05    2.73    2.25     78.87      6.57
    1935    1.62    1.94    1.05    1.22   23.61   10.51    1.87    8.41    4.10    1.61    1.13    1.07     58.14      4.85
    1936    3.60   48.39   16.67    1.48   20.57    8.78    1.84    1.18    0.99    0.92    0.85    0.89    106.17      8.85
    1937    1.19    1.59    2.25    2.73   12.81    5.38    6.57    3.31    1.78    2.07    1.83    1.25     42.77      3.56
    1938    1.36    2.29   11.87   10.71   42.48   14.56    1.78    1.97    1.65    2.02    2.42   11.07    104.18      8.68
    1939    6.13    2.72    2.53    1.76   21.38    9.89    2.70   13.52    6.01    1.67    1.11    1.11     70.51      5.88
    1940    1.31    1.89    2.39    2.38    2.63    2.44    2.38    1.58    1.02    0.89    0.88    0.83     20.63      1.72
    1941    1.21    1.84    1.16    7.88    6.53   11.36    5.48    2.66    1.61    1.03    0.99    1.23     42.99      3.58
    1942    2.05   30.10   23.60   12.56    4.11   16.27   12.94    4.44    3.24    2.99   13.61    5.99    131.89     10.99
    1943    7.54   26.14   17.24    4.38   12.46   10.28    3.12    1.35    1.52    1.88    1.43    5.34     92.67      7.72
    1944    3.35    1.35    0.85    9.22    5.06   11.41    4.61    1.45    1.21    0.96    0.84    0.76     41.07      3.42
    1945    1.67    1.45    1.15    3.69    8.03   15.16    5.74    1.50    1.13    1.08    0.91    0.89     42.41      3.53
    1946    1.15    2.55    2.20    2.01    2.55   23.58    9.87    1.90    4.06    3.02    1.50    1.24     55.64      4.64
    1947    1.74   50.85   28.45    5.72   19.00   16.53    4.91    1.54    1.09    0.95    0.85    0.78    132.42     11.03
    1948    1.49    2.05    1.85    3.35   10.80    4.64    2.26    1.90    1.16    1.11    1.08    1.04     32.74      2.73
    1949    1.37    1.96    2.00    6.88   18.47   28.66    9.56    2.69    2.01    1.82    4.07    2.58     82.07      6.84
    1950    2.32    2.11   27.18   10.84   10.14    8.06    2.87    1.55    1.16    0.96    1.35    2.34     70.88      5.91
    1951    6.39    2.74    1.24    2.13    3.59    2.88    3.10    2.37    1.51    1.25    1.02    1.33     29.55      2.46
    1952    1.48    1.45    2.14    2.03    2.02    2.67    3.11    1.96    1.09    0.84    0.81    1.72     21.31      1.78
    1953    6.67    3.68   11.13    5.28    2.52    5.97    2.88    2.45    3.07    2.27    1.31    1.26     48.49      4.04
    1954    6.89    3.43    1.41   26.91   28.32    7.99    1.75    1.57    1.63    1.36    0.88    0.98     83.13      6.93
    1955    1.58    2.19    1.49    0.68    5.92   16.13    6.59    2.10    1.57    1.09    0.82    0.99     41.16      3.43
    1956    1.47    8.07   33.26   18.52    4.17   14.93    6.97    2.12    1.46    1.25    1.44    2.59     96.25      8.02
    1957    4.93    3.14    1.86    7.25   12.41    4.88    4.06    2.36    1.13    0.95    0.87    0.80     44.64      3.72
    1958    0.87    4.53   14.86    6.30    2.51    2.86    2.76   49.09   17.47    2.38    3.28    2.43    109.32      9.11
    1959    1.89    2.09    2.00    2.26    2.79    6.62    3.99    2.29    1.36    1.08    1.21    1.68     29.27      2.44
    1960    1.79    1.91   12.80    9.50    3.60   13.73   15.14    5.02    1.44    1.16    0.98    0.95     68.02      5.67
    1961    0.94    1.69    2.51    2.76   18.22    9.94    2.56    1.61    1.18    0.90    1.01    0.99     44.31      3.69
    1962    1.40    4.56    3.07   32.52   12.50   50.06   18.13    1.86    1.25    6.53    3.46    1.10    136.42     11.37
    1963    1.92   14.81    6.64   15.59    6.75    9.87   15.22    5.30   23.91    9.72    1.66    1.61    113.01      9.42
    1964   15.92    6.06    1.19    1.58    2.05    1.66    1.17    1.46   16.41   11.47    4.67    2.82     66.46      5.54
    1965    9.30    8.17    2.58    2.05    2.25    1.22    1.03   10.95    5.07    1.35    1.18    1.62     46.77      3.90
    1966    1.63    1.44    1.78    4.65    3.22   37.76   17.18    3.05    2.14    2.69    1.86    1.00     78.40      6.53
    1967    1.15    1.88    1.63    1.92    2.17    2.65    2.69    1.60    0.98    0.85    1.14    1.86     20.51      1.71
    1968    1.96    1.90    1.61    1.02    9.83   19.12    6.94    2.10    1.53    1.13    1.18    1.06     49.37      4.11
    1969    1.56    1.78    1.77    1.81    2.35    1.75    0.99    1.14    1.46    1.13    1.56    2.14     19.44      1.62
    1970   13.29    5.89    1.88    2.19    6.37    5.39    2.97    4.11    2.56    2.17    3.06    2.42     52.30      4.36
    1971   14.38    6.40    1.71   12.54   25.98    9.49    2.22    1.45    1.23    1.11    0.91    0.84     78.27      6.52
    1972    1.15   14.20    6.03    1.75    9.90    5.25    2.74    1.63    0.99    0.88    1.02    1.55     47.10      3.92
    1973    1.90    3.11    2.06   15.15    8.03   34.49   12.78   12.50    6.04    2.06    1.23    0.96    100.30      8.36
    1974    1.02    4.03    2.56    2.11    6.65    6.08    2.86    1.51    0.98    0.85    0.83    1.46     30.95      2.58
    1975    1.53    1.27   25.70   28.72   30.87   62.84   19.87    3.30    2.46    1.54    1.16    1.60    180.88     15.07
    1976   19.87    7.82    1.99    2.31    2.29    2.55    2.06    1.34    1.19    1.14    1.09    1.37     45.01      3.75
    1977    5.21    3.18    9.38    4.95    2.65   14.22   81.12   27.29    2.08    1.30    1.88    2.90    156.17     13.01
    1978   16.96   21.87    8.92    2.42    2.04    2.59    2.37    1.54    1.12    1.63    2.17    1.77     65.41      5.45
    1979    1.75    1.40    1.12    8.59    4.22    1.86    1.36    1.19    1.00    0.86    0.78    2.43     26.57      2.21
    1980    2.14    8.96    4.07    3.14    2.82    2.42    1.58    1.55    1.41    1.00    1.25    1.70     32.02      2.67
    1981    1.26    1.30    1.50    2.09    3.34   28.05   10.61    1.62    1.40    1.53    1.15    1.08     54.91      4.58
    1982    1.74    1.54    0.89    0.85    0.82    0.99    1.42    1.15    0.74    1.00    1.00    0.85     12.99      1.08
    1983    1.08    3.32    2.93    8.14   16.18   17.60    8.46    2.68    1.90    2.24    1.80    1.18     67.51      5.63
    1984    1.45    2.77    1.78    2.16   38.61   13.62    1.18    0.90    0.81    0.81    0.69    0.62     65.42      5.45
    1985   16.77    7.59    2.52    2.37    2.56    2.52    1.70    1.15    0.98    0.84    1.30    1.77     42.07      3.51
    1986   10.28   16.55    5.78    2.06    2.59    4.45    2.44    1.17    0.99    0.87    1.30   87.96    136.44     11.37
    1987   30.97    2.62    2.49    2.87   34.83   31.12    8.60    3.19    2.81    2.55    2.22    1.56    125.83     10.49
    1988    1.55    7.86   15.07    6.13   33.13   12.34    8.10    3.91    1.59    1.52    1.19    0.89     93.28      7.77
    1989    1.53   32.10   12.61    2.83    1.95    7.55    3.76    1.41    1.11    0.99    1.12    1.01     67.98      5.66
    1990    1.57    1.70    1.76    9.92   10.21    3.55    1.12    0.89    0.87    0.79    0.70    0.88     33.97      2.83
    1991   17.72    7.42    7.00    3.37    2.14    4.92    2.71    1.19    0.85    0.73    0.88    0.92     49.84      4.15
    1992    0.94    1.79    1.70    1.67    2.23    2.20    1.88    1.16    0.72    0.59    0.64    1.42     16.93      1.41
    1993   20.28    8.49    9.50    8.39   20.07   10.92    2.56    1.05    0.93    1.27    1.51    0.97     85.94      7.16
    1994    0.87    0.76    0.94    1.27    1.29    9.91    6.39    2.31    2.61    2.36    1.08    0.90     30.70      2.56
    1995    1.25    1.25    9.25   31.11   21.70    9.86    3.02    1.22    0.98    1.95    2.03    1.18     84.80      7.07
    1996    1.67   11.83    5.70   12.81   10.97    4.08   10.97    5.36   42.79   16.34    2.48    1.83    126.83     10.57
    1997    1.80    2.93    2.41    6.82   37.41   31.76    8.38    2.13    1.54    1.19    1.14    1.09     98.59      8.22
    1998    1.30    2.35    7.71   12.85   12.18    7.37    2.57    1.27    1.01    0.94    0.84    0.72     51.09      4.26
    1999    5.87    3.27   16.37   45.61   19.51   42.93   17.12    3.20    2.06    1.31    1.01    1.19    159.44     13.29
    2000    6.51    6.63    5.05   12.03   10.24    3.88    2.74    1.95    1.35    1.41    1.45    1.88     55.11      4.59
    2001    5.39   39.76   16.48   12.76    5.15    1.84    1.54    1.81    1.71    2.64   10.38    5.43    104.90      8.74
    2002    2.68    1.74    2.04    1.71    1.37    1.72    1.77    1.32    1.02    0.87    0.80    1.13     18.16      1.51
    2003    1.01    0.91    0.72    1.06    1.67    4.90    2.93    1.25    1.17    2.17    1.92    1.32     21.02      1.75
    2004    1.17    1.31    1.87    5.61    3.30    2.27    1.92    1.35    0.92    0.68    0.64    0.62     21.67      1.81
    2005    0.85    1.67    0.99   21.46   23.12    6.69    2.33    2.32    1.39    0.92    5.88   15.52     83.14      6.93
    2006   58.30   24.59    3.63    1.72    1.53    2.31    3.17    2.03    1.64    1.39    1.02    0.91    102.25      8.52
    2007    1.37    1.72    1.67    1.69    1.30    1.65    4.11    2.75    2.46    1.92    1.12    1.17     22.93      1.91
    2008    1.38    1.36    1.63    5.64   10.92    4.70    1.27    0.82    0.72    0.67    1.24    1.76     32.11      2.68
    2009   17.46    7.45    1.32    1.74    1.97    1.71    1.60    1.16    1.06    0.98    0.69    0.54     37.68      3.14
  
 AVERAGE    4.82    6.91    6.37    7.78   10.10   11.41    6.04    3.55    3.01    2.79    2.05    2.80     67.63      5.64
