    1920    0.33    0.38    0.42    0.58    0.57    5.99    3.41    1.01    0.38    0.27    0.20    0.25     13.78      1.15
    1921    0.40    6.62    9.94    2.95    0.46    0.39    0.31    5.22    3.87    1.28    0.77    0.66     32.89      2.74
    1922    1.64    1.26    0.75    4.40   10.88    5.72    1.25    0.45    0.39   11.22    4.36    0.48     42.79      3.57
    1923    0.37    0.33    0.40    0.75    2.84    1.35    0.50    0.48    0.43    0.33    0.34    0.44      8.56      0.71
    1924    0.50    0.63    5.32    2.13    0.51    8.88    3.79    0.91    0.51    0.37    0.30    0.34     24.18      2.01
    1925    0.41    0.72    0.69    0.72    0.76    7.40    2.89    0.48    0.66    0.60    0.36    0.55     16.24      1.35
    1926    0.76    0.57    0.76    0.77    0.61   16.12    5.62    0.39    0.32    0.30    0.31    0.31     26.83      2.24
    1927    0.51    0.47    2.50   11.41    7.29    1.85    0.51    0.40    0.35    0.30    0.41    0.47     26.47      2.21
    1928    0.40    0.48    0.50    0.43    0.50    6.92    2.69    0.45    0.75    0.96    0.65    0.79     15.52      1.29
    1929    1.03    0.84    2.59    1.44    0.58    0.86    1.15    0.78    0.64    0.57    0.81    0.84     12.13      1.01
    1930    0.67    0.48    0.60   15.25    8.52    8.13    3.08    0.67    0.41   10.57    4.13    0.42     52.92      4.41
    1931    0.53    0.59    0.74    0.65    2.55    1.24    0.42    0.41    0.52    0.74    0.58    0.71      9.67      0.81
    1932    0.96    8.30    7.28    1.80    0.42    0.72    0.65    0.40    0.31    0.29    0.27    0.26     21.66      1.81
    1933    0.25    2.74    5.60   14.39    4.78    3.58    1.62    0.53    0.40    0.50    0.45    0.31     35.13      2.93
    1934    0.42    0.83    1.67    0.98    0.57    0.59    3.71    2.84    1.58    0.93    0.91    0.67     15.71      1.31
    1935    0.48    0.51    0.29    0.33    6.58    2.92    0.63    0.93    0.84    0.58    0.39    0.34     14.80      1.23
    1936    0.72   15.72    5.45    0.40    8.41    3.51    0.59    0.36    0.31    0.29    0.26    0.29     36.32      3.03
    1937    0.39    0.54    0.78    2.18    4.94    2.00    4.69    2.01    0.61    0.72    0.63    0.43     19.92      1.66
    1938    0.44    0.63    3.50    3.59   19.38    6.54    0.57    0.64    0.58    0.74    0.74    2.70     40.04      3.34
    1939    1.62    0.98    0.73    0.68   15.29    7.57    1.53    3.10    1.51    0.55    0.38    0.45     34.40      2.87
    1940    0.54    0.74    1.93    1.10    0.76    0.65    0.74    0.56    0.39    0.35    0.33    0.30      8.38      0.70
    1941    0.45    0.65    0.49    3.67    3.15    4.97    2.71    1.04    0.59    0.38    0.37    0.49     18.96      1.58
    1942    0.88   10.09    8.77    4.94    1.51    4.65    6.04    2.20    1.01    0.90    5.49    2.49     48.96      4.08
    1943    1.77    6.73    8.47    2.67    3.56    4.49    1.48    0.47    0.59    0.76    0.54    5.44     36.97      3.08
    1944    2.40    0.51    0.31    3.06    4.11    2.85    1.01    0.54    0.44    0.35    0.31    0.27     16.17      1.35
    1945    0.46    0.42    0.35    0.65    1.00    5.11    2.13    0.51    0.39    0.36    0.31    0.29     11.99      1.00
    1946    0.33    0.52    0.63    1.77    1.05    5.51    2.47    0.53    0.68    0.82    0.45    0.41     15.17      1.26
    1947    0.59   12.63    6.61    1.63    6.93    8.59    2.68    0.52    0.38    0.33    0.30    0.27     41.45      3.45
    1948    0.41    0.59    0.55    0.65    3.20    1.45    0.58    0.52    0.36    0.34    0.33    0.31      9.30      0.77
    1949    0.39    0.45    0.42    0.54    5.13   10.84    3.65    0.91    0.65    0.59    1.50    0.98     26.04      2.17
    1950    0.83    0.75    8.53    3.55    5.93    3.12    0.82    0.54    0.41    0.34    0.47    0.81     26.10      2.18
    1951    1.91    0.82    0.35    0.57    0.89    0.87    0.89    0.73    0.51    0.43    0.35    0.42      8.75      0.73
    1952    0.47    0.39    0.51    0.51    0.55    1.08    1.12    0.72    0.37    0.28    0.27    0.58      6.87      0.57
    1953    1.03    0.92    3.53    1.69    0.99    3.18    1.43    0.95    1.20    0.86    0.47    0.43     16.69      1.39
    1954    0.80    0.75    0.47   10.21    7.59    1.91    0.63    0.60    0.62    0.50    0.32    0.34     24.73      2.06
    1955    0.55    0.77    0.50    0.24    2.81    6.26    2.40    0.74    0.65    0.46    0.32    0.34     16.05      1.34
    1956    0.52    1.02   11.56    6.97    1.63    5.15    2.36    0.69    0.49    0.42    0.51    0.89     32.21      2.68
    1957    1.29    0.88    0.63    2.25    4.59    1.85    1.03    0.81    0.44    0.36    0.31    0.27     14.72      1.23
    1958    0.29    0.64    7.03    2.93    0.90    1.18    0.97   12.94    4.78    0.82    1.10    0.95     34.53      2.88
    1959    0.75    0.67    0.67    0.70    0.97    1.13    1.00    0.65    0.41    0.35    0.40    0.61      8.30      0.69
    1960    0.60    0.62    4.06    2.03    2.79    3.87    4.83    1.82    0.52    0.40    0.35    0.32     22.21      1.85
    1961    0.30    0.54    0.81    1.29    6.71    5.84    1.72    0.59    0.45    0.33    0.35    0.32     19.27      1.61
    1962    0.40    1.88    1.25   11.31    4.44   16.87    6.17    0.68    0.44    0.72    0.68    0.34     45.18      3.76
    1963    2.26    3.65    1.49    3.96    1.80    4.72    3.51    1.08    7.66    3.19    0.58    0.53     34.44      2.87
    1964    2.76    1.21    0.41    0.43    0.64    0.61    0.41    0.44    4.88    2.72    1.30    0.83     16.65      1.39
    1965    0.95    2.22    0.93    2.05    1.33    0.56    0.38    2.00    1.19    0.47    0.45    0.59     13.13      1.09
    1966    0.52    0.40    0.49    3.24    1.68   14.61    6.56    1.25    0.94    1.19    0.81    0.38     32.07      2.67
    1967    0.40    0.66    0.57    0.66    0.86    1.61    1.11    0.58    0.35    0.31    0.33    0.46      7.90      0.66
    1968    0.54    0.54    0.37    0.22    0.46    3.78    1.79    0.66    0.46    0.36    0.32    0.25      9.76      0.81
    1969    0.49    0.61    0.55    0.47    1.78    0.97    0.31    0.34    0.46    0.38    0.51    0.83      7.70      0.64
    1970    5.66    2.28    0.47    0.65    1.76    1.24    1.09    2.67    1.33    0.90    1.10    0.70     19.85      1.65
    1971    7.45    3.19    0.64    2.87    8.75    4.54    1.07    0.52    0.43    0.37    0.30    0.28     30.41      2.53
    1972    0.39    4.09    1.73    0.61    5.66    3.37    1.08    0.57    0.36    0.33    0.38    0.54     19.12      1.59
    1973    0.59    1.26    0.87   13.42    6.24   14.07    5.09    2.77    1.52    0.70    0.44    0.32     47.27      3.94
    1974    0.33    0.63    0.70    0.68    0.76    0.91    0.87    0.52    0.33    0.29    0.27    0.43      6.71      0.56
    1975    0.38    0.36   10.59   13.16   13.51   28.65    8.93    2.04    1.12    0.58    0.43    0.52     80.27      6.69
    1976    7.69    3.03    0.57    0.64    0.95    1.18    0.97    0.56    0.41    0.42    0.41    0.52     17.36      1.45
    1977    1.72    1.03    2.42    1.54    0.87    5.03   26.27    8.73    0.64    0.44    0.43    0.57     49.70      4.14
    1978    0.92    0.90    4.96    2.18    0.95    0.99    0.75    0.52    0.38    0.61    0.78    0.54     14.47      1.21
    1979    0.54    0.43    0.32    5.06    2.77    0.82    0.50    0.42    0.34    0.30    0.26    0.88     12.63      1.05
    1980    0.75    0.77    0.59    0.66    0.76    0.67    0.42    0.42    0.43    0.31    0.40    0.39      6.58      0.55
    1981    0.31    0.32    0.41    0.50    0.66   10.82    4.10    0.54    0.74    0.96    0.56    0.46     20.37      1.70
    1982    0.57    0.58    0.30    0.22    0.21    0.31    0.58    0.47    0.27    0.33    0.28    0.36      4.49      0.37
    1983    0.48    2.95    3.97    4.47    3.18    8.32    3.44    0.81    0.69    0.67    0.48    0.36     29.82      2.48
    1984    0.65    1.12    0.65    2.65    9.81    3.38    0.38    0.33    0.29    0.27    0.24    0.22     20.00      1.67
    1985    5.91    2.79    0.96    0.97    1.06    1.04    0.70    0.45    0.37    0.32    0.50    0.69     15.77      1.31
    1986    3.50    6.78    2.45    0.82    0.81    0.97    0.74    0.42    0.37    0.34    0.49   20.96     38.66      3.22
    1987    7.58    0.92    0.73    0.73   10.87    7.57    1.97    1.01    0.89    0.82    0.71    0.54     34.33      2.86
    1988    0.52    0.84    5.64    2.88   11.89    4.36    3.68    1.71    0.61    0.53    0.39    0.30     33.34      2.78
    1989    0.41    9.37    4.45    1.18    0.63    4.36    1.97    0.55    0.44    0.38    0.38    0.33     24.46      2.04
    1990    0.48    0.49    0.52    1.76    2.76    1.11    0.33    0.27    0.27    0.26    0.22    0.28      8.75      0.73
    1991    6.09    2.58    2.92    1.36    0.62    0.77    0.70    0.41    0.27    0.24    0.29    0.30     16.56      1.38
    1992    0.26    0.46    0.41    0.46    0.59    0.72    0.75    0.44    0.24    0.19    0.21    0.50      5.26      0.44
    1993    2.10    1.37    3.03    1.67    5.64    2.47    0.48    0.30    0.28    0.38    0.47    0.30     18.50      1.54
    1994    0.28    0.23    0.24    0.36    0.50    4.91    2.43    0.77    0.79    0.66    0.33    0.29     11.79      0.98
    1995    0.36    0.35    4.89   14.45   13.17    5.21    1.23    0.45    0.36    0.57    0.55    0.37     41.93      3.49
    1996    0.47    4.33    1.99    5.16    2.46    1.01    1.79    1.07   12.21    4.87    0.85    0.57     36.79      3.07
    1997    0.59    0.76    0.60    0.75   12.57   10.95    3.11    0.94    0.58    0.45    0.43    0.37     32.10      2.67
    1998    0.43    0.82    0.99    0.97    3.46    2.12    0.76    0.47    0.36    0.32    0.28    0.25     11.22      0.93
    1999    0.57    0.70    4.18   14.23    7.24   10.85    5.02    1.31    0.76    0.47    0.36    0.46     46.16      3.85
    2000    0.93    2.07    1.19    3.33    4.81    1.91    1.31    0.81    0.53    0.59    0.57    0.51     18.57      1.55
    2001    0.87    7.96    6.30    3.64    1.24    0.81    0.67    0.69    0.61    0.79    1.70    1.19     26.49      2.21
    2002    0.78    0.48    0.49    0.46    0.44    0.55    0.51    0.39    0.38    0.33    0.28    0.41      5.51      0.46
    2003    0.36    0.35    0.29    0.39    0.59    4.00    1.83    0.43    0.47    0.97    0.82    0.58     11.07      0.92
    2004    0.46    0.42    0.57    6.38    2.58    0.72    0.67    0.47    0.32    0.25    0.24    0.23     13.31      1.11
    2005    0.34    1.47    0.64    2.12    2.82    1.35    0.87    0.92    0.68    0.41    0.68    3.41     15.70      1.31
    2006   21.10    7.29    0.74    0.86    0.67    0.85    1.15    0.73    0.59    0.51    0.37    0.32     35.18      2.93
    2007    0.64    0.85    0.87    0.76    0.56    0.81    3.23    1.57    0.78    0.61    0.39    0.38     11.44      0.95
    2008    0.42    0.38    0.41    3.00    5.58    2.24    0.59    0.43    0.36    0.29    0.35    0.45     14.50      1.21
    2009    1.20    0.90    0.42    3.58    1.77    0.57    0.46    0.36    0.36    0.36    0.26    0.21     10.46      0.87
  
 AVERAGE    1.38    1.94    2.21    2.93    3.65    4.19    2.17    1.09    0.90    0.84    0.63    0.83     22.75      1.90
