    1920    0.27    0.33    0.41    0.49   16.17    7.82    4.40    2.37    0.93    0.39    0.20    0.40     34.17      2.85
    1921    0.75   20.21   14.72    3.44    1.00    0.60    0.23    0.52    0.97    0.91    1.20    0.81     45.37      3.78
    1922    1.24    5.12    2.01    8.85   25.71   13.28    2.43    0.34    0.36    5.74    2.59    0.47     68.14      5.68
    1923    0.39    0.25    0.49    5.68    9.93    6.99    2.08    0.46    0.26    0.24    0.23    0.36     27.36      2.28
    1924    0.32    0.76   33.58   12.26    0.98   27.46   12.08    1.82    0.52    0.26    0.18    0.28     90.50      7.54
    1925    0.37    0.43    0.57    1.58    1.25   17.51    6.11    0.79    0.93    0.64    0.29    0.58     31.06      2.59
    1926    0.76    0.76    0.84    1.25    0.99   34.81   11.98    0.60    0.23    0.25    0.31    0.28     53.04      4.42
    1927    1.02    0.82    3.53    7.02    3.14    1.38    0.66    0.38    0.31    0.25    0.44    0.39     19.34      1.61
    1928    0.34    0.37    3.81    2.16    1.21   12.58    4.45    0.43    0.96    1.36    0.87    1.39     29.93      2.49
    1929    2.99    2.30    5.10   11.22    3.48    4.38    2.26    0.64    0.34    0.32    0.88    0.84     34.75      2.90
    1930    0.89    0.57    0.82   20.82   18.16   15.64    5.29    1.08    0.37   17.33    6.37    0.41     87.75      7.31
    1931    0.51    0.49    8.87    3.58   17.55    7.77    1.63    0.83    0.51    0.49    0.32    0.84     43.38      3.62
    1932    1.02    4.53    7.21    2.22    0.58    0.84    0.70    0.37    0.19    0.19    0.18    0.20     18.25      1.52
    1933    0.19   16.02   21.37   23.68    8.52    7.30    2.69    0.40    0.26    0.61    0.53    0.23     81.79      6.82
    1934    0.84    1.42    6.48    2.68    1.04    1.92    2.00    2.14    1.59    0.79    1.12    0.79     22.82      1.90
    1935    0.33    0.16    0.09    0.13    5.84    7.78    2.55    1.33    1.05    0.61    0.33    0.20     20.40      1.70
    1936    0.44   19.96    7.22    2.62   24.82    9.02    0.93    0.29    0.19    0.17    0.14    0.17     65.97      5.50
    1937    0.41    0.39    1.63    7.64   10.99    3.65    3.63    1.79    0.71    0.85    0.82    0.55     33.06      2.76
    1938    0.49    0.56   13.85    9.47   33.60   11.26    0.71    0.58    0.54    0.70    0.59    3.42     75.77      6.31
    1939    2.24    3.13    1.59    0.73   20.94   15.71    3.81    4.88    2.30    0.54    0.25    0.65     56.76      4.73
    1940    0.70    0.79    2.29    5.90   10.26    6.13    3.26    1.32    0.39    0.31    0.31    0.27     31.94      2.66
    1941    0.42    0.30    0.09    0.83   12.42    8.95    2.96    1.16    0.50    0.25    0.52    0.62     29.02      2.42
    1942    1.11    8.08   14.05    9.13    2.24    5.06    8.26    3.34    1.24    0.77    6.88    3.08     63.25      5.27
    1943    1.56   12.62   12.73   10.66    5.90    4.98    1.74    0.30    0.55    0.63    0.35    8.21     60.22      5.02
    1944    3.47    0.53    0.12    0.83   13.37   12.61    3.20    0.36    0.24    0.20    0.16    0.12     35.21      2.93
    1945    0.89    0.60    0.42    5.76    2.79    5.83    2.66    0.96    0.58    0.36    0.25    0.17     21.27      1.77
    1946    0.27    1.10    3.13    6.91    7.85    6.15    2.11    0.48    0.60    0.61    0.32    0.31     29.85      2.49
    1947    0.58   11.11    8.17    4.92    9.60   10.39    3.46    0.79    0.34    0.23    0.16    0.12     49.86      4.16
    1948    0.35    0.33    0.13    0.92    1.37    4.99    2.30    0.64    0.32    0.27    0.22    0.20     12.04      1.00
    1949    0.18    0.22    0.39    0.64   10.84   15.28    4.58    1.28    0.81    0.53    1.67    1.17     37.58      3.13
    1950    0.75    0.51    6.64    3.05    6.33    2.89    0.66    0.26    0.22    0.21    0.37    1.07     22.98      1.91
    1951    1.84    0.76    0.11    0.45    6.97    3.10    1.03    0.67    0.42    0.38    0.26    0.44     16.43      1.37
    1952    0.68    1.14    4.69    2.20    3.08    2.17    2.10    1.13    0.35    0.22    0.26    0.78     18.81      1.57
    1953    0.99    0.83    0.85    0.71    0.82    1.38    1.12    1.41    1.31    0.69    0.27    0.30     10.70      0.89
    1954    0.54    0.84    0.79   22.29   16.84    5.20    1.42    0.63    0.65    0.50    0.25    0.29     50.22      4.19
    1955    0.53    1.12    0.75    0.60   11.44   10.92    2.91    0.48    0.48    0.36    0.20    0.23     30.01      2.50
    1956    0.48    5.93   18.20   19.44   11.04   12.32    4.41    0.88    0.38    0.33    0.62    3.12     77.16      6.43
    1957    2.19    0.96    1.60    8.81    3.84    1.36    3.03    1.81    0.64    0.33    0.22    0.23     25.02      2.09
    1958    0.27   11.50   16.80    4.84    6.20    4.27    2.36   11.59    4.33    0.72    0.69    0.41     63.98      5.33
    1959    0.56    0.81    0.93    5.88    2.89    1.31    1.03    0.68    0.36    0.24    0.29    0.47     15.45      1.29
    1960    0.50    0.95    7.71    3.12    1.97    2.64    4.87    2.15    0.52    0.27    0.26    0.21     25.17      2.10
    1961    0.14    0.67    1.00    3.26   13.17    6.56    1.50    0.47    0.26    0.20    0.25    0.19     27.69      2.31
    1962    0.34    5.19    3.29   16.29    8.97   22.23    7.95    1.09    0.42    0.78    0.65    0.23     67.41      5.62
    1963    9.54   10.78    3.38    1.70    1.20    8.15    4.11    1.12   12.54    4.89    0.56    0.52     58.49      4.87
    1964    2.01    0.91    0.74    1.28    7.84    2.99    0.59    0.66    7.79    3.86    2.09    1.01     31.77      2.65
    1965    1.25    1.57    0.71   16.95    7.34    1.03    0.31    0.63    0.60    0.33    0.47    0.55     31.75      2.65
    1966    0.37    0.46    1.02   11.05    9.73   12.16    7.41    2.33    0.94    0.69    0.42    0.17     46.76      3.90
    1967    0.36    0.52    0.53    0.49    0.85    2.61    1.43    0.48    0.24    0.24    0.37    0.38      8.49      0.71
    1968    0.31    0.42    0.58    0.43    0.86   11.84    4.60    1.22    0.64    0.37    0.27    0.20     21.74      1.81
    1969    0.94    0.67    0.89    0.75    1.15    0.74    0.27    0.26    0.42    0.35    2.48    2.29     11.22      0.93
    1970    2.89    1.23    0.66    8.74    5.54    1.80    1.10    1.10    0.76    0.79    1.06    0.67     26.36      2.20
    1971    7.92    3.31    0.85    7.58   21.57   12.57    2.63    0.43    0.29    0.23    0.16    0.15     57.70      4.81
    1972    0.28    4.06    1.64    0.63   12.39    6.49    1.74    0.76    0.37    0.34    0.37    0.40     29.45      2.45
    1973    0.43    2.74    1.78   19.98   24.90   24.17    6.98    1.57    0.85    0.50    0.34    0.18     84.41      7.03
    1974    0.20    2.86    3.11    2.45    1.20    1.38    1.15    0.54    0.27    0.23    0.24    2.49     16.11      1.34
    1975    1.27    0.53   24.08   28.72   19.04   39.77   12.76    2.90    1.58    0.57    0.32    0.82    132.36     11.03
    1976   13.07    4.68    0.39    1.10    9.50    5.32    1.55    0.55    0.38    0.37    0.31    0.67     37.88      3.16
    1977    4.09    2.05    4.24    3.22    1.61    7.32    6.09    1.86    0.38    0.23    0.25    0.43     31.80      2.65
    1978    0.86    0.60   10.36    3.69    2.21    1.53    0.84    0.52    0.49    1.09    1.08    0.75     24.00      2.00
    1979    0.63    0.48    0.60    1.32   12.77    5.22    0.83    0.30    0.20    0.19    0.16    9.94     32.64      2.72
    1980    4.03    0.87    0.52    4.88    7.54    2.61    0.62    0.97    0.86    0.47    0.74    0.68     24.78      2.07
    1981    0.44    0.75    0.99    2.13    8.35   11.32    3.77    0.68    0.63    0.86    0.53    0.40     30.87      2.57
    1982    1.16    0.79    0.21    0.47    0.34    0.50    0.63    0.47    0.38    0.43    0.32    0.19      5.88      0.49
    1983    0.39    0.95    4.75    3.03    1.51    2.62    1.96    0.91    0.40    0.51    0.46    0.27     17.76      1.48
    1984    0.74    1.34    0.67   13.22   31.14    9.08    0.41    0.29    0.21    0.19    0.15    0.19     57.62      4.80
    1985    9.40    4.37    8.96   14.26    4.57    1.30    0.94    0.45    0.26    0.26    0.51    0.65     45.92      3.83
    1986    2.74    1.92    0.84    0.97    1.12    3.28    1.66    0.48    0.40    0.37    0.76   30.19     44.73      3.73
    1987   11.05    1.98    1.16    2.08   17.85   10.43    2.92    1.54    0.81    0.51    0.36    0.35     51.03      4.25
    1988    0.47    2.18    7.75    5.11   24.11    8.13    3.23    1.79    0.57    0.37    0.24    0.12     54.07      4.51
    1989    0.20   13.01    5.25    2.97    1.31   18.65    7.21    1.12    0.45    0.40    0.40    0.24     51.21      4.27
    1990    0.52    0.34    2.18    5.35    7.88    2.53    0.27    0.19    0.21    0.20    0.15    0.27     20.09      1.67
    1991   13.97    5.71    5.38    2.20    2.29    1.52    1.08    0.64    0.26    0.20    0.30    0.26     33.80      2.82
    1992    0.32    0.29    0.24    0.21    0.69    8.81    3.47    0.48    0.23    0.19    0.30    0.31     15.54      1.29
    1993    1.12    1.05    8.83   12.57   10.42   15.38    4.73    0.36    0.24    0.39    0.49    0.26     55.84      4.65
    1994    0.18    1.54    1.16    3.83    1.67   10.51    4.37    0.97    0.60    0.41    0.21    0.27     25.72      2.14
    1995    1.13    1.16   16.60   28.48   17.92    4.48    1.29    0.64    0.47    0.73    0.53    0.28     73.69      6.14
    1996    0.31    6.90   13.20   17.64   15.35    4.88    1.34    0.87    2.02    1.63    0.76    0.33     65.24      5.44
    1997    0.44    0.62    0.36    5.01   27.26   12.65    2.06    0.53    0.30    0.27    0.42    0.32     50.24      4.19
    1998    0.24    0.94    7.45   12.54    7.98    2.37    0.94    0.52    0.22    0.19    0.14    0.09     33.63      2.80
    1999    0.24    0.55   19.21   34.05   26.60   37.71   12.08    2.70    1.21    0.48    0.24    0.73    135.81     11.32
    2000    0.74    0.81    3.10    6.52    2.88    3.74    2.08    0.73    0.36    0.43    0.38    0.33     22.10      1.84
    2001    1.01   14.65   13.84   10.58    6.41    3.93    1.49    1.22    1.10    1.62    4.24    2.43     62.52      5.21
    2002    0.83    0.36    0.73    4.14    2.27    3.38    1.69    0.52    0.28    0.23    0.19    0.37     14.97      1.25
    2003    0.35    0.32    0.21    0.71    5.14    8.63    2.94    0.48    0.26    1.15    1.25    1.55     22.97      1.91
    2004    1.12    1.05   14.18   11.55    4.15    1.49    0.57    0.24    0.21    0.19    0.21    0.15     35.11      2.93
    2005    0.27    1.91    0.90    0.92    6.54    2.88    3.25    1.84    0.69    0.35    1.35    3.81     24.72      2.06
    2006   13.15    5.96    1.52    0.96    0.59    0.81    1.01    0.61    0.55    0.52    0.33    0.16     26.18      2.18
    2007    2.78    1.97    0.98    1.04    1.31    4.44    2.78    1.70    1.15    0.68    0.40    0.33     19.56      1.63
    2008    0.34    0.60    0.78   10.73    6.90    1.83    0.53    0.31    0.26    0.38    0.51    0.33     23.50      1.96
    2009    6.69    2.89    0.87    7.59    3.83    1.25    0.96    0.58    0.40    0.36    0.21    0.10     25.74      2.14
  
 AVERAGE    1.75    2.90    4.86    6.68    8.57    7.90    2.96    1.09    0.82    0.80    0.68    1.15     40.16      3.35
