    1920    0.98    1.27    3.38    2.84   16.06   15.54    7.60    1.83    0.55    0.48    0.39    0.61     51.52      4.29
    1921    1.27   24.65   18.15    4.29    1.00    0.39    0.31    4.59    2.98    1.37    4.04    1.77     64.81      5.40
    1922    5.56   22.25    7.84   28.09   33.42   14.65    2.62    0.48    0.64    9.92    3.98    0.56    130.00     10.83
    1923    0.66    0.66    4.01    7.08   12.57    8.12    1.89    0.52    0.50    0.44    0.53    0.94     37.93      3.16
    1924    0.77    2.41   48.44   17.61    1.35   38.29   35.76    8.13    0.65    0.52    0.42    0.69    155.05     12.92
    1925    0.63    1.95    2.02    4.88    2.96   24.09    8.05    1.29    1.57    0.79    0.42    4.09     52.75      4.40
    1926    2.52    1.73    4.16    3.88    1.64   57.24   18.89    0.43    0.42    0.47    0.57    0.54     92.50      7.71
    1927    6.38    3.02   15.86   26.41   14.63    3.83    0.66    0.65    0.57    0.50    0.96    0.63     74.08      6.17
    1928    0.57    1.83   14.05   10.33   10.82   27.19    8.16    0.91    3.10    2.35    1.02    9.14     89.48      7.46
    1929   11.24   13.56   16.96   21.12    5.87   16.90    6.86    0.76    0.64    0.63    1.46    0.99     97.00      8.08
    1930    2.15    1.22    9.79   29.57   26.66   29.60    8.69    0.75    0.52   38.09   13.02    0.69    160.73     13.39
    1931    1.02    1.84   20.72    7.64   31.58   12.78    1.17    0.76    0.69    0.85    0.54   10.59     90.18      7.52
    1932    7.27   24.73   19.96    4.45    2.35    8.68    3.33    0.55    0.46    0.48    0.43    0.44     73.14      6.10
    1933    0.42   35.38   38.56   42.49   12.95   20.99    7.18    0.55    0.55    1.98    1.09    0.37    162.52     13.54
    1934    1.51    8.98   18.19    5.87    1.62    7.93    6.45    2.54    1.80    0.92    1.58    0.87     58.26      4.86
    1935    0.69    0.40    0.24    0.73   21.20   15.41    3.38    4.62    2.08    0.86    0.47    0.52     50.60      4.22
    1936    4.53   47.10   16.18    7.61   26.81   16.09    3.03    0.48    0.47    0.46    0.39    0.50    123.66     10.30
    1937    1.12    0.85    6.14   19.57   23.59    7.59   12.76    4.63    0.96    1.43    1.32    0.62     80.56      6.71
    1938    1.49    1.93   31.94   22.46   53.77   16.79    0.90    0.97    0.81    1.31    0.83   11.39    144.58     12.05
    1939    7.86    8.34    4.43    3.00   31.73   23.02    5.34    6.62    2.70    0.60    0.47    1.41     95.52      7.96
    1940    1.15    2.43    5.16    7.56    7.13    3.68    2.02    0.83    0.49    0.56    0.55    0.40     31.95      2.66
    1941    1.30    0.89    0.29    3.41   16.80   27.58    8.33    1.03    0.56    0.41    0.83    1.15     62.59      5.22
    1942    9.18   28.42   30.91   16.69    3.80   17.75   13.66    3.73    1.36    0.99   13.34    5.74    145.58     12.13
    1943    8.42   30.75   19.37    6.32    6.16    9.58    2.97    0.51    1.18    1.05    0.49   17.06    103.86      8.65
    1944    6.76    0.59    0.31    5.86   19.25   12.75    2.79    0.61    0.50    0.43    0.36    0.29     50.49      4.21
    1945    6.11    2.28    2.16   25.80   13.76   16.55    5.84    1.22    0.67    0.60    0.49    0.39     75.88      6.32
    1946    0.59    5.29    7.52   14.18   14.87   15.21    5.03    0.63    2.46    1.39    0.46    0.77     68.40      5.70
    1947    1.27   33.96   30.85   16.38   20.64   13.19    3.44    0.90    0.58    0.48    0.38    0.34    122.42     10.20
    1948    2.01    0.96    0.73    3.59    2.84    2.20    1.19    0.60    0.38    0.45    0.38    0.40     15.72      1.31
    1949    0.39    0.95    2.28    2.49   18.43   22.78    6.25    2.80    1.34    0.68    5.56    2.38     66.33      5.53
    1950    1.78    0.97   19.49   11.04   10.99    4.52    0.75    0.51    0.45    0.40    0.80    1.33     53.04      4.42
    1951    8.18    2.82    0.34    1.80   15.92    5.81    1.05    0.63    0.57    0.63    0.40    0.67     38.83      3.24
    1952    0.78    3.75    6.90    2.37    2.26    2.26    2.15    0.85    0.31    0.29    0.42    1.33     23.67      1.97
    1953    4.34    3.81    4.41    3.27    2.99   12.56    4.40    7.19    3.79    0.98    0.40    0.62     48.76      4.06
    1954    1.44    1.92    1.93   44.50   43.41   10.88    1.53    0.97    1.10    0.69    0.38    0.60    109.35      9.11
    1955    1.25    3.88    3.26    1.17   13.53   21.34    5.93    0.67    0.95    0.62    0.39    0.61     53.58      4.47
    1956    1.79   13.93   34.65   14.44   10.77   27.01    8.89    1.00    0.63    0.63    1.28    6.10    121.12     10.09
    1957    4.44    1.50    5.81   23.73   11.30    2.24    7.33    3.04    0.61    0.57    0.44    0.52     61.53      5.13
    1958    0.62   20.86   19.17    4.82    8.12    4.37    6.55   22.04    7.20    1.23    1.37    0.65     96.99      8.08
    1959    0.73    1.54    4.89    5.21    2.48    2.03    1.85    0.96    0.46    0.46    0.62    1.11     22.32      1.86
    1960    0.95    8.40   20.82    9.15    6.22    5.23    7.31    2.77    0.59    0.47    0.50    0.44     62.85      5.24
    1961    0.38   14.02    6.20    6.35   18.18   19.83    5.60    0.79    0.54    0.45    0.54    0.39     73.29      6.11
    1962    1.22   19.06   10.20   32.82   20.61   38.94   12.71    1.10    0.57    1.16    0.63    0.34    139.37     11.61
    1963   18.44   20.61    6.02    6.78    2.79   12.97    6.19    0.95   19.71    7.25    0.68    0.92    103.32      8.61
    1964    9.14    3.27    3.69    4.62   18.52    6.26    0.79    1.20   19.09    7.19    1.84    0.94     76.54      6.38
    1965    4.37    9.92    3.18   32.89   12.60    0.79    0.46    1.37    0.94    0.49    0.95    1.04     69.01      5.75
    1966    0.64    1.12    3.38   18.85   10.97   18.93   16.56    4.83    1.01    0.91    0.58    0.36     78.12      6.51
    1967    1.23    2.50    1.08    1.40    4.02    2.86    1.02    0.37    0.30    0.34    0.58    0.64     16.33      1.36
    1968    0.70    1.42    0.79    0.62    3.28   23.17    7.70    1.00    0.64    0.46    0.40    0.32     40.51      3.38
    1969    3.40    1.68    5.14    2.42    4.82    1.82    0.31    0.54    1.00    0.65   11.65    7.94     41.36      3.45
    1970   10.42    3.63    1.41   11.87    7.75    2.86    1.77    3.86    1.87    1.55    3.38    1.51     51.88      4.32
    1971   23.03    8.85    3.52   11.91   38.30   25.27    5.16    0.67    0.57    0.49    0.39    0.36    118.50      9.88
    1972    0.73   15.50    5.33    2.91   23.09   25.84    7.09    0.88    0.55    0.67    0.72    0.69     84.00      7.00
    1973    0.73    5.47    4.17   29.27   31.68   35.98   10.14    1.78    1.18    0.70    0.53    0.36    121.97     10.16
    1974    0.47   12.18    7.04    4.19    1.86    8.47    3.29    0.43    0.39    0.39    0.37    7.41     46.49      3.87
    1975    2.81    1.99   33.63   37.65   29.50   64.21   19.96    8.12    3.15    0.78    0.61    1.37    203.77     16.98
    1976   33.25   11.11    0.82    6.41   13.42    9.15    2.40    0.55    0.60    0.62    0.57    3.06     81.96      6.83
    1977    7.66    4.28    9.83    5.60    2.38   13.31   25.67    7.59    0.68    0.52    0.64    1.24     79.40      6.62
    1978    7.32    2.88   17.02    6.16    9.47    4.51    0.89    0.63    0.48    1.34    1.02    0.58     52.29      4.36
    1979    0.85    0.92    1.39    2.19    9.39    4.92    0.95    0.37    0.33    0.55    0.37    3.95     26.18      2.18
    1980    1.75    1.69    2.12   15.42   16.60    4.51    0.65    1.13    0.80    0.46    0.85    0.49     46.47      3.87
    1981    0.37    1.07    2.21    9.09   15.72   26.46    8.06    0.60    1.18    1.58    0.72    0.71     67.77      5.65
    1982   12.26    4.52    0.25    2.59    0.98    0.96    1.00    0.51    0.57    0.70    0.38    0.32     25.05      2.09
    1983    1.48   17.02   20.72    8.94    3.43   11.20    6.11    1.32    0.75    1.10    0.73    0.44     73.23      6.10
    1984    6.13    6.22    2.09   32.15   52.28   13.72    0.74    0.52    0.46    0.44    0.36    0.50    115.61      9.63
    1985   31.14   12.64   24.49   20.19    6.31    4.72    1.80    0.52    0.46    0.54    1.27    1.36    105.43      8.79
    1986   11.64   10.41    3.50    3.77    2.59    5.42    2.09    0.48    0.71    0.57    1.29   47.94     90.41      7.53
    1987   19.06    8.84    5.17    6.78   46.17   24.86    5.34    1.30    0.82    0.72    0.66    0.85    120.59     10.05
    1988    1.28    8.83   22.13   12.40   37.90   12.86    9.45    3.56    0.60    0.77    0.50    0.32    110.61      9.22
    1989    1.40   38.57   14.76    6.06    2.07   29.62   13.24    1.63    0.74    0.63    1.15    0.59    110.47      9.21
    1990    1.80    0.89    3.36    6.72    3.45    0.94    0.33    0.37    0.41    0.36    0.29    0.78     19.72      1.64
    1991   24.14   11.19   18.48    7.74    2.43    1.54    1.14    0.51    0.35    0.32    0.51    0.55     68.90      5.74
    1992    0.48    0.73    0.74    2.66    3.29    8.82    3.58    0.59    0.33    0.30    0.46    1.35     23.32      1.94
    1993   11.37    6.00   13.35   27.06   20.35   38.06   11.27    0.60    0.60    0.88    0.92    0.43    130.90     10.91
    1994    0.55    0.79    3.82   10.83    4.04   20.15    8.97    1.39    0.99    0.68    0.39    0.43     53.03      4.42
    1995    2.11    4.66   33.45   52.09   31.06    8.66    1.48    0.70    0.58    0.83    0.52    0.44    136.58     11.38
    1996    0.85   26.42   25.41   24.92    7.41   11.61    4.92    0.95   22.92    8.80    1.30    0.68    136.20     11.35
    1997    1.89    2.90    1.47   21.60   46.85   34.19    7.72    1.03    0.64    0.63    0.81    0.62    120.36     10.03
    1998    0.59   15.84   14.55   14.22   16.65    8.58    1.86    0.54    0.50    0.49    0.39    0.32     74.53      6.21
    1999    3.17    2.54   28.52   39.24   34.84   42.96   23.86    6.66    1.40    0.62    0.44    1.31    185.55     15.46
    2000    1.34    2.84    4.29   14.03    9.25    7.66    2.73    0.58    0.45    0.54    0.55    0.69     44.95      3.75
    2001    6.23   34.72   21.84   16.18    5.88   12.12    4.57    5.49    2.49    5.76    8.76    4.05    128.08     10.67
    2002    0.99    0.93    2.93    5.60    3.27    8.85    3.76    1.08    0.69    0.50    0.52    2.18     31.31      2.61
    2003    1.11    1.54    0.95    3.41    5.31   16.82    5.82    0.57    0.47    5.89    2.77    9.57     54.23      4.52
    2004    3.74    7.31   16.25   43.15   14.59    7.24    2.65    0.73    0.58    0.47    0.59    0.43     97.72      8.14
    2005    0.65    9.47    3.25    9.57   14.20    7.15    9.16    3.74    0.83    0.62    8.74    8.90     76.28      6.36
    2006   28.55   14.99    6.06    4.20    1.60    1.72    1.77    0.72    0.82    0.65    0.46    0.34     61.86      5.16
    2007    8.45    5.97    3.06    6.29   11.57   12.95   11.27    3.53    1.61    0.87    0.74    0.53     66.84      5.57
    2008    0.48    2.16    4.76    9.62   16.97    5.02    0.47    0.67    0.69    0.59    0.85    0.61     42.88      3.57
    2009   11.57    4.98    1.17   21.41   12.02    2.81    1.17    0.52    0.65    0.59    0.36    0.24     57.49      4.79
  
 AVERAGE    4.95    8.68   10.57   13.07   14.40   14.63    5.87    1.95    1.64    1.59    1.43    2.35     81.12      6.76
