    1920    0.76    0.54    3.26    4.53   19.84   27.18   19.63    4.83    0.65    0.54    0.44    0.53     82.73      6.89
    1921    0.73   10.93   14.40    5.00    1.06    1.35    0.62    2.05    2.00    1.95    5.96    2.70     48.74      4.06
    1922    8.19   27.09   18.03   28.52   26.83   16.76    4.14    0.76    0.71   12.40    4.81    0.60    148.85     12.40
    1923    0.55    0.45    1.30    5.03    3.26    2.30    0.77    0.43    0.45    0.39    0.43    0.72     16.08      1.34
    1924    0.53    1.17   19.00    7.33    0.64   31.89   37.45    9.23    0.54    0.50    0.39    0.55    109.22      9.10
    1925    0.46    2.17    1.96    5.57    2.75   14.33    4.91    0.87    1.68    1.00    0.39    1.40     37.49      3.12
    1926    1.28    2.02    3.87    1.81    1.48   35.15   11.56    0.44    0.40    0.38    0.48    0.46     59.33      4.94
    1927    1.37    0.83   19.36   26.45    8.20    1.40    0.49    0.50    0.45    0.38    0.72    0.52     60.66      5.06
    1928    0.48    4.84    6.44    2.61    1.69   17.83    5.91    0.83    5.12    2.75    0.88   10.17     59.53      4.96
    1929    5.77    9.45    7.39   12.58    4.04   11.01    4.45    0.60    0.71    0.68    5.29    2.25     64.22      5.35
    1930    0.91    0.40    0.89    7.19   11.45   21.54    6.72    0.54    0.44   26.01    9.00    0.42     85.51      7.13
    1931    1.31    1.68   10.72    3.82   14.97    5.72    0.48    0.57    0.62    0.91    0.51    6.52     47.83      3.99
    1932    5.24   17.50    8.76    1.27    0.44    9.92    3.90    0.48    0.43    0.43    0.42    0.40     49.19      4.10
    1933    0.29   34.43   33.73   47.32   14.15    9.82    3.71    0.62    0.56    4.37    1.86    0.38    151.24     12.60
    1934    0.71    7.15   14.78    5.17    1.40   13.11    9.71    5.93    2.57    0.82    1.21    0.63     63.20      5.27
    1935    0.63    0.56    0.26    0.35   15.08    8.03    1.31    5.26    2.31    1.04    0.54    0.51     35.90      2.99
    1936    1.69   35.04   11.77   12.60   19.14    9.99    1.98    0.53    0.50    0.47    0.41    0.46     94.58      7.88
    1937    0.68    1.18    4.47   11.15   24.43    7.71   14.25    5.15    0.95    1.26    1.16    0.64     73.02      6.09
    1938    1.58    9.08   21.93   20.15   29.32    8.47    0.57    0.76    0.67    1.12    0.78   10.60    105.02      8.75
    1939    8.26    3.08    0.77    2.28   18.45   18.69    4.86    5.39    2.24    0.59    0.46    1.09     66.17      5.51
    1940    0.95    1.53    3.15    5.78    3.97    2.45    1.84    0.81    0.48    0.49    0.51    0.34     22.29      1.86
    1941    3.76    1.67    0.22    5.66   12.09   14.01    4.67    1.02    0.54    0.39    0.81    1.43     46.25      3.85
    1942    3.67   24.52   25.16   14.13    3.26   13.51   12.26    3.70    1.61    0.93   12.25    5.15    120.15     10.01
    1943    4.33   27.36   16.54    5.70    3.44   16.00    5.51    0.64    1.06    0.93    0.50   14.25     96.26      8.02
    1944    5.75    0.50    0.29    0.69   11.63   12.85    3.47    0.55    0.47    0.44    0.36    0.30     37.30      3.11
    1945    1.91    0.77    0.88   15.82    7.11    5.24    2.60    1.65    0.89    0.49    0.37    0.33     38.04      3.17
    1946    0.44    1.17    1.14    5.82    9.80   14.07    4.48    0.48    1.67    1.13    0.38    0.89     41.47      3.46
    1947    1.00   15.90   20.63   14.28   19.82   17.44    4.89    0.78    0.56    0.51    0.41    0.36     96.57      8.05
    1948    1.21    0.89    0.53    2.43    2.23    1.55    0.94    0.56    0.37    0.39    0.39    0.32     11.80      0.98
    1949    0.35    1.38    1.81    1.72   23.69   19.23    5.06    8.72    3.36    0.63    1.76    0.99     68.70      5.72
    1950    2.95    2.15   22.62   10.62    4.30    2.22    0.65    0.45    0.45    0.41    0.67    0.90     48.38      4.03
    1951    3.75    1.35    0.57    1.92   16.53    5.94    0.67    0.51    0.47    0.49    0.36    2.18     34.74      2.89
    1952    1.42    1.30    3.08    1.81    6.07    2.70    1.50    0.74    0.32    0.29    0.49    3.25     22.95      1.91
    1953    8.65    8.38    4.85    2.11    6.28   16.01    5.15    5.21    3.13    1.03    0.43    0.62     61.85      5.15
    1954    1.69    1.53    1.32   19.24   24.67    8.68    5.70    2.21    1.03    0.66    0.40    0.59     67.73      5.64
    1955    0.74    2.55    1.52    0.32    8.23   21.93    6.75    0.62    0.65    0.48    0.35    0.99     45.15      3.76
    1956    1.53    6.41   17.92    9.08    2.05   21.94    8.07    0.75    0.61    0.57    1.15    2.66     72.72      6.06
    1957    3.31    1.44    0.86   14.97    6.88    1.52    1.54    1.00    0.48    0.47    0.36    0.39     33.21      2.77
    1958    0.36   11.68   13.87    4.29    2.23    2.72    9.60   16.69    5.06    1.34    1.47    0.68     70.00      5.83
    1959    0.57    4.26    4.56    9.47    5.19    2.28    1.37    0.81    0.50    0.47    0.71    0.97     31.16      2.60
    1960    0.77    8.01   14.21    6.79    2.36   17.13    9.26    2.48    0.81    0.49    0.59    0.54     63.43      5.29
    1961    0.38   15.21    7.37    3.01   16.34   17.66    4.81    0.69    0.50    0.43    0.44    0.36     67.19      5.60
    1962    1.37   13.57    6.81   21.02   15.23   33.93   11.27    0.81    0.59    1.33    0.72    0.39    107.05      8.92
    1963   19.03   16.93    4.30    5.48    2.17    6.09    6.29    1.78    7.38    3.12    0.57    0.84     73.99      6.17
    1964    6.38    2.27    1.76    2.40    5.20    1.95    0.68    0.96   10.34    4.24    1.26    0.70     38.14      3.18
    1965    7.07   11.53    3.29   13.30    8.40    1.52    0.49    2.79    1.40    0.46    0.66    0.85     51.76      4.31
    1966    0.66    0.92    3.42   10.96    8.12   17.57   16.04    4.88    1.04    0.96    0.59    0.36     65.51      5.46
    1967    0.96    1.54    0.52    0.58    0.66    1.73    1.02    0.33    0.29    0.38    0.47    0.76      9.24      0.77
    1968    0.80    0.87    0.84    0.50    4.57   28.10    8.94    0.60    0.46    0.49    0.55    0.35     47.07      3.92
    1969    4.39    2.17    2.85    1.46    5.89    2.17    0.29    0.41    0.84    0.65   10.26    7.24     38.62      3.22
    1970    7.72    2.67    1.75    6.19    5.10    2.57    1.50    1.72    1.00    1.33    1.74    0.86     34.15      2.85
    1971    6.56    3.45    3.76    7.39   29.07   17.85    3.50    0.58    0.60    0.51    0.40    0.34     74.01      6.17
    1972    0.64    4.33    2.03    2.03   19.29   10.34    2.16    0.53    0.39    0.53    0.63    0.49     43.38      3.62
    1973    0.70    4.45    2.53   32.69   28.76   34.94   10.01    1.46    1.20    0.67    0.63    0.39    118.44      9.87
    1974    0.49    8.65    3.71    1.62    1.55    4.66    1.97    0.39    0.34    0.36    0.39    3.66     27.80      2.32
    1975    1.53    2.14   38.40   26.67   13.54   39.29   12.82    3.32    1.50    0.69    0.53    1.72    142.15     11.85
    1976   25.22    8.41    1.35    2.35    6.14    3.33    0.87    0.43    0.50    0.57    0.54    1.93     51.64      4.30
    1977    1.77    1.68    4.14    3.60    1.68    2.12   18.00    6.23    0.51    0.41    0.68    1.39     42.22      3.52
    1978    4.78    2.34   11.25    4.53    4.42    2.26    0.64    3.42    1.56    4.29    1.91    7.40     48.79      4.07
    1979    3.42    0.89    1.37    1.49    1.91    1.57    0.56    0.29    0.28    0.50    0.36    7.60     20.25      1.69
    1980    2.98    2.33    1.88   12.35   20.95    6.40    0.49    3.52    1.78    0.53    0.98    0.59     54.78      4.57
    1981    0.32    0.82    4.50    2.83    2.27   11.27    4.67    0.69    0.64    0.96    0.53    0.47     29.97      2.50
    1982   10.21    5.38    0.79    0.49    0.21    0.59    0.79    0.45    0.37    0.62    0.38    0.53     20.81      1.73
    1983    1.33   12.71   12.83    5.44    6.21   11.98    4.72    1.03    0.93    1.15    0.68    0.41     59.44      4.95
    1984    3.99    5.33    1.74   11.87   36.26   10.72    0.56    0.44    0.44    0.42    0.32    0.43     72.51      6.04
    1985   21.37   10.15   12.56   11.09    4.49    4.90    1.77    0.45    0.44    0.57    1.05    1.30     70.14      5.84
    1986   14.17   13.37    4.13    2.44    2.58    4.58    1.77    0.47    0.55    0.47    0.84   31.76     77.12      6.43
    1987   12.49    3.82    2.75    7.39   39.53   21.56    4.04    1.16    0.80    0.72    0.74    0.94     95.95      8.00
    1988    0.99    5.80   29.39   10.83   21.43   12.57   11.14    3.68    0.72    0.82    0.53    0.39     98.29      8.19
    1989    4.51   31.30   10.10    7.57    2.76   17.91    6.80    0.62    0.62    0.55    1.22    0.74     84.71      7.06
    1990    2.51    1.13    1.29    5.31    3.68    1.36    0.36    0.34    0.40    0.37    0.33    0.47     17.53      1.46
    1991   16.00    9.21   17.26    8.02    1.38    0.72    0.67    0.39    0.32    0.31    0.34    0.49     55.10      4.59
    1992    0.51    0.41    0.46    1.42    3.39    4.57    2.08    0.55    0.28    0.27    0.34    5.06     19.33      1.61
    1993   13.84   10.85    7.92   16.68   16.51   20.11    5.72    0.50    0.55    0.86    0.92    0.43     94.89      7.91
    1994    0.49    0.36    3.44   10.31    3.99   15.18    8.70    1.80    0.60    0.51    0.38    0.47     46.23      3.85
    1995    1.39    3.02   29.44   34.59   20.73    6.30    1.04    0.54    0.49    0.53    0.42    0.42     98.93      8.24
    1996    0.87   23.29   14.99   12.44    4.43    5.82    3.30    0.93   13.25    5.99    1.05    0.50     86.85      7.24
    1997    1.59    6.32    3.03   13.44   35.65   32.57    8.21    0.89    0.60    0.64    0.90    0.57    104.42      8.70
    1998    0.65   16.05   20.04    8.30   15.75   10.97    2.38    0.55    0.56    0.57    0.44    0.39     76.66      6.39
    1999    6.71    3.51    7.43   29.37   22.48   24.18   11.19    2.50    0.89    0.60    0.49    0.79    110.15      9.18
    2000    0.96    2.61    4.17    8.67   10.20    5.11    2.84    1.04    0.48    0.46    0.42    0.59     37.53      3.13
    2001    3.49   31.30   20.29   11.53    3.54    2.68    1.27    1.24    0.77    1.38    8.10    4.70     90.29      7.52
    2002    1.19    0.93    4.16    3.01    1.52    4.13    1.96    0.97    0.63    0.41    0.49    0.71     20.11      1.68
    2003    0.53    0.95    0.72    2.61    2.46   14.48    5.09    0.43    0.39    1.15    0.84   10.39     40.05      3.34
    2004    3.87    4.43    3.17   13.35    6.02    7.23    2.97    0.69    0.48    0.40    0.50    0.36     43.46      3.62
    2005    0.71   10.78    3.70    7.33   10.95    5.06    8.95    3.76    0.81    0.54    3.68    2.37     58.64      4.89
    2006   15.67   11.90    5.09    3.68    1.29    1.11    1.07    0.48    0.56    0.48    0.37    0.33     42.05      3.50
    2007    9.38    4.66    2.96    4.16   12.49    4.95    1.61    0.79    0.93    0.61    0.47    0.39     43.40      3.62
    2008    0.40    1.08    7.23    3.73   10.13    3.42    0.35    0.45    0.52    0.40    0.42    0.40     28.53      2.38
    2009    4.30    1.99    1.02   12.69    5.54    1.26    0.84    0.54    0.72    0.59    0.34    0.23     30.06      2.51
  
 AVERAGE    3.80    7.05    7.76    8.82   10.08   11.05    4.92    1.77    1.23    1.30    1.25    2.05     61.09      5.09
