    1920    0.29    0.24    2.64    3.92   13.21   17.42   12.82    3.03    0.36    0.20    0.15    0.22     54.51      4.54
    1921    0.40    7.70   10.42    3.52    0.78    0.98    0.45    1.79    1.40    1.35    4.08    1.79     34.67      2.89
    1922    5.77   17.44   12.54   18.47   17.38   11.41    2.75    0.43    0.32    7.78    2.88    0.37     97.52      8.13
    1923    0.26    0.22    0.95    4.22    2.67    2.33    0.77    0.22    0.24    0.20    0.24    0.44     12.76      1.06
    1924    0.36    0.84   12.66    4.94    0.47   19.57   23.00    5.65    0.48    0.22    0.17    0.28     68.64      5.72
    1925    0.24    1.86    1.49    4.61    2.14    9.68    3.27    0.63    1.20    0.67    0.20    1.49     27.48      2.29
    1926    1.07    1.55    3.44    1.50    1.07   21.58    7.09    0.50    0.20    0.19    0.25    0.26     38.70      3.23
    1927    1.11    0.65   12.77   17.31    5.74    1.09    0.34    0.27    0.23    0.19    0.41    0.32     40.43      3.37
    1928    0.31    4.08    5.53    2.08    1.22   11.74    3.86    0.65    3.58    1.81    0.55    6.87     42.29      3.52
    1929    4.57    7.09    6.01    9.25    2.78    7.46    2.89    0.36    0.31    0.32    3.73    1.54     46.31      3.86
    1930    0.62    0.29    0.66    5.61    8.35   14.13    4.29    0.42    0.19   15.50    5.32    0.40     55.78      4.65
    1931    1.07    1.23    7.89    2.72   10.02    3.78    0.38    0.26    0.30    0.49    0.29    4.52     32.95      2.75
    1932    4.24   11.92    6.78    1.19    0.28    6.88    2.61    0.32    0.20    0.21    0.20    0.21     35.03      2.92
    1933    0.15   21.13   21.57   29.25    8.78    7.03    2.54    0.35    0.24    3.03    1.28    0.16     95.52      7.96
    1934    0.49    5.57   10.59    3.59    1.02    8.97    6.92    4.33    1.75    0.51    0.73    0.41     44.88      3.74
    1935    0.36    0.41    0.16    0.27   10.11    6.16    1.15    3.70    1.57    0.60    0.34    0.29     25.12      2.09
    1936    1.82   21.85    7.32    8.87   12.97    7.39    1.57    0.23    0.21    0.20    0.17    0.22     62.80      5.23
    1937    0.42    0.85    3.94    8.42   15.98    4.97    9.40    3.27    0.61    0.70    0.66    0.37     49.59      4.13
    1938    1.53    6.70   14.66   13.68   18.78    5.28    0.45    0.35    0.29    0.57    0.44    7.06     69.78      5.82
    1939    6.02    2.24    0.57    1.59   12.21   12.57    3.16    3.80    1.56    0.26    0.19    0.66     44.84      3.74
    1940    0.61    1.09    2.50    4.82    3.69    2.63    1.76    0.60    0.26    0.27    0.29    0.19     18.72      1.56
    1941    3.11    1.32    0.17    4.57    8.69    9.79    3.18    0.69    0.29    0.19    0.46    1.04     33.50      2.79
    1942    3.14   15.94   16.60   10.20    2.37    9.09    8.53    2.46    1.00    0.55    7.85    3.18     80.90      6.74
    1943    3.51   17.59   11.60    4.40    3.15   10.82    3.46    0.39    0.52    0.46    0.20    9.12     65.23      5.44
    1944    3.62    0.39    0.12    0.51    8.04    9.11    2.38    0.31    0.22    0.20    0.16    0.14     25.20      2.10
    1945    1.87    0.74    0.64   10.81    5.53    4.36    1.93    1.42    0.64    0.26    0.19    0.18     28.58      2.38
    1946    0.27    0.84    0.85    4.78    7.37    9.82    3.04    0.36    1.52    0.85    0.21    0.59     30.49      2.54
    1947    0.70   10.75   14.02   10.31   13.34   11.81    3.20    0.49    0.23    0.20    0.15    0.13     65.34      5.45
    1948    0.86    0.64    0.40    1.65    1.51    1.07    0.67    0.36    0.21    0.21    0.22    0.19      7.98      0.67
    1949    0.22    0.98    1.31    1.26   15.16   12.89    3.77    5.81    2.10    0.35    1.66    0.81     46.31      3.86
    1950    2.59    1.70   14.73    7.75    3.80    1.76    0.46    0.23    0.22    0.20    0.37    0.57     34.37      2.86
    1951    3.23    1.15    0.42    1.36   11.09    3.98    0.62    0.31    0.27    0.28    0.20    1.98     24.90      2.08
    1952    1.13    0.93    2.58    1.42    4.85    2.08    1.39    0.58    0.20    0.18    0.30    2.74     18.38      1.53
    1953    6.43    6.60    4.08    1.65    4.97   10.97    3.38    3.74    2.15    0.64    0.20    0.32     45.13      3.76
    1954    1.72    1.26    0.96   12.71   16.16    6.50    4.55    1.62    0.56    0.33    0.17    0.31     46.85      3.90
    1955    0.47    2.43    1.30    0.24    6.04   14.37    4.33    0.52    0.35    0.25    0.17    0.66     31.14      2.60
    1956    1.06    5.11   12.39    7.01    1.71   14.01    5.14    0.61    0.30    0.27    0.68    2.39     50.67      4.22
    1957    3.08    1.25    0.64   10.29    5.36    1.26    1.42    0.75    0.26    0.25    0.19    0.22     24.96      2.08
    1958    0.22    8.10   10.10    3.12    2.01    2.66    6.87   10.70    3.09    0.88    0.87    0.43     49.05      4.09
    1959    0.31    3.65    4.01    7.23    4.46    2.08    1.02    0.50    0.26    0.24    0.40    0.64     24.79      2.07
    1960    0.54    5.98   10.32    5.27    1.79   11.31    6.75    1.81    0.52    0.22    0.29    0.28     45.08      3.76
    1961    0.19   10.11    5.14    2.11   11.00   11.98    3.15    0.45    0.22    0.18    0.19    0.16     44.87      3.74
    1962    1.16    9.40    4.91   13.78   10.55   21.17    6.96    0.66    0.23    0.69    0.46    0.14     70.10      5.84
    1963   12.04   11.50    2.94    4.42    1.75    4.67    4.93    1.37    4.54    1.88    0.26    0.45     50.75      4.23
    1964    4.69    1.65    1.26    1.69    4.32    1.60    0.42    0.59    6.76    2.68    0.87    0.46     26.99      2.25
    1965    5.07    8.34    2.30    9.16    6.50    1.30    0.24    2.22    1.04    0.23    0.36    0.51     37.27      3.11
    1966    0.45    0.67    3.00    8.15    6.41   11.84   10.75    3.07    0.63    0.50    0.28    0.15     45.91      3.83
    1967    0.66    1.09    0.40    0.44    0.49    1.61    0.83    0.21    0.16    0.22    0.28    0.50      6.88      0.57
    1968    0.56    0.63    0.63    0.39    3.84   17.84    5.58    0.47    0.27    0.29    0.33    0.22     31.04      2.59
    1969    3.53    1.67    2.32    1.16    4.70    1.70    0.20    0.27    0.53    0.41    6.73    5.37     28.59      2.38
    1970    5.76    1.90    1.27    5.03    4.50    2.25    1.10    1.59    0.75    0.90    1.12    0.54     26.71      2.23
    1971    4.76    2.46    3.46    6.08   18.57   12.04    2.41    0.31    0.28    0.23    0.17    0.15     50.93      4.24
    1972    0.44    3.76    1.65    1.42   12.68    7.61    1.70    0.32    0.19    0.28    0.35    0.28     30.69      2.56
    1973    0.48    3.87    2.03   20.35   18.50   21.84    6.19    1.08    0.71    0.33    0.30    0.17     75.85      6.32
    1974    0.25    6.32    2.65    1.19    1.13    3.92    1.57    0.23    0.19    0.20    0.22    2.94     20.80      1.73
    1975    1.18    1.88   23.79   17.42    9.59   24.20    7.84    2.68    1.14    0.31    0.22    1.69     91.96      7.66
    1976   15.90    5.20    0.98    1.65    4.90    2.67    0.65    0.20    0.24    0.29    0.28    1.83     34.80      2.90
    1977    1.37    1.19    3.75    2.87    1.22    2.21   11.76    3.94    0.42    0.20    0.38    1.12     30.44      2.54
    1978    3.86    1.77    8.19    3.27    3.75    1.79    0.45    2.66    1.15    3.06    1.31    5.05     36.33      3.03
    1979    2.30    0.64    1.02    1.10    1.45    1.14    0.39    0.17    0.16    0.29    0.22    5.17     14.06      1.17
    1980    2.01    2.18    1.52    8.80   14.03    4.24    0.44    2.65    1.26    0.28    0.58    0.39     38.37      3.20
    1981    0.18    0.60    3.96    2.26    1.99    7.92    3.19    0.44    0.36    0.57    0.33    0.28     22.08      1.84
    1982    7.05    4.20    0.72    0.36    0.16    0.42    0.55    0.30    0.23    0.38    0.23    0.34     14.95      1.25
    1983    1.01    8.88    9.50    4.21    4.97    8.59    3.51    0.75    0.51    0.67    0.41    0.22     43.24      3.60
    1984    3.24    4.63    1.49    8.41   22.71    6.61    0.54    0.20    0.20    0.19    0.14    0.22     48.57      4.05
    1985   13.46    7.45    9.29    8.40    3.76    4.04    1.41    0.20    0.20    0.27    0.59    0.88     49.95      4.16
    1986    9.48    9.50    2.93    1.72    2.26    3.88    1.42    0.24    0.28    0.24    0.48   19.27     51.71      4.31
    1987    8.50    3.60    2.17    5.78   24.51   14.17    2.75    0.72    0.39    0.34    0.36    0.54     63.85      5.32
    1988    0.69    4.72   19.03    7.01   13.91    8.83    7.79    2.41    0.36    0.38    0.21    0.14     65.47      5.46
    1989    3.47   19.78    6.31    5.74    2.05   11.59    4.33    0.45    0.26    0.23    0.89    0.50     55.60      4.63
    1990    2.27    1.01    0.94    4.43    3.51    1.22    0.25    0.20    0.23    0.20    0.19    0.29     14.74      1.23
    1991   10.42    6.99   11.98    5.84    1.09    0.52    0.44    0.21    0.16    0.15    0.18    0.29     38.28      3.19
    1992    0.34    0.30    0.35    1.02    3.15    4.11    1.64    0.37    0.18    0.16    0.21    3.82     15.66      1.30
    1993    9.47    7.98    6.44   11.63   11.42   13.35    3.63    0.33    0.22    0.42    0.48    0.21     65.59      5.47
    1994    0.24    0.19    2.96    7.75    2.85   10.16    6.42    1.38    0.30    0.24    0.17    0.24     32.90      2.74
    1995    1.18    2.90   18.94   22.06   13.90    5.00    0.97    0.24    0.21    0.24    0.18    0.20     66.02      5.50
    1996    0.60   14.99   10.73    9.24    3.12    4.59    2.89    0.75    8.27    4.13    0.80    0.22     60.33      5.03
    1997    1.60    5.12    2.27    9.41   22.40   20.51    5.15    0.63    0.24    0.26    0.44    0.26     68.28      5.69
    1998    0.36   10.78   13.66    6.39   10.74    7.82    1.75    0.22    0.23    0.23    0.17    0.15     52.51      4.38
    1999    4.89    2.46    5.86   18.92   14.88   15.70    7.71    1.78    0.45    0.24    0.19    0.39     73.47      6.12
    2000    0.66    2.47    3.76    6.74    7.57    4.29    2.75    0.89    0.22    0.21    0.19    0.32     30.06      2.50
    2001    2.98   19.80   13.85    8.69    2.56    2.56    1.13    0.75    0.50    1.15    5.45    3.67     63.09      5.26
    2002    1.00    0.67    3.68    2.34    1.11    3.55    1.58    0.60    0.37    0.23    0.28    0.44     15.85      1.32
    2003    0.36    0.69    0.55    1.98    1.99    9.74    3.37    0.41    0.22    0.75    0.51    6.95     27.52      2.29
    2004    2.56    3.80    2.46    9.44    4.60    5.39    2.08    0.41    0.24    0.19    0.25    0.18     31.59      2.63
    2005    0.48    7.65    2.59    5.61    8.04    4.28    6.50    2.48    0.49    0.26    2.74    1.66     42.78      3.57
    2006   10.34    8.60    3.97    2.84    1.00    0.80    0.76    0.32    0.29    0.24    0.18    0.17     29.52      2.46
    2007    6.37    3.17    2.19    3.69    8.87    3.38    1.38    0.59    0.53    0.35    0.25    0.21     30.98      2.58
    2008    0.23    0.78    5.76    2.84    7.24    2.41    0.26    0.26    0.30    0.23    0.25    0.24     20.80      1.73
    2009    3.50    1.55    0.75    8.98    3.96    0.91    0.59    0.34    0.44    0.37    0.21    0.14     21.74      1.81
  
 AVERAGE    2.70    4.93    5.50    6.23    6.97    7.52    3.35    1.21    0.76    0.77    0.77    1.37     42.09      3.51
