    1920    0.42    0.44    0.51    0.79    0.85    3.87    2.74    1.42    0.67    0.46    0.36    0.42     12.93      1.08
    1921    0.72    6.01    5.31    1.72    0.62    0.50    0.36    4.61    3.24    1.62    1.53    1.35     27.60      2.30
    1922    1.51    8.91    3.42   10.70   16.27    7.78    1.85    0.78    0.70   15.55    6.43    0.92     74.84      6.24
    1923    0.81    0.71    0.83    1.21    1.64    1.41    0.80    0.62    0.58    0.53    0.58    0.79     10.51      0.88
    1924    0.77    0.72    7.62    3.19    0.68   15.44   17.21    5.16    0.94    0.70    0.57    0.60     53.61      4.47
    1925    0.61    0.81    0.78    0.69    0.86    3.94    1.97    0.84    1.06    0.88    0.60    0.81     13.85      1.15
    1926    1.26    1.13    1.23    0.90    0.58   26.26    9.23    0.56    0.48    0.48    0.54    0.58     43.25      3.60
    1927    0.74    0.64    0.97    4.64    2.59    1.33    0.86    0.65    0.58    0.52    0.69    0.69     14.90      1.24
    1928    0.60    0.87    1.19    0.94    1.10   10.28    4.05    0.72    1.18    1.48    1.07    1.63     25.10      2.09
    1929    5.83    3.38    1.77    2.57    1.22    1.43    1.78    1.05    0.88    0.83    1.32    1.30     23.36      1.95
    1930    1.02    0.68    0.70    3.96    6.44   12.06    4.44    0.84    0.64   15.29    6.29    0.77     53.12      4.43
    1931    0.91    1.23    1.51    0.95    5.10    2.34    0.62    0.61    0.67    0.77    0.71    1.29     16.71      1.39
    1932    2.15   15.63    7.35    1.17    0.71    1.47    1.42    0.82    0.63    0.59    0.54    0.47     32.92      2.74
    1933    0.43   11.08   15.48   25.85    8.25    5.18    2.47    0.92    0.77    1.24    1.14    0.66     73.47      6.12
    1934    0.77    1.39    9.14    3.71    0.75    1.88    2.30    2.52    3.70    2.17    1.48    1.05     30.86      2.57
    1935    0.81    0.66    0.46    0.50    8.62    6.41    1.88    1.58    1.66    1.33    0.93    0.74     25.57      2.13
    1936    1.20   25.35    8.87    1.24   15.33    6.36    1.07    0.73    0.65    0.61    0.56    0.59     62.56      5.21
    1937    0.75    0.76    0.97    4.66    6.12    2.59    4.87    2.42    1.16    1.16    1.06    0.79     27.30      2.27
    1938    0.98    1.70   11.17    8.76   25.85    8.83    0.83    0.88    0.90    1.09    1.06    3.74     65.79      5.48
    1939    2.79    1.67    1.00    1.06    5.12    3.09    1.47    1.72    1.59    1.05    0.76    1.01     22.31      1.86
    1940    1.12    1.19    0.98    1.01    1.08    1.11    1.13    0.82    0.63    0.59    0.57    0.49     10.72      0.89
    1941    0.89    0.91    0.43    0.57    0.88    4.43    2.67    1.45    0.98    0.62    0.59    0.84     15.26      1.27
    1942    1.35   23.32   17.74    4.74    1.14    2.94    5.62    2.69    1.53    1.27    5.54    3.28     71.16      5.93
    1943    2.06   12.63   13.42    4.23    1.79    7.65    3.15    0.88    0.96    1.09    0.83   14.41     63.10      5.26
    1944    6.35    1.13    0.57    0.73    1.57    2.20    1.33    0.90    0.77    0.66    0.55    0.49     17.27      1.44
    1945    1.05    0.80    0.54    1.17    3.62   10.89    4.29    1.11    0.90    0.72    0.57    0.49     26.16      2.18
    1946    0.59    1.03    0.96    1.00    1.28    7.24    3.58    0.99    1.61    1.99    1.02    0.92     22.19      1.85
    1947    0.98    8.18    7.35    5.40    7.66    5.51    2.18    1.07    0.75    0.68    0.59    0.51     40.87      3.41
    1948    0.92    0.99    0.75    0.78    1.03    1.13    1.09    0.88    0.61    0.57    0.53    0.51      9.77      0.81
    1949    0.60    0.91    0.79    0.78    8.92    7.10    2.71    1.93    1.39    1.04    1.41    1.12     28.70      2.39
    1950    1.07    0.72    5.95    2.78    0.84    0.97    0.91    0.69    0.54    0.46    0.57    0.80     16.31      1.36
    1951    1.26    0.67    0.35    0.53    1.19    1.15    0.89    0.72    0.56    0.55    0.46    0.58      8.90      0.74
    1952    0.67    0.44    0.41    0.43    0.59    0.91    1.20    0.88    0.47    0.37    0.44    0.85      7.67      0.64
    1953    1.32    1.57    1.51    1.09    0.97    2.83    1.64    1.54    2.15    1.38    0.67    0.65     17.32      1.44
    1954    1.24    1.27    0.77    6.70   15.10    5.27    1.60    1.40    1.14    0.92    0.60    0.68     36.68      3.06
    1955    0.85    0.97    0.68    0.34    0.53    8.36    3.69    0.88    0.90    0.75    0.52    0.54     18.99      1.58
    1956    1.01    1.44    4.68    2.58    1.02    5.19    2.95    1.20    0.82    0.69    0.89    1.33     23.80      1.98
    1957    1.53    1.02    0.81    1.30    1.62    1.13    1.24    1.08    0.67    0.59    0.50    0.45     11.93      0.99
    1958    0.46    1.03    1.65    0.97    0.63    0.76    1.37   10.83    4.59    1.60    1.74    1.08     26.71      2.23
    1959    0.84    0.93    1.02    0.92    1.09    1.33    1.23    0.90    0.62    0.54    0.61    0.94     10.96      0.91
    1960    0.91    1.11    3.40    2.32    1.61    3.08    2.29    1.77    1.14    0.75    0.63    0.57     19.57      1.63
    1961    0.51    1.18    1.47    0.99    3.06    6.03    2.65    1.01    0.77    0.58    0.57    0.48     19.30      1.61
    1962    0.65    3.59    2.03    6.07    3.23   20.26    7.69    1.06    0.75    0.96    0.87    0.55     47.70      3.98
    1963    0.96    1.81    1.06    1.17    1.11    1.58    2.08    1.32    7.19    3.59    0.99    0.88     23.73      1.98
    1964    3.52    1.66    0.63    0.73    1.00    0.83    0.64    0.80    7.45    4.03    1.76    1.19     24.23      2.02
    1965    1.53    3.70    1.56    1.07    1.46    0.71    0.48    1.17    1.53    0.85    0.77    0.81     15.64      1.30
    1966    0.68    0.59    0.63    1.19    1.73   23.87    9.30    1.95    1.64    1.49    1.00    0.59     44.66      3.72
    1967    0.65    0.92    0.58    0.48    0.63    0.86    0.92    0.65    0.47    0.46    0.59    0.80      8.03      0.67
    1968    0.80    0.72    0.59    0.34    0.76    6.72    2.98    0.93    0.80    0.61    0.59    0.47     16.31      1.36
    1969    0.77    0.86    0.73    0.47    0.96    0.81    0.36    0.44    0.75    0.68    1.29    2.63     10.76      0.90
    1970    5.70    2.64    0.88    0.91    1.03    1.03    1.11    1.59    1.35    1.38    1.86    1.41     20.89      1.74
    1971    8.35    3.96    1.15    1.35   20.01    8.08    1.38    0.89    0.78    0.68    0.57    0.49     47.68      3.97
    1972    0.58    1.26    1.20    0.82    2.55    7.97    3.42    0.86    0.61    0.63    0.75    0.77     21.42      1.78
    1973    0.81    1.34    1.17   11.82    5.29   16.68    6.60    1.80    1.70    1.14    0.79    0.57     49.70      4.14
    1974    0.58    0.91    0.72    0.58    0.62    1.01    1.08    0.67    0.50    0.46    0.42    0.97      8.52      0.71
    1975    0.86    0.75   17.46   21.27   19.39   42.43   13.45    2.03    1.68    1.14    0.85    1.01    122.30     10.19
    1976   19.49    7.25    0.79    0.90    1.09    1.40    1.19    0.78    0.69    0.68    0.64    0.93     35.82      2.99
    1977    1.24    1.09    1.03    1.06    0.92    1.07   40.09   14.28    1.12    0.76    0.69    0.93     64.26      5.35
    1978    1.67    1.67    3.41    1.60    1.02    1.15    0.84    0.68    0.58    0.97    1.14    0.84     15.55      1.30
    1979    0.86    0.64    0.47    0.49    0.74    0.88    0.68    0.51    0.41    0.47    0.43    2.10      8.69      0.72
    1980    1.59    1.09    0.75    1.22    6.51    3.02    0.66    0.88    1.06    0.73    0.92    0.96     19.39      1.62
    1981    0.56    0.42    0.71    1.01    0.72    4.36    2.71    1.18    0.90    0.94    0.69    0.54     14.73      1.23
    1982    5.20    2.49    0.35    0.34    0.34    0.42    0.61    0.58    0.51    0.91    0.84    0.86     13.45      1.12
    1983    1.04    2.74    2.01    1.02    0.85    3.18    7.34    3.30    1.23    1.17    0.88    0.61     25.37      2.11
    1984    0.93    1.38    0.72    1.72   22.82    8.05    0.78    0.63    0.53    0.49    0.43    0.43     38.91      3.24
    1985    7.37    3.67    1.39    1.35    1.56    2.85    1.60    0.71    0.57    0.56    0.86    1.40     23.91      1.99
    1986   12.31    7.15    1.71    0.79    0.83    1.10    0.99    0.74    0.69    0.61    0.78   30.77     58.48      4.87
    1987   11.43    1.58    1.16    1.29   15.61   12.11    3.46    1.62    1.32    1.08    0.97    1.04     52.67      4.39
    1988    1.24    1.62    7.76    3.23   16.14    6.64    9.98    4.23    1.10    1.25    1.01    0.66     54.84      4.57
    1989    1.06   21.44    7.86    1.05    1.09    5.99    3.01    1.06    0.81    0.72    0.77    0.69     45.53      3.79
    1990    1.03    0.92    0.75    0.82    0.97    1.02    0.66    0.49    0.47    0.44    0.41    0.54      8.51      0.71
    1991    5.51    3.24    5.17    2.44    0.76    0.70    0.89    0.71    0.50    0.44    0.43    0.50     21.29      1.77
    1992    0.54    0.49    0.40    0.44    0.54    0.66    0.81    0.60    0.39    0.33    0.33    0.76      6.31      0.53
    1993    1.64    1.92    5.99    3.07    5.76   11.93    4.20    0.70    0.64    0.76    0.86    0.60     38.07      3.17
    1994    0.58    0.48    0.73    1.07    0.89    2.38    2.32    1.79    1.24    0.85    0.56    0.54     13.44      1.12
    1995    0.86    1.16   12.82   13.82    8.98    3.21    1.13    0.77    0.66    0.74    0.68    0.55     45.39      3.78
    1996    0.69    8.61    3.74    1.29    1.38    1.51    2.54    1.68   18.60    8.00    1.66    0.97     50.68      4.22
    1997    1.03    1.39    0.95    1.24   17.82   23.85    7.19    1.24    0.91    0.86    0.97    0.85     58.31      4.86
    1998    0.77    3.86    4.03    1.87    4.52    2.85    1.41    0.89    0.76    0.70    0.60    0.54     22.79      1.90
    1999    1.00    1.16    1.43   17.82    6.99   19.10    9.18    2.32    1.50    1.01    0.73    0.79     63.03      5.25
    2000    1.04    1.40    1.34    1.39    1.57    1.50    1.36    1.05    0.75    0.67    0.62    0.55     13.24      1.10
    2001    0.96   13.00    5.69    3.71    1.83    1.27    1.09    1.13    0.98    1.28    2.17    2.31     35.43      2.95
    2002    1.39    0.81    0.58    0.69    0.79    1.27    1.23    0.98    0.84    0.63    0.59    0.85     10.65      0.89
    2003    0.72    0.57    0.52    0.62    0.55    5.97    2.91    0.71    0.52    0.85    0.87    5.88     20.70      1.72
    2004    2.77    0.74    0.69    8.02    3.60    1.56    1.27    0.82    0.62    0.50    0.49    0.43     21.51      1.79
    2005    0.46    2.55    1.26    0.45    0.75    1.02    1.40    1.35    0.91    0.66    1.36    6.71     18.90      1.58
    2006   14.31    5.51    1.39    1.02    0.82    0.90    1.04    0.77    0.73    0.72    0.56    0.48     28.26      2.35
    2007    1.05    1.21    0.64    0.60    1.01    1.06    1.12    0.96    1.20    1.10    0.63    0.43     11.00      0.92
    2008    0.43    0.51    0.52    0.39    0.80    0.69    0.46    0.51    0.48    0.40    0.39    0.44      6.02      0.50
    2009    0.89    0.84    0.55    0.88    0.81    0.54    0.42    0.37    0.50    0.53    0.35    0.23      6.90      0.57
  
 AVERAGE    2.03    3.07    2.85    2.75    3.97    5.31    3.11    1.47    1.32    1.31    0.98    1.48     29.64      2.47
