    1920    0.43    0.52    0.68    1.12    1.20    8.67    6.02    1.96    0.65    0.49    0.38    0.47     22.59      1.88
    1921    0.87   10.85   10.69    3.09    0.79    0.64    0.44    8.12    4.42    1.66    1.74    1.61     44.94      3.74
    1922    2.38   13.62    4.94   15.81   22.00   12.13    2.90    0.81    0.73   18.52    7.37    0.95    102.17      8.51
    1923    0.87    0.81    1.02    1.60    4.07    2.19    0.95    0.70    0.64    0.58    0.64    0.92     15.00      1.25
    1924    0.93    0.91   12.93    5.03    0.88   20.69   22.06    6.16    0.97    0.72    0.59    0.65     72.53      6.04
    1925    0.68    0.99    1.02    0.92    1.16    8.59    3.57    0.95    1.22    1.01    0.68    0.95     21.74      1.81
    1926    1.57    1.49    2.95    1.59    0.79   31.89   11.06    0.61    0.53    0.52    0.59    0.66     54.26      4.52
    1927    0.89    0.82    2.34    9.63    4.31    1.72    1.12    0.80    0.69    0.60    0.80    0.83     24.54      2.05
    1928    0.75    1.14    2.26    1.48    1.58   15.09    5.58    0.81    1.35    1.73    1.25    4.67     37.69      3.14
    1929    9.26    7.16    3.64    7.00    2.62    4.69    2.61    1.16    0.97    0.92    1.52    1.56     43.11      3.59
    1930    1.25    0.86    0.92    9.07   11.68   16.80    5.64    0.92    0.70   18.26    7.25    0.81     74.14      6.18
    1931    1.03    1.52    4.07    1.82    9.54    3.92    0.72    0.70    0.76    0.88    0.81    2.54     28.32      2.36
    1932    4.53   20.30   12.29    2.46    0.85    3.86    2.11    0.91    0.70    0.65    0.60    0.53     49.80      4.15
    1933    0.51   15.79   21.57   32.24    9.97    9.57    3.97    0.99    0.82    1.36    1.27    0.73     98.80      8.23
    1934    0.89    2.62   14.30    5.39    0.92    6.18    6.21    4.63    5.48    2.51    1.55    1.16     51.81      4.32
    1935    0.90    0.76    0.52    0.59   13.69   11.14    2.94    2.24    1.71    1.42    1.02    0.83     37.77      3.15
    1936    1.44   31.39   10.87    3.72   20.40    7.88    1.23    0.79    0.69    0.64    0.59    0.64     80.30      6.69
    1937    0.87    0.93    1.28   10.04   11.36    3.86    8.67    3.68    1.25    1.28    1.19    0.91     45.33      3.78
    1938    1.18    5.28   16.38   14.12   31.54   10.34    0.91    0.97    0.98    1.20    1.19    7.38     91.47      7.62
    1939    5.73    2.24    1.26    1.40   10.25    6.93    2.04    1.96    1.76    1.16    0.84    1.18     36.74      3.06
    1940    1.37    1.55    1.34    1.41    1.51    1.52    1.51    1.05    0.78    0.70    0.69    0.60     14.03      1.17
    1941    1.12    1.23    0.63    0.83    1.27    9.29    4.38    1.76    1.17    0.73    0.69    1.01     24.11      2.01
    1942    1.71   29.42   24.08    8.30    1.85    7.02    9.54    3.58    1.65    1.39    8.70    4.42    101.66      8.47
    1943    2.95   17.54   19.12    5.82    3.46   12.00    4.41    0.92    1.01    1.17    0.89   18.19     87.49      7.29
    1944    7.72    1.33    0.66    0.89    4.68    5.63    2.08    0.97    0.84    0.72    0.61    0.56     26.70      2.22
    1945    1.27    1.03    0.72    4.98    7.94   15.34    5.43    1.27    1.02    0.81    0.65    0.57     41.01      3.42
    1946    0.70    1.33    1.33    1.43    1.81   12.44    5.37    1.16    3.80    2.43    1.05    1.05     33.90      2.83
    1947    1.19   13.01   12.88   10.49   12.53    9.80    3.28    1.19    0.82    0.74    0.64    0.57     67.14      5.60
    1948    1.09    1.26    0.99    1.08    1.42    1.54    1.45    1.12    0.75    0.68    0.63    0.62     12.63      1.05
    1949    0.76    1.21    1.13    1.15   14.38   12.08    3.87    2.29    1.63    1.20    1.65    1.34     42.70      3.56
    1950    1.32    0.93   11.01    4.63    1.09    1.28    1.19    0.86    0.65    0.54    0.67    0.97     25.12      2.09
    1951    1.60    0.86    0.49    0.75    4.20    2.24    1.13    0.90    0.69    0.65    0.55    0.71     14.76      1.23
    1952    0.85    0.59    0.58    0.63    0.85    1.27    1.63    1.13    0.58    0.45    0.52    1.03     10.10      0.84
    1953    1.69    3.94    2.99    1.50    1.35    7.38    3.20    3.33    2.52    1.42    0.75    0.74     30.82      2.57
    1954    1.52    1.67    1.06   12.23   20.98    6.67    2.06    1.55    1.27    1.02    0.66    0.77     51.46      4.29
    1955    1.01    1.24    0.90    0.43    0.70   13.30    5.32    1.00    1.02    0.85    0.58    0.62     26.97      2.25
    1956    1.23    2.33    9.64    4.54    1.28    9.67    4.56    1.40    0.94    0.78    1.02    1.62     38.99      3.25
    1957    1.94    1.35    1.11    5.06    2.94    1.39    1.59    1.35    0.81    0.70    0.59    0.54     19.38      1.61
    1958    0.57    2.99    5.24    2.03    0.86    1.03    3.24   14.21    5.51    1.73    1.98    1.27     40.66      3.39
    1959    1.00    1.17    1.36    1.28    1.50    1.81    1.63    1.13    0.74    0.63    0.71    1.13     14.09      1.17
    1960    1.14    1.46    8.15    6.22    2.83    6.82    3.62    2.10    1.33    0.85    0.71    0.66     35.90      2.99
    1961    0.61    5.02    2.76    1.34    7.74   10.82    3.77    1.18    0.88    0.66    0.65    0.57     36.00      3.00
    1962    0.80    8.00    3.68   11.25    5.84   24.96    9.25    1.19    0.82    1.06    0.97    0.62     68.44      5.70
    1963    1.14    5.17    2.30    2.83    1.65    5.75    4.15    1.60    9.91    4.43    1.04    0.98     40.96      3.41
    1964    7.25    2.93    0.79    0.97    1.36    1.11    0.81    0.99   10.84    5.12    1.95    1.39     35.50      2.96
    1965    3.24    7.91    2.83    2.89    2.03    0.89    0.59    1.68    1.67    0.95    0.88    0.96     26.49      2.21
    1966    0.83    0.76    0.86    4.94    4.78   28.42   12.68    2.47    1.75    1.63    1.09    0.64     60.85      5.07
    1967    0.73    1.13    0.73    0.61    0.82    1.12    1.19    0.80    0.55    0.52    0.67    0.95      9.82      0.82
    1968    0.99    0.94    0.81    0.48    1.00   11.27    4.46    1.08    0.91    0.68    0.66    0.55     23.82      1.99
    1969    0.93    1.13    1.02    0.67    2.82    1.48    0.45    0.53    0.89    0.80    2.82    5.59     19.13      1.59
    1970    9.32    3.67    1.14    1.24    1.40    1.37    1.45    2.02    1.66    1.66    2.27    1.75     28.95      2.41
    1971   12.66    5.53    1.49    3.72   25.47   11.83    2.03    0.95    0.83    0.73    0.61    0.54     66.39      5.53
    1972    0.66    3.17    1.90    1.10    7.19   12.77    4.55    0.97    0.69    0.70    0.85    0.91     35.46      2.96
    1973    0.99    3.61    2.05   17.40   10.19   21.49    7.95    2.06    1.95    1.26    0.85    0.62     70.42      5.87
    1974    0.64    1.11    0.93    0.75    0.81    1.33    1.40    0.83    0.59    0.53    0.48    1.16     10.57      0.88
    1975    1.08    0.99   23.70   28.06   25.04   48.00   14.89    2.33    1.72    1.16    0.86    1.08    148.89     12.41
    1976   24.24    8.79    0.89    1.09    1.37    1.78    1.47    0.88    0.75    0.73    0.68    1.06     43.72      3.64
    1977    1.50    1.38    1.38    1.47    1.25    1.44   45.93   16.20    1.19    0.79    0.73    1.05     74.30      6.19
    1978    3.69    2.42    8.19    3.31    1.31    1.50    1.07    0.83    0.68    1.13    1.35    1.03     26.49      2.21
    1979    1.08    0.83    0.65    0.68    1.04    1.21    0.91    0.65    0.50    0.56    0.51    5.25     13.88      1.16
    1980    2.71    1.30    1.04    5.30   11.19    4.23    0.81    1.06    1.27    0.86    1.09    1.17     32.04      2.67
    1981    0.70    0.54    0.97    1.45    1.03    9.03    4.34    1.36    1.06    1.09    0.81    0.64     23.02      1.92
    1982    9.02    3.83    0.46    0.44    0.45    0.55    0.79    0.73    0.62    1.08    1.00    1.05     20.02      1.67
    1983    1.32    7.21    4.12    1.39    1.17    7.68   11.54    4.18    1.35    1.30    0.99    0.69     42.95      3.58
    1984    1.12    1.79    0.98    6.51   28.72    9.51    0.91    0.72    0.59    0.54    0.48    0.48     52.36      4.36
    1985   11.19    5.09    2.62    1.94    3.87    7.00    2.76    0.81    0.65    0.64    0.99    1.71     39.25      3.27
    1986   17.08   12.09    2.95    1.00    1.08    1.45    1.28    0.90    0.82    0.71    0.91   35.44     75.69      6.31
    1987   13.08    1.97    1.53    2.49   21.06   17.07    4.61    1.81    1.47    1.17    1.06    1.18     68.52      5.71
    1988    1.48    3.50   12.79    4.83   21.48    8.53   14.05    5.57    1.12    1.31    1.08    0.70     76.44      6.37
    1989    1.21   27.28    9.82    1.29    1.38   10.82    4.71    1.17    0.88    0.77    0.85    0.78     60.95      5.08
    1990    1.23    1.17    0.99    1.12    1.33    1.38    0.86    0.61    0.56    0.52    0.49    0.65     10.91      0.91
    1991    9.41    6.02    9.75    3.97    1.00    0.91    1.15    0.89    0.61    0.52    0.51    0.60     35.32      2.94
    1992    0.67    0.65    0.56    0.64    0.78    0.92    1.10    0.78    0.49    0.40    0.38    0.91      8.28      0.69
    1993    4.29    5.46   10.60    5.38   10.08   16.67    5.33    0.75    0.68    0.81    0.95    0.67     61.67      5.14
    1994    0.67    0.57    0.96    1.49    1.22    6.84    5.76    2.37    1.35    0.93    0.63    0.62     23.41      1.95
    1995    1.04    1.51   18.77   20.09   13.98    4.57    1.33    0.87    0.72    0.81    0.74    0.61     65.03      5.42
    1996    0.80   13.40    5.47    2.81    1.92    1.93    6.45    2.90   21.48    8.95    1.73    1.05     68.89      5.74
    1997    1.17    1.72    1.21    3.93   23.14   29.18    8.51    1.34    0.96    0.90    1.04    0.94     74.04      6.17
    1998    0.86    8.30    9.22    3.30    9.24    6.50    1.96    0.98    0.83    0.76    0.66    0.61     43.22      3.60
    1999    1.21    1.52    5.57   23.61    8.65   24.41   13.48    3.20    1.59    1.06    0.76    0.86     85.92      7.16
    2000    1.20    1.75    1.72    2.53    1.93    1.86    1.73    1.29    0.88    0.77    0.71    0.65     17.03      1.42
    2001    1.18   18.50   10.44    8.26    3.11    1.60    1.38    1.40    1.18    1.51    3.83    4.12     56.50      4.71
    2002    1.85    0.98    0.74    0.93    1.08    2.47    1.64    1.19    1.00    0.74    0.69    1.03     14.34      1.20
    2003    0.91    0.75    0.73    0.90    0.79   10.73    4.51    0.83    0.61    0.98    1.03    9.55     32.30      2.69
    2004    4.01    0.92    0.94   13.53    5.50    3.76    1.99    0.96    0.71    0.56    0.56    0.51     33.95      2.83
    2005    0.55    6.63    2.72    0.63    1.04    1.41    1.86    1.66    1.11    0.79    2.96    9.90     31.27      2.61
    2006   18.35    7.92    1.95    1.31    1.05    1.14    1.31    0.92    0.84    0.82    0.63    0.54     36.77      3.06
    2007    1.43    1.46    0.86    0.82    1.40    1.44    1.49    1.22    1.47    1.32    0.74    0.52     14.19      1.18
    2008    0.52    0.65    0.72    0.55    1.09    0.89    0.60    0.64    0.58    0.46    0.45    0.52      7.66      0.64
    2009    1.11    1.07    0.76    1.34    1.12    0.72    0.56    0.46    0.59    0.61    0.40    0.27      9.01      0.75
  
 AVERAGE    2.83    4.64    4.57    4.58    5.92    7.89    4.32    1.85    1.59    1.50    1.18    1.94     42.82      3.57
