    1920    2.50    3.28    5.14    5.63    3.19    6.08    7.39    3.87    1.85    1.02    1.07    1.54     42.57      3.55
    1921    3.25   10.89   25.75   22.42    9.02    4.49    2.19    3.72    7.85    7.14    4.20    3.00    103.94      8.66
    1922    2.13    8.40   10.60    9.98   17.37   18.95   11.29    3.93    1.39    7.46   10.05    4.06    105.63      8.80
    1923    1.74    2.19    3.92    6.75    8.65    6.90    2.79    1.33    1.23    1.01    1.30    2.18     39.98      3.33
    1924    3.32    4.53   13.81   15.71    6.08   21.25   26.21    9.75    3.67    1.49    0.92    1.21    107.95      9.00
    1925    1.87    3.03    2.89    2.95    2.59   12.45   15.09    5.13    2.40    2.11    1.42    1.87     53.79      4.48
    1926    5.03    6.50    6.44    6.22    3.41   14.74   17.76    6.08    2.16    1.18    2.22    1.56     73.30      6.11
    1927    2.67    3.19    7.87   15.60   13.44    6.70    3.46    1.64    1.00    0.94    1.26    1.37     59.14      4.93
    1928    2.60    2.67    2.00    1.85    1.92    3.46    2.67    1.88    4.00    5.23    4.01    3.92     36.22      3.02
    1929    4.65    5.81    5.94    4.52    3.96    5.34    5.52    2.97    1.94    1.79    3.08    3.90     49.42      4.12
    1930    3.07    2.54    3.60    9.23   12.51   14.27   12.73    4.78    1.76   10.62   14.04    5.23     94.38      7.86
    1931    2.58    2.85    2.75    2.33    6.27    7.82    3.72    1.88    2.17    2.86    1.94    1.85     39.01      3.25
    1932    3.64   12.90   17.84    9.01    3.73    3.13    2.97    2.05    1.08    1.05    1.03    0.78     59.20      4.93
    1933    0.86    7.39   16.28   17.24   11.97    6.64    4.53    2.73    1.51    1.57    1.38    1.10     73.18      6.10
    1934    2.11    4.50   10.46   10.92    6.59    4.73    7.51    9.41   11.46   10.57    4.86    2.75     85.86      7.16
    1935    1.89    2.25    1.35    2.09    9.30   15.48    9.86    4.66    3.56    2.39    1.35    1.12     55.32      4.61
    1936    2.79   19.45   24.61    9.99   11.80   12.01    5.20    2.17    0.95    0.96    0.92    0.80     91.66      7.64
    1937    1.60    2.81    3.91    4.34    9.03    9.81    5.53    4.11    2.37    2.27    2.15    1.40     49.33      4.11
    1938    2.29    3.64    4.99    5.98    9.53    9.84    4.09    2.15    1.44    1.84    1.90    3.69     51.38      4.28
    1939    5.75    7.28    9.49    8.38    6.70    5.76    3.54    7.73    9.25    4.30    1.95    1.20     71.35      5.95
    1940    2.07    4.38    9.97    9.07    4.68    3.69    2.85    1.65    0.91    1.09    1.21    1.18     42.75      3.56
    1941    3.14    3.19    2.25    3.22    7.57   11.45    9.84    5.67    2.79    1.29    1.23    1.65     53.29      4.44
    1942    3.81    7.72   17.58   18.30    9.48   11.85   15.01    9.12    4.77    3.68    6.50    5.94    113.75      9.48
    1943    7.71   18.06   21.13   13.00    6.61    5.34    4.20    2.09    1.49    1.81    1.28    2.88     85.60      7.13
    1944    4.36    2.94    1.65    2.60    3.40    8.61    9.66    3.74    1.71    0.95    0.82    0.73     41.17      3.43
    1945    2.77    3.49    2.09    3.07    4.47    6.94    6.78    2.98    1.32    0.86    0.80    0.97     36.55      3.05
    1946    2.08    4.22    4.33    3.79    6.65   11.13    9.24    4.16    5.16    6.14    3.32    1.67     61.89      5.16
    1947    2.24   13.56   22.68   15.32   11.01   11.07    8.07    4.69    2.29    1.03    0.86    0.74     93.57      7.80
    1948    2.67    3.34    3.25    3.83    5.70    7.49    5.91    3.54    1.78    1.19    1.20    1.15     41.05      3.42
    1949    2.41    4.75    5.75    8.84   11.92    9.45    6.21    3.15    2.03    2.11    4.45    3.14     64.23      5.35
    1950    2.22    2.77   11.21   14.36    6.95    4.92    3.60    1.96    0.99    0.86    1.54    2.35     53.73      4.48
    1951    4.23    3.89    2.84    5.62    7.83    5.37    3.13    2.39    1.56    1.27    1.10    1.13     40.35      3.36
    1952    1.64    3.44    6.05    8.42    6.96    4.93    2.93    1.76    0.96    0.84    1.06    1.89     40.89      3.41
    1953    4.29    5.36    6.57    6.63    7.52    7.43    4.09    3.34    2.90    2.10    1.24    1.35     52.81      4.40
    1954    8.73   12.48    6.46    8.99   22.75   21.82    8.22    3.61    2.30    2.02    1.29    1.37    100.04      8.34
    1955    2.51    4.26    4.77    3.58    4.62   13.05   13.41    5.60    2.51    1.23    1.05    1.23     57.81      4.82
    1956    2.72    6.46   18.27   19.94   10.29   12.21   12.95    5.83    2.72    1.45    1.74    5.88    100.44      8.37
    1957   13.23   13.50    8.11    8.48    9.56    5.99    6.77    6.38    2.69    1.11    0.90    0.86     77.58      6.46
    1958    1.05    5.50   12.20    9.98    5.17    4.02    3.68   27.02   33.63   11.33    4.27    2.17    120.02     10.00
    1959    2.04    4.02    3.94    3.64    3.63    4.43    5.29    3.71    2.26    1.19    1.22    1.74     37.11      3.09
    1960    2.94    4.45    8.27   13.49   10.54    9.89   13.07    9.01    3.62    1.55    1.01    1.05     78.88      6.57
    1961    1.25    3.26    4.01    4.49    8.34    9.42    5.39    2.73    1.49    0.95    1.35    1.13     43.82      3.65
    1962    2.27    4.28    4.30   10.38   11.75   15.20   16.22    6.04    2.29    3.29    3.04    2.02     81.08      6.76
    1963    2.94   11.51   13.71   13.18   12.46    7.58    6.57    3.85    9.77   11.97    4.87    2.05    100.47      8.37
    1964    9.10   11.50    4.72    4.32    4.65    3.10    1.80    1.29    4.48    6.84    5.65    4.38     61.84      5.15
    1965    5.58   10.01    8.89    7.58    6.97    2.93    1.21    3.44    4.05    2.34    1.44    2.35     56.80      4.73
    1966    2.44    3.15    3.41    5.98   10.24   20.50   27.64   17.86    6.48    3.45    2.68    1.55    105.39      8.78
    1967    1.48    3.92    3.07    2.27    2.63    3.06    2.93    2.03    1.12    0.89    1.56    2.30     27.27      2.27
    1968    2.79    2.87    2.31    1.79    4.44    8.50    6.91    3.33    1.92    1.23    1.27    1.19     38.55      3.21
    1969    2.72    4.46    5.23    5.24    3.35    2.29    1.26    1.76    2.14    1.38    2.93    3.86     36.64      3.05
    1970    6.93    8.41    9.32    9.39    6.53    5.59    3.66    2.51    1.78    2.19    4.10    2.84     63.25      5.27
    1971    4.77    6.00    5.06    9.55   15.21   13.52    7.59    3.35    1.57    1.18    1.05    1.01     69.87      5.82
    1972    1.67    6.42    8.91    4.86    6.85    9.34    6.31    2.88    1.22    0.93    1.42    2.41     53.21      4.43
    1973    2.94    6.86    8.33   10.24   13.78   15.12   12.85    6.35    4.16    2.79    1.68    0.92     86.01      7.17
    1974    1.19    3.55    5.05    4.74    4.24    3.98    3.29    2.08    1.07    0.87    0.91    2.25     33.24      2.77
    1975    2.89    2.91   11.32   21.59   24.05   31.75   26.32    9.81    4.09    1.82    1.04    1.47    139.08     11.59
    1976    5.77    7.65    4.11    4.69    4.84    3.43    2.71    1.83    1.05    1.02    1.17    1.64     39.93      3.33
    1977    4.80    6.78    7.62    8.59    5.86    5.63   21.35   24.12    8.36    2.95    1.32    1.81     99.18      8.26
    1978    3.91    5.17    8.70    7.88    4.38    4.85    6.00    4.98    2.70    2.19    2.36    1.56     54.67      4.56
    1979    2.56    3.74    3.13    2.94    3.14    3.28    2.40    1.44    1.01    0.93    0.90    3.56     29.03      2.42
    1980    5.66    9.73   11.24   11.52   11.88    6.57    3.63    1.97    1.28    1.07    1.86    2.24     68.66      5.72
    1981    1.83    2.78    3.62   11.19   13.71    8.28    6.43    3.45    1.91    1.46    1.05    1.24     56.97      4.75
    1982    3.89    5.50    3.28    2.16    1.78    2.00    2.35    1.75    1.15    1.33    1.46    1.31     27.95      2.33
    1983    2.48    7.22   11.41   14.88   17.44   12.10    7.16    4.40    2.52    1.93    1.72    1.21     84.46      7.04
    1984    2.36    3.84    4.13    5.90   19.60   20.65    6.85    2.33    0.94    1.00    0.83    0.89     69.32      5.78
    1985   12.31   18.00   14.30   12.33    6.72    4.67    3.05    1.81    1.05    1.04    2.17    2.27     79.73      6.64
    1986    4.38    7.76    6.83    4.76    4.51    8.12    8.42    3.54    1.53    1.03    2.00   24.70     77.58      6.46
    1987   32.74   15.33   12.68    9.16   15.48   30.49   24.78    9.55    4.33    2.55    2.16    3.60    162.86     13.57
    1988    3.91    5.00    9.63    9.70   16.12   17.10    6.41    3.17    1.78    1.44    1.03    0.81     76.11      6.34
    1989    2.54   15.21   21.68   11.12    4.92    9.63   11.51    5.00    2.17    1.07    1.58    1.29     87.73      7.31
    1990    2.53    3.43    5.69    8.17    6.73    4.90    3.08    1.52    1.20    1.04    0.91    1.49     40.70      3.39
    1991    7.10    9.91   15.24   16.72    8.62    5.71    2.78    1.29    0.80    0.79    1.06    1.32     71.34      5.95
    1992    1.69    2.25    2.50    2.28    6.11    7.33    3.29    1.59    0.86    0.80    0.93    1.79     31.43      2.62
    1993   10.65   14.22   13.46   14.53   12.07   13.59    9.46    3.55    1.42    2.19    2.23    1.31     98.69      8.22
    1994    1.47    1.51    2.60    3.67    2.94    9.29   11.27    4.69    3.74    4.00    2.39    1.15     48.71      4.06
    1995    2.17    3.62   12.08   17.94   15.00   11.59    5.86    2.69    1.24    4.27    5.87    2.88     85.21      7.10
    1996    2.46    5.03    7.81    8.57    7.56    6.03    8.35    7.88   16.15   18.68    7.57    3.70     99.80      8.32
    1997    2.61    6.06    7.38    6.49   20.35   26.40   14.22    5.56    2.54    1.25    1.30    1.32     95.50      7.96
    1998    1.80    5.73   12.95   15.47   11.81    6.76    3.92    1.97    0.88    0.89    0.83    0.64     63.63      5.30
    1999    2.92    5.28   17.41   33.70   28.64   26.18   22.58    9.06    4.61    2.35    1.12    1.49    155.34     12.94
    2000    4.10    4.99   14.19   16.19    6.61    3.79    3.22    2.49    1.56    0.98    1.30    3.13     62.55      5.21
    2001    5.98   20.91   25.31   16.06    9.38    3.99    2.06    1.89    2.06    5.25   11.57   10.29    114.75      9.56
    2002    4.81    2.69    3.30    2.83    2.15    3.09    3.03    2.93    2.25    1.50    0.96    1.42     30.94      2.58
    2003    1.42    1.76    2.36    3.43    3.04    2.67    2.15    1.38    0.86    2.04    2.37    2.34     25.82      2.15
    2004    2.94    4.22   10.18   16.43   15.14   10.91    6.31    2.78    1.46    1.01    0.99    0.99     73.37      6.11
    2005    1.68    3.72    2.78   11.95   22.84   16.86    6.69    3.56    1.81    0.97    2.06    4.65     79.59      6.63
    2006   13.49   15.84   10.97    9.08    4.72    6.08    6.49    3.08    2.03    2.02    1.29    1.24     76.32      6.36
    2007    3.38    4.02    2.84    2.22    1.96    2.80    4.64    3.32    4.08    4.39    2.52    1.85     38.03      3.17
    2008    2.79    4.24    9.28   13.88   18.70   16.30    6.10    2.41    1.16    1.04    1.96    2.17     80.04      6.67
    2009    7.33   10.06    5.73    4.13    3.18    2.15    1.97    1.42    1.31    1.24    0.91    0.69     40.12      3.34
  
 AVERAGE    3.98    6.45    8.48    9.02    8.86    9.40    7.55    4.41    3.05    2.59    2.29    2.35     68.43      5.70
