    1920   10.56    3.59    3.54    3.75    8.20   40.95   13.99    1.66    1.04    0.67    0.52    1.93     90.40      7.53
    1921    5.34   32.82   24.19   10.93    5.73    3.24    1.51    2.51    3.48    2.08    2.94    2.66     97.42      8.12
    1922   13.81   21.05    9.51   22.03   32.58   21.01    5.21    1.11    1.17    3.62    2.54    1.11    134.75     11.23
    1923    1.13    1.41    6.20   13.61    8.83    5.69    3.16    1.68    1.18    1.07    1.22    2.23     47.40      3.95
    1924    3.17   14.20   37.32   17.07   15.28   80.43   37.81    6.19    1.49    1.27    1.05    3.91    219.20     18.27
    1925    5.32    3.36    2.23    5.23    3.89   13.76    5.71    2.06    3.53    2.09    1.06    4.84     53.08      4.42
    1926    8.13    6.55   15.91   16.14   15.41   40.24   14.64    1.65    1.16    2.04    3.42    1.56    126.86     10.57
    1927   12.80    6.64   15.11   24.49   13.53   26.40    9.49    2.00    1.55    1.28    1.96    1.90    117.14      9.76
    1928    2.74    2.06    6.31   11.87    7.43   12.90    5.23    2.51    5.71    5.92    2.77    4.84     70.29      5.86
    1929    3.71   12.40   17.60   15.69    7.99    7.30    3.97    1.84    1.73    1.66    3.52    2.66     80.08      6.67
    1930    2.10    3.50    7.14   30.15   24.60   17.91    7.55    2.01    1.14    3.45    2.31    0.89    102.75      8.56
    1931    2.69    2.55    4.45    5.68   30.03   17.20    3.51    2.90    3.20    2.67    1.31    1.42     77.61      6.47
    1932    4.04   11.13   12.86    4.55    3.28   13.26    6.35    1.37    1.01    1.43    1.25    0.88     61.42      5.12
    1933    1.18   27.60   30.43   50.83   21.21   11.79    6.64    3.64    1.77    2.72    2.09    1.45    161.35     13.45
    1934    3.68   19.23   36.87   14.65   10.01    8.77    9.64    5.32    5.29    2.98    1.82    1.31    119.58      9.96
    1935    1.61    1.09    1.89   14.55   28.94   19.37    5.54    7.28    3.84    1.37    1.02    1.47     87.98      7.33
    1936    2.50   32.29   13.36   19.39   42.14   24.00    5.58    1.34    1.17    1.14    1.02    1.06    144.99     12.08
    1937    1.82    2.89   10.19   18.09   21.47   10.24   15.45    6.31    2.40    2.88    2.62    1.75     96.13      8.01
    1938    4.23    4.97   34.98   25.43   53.68   23.48    4.09    2.26    1.61    1.63    1.51    4.45    162.33     13.53
    1939    5.64    5.11    6.99   14.45   31.01   21.26    6.64   11.75    6.88    2.21    1.20    2.23    115.38      9.61
    1940    4.16    4.40   31.21   32.06   20.32   18.48    7.14    1.61    1.30    1.60    1.34    1.18    124.81     10.40
    1941    2.47    2.13    2.96   20.45   50.64   34.80   13.65    4.49    1.70    1.40    1.91    2.46    139.07     11.59
    1942    3.64   10.43   47.86   36.12   14.22   23.94   35.58   14.21    3.35    4.44   17.06    6.76    217.61     18.13
    1943   17.09   30.33   35.46   18.92   14.47   17.48    5.71    1.39    2.19    2.09    1.40    4.06    150.59     12.55
    1944    6.22    5.18    1.66   16.14   26.95   41.93   13.91    2.40    1.55    1.25    1.15    1.15    119.49      9.96
    1945    2.22    1.57    4.38    8.21    5.90   12.03    6.26    1.99    1.26    1.14    1.05    0.96     46.98      3.91
    1946    1.77    8.98    5.92    8.20   29.59   20.46    6.65    1.75    5.70    3.97    1.30    1.42     95.72      7.98
    1947    2.44   14.67   14.64   27.21   28.25   33.21   12.18    2.33    1.37    1.21    1.06    1.09    139.66     11.64
    1948    3.32    3.22    3.46   10.42   23.93   11.46    4.37    1.98    1.15    1.31    1.63    1.70     67.95      5.66
    1949    2.10    4.19   10.75    7.34   15.55   51.15   18.28    4.78    2.62    2.26    6.68    3.84    129.52     10.79
    1950    1.78    3.89   31.06   28.79   19.10   10.07    3.36    1.31    1.14    1.11    2.64    2.84    107.10      8.92
    1951    5.16    2.12    9.23   19.93   29.02   11.04    3.86    2.16    1.78    2.25    1.72    1.57     89.85      7.49
    1952    2.32    9.87   16.18   15.89   10.71    6.92    3.83    1.73    1.30    1.13    1.61    2.63     74.10      6.18
    1953    5.68    6.20   15.77   18.25   22.29   16.81    5.66    5.69    3.87    1.81    1.11    1.81    104.94      8.75
    1954    8.37    6.28   10.78   62.63   48.77   12.98    4.82    3.11    2.70    1.84    1.09    1.35    164.70     13.72
    1955    1.86    2.63   12.07    5.79   33.78   28.00    7.26    2.06    1.48    1.21    1.30    2.03     99.46      8.29
    1956    2.85   12.86   50.05   39.13   19.05   24.89   11.88    2.99    1.50    1.52    2.62   13.63    182.97     15.25
    1957   13.70    6.05    9.37   27.85   20.41    8.03   10.87    4.54    1.28    1.15    1.04    1.38    105.68      8.81
    1958    1.40   12.28   31.56   13.83   18.27    8.72    3.26   56.77   20.69    2.39    1.96    1.47    172.61     14.38
    1959    1.82    3.89    4.14    4.33    7.59    7.77    8.43    3.91    1.41    1.18    1.46    2.16     48.08      4.01
    1960    2.62   18.89   25.98   11.13   15.25   28.98   23.71    6.81    1.38    1.37    1.24    1.52    138.86     11.57
    1961    1.24    9.78   13.91   24.18   30.24   29.94   10.10    1.91    1.28    1.17    2.59    1.45    127.79     10.65
    1962    2.51   14.18   22.74   41.70   20.78   29.49   10.98    1.83    1.62    4.25    2.55    1.06    153.70     12.81
    1963   15.29   28.73   18.44   26.96   11.73   13.75    7.37    2.37   10.57    5.55    1.42    1.77    143.95     12.00
    1964   14.11    7.73    7.83   21.95   20.04    6.42    3.33    2.62   14.02    8.32    5.65    3.49    115.49      9.62
    1965    5.07    5.86    3.43   33.75   18.27    3.27    3.16    4.72    2.45    1.34    1.91    3.64     86.88      7.24
    1966    2.96    4.55   14.50   30.29   24.73   42.38   21.43    4.89    2.20    3.10    1.75    0.99    153.76     12.81
    1967    3.37    5.23   14.18    8.20    3.78   12.29    6.79    1.90    1.14    1.09    1.76    2.44     62.17      5.18
    1968    2.01    2.43    4.55    5.06   23.25   24.31    8.88    3.11    1.71    1.57    1.26    1.33     79.48      6.62
    1969   11.13    5.43   14.38   13.70   20.55    7.84    1.68    2.64    2.49    1.61   12.83    8.24    102.53      8.54
    1970   15.08    9.28    7.69   11.44   12.62   15.64    6.44    4.45    2.59    3.81    4.86    2.19     96.08      8.01
    1971    4.48    5.50   13.61   18.13   26.73   28.16    9.97    3.50    1.88    1.49    1.34    1.45    116.24      9.69
    1972    2.23   14.83    6.34    4.73   36.69   32.35   14.29    4.04    1.38    1.31    2.35    2.81    123.34     10.28
    1973    1.65    5.85    7.44   43.74   56.77   53.37   17.02    4.32    2.75    2.13    1.71    1.15    197.91     16.49
    1974    1.42   18.92   10.48   14.86   16.27    6.03    3.86    2.05    1.18    1.10    1.06    9.89     87.12      7.26
    1975    5.77   13.81   38.64   48.89   51.67   75.10   24.13    3.56    1.82    1.34    1.30    2.10    268.14     22.35
    1976    7.17    3.06    3.80   26.91   13.17   16.95    7.90    1.76    1.31    1.28    1.40    2.38     87.07      7.26
    1977    6.31   10.50    8.33   16.43   15.59   24.85   16.71    4.82    1.41    1.21    2.07    4.57    112.80      9.40
    1978    9.16    5.38   26.63   13.02   26.30   15.27    7.23    3.32    1.40    3.22    4.31    2.37    117.60      9.80
    1979    2.10    1.65    3.62   11.36   10.14   11.71    4.55    1.79    1.32    1.14    1.02    8.06     58.45      4.87
    1980    5.10    4.24    4.89   17.21   21.18    9.56    3.80    2.21    1.43    1.20    3.16    2.68     76.65      6.39
    1981    1.40    2.61    3.78   11.09    6.75   32.79   12.74    1.71    1.50    1.51    1.06    1.66     78.60      6.55
    1982    9.25    4.61    1.57    3.48    2.68    4.36    3.70    1.64    0.98    1.54    1.38    1.10     36.29      3.02
    1983    4.21   17.45   39.82   15.33    6.14   13.39    6.80    2.09    1.87    2.93    2.21    1.37    113.61      9.47
    1984    4.77    3.69    2.37   34.15   51.03   14.59    1.33    1.11    1.09    1.05    0.88    1.01    117.06      9.76
    1985   36.91   15.91   26.19   44.57   21.29   11.02    5.20    1.65    1.51    1.37    2.23    2.90    170.73     14.23
    1986    8.22    9.14    7.75    8.29   11.83   16.12    5.73    1.31    2.33    1.85    4.26   92.22    169.06     14.09
    1987   41.20    8.83    6.99   16.32   69.16   54.51   16.35    3.82    2.66    3.72    2.18    1.66    227.40     18.95
    1988    2.38    7.22   23.48   22.24   42.77   16.80    6.23    3.29    1.82    1.69    1.22    1.06    130.21     10.85
    1989    1.74   39.47   23.25    7.25    4.53   30.21   14.15    2.67    1.73    1.49    2.43    1.46    130.39     10.87
    1990    2.06    2.04   14.40   41.34   40.34   23.17    5.87    1.49    1.96    1.58    1.10    1.81    137.16     11.43
    1991   12.56    8.57   22.43    9.03   18.49   12.61    3.70    1.31    1.06    1.00    1.11    1.03     92.90      7.74
    1992    1.12    2.07    2.04    1.48   14.51   13.93    7.11    2.57    1.12    0.97    1.18    1.56     49.65      4.14
    1993   15.20    8.83   19.40   32.10   24.00   23.61    8.03    1.55    1.51    2.67    3.17    1.27    141.34     11.78
    1994    1.68    1.12    2.28   10.19    4.33   20.61   10.24    2.83    3.92    2.46    1.14    1.10     61.89      5.16
    1995    2.49    9.10   55.90   51.32   35.29   25.17    8.79    2.42    1.53   11.64    5.51    1.32    210.49     17.54
    1996    2.57    9.89   31.12   42.13   16.04   22.61   12.19    3.83    5.65    3.96    1.96    1.63    153.60     12.80
    1997    3.51   14.40    6.25   17.70   37.45   13.12    1.81    1.78    1.42    1.21    1.52    1.33    101.50      8.46
    1998    1.67   13.63   27.42   18.44   16.77    8.03    2.96    1.45    1.20    1.16    0.97    0.88     94.59      7.88
    1999    3.68    3.63   15.60   28.85   26.66   45.68   22.86    5.85    1.82    1.28    1.14    2.76    159.82     13.32
    2000    3.25    4.30   15.59   36.18   27.23   21.08   10.33    3.59    1.94    1.50    2.49    4.48    131.95     11.00
    2001   11.29   20.16   12.75   14.89    6.11    3.30    2.63    2.82    2.73    4.66    4.56    2.30     88.20      7.35
    2002    1.66    1.68   11.81   11.99   29.72   19.03    8.48    3.53    1.66    1.32    1.21    2.13     94.21      7.85
    2003    1.25    3.83    3.57    9.38   27.29   31.65    9.51    2.11    1.97    3.46    2.23    3.79    100.03      8.34
    2004    7.20   12.50   16.77   32.92   27.68   35.50   11.77    1.41    1.17    1.18    1.58    1.42    151.09     12.59
    2005    3.59    8.06    5.32   41.01   58.36   19.78   14.43    5.74    1.47    2.07    4.40    4.62    168.85     14.07
    2006   19.00   17.65   41.12   16.66   11.71   19.46    8.13    1.81    2.06    2.18    1.91    1.76    143.48     11.96
    2007   14.19    7.67    7.49   34.50   13.65   16.02   20.96    7.06    3.19    2.14    1.34    2.86    131.08     10.92
    2008    2.54    7.77   34.88   35.94   65.03   35.56    6.91    2.37    2.27    1.60    2.45    2.44    199.77     16.65
    2009   12.48    8.21    2.90   22.37   17.95    8.62    4.41    1.84    1.27    1.25    1.10    0.91     83.29      6.94
  
 AVERAGE    6.01    9.28   15.57   20.83   22.83   21.33    9.17    3.71    2.48    2.17    2.29    3.46    119.13      9.93
