    1920    5.07    1.76    1.77    1.87    3.82   21.29    7.34    0.88    0.55    0.36    0.28    1.00     46.01      3.83
    1921    2.46   16.87   12.79    5.37    2.85    1.67    0.79    1.32    1.84    1.11    1.55    1.40     50.02      4.17
    1922    7.18   10.64    4.82   11.10   16.70   10.58    2.64    0.60    0.63    1.92    1.35    0.60     68.75      5.73
    1923    0.60    0.73    2.75    6.51    4.50    3.07    1.69    0.89    0.63    0.57    0.65    1.17     23.77      1.98
    1924    1.64    7.25   19.26    8.44    7.48   42.56   19.73    3.21    0.82    0.70    0.58    2.31    113.97      9.50
    1925    2.98    1.76    1.12    2.26    1.87    6.79    2.88    1.10    1.86    1.12    0.57    2.22     26.54      2.21
    1926    3.85    3.30    8.47    8.04    7.53   20.91    7.68    0.89    0.63    1.10    1.81    0.83     65.03      5.42
    1927    6.34    3.34    7.73   12.40    6.61   13.51    4.94    1.07    0.84    0.69    1.04    1.00     59.53      4.96
    1928    1.42    1.06    2.81    5.61    3.71    6.32    2.63    1.32    2.99    3.13    1.48    2.52     34.98      2.92
    1929    1.93    6.00    8.90    7.70    4.00    3.42    1.98    0.98    0.92    0.88    1.84    1.40     39.96      3.33
    1930    1.09    1.78    3.23   15.35   12.45    9.19    3.95    1.08    0.61    1.82    1.23    0.47     52.26      4.35
    1931    1.39    1.30    2.24    3.03   15.76    8.67    1.75    1.53    1.70    1.42    0.70    0.75     40.23      3.35
    1932    2.09    5.34    6.12    2.22    1.67    6.50    3.21    0.74    0.54    0.76    0.66    0.46     30.30      2.52
    1933    0.61   14.14   15.45   26.42   10.71    5.71    3.39    1.92    0.95    1.45    1.11    0.77     82.64      6.89
    1934    1.90    9.64   18.90    7.69    5.04    4.18    4.68    2.75    2.79    1.59    0.98    0.70     60.85      5.07
    1935    0.84    0.57    0.95    8.09   15.09    9.71    2.81    3.55    1.97    0.74    0.55    0.78     45.66      3.81
    1936    1.30   16.64    6.88    9.70   21.83   12.18    2.83    0.72    0.64    0.62    0.55    0.57     74.45      6.20
    1937    0.95    1.47    4.82    8.89   10.78    5.46    8.12    3.34    1.29    1.54    1.39    0.93     48.99      4.08
    1938    2.41    2.74   18.04   13.44   28.29   11.99    2.05    1.21    0.87    0.88    0.82    2.31     85.07      7.09
    1939    2.92    2.61    3.16    6.95   15.88   10.98    3.48    5.89    3.58    1.21    0.65    1.18     58.48      4.87
    1940    2.16    2.25   15.99   16.32   11.06    9.56    3.66    0.87    0.71    0.86    0.72    0.63     64.79      5.40
    1941    1.29    1.09    1.49   10.25   26.40   17.98    6.81    2.31    0.92    0.76    1.02    1.30     71.63      5.97
    1942    1.89    4.96   24.83   18.52    6.96   12.19   18.53    7.49    1.79    2.36    8.74    3.51    111.77      9.31
    1943    8.67   15.51   18.17    9.34    7.02    8.97    3.00    0.76    1.18    1.14    0.76    2.12     76.66      6.39
    1944    3.22    2.65    0.84    8.60   13.90   21.81    7.30    1.29    0.84    0.69    0.63    0.62     62.39      5.20
    1945    1.17    0.82    2.34    4.02    2.97    5.89    3.16    1.06    0.68    0.61    0.56    0.51     23.78      1.98
    1946    0.92    4.24    2.90    3.80   15.13   10.29    3.39    0.94    2.72    2.05    0.72    0.75     47.85      3.99
    1947    1.26    7.83    7.25   13.76   14.40   17.13    6.35    1.24    0.74    0.66    0.57    0.58     71.79      5.98
    1948    1.71    1.65    1.75    4.94   12.08    6.16    2.47    1.08    0.62    0.70    0.87    0.89     34.92      2.91
    1949    1.09    2.13    5.09    3.61    8.35   26.98    9.63    2.51    1.39    1.21    3.23    1.96     67.17      5.60
    1950    0.93    1.98   15.90   14.57    9.48    4.81    1.68    0.71    0.61    0.60    1.39    1.49     54.16      4.51
    1951    2.82    1.21    4.38    9.87   14.82    5.70    2.01    1.14    0.95    1.20    0.92    0.83     45.85      3.82
    1952    1.20    4.69    8.80    8.01    5.09    3.48    2.00    0.92    0.69    0.60    0.85    1.37     37.72      3.14
    1953    2.67    3.28    8.00    9.32   11.32    8.36    2.87    3.03    2.00    0.98    0.60    0.96     53.37      4.45
    1954    4.00    3.14    5.13   32.79   25.40    6.73    2.50    1.64    1.44    0.99    0.58    0.72     85.05      7.09
    1955    0.97    1.34    5.78    2.83   17.49   14.31    3.74    1.10    0.79    0.65    0.69    1.06     50.75      4.23
    1956    1.48    6.23   25.99   20.13    9.47   12.68    6.17    1.58    0.81    0.82    1.39    7.09     93.85      7.82
    1957    6.86    3.05    4.38   14.10   10.19    4.06    5.35    2.31    0.69    0.62    0.56    0.73     52.93      4.41
    1958    0.74    5.95   16.07    7.20    9.45    4.52    1.70   30.09   10.99    1.29    1.05    0.79     89.83      7.49
    1959    0.96    1.98    2.09    2.18    3.52    3.60    4.05    2.01    0.76    0.63    0.78    1.13     23.67      1.97
    1960    1.35    9.47   13.07    5.79    8.12   15.02   12.16    3.55    0.75    0.74    0.67    0.81     71.52      5.96
    1961    0.66    4.64    6.66   12.14   15.47   15.37    5.24    1.03    0.69    0.63    1.37    0.77     64.69      5.39
    1962    1.31    7.53   11.55   21.52   10.44   15.15    5.73    0.98    0.87    2.25    1.35    0.57     79.28      6.61
    1963    8.04   14.77    9.10   13.63    6.01    6.76    3.74    1.27    5.30    2.89    0.77    0.94     73.22      6.10
    1964    7.01    3.90    3.60   10.96   10.28    3.34    1.74    1.38    7.11    4.36    2.97    1.84     58.50      4.87
    1965    2.62    2.99    1.74   17.38    9.10    1.60    1.65    2.47    1.30    0.72    1.01    1.89     44.46      3.71
    1966    1.54    2.31    7.97   15.71   12.52   22.06   10.95    2.52    1.19    1.65    0.94    0.53     79.90      6.66
    1967    1.74    2.66    6.86    4.06    1.93    6.00    3.44    1.02    0.61    0.58    0.93    1.27     31.10      2.59
    1968    1.04    1.24    2.29    2.55   11.80   12.33    4.58    1.64    0.91    0.84    0.67    0.70     40.61      3.38
    1969    5.46    2.72    8.00    6.88   10.30    4.01    0.88    1.39    1.32    0.86    6.47    4.26     52.55      4.38
    1970    7.58    4.71    3.53    5.39    6.09    7.99    3.38    2.34    1.37    2.01    2.55    1.16     48.10      4.01
    1971    2.52    2.98    6.61    9.51   13.80   14.42    5.17    1.85    1.01    0.81    0.72    0.77     60.19      5.02
    1972    1.16    7.61    3.26    2.50   19.37   16.74    7.17    2.08    0.75    0.71    1.25    1.48     64.08      5.34
    1973    0.86    2.62    3.32   22.68   29.70   27.95    8.93    2.28    1.47    1.15    0.92    0.62    102.50      8.54
    1974    0.75    9.51    5.30    7.23    7.96    3.03    2.01    1.08    0.64    0.59    0.56    4.86     43.52      3.63
    1975    2.93    7.07   19.97   25.37   26.96   39.66   12.76    1.89    0.99    0.73    0.71    1.11    140.17     11.68
    1976    3.38    1.49    1.92   13.69    6.98    8.80    4.12    0.95    0.71    0.69    0.75    1.25     44.73      3.73
    1977    2.94    4.95    3.79    8.69    7.85   12.66    8.42    2.48    0.77    0.66    1.10    2.38     56.69      4.72
    1978    4.42    2.68   13.56    6.63   13.45    7.57    3.69    1.76    0.75    1.70    2.27    1.25     59.72      4.98
    1979    1.10    0.85    1.82    5.41    4.76    5.66    2.29    0.94    0.70    0.60    0.54    3.90     28.57      2.38
    1980    2.59    2.17    2.47    8.51   10.60    4.88    1.98    1.16    0.76    0.64    1.66    1.41     38.83      3.24
    1981    0.73    1.33    1.90    5.27    3.34   16.99    6.63    0.90    0.80    0.81    0.56    0.87     40.12      3.34
    1982    4.47    2.29    0.80    1.75    1.36    2.23    1.91    0.86    0.52    0.82    0.73    0.58     18.31      1.53
    1983    2.17    8.68   20.49    7.91    3.24    6.86    3.53    1.12    1.00    1.56    1.18    0.73     58.44      4.87
    1984    2.16    1.81    1.21   17.59   26.59    7.64    0.70    0.60    0.59    0.57    0.48    0.54     60.48      5.04
    1985   19.28    8.29   13.31   23.04   10.71    5.29    2.63    0.89    0.81    0.74    1.19    1.52     87.69      7.31
    1986    3.93    4.26    3.50    3.77    5.68    8.57    3.12    0.70    1.24    0.99    2.23   49.12     87.10      7.26
    1987   21.49    4.52    3.37    8.67   36.64   28.56    8.74    2.19    1.44    1.99    1.17    0.89    119.67      9.97
    1988    1.25    3.31   11.79   11.12   22.20    8.77    3.23    1.73    0.98    0.92    0.66    0.57     66.53      5.54
    1989    0.92   20.51   11.64    3.94    2.50   15.63    7.37    1.42    0.93    0.81    1.30    0.78     67.74      5.64
    1990    1.07    1.05    6.99   21.30   20.88   11.76    3.00    0.80    1.05    0.85    0.59    0.96     70.30      5.86
    1991    6.20    4.33   11.30    4.57    9.30    6.14    1.85    0.70    0.57    0.53    0.59    0.54     46.63      3.89
    1992    0.59    1.05    1.03    0.74    8.16    7.13    3.63    1.36    0.59    0.52    0.62    0.81     26.24      2.19
    1993    7.64    4.48    9.69   16.35   12.13   11.99    4.15    0.83    0.81    1.42    1.68    0.68     71.85      5.99
    1994    0.88    0.58    1.15    4.82    2.10   10.49    5.27    1.50    2.06    1.31    0.61    0.58     31.35      2.61
    1995    1.29    4.30   29.17   26.67   18.16   12.82    4.54    1.29    0.83    7.03    3.28    0.71    110.10      9.17
    1996    1.35    4.68   15.85   21.75    8.01   11.51    6.33    2.02    2.98    2.10    1.06    0.87     78.51      6.54
    1997    1.83    7.34    3.19    8.82   19.31    6.84    0.96    0.95    0.77    0.66    0.81    0.71     52.19      4.35
    1998    0.88    6.64   13.84    9.08    8.55    4.18    1.55    0.78    0.64    0.63    0.52    0.47     47.74      3.98
    1999    2.24    2.05    8.34   14.84   13.55   23.83   11.71    3.03    0.99    0.70    0.62    1.46     83.34      6.95
    2000    1.69    2.19    8.27   18.76   13.86   10.65    5.33    1.90    1.05    0.81    1.33    2.34     68.17      5.68
    2001    5.52   10.07    6.10    7.20    3.04    1.70    1.37    1.49    1.45    2.45    2.39    1.22     44.00      3.67
    2002    0.87    0.86    5.65    5.66   15.21    9.54    4.34    1.87    0.88    0.71    0.65    1.12     47.34      3.95
    2003    0.65    1.94    1.80    4.39   13.88   16.29    4.94    1.12    1.05    1.83    1.19    1.98     51.06      4.25
    2004    3.41    6.00    8.77   17.02   14.09   18.36    6.15    0.76    0.63    0.64    0.85    0.75     77.44      6.45
    2005    1.85    3.75    2.60   21.27   30.54   10.34    7.21    2.94    0.80    1.11    2.32    2.41     87.13      7.26
    2006    9.65    8.71   21.22    8.87    5.94    9.83    4.19    0.97    1.11    1.17    1.03    0.94     73.62      6.14
    2007    8.01    4.22    3.42   17.68    7.07    8.03   10.67    3.68    1.70    1.15    0.73    1.51     67.88      5.66
    2008    1.33    3.60   17.88   18.42   34.17   18.39    3.55    1.27    1.22    0.87    1.31    1.29    103.30      8.61
    2009    6.15    4.14    1.48   11.30    8.88    4.44    2.45    1.02    0.68    0.67    0.59    0.48     42.28      3.52
  
 AVERAGE    3.06    4.67    7.88   10.60   11.71   10.95    4.73    1.95    1.31    1.17    1.21    1.82     61.08      5.09
