    1920   10.68    3.68    3.67    3.88    8.12   43.66   15.01    1.79    1.12    0.73    0.56    2.05     94.96      7.91
    1921    5.24   34.72   25.19   10.93    5.93    3.44    1.62    2.70    3.75    2.26    3.16    2.85    101.78      8.48
    1922   14.94   22.09    9.97   22.99   34.39   21.92    5.45    1.22    1.28    3.91    2.74    1.22    142.15     11.85
    1923    1.23    1.51    5.95   13.72    8.78    5.91    3.38    1.82    1.29    1.17    1.33    2.40     48.49      4.04
    1924    3.38   15.18   39.66   17.60   15.64   86.75   40.41    6.58    1.65    1.41    1.17    4.75    234.17     19.51
    1925    6.12    3.63    2.33    4.93    3.94   14.18    5.96    2.24    3.81    2.27    1.16    4.75     55.33      4.61
    1926    8.15    6.83   16.36   16.43   15.77   42.88   15.71    1.80    1.28    2.23    3.69    1.69    132.82     11.07
    1927   13.23    6.92   16.19   25.73   13.86   27.85   10.12    2.18    1.70    1.40    2.13    2.06    123.39     10.28
    1928    2.93    2.18    6.07   11.89    7.70   13.23    5.45    2.70    6.12    6.37    3.00    5.16     72.82      6.07
    1929    3.95   12.62   18.64   16.18    8.30    7.26    4.11    2.00    1.88    1.81    3.78    2.86     83.40      6.95
    1930    2.24    3.68    6.94   31.69   25.75   19.13    8.15    2.19    1.25    3.73    2.50    0.97    108.22      9.02
    1931    2.85    2.69    4.65    6.27   32.43   18.02    3.64    3.13    3.47    2.90    1.44    1.54     83.02      6.92
    1932    4.29   11.25   12.93    4.64    3.45   13.60    6.64    1.50    1.10    1.56    1.35    0.96     63.27      5.27
    1933    1.26   29.13   31.93   54.18   22.17   12.00    6.99    3.93    1.94    2.95    2.28    1.58    170.34     14.19
    1934    3.90   20.01   38.94   15.84   10.62    8.88    9.81    5.65    5.71    3.23    1.99    1.43    126.01     10.50
    1935    1.74    1.17    1.97   16.13   30.87   20.17    5.81    7.43    4.06    1.51    1.13    1.60     93.58      7.80
    1936    2.68   34.21   14.16   20.16   44.81   25.18    5.84    1.47    1.29    1.26    1.13    1.16    153.36     12.78
    1937    1.96    3.04   10.22   18.58   22.37   11.25   16.82    6.87    2.63    3.14    2.85    1.91    101.63      8.47
    1938    4.96    5.65   37.11   26.53   57.44   24.74    4.25    2.47    1.77    1.80    1.67    4.74    173.14     14.43
    1939    5.99    5.38    6.78   14.65   32.72   22.75    7.18   12.23    7.33    2.43    1.33    2.42    121.19     10.10
    1940    4.44    4.63   32.95   33.70   22.32   19.63    7.54    1.77    1.43    1.76    1.47    1.30    132.96     11.08
    1941    2.65    2.26    3.09   21.29   54.08   36.94   14.15    4.76    1.88    1.54    2.09    2.66    147.39     12.28
    1942    3.89   10.47   50.95   38.15   14.56   25.18   37.98   15.28    3.64    4.82   18.04    7.20    230.15     19.18
    1943   17.96   31.98   37.44   19.48   14.73   18.67    6.19    1.55    2.41    2.31    1.55    4.34    158.63     13.22
    1944    6.60    5.46    1.74   17.98   28.75   44.72   14.93    2.63    1.72    1.40    1.28    1.27    128.47     10.71
    1945    2.41    1.70    4.05    7.97    6.08   12.36    6.54    2.18    1.39    1.26    1.15    1.05     48.14      4.01
    1946    1.91    9.01    6.07    8.11   31.19   21.33    7.00    1.90    5.73    4.22    1.45    1.55     99.46      8.29
    1947    2.61   16.38   15.26   28.48   29.72   35.21   13.02    2.53    1.52    1.34    1.17    1.19    148.42     12.37
    1948    3.52    3.40    3.61   10.47   25.02   12.70    5.06    2.21    1.27    1.44    1.78    1.84     72.31      6.03
    1949    2.25    4.40   10.79    7.54   16.08   54.75   19.66    5.14    2.83    2.46    6.78    4.04    136.71     11.39
    1950    1.92    4.09   32.78   30.15   19.75   10.14    3.49    1.44    1.25    1.22    2.86    3.05    112.13      9.34
    1951    5.24    2.13    9.25   20.57   30.56   11.71    4.12    2.32    1.94    2.45    1.88    1.70     93.88      7.82
    1952    2.47    9.93   17.71   16.57   10.77    7.21    4.09    1.88    1.42    1.24    1.75    2.82     77.85      6.49
    1953    5.59    6.82   16.72   19.49   23.47   17.40    5.93    6.13    4.10    1.99    1.22    1.96    110.83      9.24
    1954    8.44    6.51   10.85   67.07   52.05   13.82    5.13    3.34    2.93    2.01    1.19    1.47    174.81     14.57
    1955    1.99    2.76   12.20    5.92   35.91   29.51    7.68    2.24    1.62    1.33    1.42    2.19    104.77      8.73
    1956    3.05   13.09   53.31   41.42   19.72   26.18   12.65    3.23    1.65    1.67    2.85   14.74    193.55     16.13
    1957   14.33    6.32    9.31   29.17   21.19    8.40   11.17    4.77    1.41    1.27    1.14    1.51    110.00      9.17
    1958    1.52   12.51   33.17   14.17   18.98    9.20    3.50   61.30   22.39    2.62    2.14    1.61    183.10     15.26
    1959    1.96    4.08    4.32    4.51    7.50    7.66    8.53    4.14    1.55    1.29    1.59    2.33     49.45      4.12
    1960    2.80   19.66   27.10   12.00   16.29   30.74   25.06    7.27    1.53    1.51    1.36    1.65    146.97     12.25
    1961    1.35    9.81   14.06   25.19   31.89   31.66   10.75    2.09    1.41    1.29    2.81    1.58    133.88     11.16
    1962    2.69   15.76   24.02   44.24   21.66   31.20   11.74    2.00    1.78    4.60    2.76    1.17    163.62     13.64
    1963   16.72   30.49   19.00   28.21   12.38   14.12    7.73    2.58   11.00    5.92    1.57    1.93    151.66     12.64
    1964   14.62    8.07    7.68   22.79   21.40    6.92    3.57    2.83   14.73    8.92    6.09    3.76    121.38     10.11
    1965    5.38    6.17    3.59   35.75   18.94    3.35    3.38    5.07    2.64    1.47    2.08    3.89     91.72      7.64
    1966    3.16    4.78   16.00   32.21   25.90   45.21   22.60    5.18    2.41    3.37    1.92    1.08    163.82     13.65
    1967    3.57    5.50   14.43    8.46    3.98   12.60    7.11    2.07    1.25    1.19    1.91    2.62     64.67      5.39
    1968    2.15    2.55    4.75    5.28   24.39   25.50    9.42    3.36    1.86    1.72    1.38    1.44     83.81      6.98
    1969   11.43    5.65   15.92   14.23   21.38    8.27    1.81    2.84    2.70    1.76   13.41    8.75    108.14      9.01
    1970   15.72    9.73    7.54   11.44   12.81   16.67    6.97    4.79    2.80    4.12    5.23    2.36    100.17      8.35
    1971    4.46    5.69   13.82   18.59   28.07   29.72   10.61    3.78    2.06    1.64    1.47    1.57    121.48     10.12
    1972    2.39   15.92    6.80    4.43   38.97   34.27   14.88    4.27    1.52    1.44    2.55    3.03    130.47     10.87
    1973    1.77    5.65    7.16   46.54   60.77   57.17   18.27    4.66    3.00    2.34    1.88    1.27    210.47     17.54
    1974    1.54   19.73   10.97   15.17   16.67    6.28    4.13    2.20    1.30    1.21    1.15   10.15     90.51      7.54
    1975    6.06   14.81   41.11   52.06   55.21   80.91   26.03    3.86    2.01    1.49    1.44    2.28    287.24     23.94
    1976    7.16    3.12    3.97   28.28   14.39   18.27    8.48    1.93    1.44    1.41    1.53    2.58     92.58      7.71
    1977    6.26   10.48    8.13   16.85   16.00   26.13   17.47    5.10    1.56    1.34    2.25    4.89    116.46      9.71
    1978    9.28    5.57   27.99   13.71   27.73   15.79    7.60    3.59    1.54    3.48    4.64    2.56    123.49     10.29
    1979    2.26    1.75    3.77   11.44   10.09   11.92    4.75    1.94    1.43    1.24    1.11    8.19     59.89      4.99
    1980    5.34    4.47    5.10   17.74   22.01   10.07    4.06    2.38    1.56    1.31    3.40    2.88     80.34      6.69
    1981    1.50    2.74    3.94   11.14    6.96   34.88   13.60    1.85    1.63    1.65    1.16    1.78     82.83      6.90
    1982    9.40    4.77    1.65    3.62    2.80    4.60    3.93    1.76    1.06    1.67    1.50    1.19     37.95      3.16
    1983    4.46   18.06   42.16   16.26    5.99   13.70    7.15    2.27    2.03    3.17    2.40    1.48    119.12      9.93
    1984    4.62    3.78    2.49   36.18   54.48   15.63    1.44    1.22    1.20    1.16    0.97    1.10    124.26     10.36
    1985   39.47   16.98   27.50   47.32   22.19   11.14    5.44    1.80    1.65    1.51    2.43    3.12    180.55     15.05
    1986    8.29    9.05    7.52    8.08   11.98   17.85    6.44    1.43    2.53    2.02    4.56   99.92    179.67     14.97
    1987   44.01    8.78    6.72   16.76   74.35   58.41   17.88    4.46    2.93    4.05    2.39    1.81    242.56     20.21
    1988    2.56    7.08   24.46   23.11   45.55   17.98    6.63    3.53    2.00    1.86    1.35    1.17    137.27     11.44
    1989    1.89   42.06   24.18    8.19    5.16   32.14   15.10    2.89    1.90    1.64    2.65    1.59    139.38     11.61
    1990    2.21    2.17   14.69   43.80   42.87   24.32    6.18    1.64    2.14    1.74    1.21    1.97    144.94     12.08
    1991   12.96    8.95   23.42    9.46   19.30   12.87    3.85    1.44    1.16    1.09    1.21    1.12     96.84      8.07
    1992    1.21    2.19    2.12    1.54   16.18   14.67    7.48    2.78    1.22    1.07    1.29    1.68     53.42      4.45
    1993   15.85    9.28   20.14   33.75   25.10   24.79    8.53    1.70    1.66    2.91    3.44    1.37    148.50     12.38
    1994    1.81    1.20    2.38   10.22    4.40   21.66   10.86    3.06    4.22    2.67    1.24    1.19     64.92      5.41
    1995    2.66    9.12   59.73   54.70   37.36   26.47    9.32    2.63    1.69   14.54    6.72    1.45    226.40     18.87
    1996    2.77    9.91   32.71   44.70   16.67   23.77   12.98    4.12    6.10    4.28    2.15    1.79    161.95     13.50
    1997    3.76   15.38    6.65   18.36   39.71   14.01    1.97    1.95    1.56    1.34    1.66    1.45    107.80      8.98
    1998    1.80   13.93   28.66   18.96   17.87    8.64    3.16    1.59    1.32    1.28    1.07    0.96     99.25      8.27
    1999    4.60    4.22   16.12   30.23   27.99   48.81   24.14    6.21    2.00    1.42    1.26    2.98    170.00     14.17
    2000    3.48    4.52   16.02   38.20   28.62   22.06   10.95    3.87    2.13    1.65    2.71    4.80    139.01     11.58
    2001   11.55   20.94   12.86   15.15    6.32    3.51    2.82    3.05    2.96    5.03    4.91    2.48     91.56      7.63
    2002    1.78    1.78   11.93   12.01   31.35   19.81    8.94    3.81    1.81    1.45    1.32    2.30     98.27      8.19
    2003    1.34    4.02    3.73    9.35   28.67   33.51   10.13    2.29    2.14    3.74    2.42    4.05    105.39      8.78
    2004    7.20   12.66   18.37   35.10   29.10   37.71   12.59    1.55    1.28    1.30    1.73    1.55    160.15     13.35
    2005    3.81    7.98    5.44   43.64   62.48   21.18   14.98    6.06    1.62    2.26    4.74    4.96    179.13     14.93
    2006   19.95   18.19   43.61   18.24   12.47   20.41    8.62    1.98    2.26    2.39    2.09    1.92    152.14     12.68
    2007   15.91    8.45    7.33   36.43   14.52   16.70   22.05    7.54    3.47    2.34    1.48    3.09    139.31     11.61
    2008    2.73    7.67   36.83   37.95   69.81   37.78    7.31    2.58    2.49    1.76    2.67    2.65    212.24     17.69
    2009   12.83    8.57    3.05   23.41   18.52    8.60    4.61    2.01    1.39    1.37    1.20    1.00     86.56      7.21
  
 AVERAGE    6.32    9.70   16.27   21.84   24.08   22.55    9.74    3.99    2.68    2.39    2.48    3.73    125.78     10.48
