    1920    4.07    1.47    1.53    1.60    2.90   19.41    6.79    0.83    0.52    0.34    0.26    0.92     40.65      3.39
    1921    2.52   15.43   11.36    4.31    2.43    1.51    0.73    1.23    1.72    1.06    1.45    1.30     45.06      3.76
    1922    6.12    9.11    4.24    9.61   14.87    9.18    2.31    0.59    0.62    1.80    1.27    0.58     60.29      5.02
    1923    0.57    0.67    2.40    5.51    3.97    2.77    1.54    0.85    0.61    0.55    0.63    1.09     21.16      1.76
    1924    1.50    6.01   17.18    7.52    6.52   39.88   18.78    3.14    0.80    0.69    0.57    2.11    104.69      8.72
    1925    2.71    1.58    0.99    2.29    1.83    5.75    2.51    1.04    1.75    1.07    0.55    2.34     24.41      2.03
    1926    3.37    2.91    7.40    6.68    6.25   19.04    7.11    0.85    0.62    1.05    1.70    0.78     57.75      4.81
    1927    5.38    2.91    6.42   10.66    5.46   12.03    4.51    1.02    0.81    0.67    0.99    0.94     51.81      4.32
    1928    1.31    0.95    2.46    4.70    3.23    5.28    2.27    1.24    2.77    2.92    1.40    2.31     30.83      2.57
    1929    1.76    4.90    7.34    6.29    3.45    3.21    1.95    0.93    0.88    0.84    1.72    1.31     34.57      2.88
    1930    1.00    1.58    2.82   13.89   11.52    8.05    3.52    1.02    0.60    1.71    1.16    0.45     47.33      3.94
    1931    1.26    1.17    1.97    2.65   14.11    7.43    1.50    1.43    1.60    1.35    0.67    0.71     35.84      2.99
    1932    1.89    4.30    4.84    1.83    1.49    5.42    2.81    0.71    0.51    0.72    0.62    0.43     25.58      2.13
    1933    0.56   12.59   13.56   24.06    9.35    4.63    3.00    1.80    0.92    1.37    1.06    0.73     73.64      6.14
    1934    1.72    8.29   16.85    6.92    4.03    3.73    4.16    2.55    2.62    1.51    0.94    0.67     53.98      4.50
    1935    0.79    0.52    0.83    6.72   13.32    8.39    2.47    2.91    1.77    0.73    0.54    0.74     39.73      3.31
    1936    1.20   14.95    6.19    8.32   19.78   10.71    2.48    0.70    0.62    0.60    0.54    0.54     66.64      5.55
    1937    0.89    1.31    3.74    8.31    9.60    4.87    7.88    3.29    1.24    1.47    1.32    0.88     44.80      3.73
    1938    2.18    2.44   16.19   11.93   26.09   10.66    1.78    1.16    0.85    0.88    0.80    2.12     77.07      6.42
    1939    2.65    2.33    2.87    5.93   14.17    9.56    3.08    5.08    3.27    1.18    0.64    1.11     51.88      4.32
    1940    1.97    2.00   14.25   14.39    9.52    9.04    3.56    0.84    0.69    0.84    0.70    0.61     58.41      4.87
    1941    1.19    0.99    1.30    8.82   24.15   16.22    5.82    2.09    0.90    0.74    0.98    1.22     64.43      5.37
    1942    1.73    3.92   22.56   16.51    5.75   10.78   16.93    6.96    1.71    2.23    7.80    3.19    100.09      8.34
    1943    8.19   13.96   16.19    7.86    5.74    7.61    2.64    0.75    1.14    1.10    0.74    1.96     67.89      5.66
    1944    2.92    2.37    0.75    7.64   12.34   19.89    6.75    1.23    0.82    0.67    0.61    0.59     56.56      4.71
    1945    1.08    0.75    2.05    3.02    2.50    4.89    2.77    1.00    0.65    0.58    0.53    0.47     20.29      1.69
    1946    0.84    3.31    2.43    2.84   13.44    8.91    3.00    0.90    2.70    2.13    0.75    0.71     41.96      3.50
    1947    1.16    6.88    5.97   12.02   12.71   15.41    5.82    1.18    0.72    0.64    0.56    0.56     63.63      5.30
    1948    1.55    1.47    1.53    3.87   10.52    5.53    2.26    1.01    0.60    0.68    0.82    0.84     30.69      2.56
    1949    1.00    1.89    4.01    3.04    7.37   24.90    8.95    2.33    1.31    1.15    3.06    1.94     60.97      5.08
    1950    0.88    1.76   14.15   12.73    8.06    4.41    1.69    0.69    0.60    0.58    1.31    1.39     48.23      4.02
    1951    2.56    1.09    3.36    8.33   13.11    5.15    1.84    1.08    0.91    1.14    0.88    0.78     40.23      3.35
    1952    1.10    3.73    7.25    6.56    3.99    3.03    1.84    0.87    0.66    0.58    0.81    1.27     31.68      2.64
    1953    2.69    3.12    7.58    8.02    9.79    7.11    2.53    2.86    2.08    0.95    0.58    0.90     48.22      4.02
    1954    3.19    2.70    4.05   30.19   23.19    6.13    2.29    1.52    1.36    0.95    0.57    0.68     76.82      6.40
    1955    0.90    1.19    4.64    2.35   15.82   12.69    3.35    1.04    0.76    0.63    0.67    1.00     45.05      3.75
    1956    1.35    5.10   23.64   18.04    8.08   11.20    5.61    1.49    0.79    0.80    1.32    6.13     83.56      6.96
    1957    5.80    2.66    3.36   12.34    8.75    3.56    4.48    2.04    0.68    0.61    0.54    0.70     45.51      3.79
    1958    0.69    4.86   14.16    6.43    8.16    3.99    1.57   28.21   10.36    1.25    1.01    0.75     81.45      6.79
    1959    0.89    1.75    1.83    1.91    2.65    3.29    3.58    1.85    0.73    0.61    0.74    1.05     20.89      1.74
    1960    1.24    8.15   11.31    5.11    6.85   13.36   10.86    3.24    0.74    0.72    0.65    0.77     63.01      5.25
    1961    0.62    3.64    5.35   10.48   13.73   13.74    4.77    0.98    0.67    0.62    1.30    0.74     56.64      4.72
    1962    1.21    6.59    9.98   19.38    9.05   13.57    5.25    0.95    0.85    2.12    1.28    0.55     70.77      5.90
    1963    6.95   13.03    7.66   11.90    5.37    5.65    3.29    1.21    4.57    2.65    0.75    0.89     63.92      5.33
    1964    5.98    3.41    2.66    9.39    8.79    2.92    1.60    1.30    6.25    4.02    2.78    1.72     50.81      4.23
    1965    2.38    2.67    1.53   15.59    7.78    1.33    1.52    2.28    1.22    0.69    0.96    1.74     39.70      3.31
    1966    1.41    2.06    6.59   13.79   11.57   20.34    9.75    2.27    1.14    1.57    0.90    0.51     71.91      5.99
    1967    1.57    2.37    5.61    3.44    1.72    4.97    3.02    0.97    0.58    0.55    0.88    1.18     26.87      2.24
    1968    0.95    1.10    2.01    2.23   10.36   10.81    4.13    1.54    0.87    0.81    0.64    0.66     36.12      3.01
    1969    4.55    2.34    6.65    5.53    8.86    3.57    0.82    1.29    1.24    0.82    5.63    3.86     45.17      3.76
    1970    7.34    4.43    3.12    4.45    4.98    6.75    3.00    2.17    1.29    1.89    2.38    1.09     42.88      3.57
    1971    2.28    2.66    5.37    8.23   12.25   12.84    4.70    1.74    0.97    0.78    0.70    0.73     53.25      4.44
    1972    1.07    6.36    2.77    2.20   17.55   15.00    6.17    1.86    0.73    0.69    1.19    1.38     56.97      4.75
    1973    0.81    2.38    3.18   20.97   27.37   25.74    8.27    2.15    1.41    1.11    0.89    0.60     94.89      7.91
    1974    0.71    8.23    4.64    5.98    6.62    2.63    1.85    1.01    0.61    0.57    0.54    4.04     37.44      3.12
    1975    2.59    5.88   17.87   23.04   24.69   36.99   11.94    1.79    0.96    0.72    0.69    1.06    128.23     10.69
    1976    2.70    1.23    1.69   12.06    6.23    8.21    3.87    0.91    0.69    0.68    0.72    1.18     40.16      3.35
    1977    2.78    4.15    3.44    7.88    6.70   11.18    7.35    2.24    0.75    0.64    1.05    2.20     50.34      4.19
    1978    3.57    2.29   11.96    5.89   11.95    6.43    3.28    1.66    0.73    1.61    2.12    1.17     52.64      4.39
    1979    1.02    0.77    1.59    4.30    3.66    4.62    2.00    0.89    0.66    0.57    0.51    3.16     23.75      1.98
    1980    2.27    1.95    2.17    8.11   10.03    4.56    1.82    1.09    0.73    0.62    1.55    1.31     36.20      3.02
    1981    0.67    1.18    1.67    4.17    2.83   15.39    6.07    0.86    0.76    0.77    0.54    0.81     35.72      2.98
    1982    3.65    1.95    0.71    1.53    1.20    1.99    1.74    0.81    0.49    0.77    0.69    0.54     16.07      1.34
    1983    1.96    8.00   18.58    7.14    2.88    5.75    3.10    1.06    0.95    1.47    1.11    0.68     52.69      4.39
    1984    2.31    1.81    1.08   15.80   24.31    7.05    0.67    0.58    0.57    0.56    0.46    0.52     55.72      4.64
    1985   17.68    7.59   11.71   20.78    9.29    4.25    2.32    0.85    0.79    0.72    1.13    1.42     78.54      6.54
    1986    3.13    3.24    3.12    3.03    4.61    7.55    2.86    0.67    1.17    0.95    2.07   46.40     78.79      6.57
    1987   19.71    3.97    3.13    7.85   34.15   26.32    8.04    2.05    1.39    1.89    1.13    0.86    110.50      9.21
    1988    1.17    2.45   10.18   10.42   20.48    8.07    2.95    1.60    0.95    0.89    0.65    0.55     60.37      5.03
    1989    0.86   18.65   10.04    3.35    2.23   14.09    6.73    1.34    0.90    0.79    1.23    0.74     60.95      5.08
    1990    1.00    0.95    5.75   19.14   18.87   11.14    2.94    0.78    1.01    0.83    0.58    0.91     63.89      5.32
    1991    5.24    3.78    9.80    4.00    8.72    5.28    1.60    0.68    0.55    0.51    0.57    0.52     41.24      3.44
    1992    0.55    0.94    0.90    0.65    6.89    5.92    3.22    1.29    0.57    0.50    0.59    0.76     22.78      1.90
    1993    7.50    4.25    8.29   14.41   11.16   10.74    3.75    0.81    0.79    1.36    1.59    0.64     65.28      5.44
    1994    0.82    0.54    1.00    3.80    1.71    9.25    4.76    1.42    1.93    1.24    0.58    0.55     27.60      2.30
    1995    1.18    3.37   26.73   24.28   16.28   11.32    4.09    1.23    0.81    6.21    3.00    0.69     99.19      8.27
    1996    1.25    3.67   13.98   19.58    7.54   10.49    5.79    1.90    2.79    1.98    1.02    0.84     70.83      5.90
    1997    1.68    6.12    2.70    8.10   17.58    6.25    0.91    0.91    0.74    0.64    0.78    0.67     47.10      3.92
    1998    0.82    5.49   12.04    7.61    7.18    3.67    1.43    0.74    0.62    0.60    0.50    0.44     41.13      3.43
    1999    2.02    1.83    7.30   13.08   11.91   21.82   10.46    2.74    0.96    0.68    0.60    1.36     74.77      6.23
    2000    1.56    1.95    7.21   16.81   12.21    9.87    5.01    1.78    1.01    0.79    1.26    2.17     61.64      5.14
    2001    4.57    8.62    4.87    5.81    2.59    1.55    1.27    1.39    1.36    2.29    2.23    1.14     37.70      3.14
    2002    0.80    0.77    4.53    4.44   13.53    8.24    3.87    1.76    0.85    0.68    0.62    1.04     41.11      3.43
    2003    0.60    1.72    1.58    3.38   12.24   14.61    4.50    1.06    1.00    1.72    1.12    1.82     45.34      3.78
    2004    3.20    5.12    7.61   15.18   12.43   16.59    5.66    0.74    0.62    0.62    0.81    0.72     69.30      5.77
    2005    1.68    2.84    2.16   19.30   28.08    9.53    6.19    2.62    0.78    1.07    2.17    2.23     78.65      6.55
    2006    8.49    7.34   19.10    8.04    4.84    8.49    3.77    0.94    1.11    1.15    0.99    0.89     65.15      5.43
    2007    6.90    3.70    2.51   15.77    6.41    7.77    9.72    3.37    1.62    1.11    0.70    1.41     60.99      5.08
    2008    1.23    2.70   15.94   16.41   31.62   16.63    3.18    1.21    1.18    0.85    1.25    1.22     93.41      7.78
    2009    5.16    3.61    1.32    9.84    7.50    3.90    2.24    0.95    0.66    0.65    0.57    0.46     36.86      3.07
  
 AVERAGE    2.74    4.05    6.88    9.34   10.42    9.82    4.30    1.82    1.24    1.11    1.14    1.69     54.55      4.55
