    1920    0.45    0.50    1.19    1.39    1.39    4.81    2.64    1.00    0.54    0.37    0.29    0.35     14.92
    1921    0.83    7.38   11.62    3.99    1.15    0.99    0.63    0.69    1.39    1.44    1.29    1.00     32.40
    1922    1.55    2.80    1.92    1.43   14.77   13.79    4.08    0.73    0.44    0.64    0.74    0.45     43.34
    1923    0.35    0.35    0.66    1.30    1.67    1.36    0.92    0.63    0.41    0.30    0.30    0.49      8.74
    1924    0.66    1.13   11.27    5.25    2.09   42.60   15.57    1.59    0.78    0.51    0.40    0.50     82.35
    1925    0.76    0.70    0.61    0.54    0.51    1.31    1.29    0.84    0.82    0.70    0.45    0.51      9.04
    1926    1.10    1.29    1.57    1.49    1.21   13.55    5.60    1.02    0.53    0.45    0.69    0.64     29.14
    1927    0.88    1.06    1.60    9.75    4.68    2.50    1.79    0.92    0.48    0.40    0.41    0.43     24.90
    1928    0.51    0.60    0.75    0.87    1.05    3.00    2.00    1.04    1.26    1.57    1.14    1.10     14.89
    1929    1.23    1.31    1.60    1.97    1.75    1.83    1.84    1.25    0.84    0.64    0.78    0.98     16.02
    1930    0.84    0.84    1.19    4.66    4.00    4.68    2.78    1.27    0.62    0.92    1.01    0.53     23.34
    1931    0.49    0.65    0.77    0.96    5.85    6.08    2.36    1.00    0.96    0.87    0.59    0.44     21.02
    1932    0.67    1.39    1.63    1.20    0.83    1.50    1.72    1.05    0.50    0.34    0.29    0.22     11.34
    1933    0.22    5.11    9.04   14.28    5.52    2.82    2.11    1.37    0.86    0.73    0.64    0.47     43.17
    1934    0.71    2.76    9.76    4.55    1.74    1.88    5.24    3.20    2.51    2.00    1.16    0.62     36.13
    1935    0.48    0.39    0.31    0.61    6.47    4.13    1.68    1.63    1.53    0.91    0.48    0.43     19.05
    1936    0.72   10.70    4.59    1.74    9.32    4.73    1.57    0.78    0.47    0.41    0.34    0.32     35.69
    1937    0.41    0.56    0.94    3.23    7.33    3.32    3.42    2.24    1.14    0.92    0.77    0.53     24.81
    1938    0.78    1.23    4.02    2.84   23.65    9.10    1.47    1.03    0.72    0.58    0.51    0.87     46.80
    1939    1.53    1.95    1.99    2.04   12.82    5.73    1.56    1.98    2.15    1.37    0.67    0.53     34.32
    1940    0.65    1.01    7.69    4.03    2.03    2.93    1.98    0.92    0.49    0.47    0.41    0.35     22.96
    1941    0.53    0.60    0.43    0.75    5.81   12.23    5.26    1.74    0.91    0.48    0.47    0.57     29.78
    1942    0.76    1.38   10.89    8.70    3.18    8.10   13.33    5.35    1.61    1.47    2.32    1.74     58.83
    1943    3.98   14.30   12.69    3.92    1.39    2.35    1.79    0.88    0.64    0.62    0.49    0.86     43.91
    1944    1.34    0.98    0.41    0.64    1.38   13.24    5.55    1.15    0.71    0.46    0.37    0.31     26.54
    1945    0.42    0.45    0.61    1.22    1.69    2.29    1.85    1.02    0.53    0.35    0.27    0.24     10.94
    1946    0.36    0.94    1.21    1.46    3.67    8.41    3.92    1.20    1.13    1.21    0.77    0.45     24.73
    1947    0.50    2.75    2.55    2.18    6.02    7.92    3.37    1.12    0.61    0.43    0.36    0.31     28.12
    1948    0.59    0.73    0.86    0.96    1.37    1.96    1.76    1.10    0.59    0.40    0.36    0.39     11.07
    1949    0.61    1.46    1.95    3.39    5.17   12.63    5.22    1.40    0.86    0.75    1.31    1.24     35.99
    1950    0.78    0.63   10.43    5.08    5.11    3.25    1.49    0.72    0.45    0.37    0.53    0.86     29.70
    1951    1.32    0.98    0.80    2.14    2.18    1.61    1.28    0.95    0.64    0.49    0.37    0.32     13.08
    1952    0.48    1.25    5.91    7.51    5.31    2.53    1.40    0.87    0.48    0.36    0.38    0.52     27.00
    1953    1.17    1.43    2.00    2.17    2.23    2.28    1.76    1.47    1.28    0.85    0.48    0.41     17.53
    1954    1.32    1.90    1.41   12.90   17.12    5.62    1.62    1.29    1.01    0.77    0.45    0.39     45.80
    1955    0.44    0.74    1.37    0.96    3.62   10.37    4.30    0.98    0.56    0.41    0.39    0.49     24.63
    1956    0.62    1.23   15.62    6.73    2.08   10.38    5.02    1.58    0.92    0.60    0.63    1.75     47.16
    1957    7.03    3.78    1.57    3.87    6.35    2.94    1.87    1.54    0.77    0.46    0.38    0.37     30.93
    1958    0.34    0.63    2.54    2.25    1.84    1.73    1.45   32.02   11.80    1.15    0.67    0.49     56.91
    1959    0.50    1.00    1.11    0.85    1.11    3.83    3.09    1.85    0.95    0.49    0.42    0.50     15.70
    1960    0.72    1.50    3.63    4.21    2.34    8.63    8.15    3.03    0.91    0.55    0.43    0.47     34.57
    1961    0.49    0.80    1.21    1.81    8.62    6.88    2.71    1.14    0.61    0.42    0.45    0.38     25.52
    1962    0.46    1.05    1.41    5.78    2.99   16.62    6.66    1.00    0.52    0.77    0.78    0.44     38.48
    1963    0.93    6.59    3.64    6.80    3.43    2.00    2.22    1.58    5.28    3.14    1.12    0.67     37.40
    1964    2.25    1.73    1.16    3.23    2.51    1.38    0.87    0.64    1.37    2.13    2.18    1.74     21.19
    1965    1.72    3.11    1.85    5.15    2.83    0.88    0.48    0.83    0.92    0.60    0.46    0.69     19.52
    1966    0.79    0.96    1.27    2.85    3.43   20.53   12.04    3.18    1.17    1.11    0.87    0.44     48.64
    1967    0.51    1.18    1.15    0.96    0.89    1.01    0.91    0.59    0.33    0.28    0.35    0.52      8.68
    1968    0.60    0.58    0.48    0.35    0.88    3.16    2.22    1.27    0.84    0.57    0.44    0.41     11.80
    1969    1.02    1.35    1.78    1.81    1.63    1.11    0.64    0.63    0.71    0.57    1.14    1.89     14.28
    1970    2.26    2.23    3.31    2.10    1.53    1.62    1.53    1.47    1.10    1.03    1.36    1.18     20.72
    1971    1.47    1.73    1.79    5.52    7.68    8.85    3.85    1.51    0.93    0.59    0.47    0.40     34.79
    1972    0.42    0.88    1.00    1.05    4.70    5.20    2.66    1.26    0.67    0.44    0.51    0.64     19.43
    1973    0.65    1.14    1.70   20.84   21.64   21.17    7.19    1.86    1.23    0.85    0.62    0.45     79.34
    1974    0.44    0.86    1.31    1.76    1.95    1.74    1.28    0.74    0.40    0.33    0.29    0.61     11.71
    1975    0.93    1.05    9.14   16.78   14.22   25.77    9.17    1.83    1.11    0.62    0.51    0.57     81.70
    1976    1.08    0.87    0.75    6.06    3.41    2.10    1.78    1.07    0.59    0.44    0.39    0.44     18.98
    1977    1.02    1.48    1.64    4.14    3.98    5.83    6.54    2.88    0.94    0.51    0.58    0.94     30.48
    1978    1.61    2.08    2.63    1.86    2.00    2.78    2.68    2.32    1.48    1.01    1.67    2.67     24.79
    1979    2.16    1.23    0.84    1.16    1.38    1.66    1.38    0.88    0.55    0.37    0.32    1.15     13.08
    1980    1.58    1.54    1.33    2.18    7.15    3.51    1.23    0.84    0.57    0.41    0.58    0.83     21.75
    1981    0.68    0.79    0.81    1.40    1.65    2.00    1.83    1.15    0.68    0.47    0.32    0.33     12.11
    1982    0.98    1.24    0.84    0.63    0.61    0.76    0.91    0.74    0.45    0.40    0.43    0.44      8.43
    1983    1.32    7.17    9.96    6.12    2.44    1.72    1.68    1.13    0.72    0.63    0.60    0.46     33.95
    1984    0.71    0.82    0.80    2.93   13.39    5.13    0.73    0.39    0.33    0.31    0.26    0.27     26.07
    1985    7.76    3.94    3.02    2.48    1.91    1.83    1.44    0.80    0.45    0.39    0.43    0.49     24.94
    1986    0.79    1.08    1.21    1.56    2.50    4.05    2.32    0.92    0.52    0.41    0.55   39.85     55.76
    1987   16.47    7.02    3.02    1.21   21.21   18.22    5.55    1.78    1.26    1.05    0.79    0.64     78.22
    1988    0.62    0.84    1.50    1.69    8.25    3.93    1.36    1.02    0.83    0.70    0.46    0.34     21.54
    1989    0.52   13.68    6.04    1.47    1.09    6.25    3.46    1.21    0.66    0.47    0.44    0.41     35.70
    1990    0.57    0.64    1.22    1.79    3.26    3.69    1.88    0.99    0.79    0.53    0.35    0.42     16.13
    1991    1.35    1.67    5.03    2.96    1.68    1.70    1.39    0.80    0.40    0.31    0.28    0.29     17.86
    1992    0.38    0.43    0.34    0.31    0.65    0.80    0.71    0.54    0.35    0.27    0.27    0.48      5.53
    1993    8.42    3.89    6.57    5.65    3.89    4.84    2.37    0.80    0.51    0.76    0.82    0.50     39.02
    1994    0.56    0.55    0.60    2.62    1.91    8.28    4.78    1.95    1.65    1.42    0.87    0.52     25.71
    1995    0.75    1.28   18.33   10.31   10.81    8.26    2.93    1.01    0.62    1.54    1.69    0.92     58.45
    1996    0.84    1.46    3.42    2.59    1.61    1.79    2.17    1.82    6.16    3.69    1.64    1.20     28.39
    1997    1.24    1.75    1.34    1.44   15.53    6.90    1.91    1.13    0.60    0.45    0.42    0.42     33.13
    1998    0.47    1.06    2.02    2.07    2.18    1.67    0.90    0.43    0.32    0.31    0.27    0.22     11.92
    1999    0.70    1.97   18.92   17.28    5.22   17.12    7.28    2.00    1.33    0.72    0.46    0.56     73.56
    2000    0.89    1.05    1.77    2.32    1.70    1.31    1.62    1.49    0.89    0.51    0.55    1.14     15.24
    2001    2.50   11.82    5.40    1.99    1.51    1.06    0.66    0.52    0.58    0.91    1.49    1.50     29.94
    2002    1.12    0.92    1.05    1.09    0.79    1.03    1.73    2.02    1.48    0.79    0.44    0.50     12.96
    2003    0.45    0.48    0.87    1.26    1.70    2.18    1.83    1.03    0.56    0.64    0.68    0.68     12.36
    2004    1.03    1.15    6.66   18.24    7.60    2.63    1.69    0.94    0.56    0.41    0.37    0.33     41.61
    2005    0.38    0.60    0.52    8.05    4.25    1.67    1.58    1.29    0.72    0.42    0.57    1.03     21.08
    2006    7.78    3.88    6.97    3.67    1.44    6.56    3.46    1.08    0.88    0.82    0.54    0.46     37.54
    2007    1.08    1.79    1.31    0.99    0.76    0.81    1.48    1.40    1.34    1.19    0.68    0.63     13.46
    2008    0.89    1.23    1.75    5.29   17.83    6.91    1.42    0.77    0.50    0.41    0.46    0.53     37.99
    2009    1.38    2.04    1.91    1.57    1.06    0.68    0.56    0.47    0.39    0.38    0.29    0.21     10.94
