    1920    0.60    0.56    1.42    1.51    1.32    2.42    2.93    1.97    0.98    0.63    0.49    0.85     15.67      1.31
    1921    1.79   11.64   45.57   15.79    2.18    1.54    1.37    2.87    4.98    4.05    2.71    1.79     96.27      8.02
    1922    2.09    7.27    3.91    2.04   24.54   13.07    3.62    1.37    0.90    1.49    1.65    1.05     62.98      5.25
    1923    0.92    0.97    1.18    1.47    1.93    1.46    1.01    0.98    0.84    0.65    0.68    0.99     13.07      1.09
    1924    1.24    1.49    2.65    3.02    2.57   58.23   21.41    2.29    1.34    0.96    0.72    0.85     96.77      8.06
    1925    1.15    1.10    0.89    0.81    0.97   18.05    7.89    1.78    2.38    2.39    1.40    1.37     40.19      3.35
    1926    2.79    2.57    2.09    1.32    0.93   38.77   14.79    1.64    0.83    0.75    1.14    1.19     68.80      5.73
    1927    1.43    1.22    1.49    2.72    3.53    3.07    1.78    0.98    0.71    0.55    0.64    0.74     18.86      1.57
    1928    1.02    1.12    0.83    0.86    1.15    8.32    5.80    3.33   38.84   21.10    5.78    4.26     92.41      7.70
    1929    4.87    4.03    2.53    2.68    2.28    1.96    1.66    1.41    1.77    1.65    1.64    2.45     28.92      2.41
    1930    2.81    2.16    2.15    3.48    4.25   13.71    6.92    2.04    1.00   55.35   21.23    2.26    117.37      9.78
    1931    1.78    1.49    1.20    1.34    2.62    3.37    2.27    1.95    2.08    1.75    1.22    1.59     22.67      1.89
    1932    2.17    9.61    6.23    2.30    1.07    1.83    2.37    1.77    1.09    0.81    0.64    0.56     30.46      2.54
    1933    0.64    8.20    8.59    9.48    5.46    3.37    3.01    2.45    1.58    1.49    1.32    0.82     46.40      3.87
    1934    0.64    2.03   22.00    9.43    2.47    2.62    4.05    9.85   37.96   14.80    2.93    1.68    110.46      9.20
    1935    1.09    0.95    0.69    0.90    7.64    9.65    4.27    6.76    4.91    2.46    1.28    1.11     41.72      3.48
    1936    1.58   44.42   16.35    1.93    5.40    4.19    2.08    1.04    0.87    0.88    0.80    0.66     80.20      6.68
    1937    0.86    0.98    1.98    3.19    8.40    4.79    6.86    4.51    2.24    2.27    2.27    1.41     39.77      3.31
    1938    1.25    1.56    2.67    2.71   23.08   10.11    2.49    1.96    1.47    1.26    1.30    2.74     52.59      4.38
    1939    3.91    3.38    3.81    3.17    2.35    1.91    1.63   15.56    8.33    2.61    1.28    0.92     48.87      4.07
    1940    0.88    2.53    3.47    2.25    1.37    1.66    1.60    1.01    0.66    0.71    0.81    0.92     17.90      1.49
    1941    1.64    1.60    0.95    2.23    2.89    4.91    5.03    3.80    2.18    1.13    1.08    1.29     28.73      2.39
    1942    1.95    3.67   15.97    7.36    2.16   23.78   19.25    7.45    3.65    2.95    3.95    3.03     95.17      7.93
    1943    3.38    6.93    8.69    4.76    2.79    2.50    2.07    1.34    1.19    1.25    0.92    2.03     37.85      3.15
    1944    3.05    1.83    0.61    0.75    1.72   10.43    5.63    2.04    1.34    0.94    0.68    0.55     29.56      2.46
    1945    2.18    1.88    0.66    0.57    1.28    2.27    2.27    1.54    0.92    0.61    0.44    0.42     15.02      1.25
    1946    0.64    1.67    1.89    1.41    1.84    5.46    4.65    3.13    8.27    5.60    2.32    1.16     38.04      3.17
    1947    0.92   14.48    8.49    4.01    4.15    8.94    5.67    2.68    1.36    0.88    0.76    0.67     53.01      4.42
    1948    2.53    2.57    1.58    1.19    1.74    3.02    3.26    2.24    1.21    0.84    0.72    0.80     21.69      1.81
    1949    1.42    8.63    4.71    2.47    2.58    2.33    2.77    3.31    2.68    2.20    3.23    2.85     39.19      3.27
    1950    1.81    1.32    9.78    6.51    3.34    3.28    2.49    1.39    0.87    0.64    0.88    1.38     33.69      2.81
    1951    2.65    1.85    1.20    2.18    2.58    1.93    1.75    1.87    1.48    1.10    0.79    0.76     20.13      1.68
    1952    0.80    0.86    1.84    4.90   11.95    5.65    1.69    1.01    0.66    0.53    0.76    1.44     32.10      2.67
    1953    2.29    3.27    3.50    2.82    3.34    3.96    2.87    2.48    2.42    1.70    1.03    1.18     30.87      2.57
    1954   27.79   11.60    1.84   15.33   12.78    5.52    2.94    1.96    1.86    1.71    1.01    1.06     85.42      7.12
    1955    1.22    1.66    2.04    1.11    1.61   23.85   11.26    3.38    2.08    1.35    1.05    1.09     51.70      4.31
    1956    1.75    2.69   22.45    9.52    2.04   12.43    8.13    3.89    2.11    1.31    1.25    5.73     73.31      6.11
    1957   18.11    9.08    2.46    2.13    9.29    6.36   11.87    5.89    1.69    1.21    1.01    0.92     70.03      5.84
    1958    0.99    2.17    3.16    2.36    1.85    1.75    1.82   84.47   30.63    2.54    1.85    1.56    135.15     11.26
    1959    1.58    1.77    1.56    1.44    1.55    2.60    3.79    3.76    2.47    1.36    0.96    1.17     24.02      2.00
    1960    1.51    2.09    3.06    3.36    2.49    7.36   23.04    9.70    2.22    1.77    1.39    1.09     59.08      4.92
    1961    0.98    1.67    1.74    1.65    2.54   11.52    6.06    2.15    1.37    0.83    0.99    0.94     32.43      2.70
    1962    1.41    1.73    1.59    5.32    3.41   37.67   14.85    2.25    1.28    2.85    3.32    1.76     77.44      6.45
    1963    1.61    2.90    7.96   11.43    5.53    2.80    2.90    2.34   23.16   10.87    2.44    1.34     75.28      6.27
    1964   19.65    8.34    1.32    1.50    1.76    1.28    0.95    1.01    2.75    4.38    4.36    4.07     51.38      4.28
    1965    4.51    4.62    3.04    4.18    3.19    1.38    0.86    2.18    2.79    1.79    1.14    1.26     30.93      2.58
    1966    1.19    1.38    1.21    2.14    2.77   24.99   33.52   11.15    2.51    2.82    2.29    1.08     87.05      7.25
    1967    1.01    1.97    1.72    1.24    1.05    1.33    1.69    1.37    0.83    0.62    1.09    1.68     15.59      1.30
    1968    1.91    1.58    1.02    0.57    1.43    4.59    3.63    3.17    2.79    1.79    1.29    1.11     24.86      2.07
    1969    1.93    2.70    2.59    1.84    1.41    0.97    0.62    1.05    1.87    1.77    2.48    3.53     22.77      1.90
    1970   18.41    9.05    6.41    4.07    2.86    2.83    2.79    3.80    3.32    3.00    4.85    3.99     65.40      5.45
    1971    6.05    4.10    2.97    2.63    6.90    4.68    2.22    1.52    1.45    1.35    1.02    0.70     35.60      2.97
    1972    0.65    6.93    4.53    2.06    2.23    2.96    2.76    1.78    0.96    0.70    1.04    1.85     28.45      2.37
    1973    1.91    2.89    3.46    4.29   10.20    6.73    4.14    4.40    4.05    2.66    1.49    0.87     47.09      3.92
    1974    0.78    1.10    2.22    2.64    2.55    2.25    1.60    1.02    0.70    0.55    0.47    1.52     17.39      1.45
    1975    1.91    1.27    3.67    7.82   21.69   77.24   30.10    6.03    3.43    1.96    1.41    1.43    157.96     13.16
    1976    9.04    4.83    1.68    1.69    3.07    3.85    2.73    1.47    1.07    0.92    0.96    1.40     32.72      2.73
    1977    2.66    3.21    3.78    3.48    3.48    5.13   48.25   18.40    2.45    1.21    1.21    1.63     94.87      7.91
    1978    2.77    8.88    5.21    1.99    1.27    1.40    1.37    1.25    0.96    1.52    2.64    2.88     32.13      2.68
    1979    3.04    2.05    1.25    1.08    0.96    0.98    0.86    1.03    1.06    0.82    0.72   12.57     26.43      2.20
    1980    6.75    3.92    3.12    4.89    3.74    1.92    1.00    1.03    1.10    0.86    2.04    2.84     33.20      2.77
    1981    1.92    1.51    1.24    2.61    2.82    4.77    4.37    2.87    1.84    1.33    0.87    0.85     27.00      2.25
    1982    2.78    2.60    1.19    0.83    1.22    1.36    1.48    1.46    1.06    1.26    1.52    1.24     17.99      1.50
    1983    1.37    2.27    2.36    8.03   14.16    7.10    4.19    3.18    1.96    1.75    1.54    1.09     49.01      4.08
    1984    1.01    1.31    1.14    1.16   46.57   17.29    1.65    0.79    0.81    0.81    0.60    0.55     73.69      6.14
    1985   40.28   16.63    4.29    2.91    1.56    1.47    1.96    1.57    0.97    0.75    1.66    2.42     76.46      6.37
    1986    3.03    2.75    2.16    1.70    1.36    3.87    3.54    2.14    1.57    1.22    1.27  123.45    148.06     12.34
    1987   44.78    5.05    3.35    2.12   36.35   36.84   11.44    3.41    2.90    2.81    2.77    2.98    154.78     12.90
    1988    2.35    1.78    2.75    2.39   25.31   10.45    2.89    3.13    2.40    1.64    0.98    0.94     57.01      4.75
    1989    2.72   44.14   16.18    1.40    1.06    6.32    4.90    2.44    1.34    1.02    1.59    1.79     84.90      7.08
    1990    2.45    2.01    1.94    3.12    4.44    4.53    2.73    1.44    1.13    0.88    0.70    1.43     26.78      2.23
    1991    8.92    5.62    2.73    1.72    1.10    0.97    0.83    0.58    0.49    0.45    0.46    0.61     24.47      2.04
    1992    0.93    0.96    0.92    0.90    1.33    1.30    1.08    0.87    0.61    0.54    0.53    3.97     13.92      1.16
    1993   24.50    9.76    7.39    4.20    2.64    3.14    2.17    1.05    0.70    1.22    1.86    1.33     59.96      5.00
    1994    0.97    0.71    1.20    2.49    2.12    2.73    7.21    5.22    6.33    4.56    2.11    1.06     36.72      3.06
    1995    1.41    1.68   29.11   13.00    5.48    4.79    3.20    1.81    1.05   16.34    8.19    1.86     87.93      7.33
    1996    1.68    2.38    2.22    2.17    2.08    2.75    2.79    2.14   20.48   10.35    3.20    2.21     54.45      4.54
    1997    2.24    8.35    4.31    1.27    9.17   17.18    8.33    3.65    2.20    1.15    1.29    1.29     60.44      5.04
    1998    1.08    6.76    9.25    4.39    3.62    3.33    1.91    1.03    0.80    0.71    0.60    0.51     34.00      2.83
    1999    2.05    2.70   12.76   56.29   19.69   17.67    9.71    5.49    3.88    1.98    1.04    1.09    134.35     11.20
    2000    1.83    2.63    3.84    2.97    1.55    1.06    1.62    1.88    1.34    1.14    1.43    1.84     23.13      1.93
    2001    3.50   46.34   17.76    3.15    2.37    1.51    1.06    1.06    1.08   12.20   10.70    5.48    106.20      8.85
    2002    2.58    1.29    1.30    1.08    0.71    0.97    1.22    1.20    1.26    1.06    0.71    0.95     14.32      1.19
    2003    0.95    0.77    0.87    1.38    1.28    1.17    1.00    0.70    0.52    1.30    1.68    1.64     13.27      1.11
    2004    1.61    1.59    1.59    9.09    5.85    3.06    1.77    1.26    1.21    0.97    0.68    0.59     29.26      2.44
    2005    0.76    1.89    1.50    1.68    5.61    4.20    3.43    2.98    1.78    1.03    1.47   11.10     37.41      3.12
    2006   18.55    7.54    6.56    3.89    1.75    1.99    2.70    2.17    1.91    1.71    1.09    1.00     50.86      4.24
    2007    2.40    2.83    1.70    1.20    1.11    1.22    2.24    2.25   34.75   14.16    2.14    1.66     67.66      5.64
    2008    2.00    3.01    9.39    5.80   11.49    6.02    2.03    1.45    1.25    0.92    0.84    1.06     45.26      3.77
    2009    6.43    5.47    3.63    2.64    1.65    1.08    0.93    0.79    0.73    0.69    0.55    0.44     25.02      2.09
  
 AVERAGE    4.32    5.09    4.93    4.01    5.30    7.88    5.33    3.81    3.84    3.10    1.88    3.17     52.66      4.39
