    1920    1.04    9.22   18.42   11.09    6.89   13.77    8.93    3.35    1.36    0.99    0.77    1.36     77.18      6.43
    1921    6.50   34.96   45.05   15.26    3.61    2.19    1.48   16.29   15.44    5.44    3.15    4.12    153.49     12.79
    1922   33.16   44.60   13.78   48.04   53.42   27.31    6.62    1.69    1.38   34.07   13.60    2.03    279.69     23.31
    1923    2.19    3.14    8.08   28.86   20.62    5.50    1.76    1.82    1.74    1.39    1.51    2.42     79.02      6.59
    1924    3.69   13.56   22.40    8.68   13.88   42.84   15.67    2.98    1.94    1.65    1.42    2.20    130.91     10.91
    1925    3.54   11.18    8.40   14.84   15.70   37.66   13.39    2.23    3.02    2.93    1.89    2.58    117.38      9.78
    1926   14.34   21.18   20.10    7.21    3.36   59.53   21.20    1.52    1.19    1.04    1.09    1.57    153.30     12.77
    1927    7.18    4.15   10.73   17.50   16.57    6.43    2.57    1.99    1.78    1.41    1.96    2.35     74.61      6.22
    1928    2.88   12.10    7.77    8.30    4.43   19.08    7.78    1.98   23.01   17.17    5.93   23.84    134.25     11.19
    1929   35.67   31.28    9.93    3.59    2.84    6.18    4.20    2.80    3.43    3.85    5.66   19.30    128.72     10.73
    1930    8.66    3.94    7.44   40.80   32.19   36.89   12.37    2.05    1.38   82.08   29.25    2.64    259.69     21.64
    1931    5.76    4.37    3.93    2.92   21.45   10.80    2.78    2.46    2.82    3.08    2.81   20.09     83.27      6.94
    1932   19.88   57.37   51.26   12.77    2.73    7.68    4.14    2.21    1.73    1.48    1.31    1.35    163.90     13.66
    1933    1.58   22.56   31.76   26.07    8.25   10.83    5.34    2.35    1.75    4.60    3.35    1.79    120.23     10.02
    1934    1.94   14.69   28.97   10.68    2.97    7.88   23.54   27.69   30.92   10.42    5.91    3.97    169.58     14.13
    1935    3.55    7.92    3.67    2.13   42.36   39.01   10.11   13.90    6.81    2.96    1.97    2.14    136.54     11.38
    1936   16.92   74.73   25.39    3.11   29.26   23.29    6.39    1.88    1.42    1.62    1.87    2.04    187.92     15.66
    1937    2.81    3.71   22.95   14.49    5.62    2.81   14.37    6.54    2.77    3.10    2.63    1.90     83.71      6.98
    1938    2.23   13.95   19.27   17.81   37.47   16.60    3.74    3.25    2.83    3.24    3.60   31.81    155.79     12.98
    1939   22.36    7.28   14.51    6.18    6.85    8.09    3.83    9.91    5.15    2.18    1.67    1.95     89.98      7.50
    1940    2.35   19.96   10.85    3.52    2.20    2.25    2.65    1.91    1.59    1.62    1.56    1.64     52.09      4.34
    1941    2.61   10.27    5.10   29.76   12.31   11.73    5.78    3.71    2.87    1.72    1.78    2.50     90.15      7.51
    1942    5.42   61.47   44.39   13.46    3.64   14.12   22.61    8.51    3.36    2.89   15.54    7.57    202.97     16.91
    1943   12.99   27.63   21.46    6.73   13.95   11.61    4.35    2.09    1.84    2.04    1.69   28.25    134.64     11.22
    1944   18.61    5.37    2.33    9.72   19.97   16.54    5.26    2.02    1.69    1.46    1.24    1.71     85.92      7.16
    1945   34.23   13.31    2.24    2.56    8.99   20.45    8.37    2.61    1.83    1.59    1.30    1.43     98.90      8.24
    1946    2.32   16.55    9.02    7.51    8.28   25.60   22.80    7.24   13.59    6.74    2.48    2.50    124.62     10.38
    1947    3.17   67.01   37.05    7.35   19.79   21.19    7.67    2.74    1.58    1.22    1.07    1.08    170.92     14.24
    1948   15.40    9.89    7.60    4.15   29.08   19.66    7.00    2.89    1.64    1.34    1.36    1.89    101.92      8.49
    1949    3.39   29.53   12.45   15.77   18.22   12.06    5.18    9.40    4.70    2.61    3.91    3.58    120.78     10.07
    1950    9.42    4.94   29.80   17.09    4.47    4.78    3.11    1.95    1.59    1.41    1.68    2.93     83.17      6.93
    1951   24.67    9.84   17.28   23.42   10.34   14.59    8.07    3.36    2.34    1.81    1.36    2.14    119.23      9.94
    1952    3.22    5.77    4.99    3.15    3.31    3.49    3.33    2.44    1.70    1.37    1.46    6.06     40.29      3.36
    1953   17.28   36.94   25.18    7.11    2.65   10.97    5.12    2.75    3.80    3.45    2.27    2.82    120.33     10.03
    1954   49.50   19.73    3.27   22.26   31.14   17.35    4.87    2.12    1.92    1.59    1.15    2.10    157.01     13.08
    1955    6.24   11.89    4.76    1.22    3.09   37.42   18.19    4.12    3.17    2.77    2.05    2.73     97.64      8.14
    1956   15.89   45.68   60.46   27.25   11.49   23.91   25.07    7.98    2.55    2.21    2.05    4.54    229.08     19.09
    1957    9.92   13.43   13.64   17.49   25.78   12.12   18.21    7.13    1.52    1.58    1.67    1.81    124.31     10.36
    1958    2.42   21.32   15.42    4.63    3.10    3.78    3.71   38.54   14.79    3.24    6.46    5.82    123.24     10.27
    1959    8.03   10.96    9.31    7.12    3.73    9.99    9.20    4.58    2.72    1.95    2.16    3.32     73.07      6.09
    1960    4.22   18.14   29.22   25.15   12.41   11.19   41.57   15.60    2.75    2.61    2.42    2.22    167.50     13.96
    1961    2.64   19.74   14.75    5.17    9.11   19.72    7.50    2.30    1.74    1.27    1.64    2.16     87.74      7.31
    1962   11.93   25.28   12.00   29.45   11.57   60.46   22.37    2.97    2.28   21.87    9.28    2.01    211.46     17.62
    1963   10.61   20.31   11.95   29.16   21.11   15.82   15.22    5.55   36.03   14.40    2.36    2.41    184.94     15.41
    1964   18.29    8.03    2.70    3.10    3.35    2.17    1.50    1.95   29.61   14.29    7.15    8.52    100.68      8.39
    1965   39.76   32.40    9.06    5.84    3.82    2.08    1.57   26.58   11.14    2.25    1.91    2.56    138.96     11.58
    1966    3.08    3.21    7.33   17.38    7.56   45.05   31.98    7.63    2.54    5.68    3.84    2.10    137.37     11.45
    1967    2.15   11.03    5.78    3.25    3.64    3.60    3.31    2.16    1.42    1.25    1.83    8.74     48.16      4.01
    1968   11.03   17.86    8.72    2.75   18.10   30.82   10.67   19.14    8.24    2.33    1.98    1.96    133.59     11.13
    1969    3.13   19.15   10.72    3.20    5.69    3.22    1.86    1.92    2.70    2.62   27.61   14.63     96.45      8.04
    1970   41.11   27.96    8.24    5.00   10.30    5.33    5.19   23.45    9.39    4.99   20.56    8.99    170.52     14.21
    1971   27.83   17.22    5.22    3.88   32.57   12.88    2.62    1.93    1.79    1.79    1.64    1.50    110.89      9.24
    1972    1.70   13.90   11.75    4.65    3.43    5.32   10.33    4.49    1.44    1.21    1.65    3.00     62.86      5.24
    1973    6.80   22.51    8.99    4.33    8.89   17.77    7.29   22.54   10.02    2.93    1.83    1.57    115.47      9.62
    1974    1.87    9.28   15.01    6.47    3.62    4.15    3.19    2.22    1.53    1.33    1.30   17.04     67.01      5.58
    1975    8.05    3.56   31.68   19.80   32.77   84.25   28.69   13.65    5.99    2.04    1.73    2.70    234.93     19.58
    1976   56.76   21.20    3.35    5.94   20.43    8.77    2.70    1.60    1.45    1.50    1.91    3.07    128.67     10.72
    1977   13.50   28.92   31.25   10.30    3.65    7.90  112.97   39.58    3.44    2.24    5.30    6.77    265.81     22.15
    1978   28.78   21.40    8.35    3.50    3.18    9.94    4.82    1.99    1.53    2.42    3.75    3.52     93.18      7.77
    1979    8.04    4.97    3.61   10.49    6.87    3.61    2.92    2.22    1.73    1.51    1.37   10.36     57.69      4.81
    1980    5.92   39.25   22.65   29.00   12.38    3.12    1.92    7.05    4.30    2.15    8.15    5.35    141.23     11.77
    1981    3.81    4.48    3.13    6.32    5.09   38.20   15.29    3.17    2.27    2.28    2.04    2.01     88.07      7.34
    1982    4.64    3.82    2.53    2.24    2.30    1.87    1.65    1.38    1.07   23.14   10.14    3.04     57.81      4.82
    1983    3.76   26.56   30.25   20.60   38.44   14.44    5.82    3.37    2.26    9.18    5.10    2.36    162.14     13.51
    1984    3.17   18.78    8.17    4.73   50.17   18.33    2.06    1.37    1.15    1.13    0.95    0.92    110.92      9.24
    1985   26.86   31.67   11.56   13.30    6.44    6.32    3.77    1.98    1.43    1.19    1.79    4.09    110.40      9.20
    1986   27.91   30.95    9.94    3.36    2.29    2.47    2.18    1.47    1.39    1.25    1.54   93.03    177.77     14.81
    1987   40.59   22.12   13.07    6.71   30.35   55.17   18.00    8.88    4.72    2.72    2.88    2.79    208.01     17.33
    1988    3.51   24.87   34.45   10.66   35.61   15.01   27.85   11.00    2.19    2.01    1.57    1.36    170.09     14.17
    1989   33.90   63.07   24.21   20.35    7.51   18.42    7.74    1.71    1.31    1.15    1.29    1.45    182.10     15.18
    1990    4.45    3.76    3.56   12.03   19.68    7.54    2.12    1.48    1.31    1.18    1.20    1.86     60.17      5.01
    1991   18.45   24.43   16.44    5.40    2.01    1.74    2.28    1.93    1.34    1.10    1.13    1.62     77.86      6.49
    1992    2.23    2.46    2.71    4.57    3.02    1.89    1.85    1.54    1.08    0.88    0.99    6.61     29.83      2.49
    1993   17.84   13.76   27.26   10.78   55.39   20.83    2.36    1.32    1.07    1.57    3.34    2.81    158.33     13.19
    1994    2.79    2.69   11.81    5.42    1.99   19.17   34.25   11.45   11.55    5.82    1.99    2.27    111.19      9.27
    1995    5.74    3.91   41.78   43.80   19.56    5.38    3.11    2.49    1.83    5.98    4.04    2.22    139.86     11.65
    1996   13.24   52.69   21.16   15.06   24.32    8.94   22.14    9.58   54.67   23.43    4.06    3.53    252.82     21.07
    1997    9.26   30.49   11.61    8.05   34.65   40.89   12.73    3.31    2.27    1.69    2.08    2.42    159.44     13.29
    1998    2.14   14.56   34.30   14.64   20.30   23.43    7.99    2.40    1.54    1.25    1.11    1.07    124.73     10.39
    1999    5.64    7.67   21.10   49.35   23.68   31.73   35.58   12.58    3.10    2.06    1.46    1.29    195.26     16.27
    2000    2.11    3.75   14.24   11.72    5.17    7.99   20.86    7.81    1.65    2.53    3.26    2.98     84.08      7.01
    2001   14.38   36.41   25.30   21.66    8.04    2.93    2.45    2.62    2.21    5.82    9.64   20.42    151.89     12.66
    2002    8.19    3.05    5.63    3.13    1.82   27.03   11.43    2.75    2.15    1.82    1.93    3.17     72.09      6.01
    2003    3.42    2.87    2.73    5.06    3.52   18.02    7.75    2.00    2.29   18.41    8.34   16.61     91.01      7.58
    2004    7.80    3.79    3.54   43.06   17.70    3.34    3.10    2.61    1.90    1.43    1.40    1.43     91.09      7.59
    2005    1.44   62.22   24.43   19.99   11.34    4.00    6.49   12.43    5.75    2.30   12.96   36.62    199.97     16.66
    2006   72.20   33.50   32.42   13.49    3.02   10.52   16.28    5.91    1.80    1.48    1.21    1.10    192.94     16.08
    2007    4.42   17.61   20.84   29.64    9.90    2.10   10.37    5.54   14.19    6.49    1.89    1.74    124.73     10.39
    2008    2.37    3.29    2.72    2.23    2.62    2.23    1.37    0.99    0.96    0.97    1.04    1.39     22.17      1.85
    2009    2.60   17.20    8.11    8.07    4.34    2.33    2.62    2.19    1.78    1.77    1.29    1.07     53.38      4.45
  
 AVERAGE   12.21   19.88   16.02   13.05   13.90   16.08   10.80    6.23    5.07    5.04    3.85    6.14    128.27     10.69
