    1920    0.32    0.33    0.71    1.31    1.67   12.70    7.04    2.33    1.12    0.82    0.62    0.64     29.60      2.47
    1921    0.93   15.81   18.88    5.70    1.15    1.09    0.87   22.11   11.36    3.01    4.46    3.17     88.54      7.38
    1922    6.68   16.64    6.09   24.01   29.94   16.68    4.33    1.41    1.20   52.48   18.70    1.67    179.84     14.99
    1923    1.41    1.51    1.58    1.92    2.55    2.23    1.60    1.34    1.26    1.10    1.09    1.37     18.97      1.58
    1924    1.56    1.38    3.59    2.52    1.88   32.30   22.52    5.54    1.68    1.34    1.09    1.35     76.75      6.40
    1925    1.46    1.34    1.36    1.37    2.06   21.15    8.31    1.43    1.88    1.99    1.41    1.88     45.65      3.80
    1926    6.50    3.78    5.24    2.86    1.54   53.01   18.55    1.24    1.00    0.87    0.84    0.90     96.32      8.03
    1927    1.28    1.18    1.26    1.85    2.20    7.12    3.52    1.61    1.35    1.08    1.36    1.49     25.31      2.11
    1928    1.57    7.97    7.98    3.15    1.81    5.35    2.74    1.40    9.26    9.21    3.82   16.03     70.30      5.86
    1929   19.98   13.96    4.43    2.15    1.63    1.94    2.32    1.81    1.86    1.94    6.82    6.73     65.58      5.47
    1930    3.14    1.62    1.20    8.64   15.46   30.83   10.39    1.50    1.13   57.12   20.23    1.59    152.85     12.74
    1931    1.91    2.10    1.97    1.59    1.69    1.79    1.23    1.32    1.62    1.80    1.64   10.68     29.35      2.45
    1932    7.85   38.61   25.13    5.15    1.48    4.65    2.98    1.97    1.50    1.27    1.12    1.01     92.72      7.73
    1933    0.89   12.44   18.97   27.92    9.47   10.78    4.91    1.83    1.43    2.11    2.17    1.30     94.22      7.85
    1934    1.33   10.61   16.53    5.62    1.33   11.71   18.36   19.37   32.92   11.24    2.82    2.59    134.44     11.20
    1935    2.15    2.18    1.30    1.12   14.52   20.07    6.36    3.96    2.79    2.43    1.91    1.51     60.31      5.03
    1936    1.99   48.67   17.23    1.66    9.22    5.21    2.20    1.53    1.24    1.26    1.23    1.15     92.57      7.71
    1937    1.19    1.38    2.45    2.48    2.57    2.27    3.60    2.39    2.31    2.61    2.06    1.46     26.77      2.23
    1938    1.60   10.16   11.20    4.82   25.10   10.34    2.01    1.74    1.61    1.75    1.78    8.19     80.30      6.69
    1939   12.46    4.52    1.52    1.32    1.88    2.51    1.86    2.69    2.44    1.77    1.36    1.60     35.92      2.99
    1940    1.75    2.31    1.98    1.47    1.16    1.26    1.53    1.37    1.21    1.15    1.11    1.01     17.32      1.44
    1941    1.48    1.89    1.11    1.24    1.79    6.44    3.71    2.85    2.21    1.41    1.24    1.60     26.98      2.25
    1942    2.22   52.41   35.72    9.61    2.34   13.21   21.83    7.73    2.74    2.37   17.35    7.84    175.39     14.62
    1943    5.21   18.10   15.78    4.94    2.43   32.94   12.44    1.68    1.57    1.84    1.58   46.83    145.33     12.11
    1944   19.60    2.52    1.13    1.15    1.96    5.08    2.67    1.49    1.31    1.14    0.97    1.06     40.10      3.34
    1945   15.77    6.24    0.95    1.00    1.63   17.95    7.43    2.02    1.77    1.40    1.09    0.97     58.23      4.85
    1946    1.09    1.85    1.81    1.76    1.79    9.39    4.90    2.24   15.20    6.98    2.13    2.09     51.23      4.27
    1947    2.14   37.14   29.32    7.70   11.49   22.00   14.07    3.88    1.52    1.28    1.10    0.95    132.59     11.05
    1948    1.71    2.39    2.30    2.40    2.51    2.50    2.58    2.17    1.47    1.19    1.07    1.15     23.44      1.95
    1949    1.39    4.57    2.68    2.05    3.46    2.49    2.34    6.61    3.55    2.07    2.36    1.99     35.55      2.96
    1950    1.99    1.68   22.04    8.82    1.73    1.78    1.79    1.46    1.20    1.00    1.03    1.40     45.94      3.83
    1951    2.26    1.54    1.37    2.20    5.13    6.27    5.28    2.76    1.74    1.42    1.12    1.43     32.53      2.71
    1952    1.92    1.26    1.23    1.66    1.79    1.69    1.96    1.72    1.21    0.95    0.97    2.63     18.98      1.58
    1953    6.35   14.40    5.69    1.62    1.29   15.37    6.36    8.22    4.66    2.45    1.59    1.60     69.60      5.80
    1954   11.43    6.33    1.94    1.85   21.73    8.78    2.37    2.10    1.99    1.77    1.17    1.45     62.91      5.24
    1955    1.99    1.93    1.31    0.71    0.76   12.36    6.06    2.58    2.13    1.58    1.27    1.60     34.30      2.86
    1956    7.08   16.23   22.09    8.83    2.27   13.09    7.39    2.58    2.07    1.75    1.65    2.09     87.12      7.26
    1957    2.63    2.19    1.47    1.66    2.91    2.58    6.79    3.44    1.47    1.44    1.40    1.37     29.34      2.44
    1958    1.30    8.09   34.08   11.71    1.45    1.43    1.90   18.00    7.54    7.10    4.26    2.84     99.69      8.31
    1959    2.50    2.25    2.20    2.23    1.99    4.53    3.12    2.71    2.10    1.51    1.47    1.87     28.49      2.37
    1960    2.03    2.36   11.39    9.85    7.52   23.74   43.29   14.73    2.47    2.03    1.76    1.47    122.63     10.22
    1961    1.29    3.49    2.80    2.10   10.08   29.26   10.34    2.09    1.70    1.26    1.29    1.20     66.89      5.57
    1962    1.88    6.78    3.24   21.09    8.56   70.13   24.94    2.46    1.76    8.09    4.03    1.49    154.44     12.87
    1963    2.07    6.18   13.93   12.58   12.30   17.23    8.82    2.79   24.84    9.95    1.87    1.61    114.16      9.51
    1964    5.44    2.65    1.12    1.40    1.69    1.36    1.16    1.55   21.21    9.16    2.99    2.65     52.40      4.37
    1965   23.32   18.25    4.56    1.83    2.27    1.63    1.22   15.64    6.82    1.75    1.51    2.07     80.87      6.74
    1966    2.22    1.90    1.78    4.99    2.82   25.10   22.41    6.55    2.75    3.08    2.50    1.49     77.59      6.47
    1967    1.37    1.82    1.52    1.06    0.98    0.99    1.03    0.93    0.81    0.83    1.03    1.42     13.78      1.15
    1968    1.76    1.79    1.25    0.74    1.41   18.30    7.47    3.84    2.62    1.70    1.50    1.22     43.60      3.63
    1969    1.48    2.19    2.29    1.43    2.58    1.82    1.07    1.06    1.34    1.27   19.41   11.35     47.28      3.94
    1970   33.03   15.36    3.25    2.32    2.27    1.89    2.02    6.77    3.60    2.59   20.83    8.48    102.41      8.53
    1971   10.98    5.26    2.27    1.69   20.27    8.38    1.82    1.35    1.21    1.12    0.98    0.87     56.20      4.68
    1972    0.89    1.26    1.60    1.40    1.61    2.69    7.38    3.46    1.31    1.11    1.36    1.58     25.65      2.14
    1973    1.44    9.53    4.49    2.07    8.44   15.96    6.09    3.24    2.92    2.24    1.60    1.31     59.35      4.95
    1974    1.15    1.56    1.74    1.44    1.20    1.37    1.65    1.37    1.01    0.90    0.86   16.84     31.10      2.59
    1975    6.97    1.79   18.16   13.39   28.97   71.74   22.47    7.36    3.73    1.85    1.53    1.63    179.59     14.97
    1976   48.78   17.37    1.39    1.44    3.79    2.68    1.91    1.35    1.19    1.16    1.23    1.64     83.93      6.99
    1977    1.90    2.42    5.86    2.84    1.50    1.68   93.29   33.79    2.64    2.14    2.04    1.91    152.01     12.67
    1978    7.15    3.92    9.75    3.97    1.41    1.68    1.64    1.46    1.24    2.14    2.97    2.31     39.66      3.30
    1979    1.92    1.46    1.09    1.35    1.79    4.40    3.07    2.12    1.54    1.40    1.34    3.69     25.19      2.10
    1980    3.06   21.86    8.52    5.02    2.92    1.72    1.27    8.07    4.48    2.13    2.22    1.98     63.25      5.27
    1981    1.24    1.07    1.20    1.33    1.31   11.69    8.38    3.33    2.74    2.64    1.98    1.94     38.86      3.24
    1982    2.53    1.66    0.77    0.75    0.79    0.68    0.66    0.65    0.66    2.37    2.36    6.60     20.48      1.71
    1983    3.95    4.93    2.64    1.69    7.68   10.87   32.24   11.63    2.47    9.32    4.56    1.72     93.71      7.81
    1984    1.54    1.77    1.29    1.41   48.06   16.99    1.35    1.02    0.88    0.80    0.71    0.72     76.54      6.38
    1985   12.89   23.05    7.72    5.21    3.02    7.54    3.89    1.79    1.34    1.21    1.66    9.21     78.53      6.54
    1986   33.80   19.91    4.38    1.95    1.85    1.78    1.58    1.22    1.17    1.07    1.24   60.19    130.16     10.85
    1987   21.38    2.33    2.02    1.85   23.24   36.90   11.50    7.97    4.03    2.18    2.19    2.08    117.67      9.81
    1988    2.14    2.38   15.09    5.82   16.96    8.89   22.81    8.83    1.76    1.67    1.42    1.18     88.93      7.41
    1989    5.10   36.25   12.85    7.57    3.25   10.73    4.88    1.59    1.23    1.07    1.20    1.22     86.93      7.24
    1990    1.75    1.83    1.26    1.15    1.41    1.77    1.37    1.04    0.93    0.81    0.83    1.06     15.21      1.27
    1991   14.67   12.44    4.04    1.41    0.92    0.97    1.42    1.37    1.03    0.85    0.82    0.94     40.87      3.41
    1992    1.08    0.89    0.97    1.12    0.88    0.68    0.79    0.77    0.59    0.51    0.49    1.32     10.08      0.84
    1993    7.12    4.06   16.52    6.78   25.50   22.80    6.12    1.31    1.07    1.11    1.36    1.07     94.84      7.90
    1994    0.97    0.84    1.48    1.91    1.33    5.73   20.29    8.05    5.49    3.24    1.57    1.22     52.12      4.34
    1995    1.51    1.81   31.37   16.16   13.13    5.43    2.01    1.59    1.32    1.96    2.23    1.55     80.07      6.67
    1996    1.99   34.39   12.44    1.83    2.60    5.03   31.81   11.88   62.96   27.07    3.80    1.95    197.76     16.48
    1997    2.09    9.25    4.02    1.58   14.66   38.05   13.04    2.33    1.78    1.51    1.73    1.67     91.71      7.64
    1998    1.35    4.82    7.77    3.55   11.58   14.34    5.16    2.31    2.08    1.82    1.59    1.41     57.79      4.82
    1999    2.06    2.55    2.44   32.89   22.93   38.49   19.60    7.15    3.10    2.10    1.55    1.52    136.37     11.36
    2000    1.69    2.15    2.55    3.05    2.14    2.09    2.31    2.11    1.70    1.62    1.51    1.41     24.34      2.03
    2001    2.14   10.93   11.54    4.02    1.77    2.27    2.52    2.39    2.01    4.17   12.98    9.79     66.52      5.54
    2002    3.17    1.26    0.93    0.82    0.76   16.92    7.09    1.74    1.56    1.26    1.27    1.88     38.66      3.22
    2003    2.61    1.87    1.49    1.73    1.32    1.45    1.65    1.27    1.03    1.40    1.57   11.34     28.73      2.39
    2004    5.34    1.53    1.61    5.08    2.97    3.13    2.26    1.56    1.16    0.96    1.03    1.02     27.65      2.30
    2005    0.84   19.04    7.53    6.00    3.50    2.45    2.32    2.39    2.18    1.62   16.34   52.22    116.42      9.70
    2006   51.60   13.64    2.12    1.88    1.67    1.68    2.30    2.05    1.79    1.73    1.27    0.98     82.73      6.89
    2007    1.76    2.43    1.63    1.57    5.77    3.23    3.55    2.52   23.76    9.56    1.65    1.15     58.57      4.88
    2008    1.22    1.60    1.74    1.49    1.80    1.61    1.15    0.97    0.85    0.76    0.77    0.76     14.73      1.23
    2009    1.10    1.97    4.93    2.61    1.23    0.98    0.87    0.80    0.89    0.91    0.68    0.51     17.46      1.45
  
 AVERAGE    5.76    8.15    6.70    4.44    6.10   11.26    8.02    4.13    4.05    3.83    3.00    4.42     69.86      5.82
