    1920    0.25    0.24    0.46    0.81    1.02    5.84    3.31    1.53    0.88    0.61    0.45    0.46     15.86      1.32
    1921    0.65    8.85   10.90    3.55    0.78    0.73    0.59   13.91    6.82    2.03    2.01    2.15     52.97      4.41
    1922    2.89   10.00    3.94   14.86   19.42   10.29    2.72    1.07    0.90   36.18   13.24    1.28    116.78      9.73
    1923    1.05    1.07    1.07    1.26    1.67    1.53    1.10    0.93    0.89    0.78    0.77    0.96     13.07      1.09
    1924    1.06    0.92    1.32    1.53    1.23   20.80   14.41    3.74    1.26    0.99    0.80    0.96     49.04      4.09
    1925    1.01    0.91    0.89    0.87    1.29   11.99    4.98    1.04    1.33    1.40    0.99    1.29     27.99      2.33
    1926    2.04    1.94    1.86    1.54    1.03   36.72   12.92    0.91    0.73    0.63    0.61    0.64     61.57      5.13
    1927    0.88    0.79    0.81    1.15    1.36    1.80    1.54    1.14    0.94    0.75    0.93    1.00     13.08      1.09
    1928    1.04    2.96    2.86    1.60    1.18    1.63    1.34    1.00    5.14    5.48    2.64   10.36     37.23      3.10
    1929   12.96    8.25    2.67    1.45    1.08    1.28    1.53    1.21    1.25    1.31    2.49    3.00     38.48      3.21
    1930    1.97    1.14    0.80    2.94    8.61   20.86    7.28    1.10    0.83   40.85   14.55    1.20    102.13      8.51
    1931    1.38    1.43    1.30    1.03    1.08    1.16    0.82    0.89    1.09    1.21    1.11    5.47     17.96      1.50
    1932    3.59   26.74   15.98    3.10    1.03    1.79    1.90    1.43    1.08    0.91    0.80    0.71     59.05      4.92
    1933    0.62    6.57   11.04   17.89    6.31    5.35    2.79    1.33    1.03    1.49    1.51    0.91     56.84      4.74
    1934    0.92    4.86    9.19    3.44    0.91    5.84   11.47   13.01   23.63    8.26    2.10    1.86     85.49      7.12
    1935    1.51    1.48    0.88    0.76    7.27   12.20    4.24    1.84    2.12    1.85    1.41    1.10     36.66      3.06
    1936    1.39   33.27   11.81    1.13    3.48    2.47    1.63    1.11    0.90    0.90    0.87    0.81     59.78      4.98
    1937    0.83    0.93    1.40    1.64    1.64    1.44    1.70    1.59    1.60    1.79    1.40    0.98     16.93      1.41
    1938    1.06    4.48    5.20    2.47   16.24    6.81    1.47    1.23    1.13    1.22    1.23    3.64     46.17      3.85
    1939    7.14    2.93    1.03    0.85    1.19    1.59    1.19    1.55    1.71    1.22    0.93    1.08     22.41      1.87
    1940    1.16    1.41    1.30    0.91    0.71    0.78    0.96    0.87    0.77    0.74    0.72    0.65     10.99      0.92
    1941    0.95    1.19    0.66    0.73    1.07    1.58    1.76    1.89    1.57    0.98    0.86    1.08     14.33      1.19
    1942    1.46   35.94   23.26    5.19    1.50    7.41   14.21    5.39    2.01    1.71   10.98    5.18    114.24      9.52
    1943    2.35   11.24    9.03    2.89    1.66   21.31    8.24    1.25    1.15    1.33    1.14   32.81     94.39      7.87
    1944   12.51    1.56    0.82    0.80    1.30    1.97    1.52    1.10    0.96    0.83    0.71    0.76     24.83      2.07
    1945    9.28    3.83    0.67    0.67    1.05   10.00    4.43    1.45    1.25    0.99    0.77    0.68     35.06      2.92
    1946    0.75    1.22    1.14    1.08    1.10    3.59    2.51    1.57    9.41    4.63    1.56    1.48     30.02      2.50
    1947    1.46   24.62   18.54    4.79    6.01   14.03    8.67    2.51    1.15    0.96    0.82    0.70     84.27      7.02
    1948    1.20    1.60    1.48    1.50    1.57    1.58    1.65    1.41    0.97    0.81    0.73    0.78     15.29      1.27
    1949    0.92    1.49    1.46    1.33    1.68    1.60    1.54    2.20    1.81    1.51    1.66    1.36     18.56      1.55
    1950    1.33    1.09   12.84    5.35    1.15    1.16    1.16    0.96    0.79    0.67    0.69    0.93     28.12      2.34
    1951    1.51    0.97    0.87    1.38    1.75    2.37    2.16    1.80    1.26    1.01    0.78    0.98     16.85      1.40
    1952    1.28    0.82    0.77    1.01    1.08    1.04    1.22    1.09    0.77    0.62    0.63    1.30     11.62      0.97
    1953    2.64    8.42    3.64    1.06    0.82    8.22    3.68    4.43    2.95    1.80    1.15    1.13     39.94      3.33
    1954    6.01    3.34    1.34    1.22   12.66    5.37    1.66    1.45    1.37    1.22    0.82    1.00     37.45      3.12
    1955    1.33    1.26    0.83    0.45    0.49    6.08    3.45    1.82    1.48    1.10    0.88    1.09     20.26      1.69
    1956    2.53    9.51   13.66    4.95    1.59    7.19    3.80    1.97    1.54    1.27    1.18    1.46     50.66      4.22
    1957    1.78    1.44    0.95    1.04    1.57    1.75    2.23    1.69    1.07    1.03    0.99    0.95     16.49      1.37
    1958    0.88    3.14   22.27    7.95    0.97    0.94    1.25   10.61    4.75    3.99    2.78    2.05     61.58      5.13
    1959    1.74    1.51    1.42    1.40    1.25    1.63    2.00    1.89    1.45    1.05    1.01    1.27     17.62      1.47
    1960    1.35    1.54    5.20    4.07    3.06   15.55   30.72   10.20    1.90    1.52    1.29    1.06     77.48      6.46
    1961    0.92    1.43    1.93    1.39    4.01   19.15    7.24    1.52    1.22    0.90    0.92    0.85     41.47      3.46
    1962    1.28    2.08    1.41   12.64    5.33   50.13   17.86    1.77    1.27    3.90    2.36    1.12    101.14      8.43
    1963    1.47    2.14    7.24    6.45    6.56   10.73    4.80    1.90   17.18    7.04    1.41    1.19     68.11      5.68
    1964    1.79    1.31    0.80    0.95    1.11    0.90    0.79    1.04   13.17    6.02    2.19    1.88     31.95      2.66
    1965   14.77   10.98    2.79    1.25    1.49    1.08    0.83    8.95    4.22    1.31    1.11    1.46     50.24      4.19
    1966    1.52    1.27    1.14    1.52    1.56   16.10   14.56    4.50    2.00    2.19    1.75    1.05     49.16      4.10
    1967    0.95    1.22    0.99    0.68    0.64    0.65    0.67    0.61    0.54    0.56    0.70    0.95      9.16      0.76
    1968    1.15    1.14    0.76    0.44    0.86   10.04    4.40    1.81    1.80    1.26    1.08    0.85     25.58      2.13
    1969    1.01    1.43    1.43    0.87    1.14    1.15    0.70    0.70    0.88    0.84   12.12    6.54     28.81      2.40
    1970   23.00    9.34    1.80    1.54    1.46    1.23    1.32    2.02    1.84    1.90   13.69    5.75     64.89      5.41
    1971    6.14    3.25    1.59    1.12   11.67    5.09    1.30    0.96    0.86    0.80    0.70    0.61     34.09      2.84
    1972    0.62    0.85    1.02    0.88    1.00    1.54    2.82    1.82    0.95    0.79    0.95    1.08     14.31      1.19
    1973    0.96    4.23    2.33    1.33    2.85    9.24    4.06    1.97    2.17    1.62    1.14    0.92     32.82      2.73
    1974    0.79    1.03    1.10    0.89    0.74    0.85    1.05    0.88    0.65    0.59    0.57   10.14     19.28      1.61
    1975    4.40    1.23   10.13    6.77   19.07   51.82   16.39    3.54    2.19    1.41    1.14    1.18    119.26      9.94
    1976   34.03   12.19    0.98    0.97    1.57    1.81    1.34    0.95    0.85    0.82    0.87    1.13     57.51      4.79
    1977    1.29    1.58    1.92    1.41    1.02    1.11   66.89   23.58    2.03    1.63    1.50    1.37    105.33      8.78
    1978    2.78    2.07    4.16    1.92    0.97    1.12    1.10    0.98    0.84    1.42    2.12    1.60     21.09      1.76
    1979    1.30    0.96    0.70    0.85    1.11    1.59    1.89    1.46    1.05    0.96    0.91    1.48     14.26      1.19
    1980    2.08   13.66    5.44    1.57    1.66    1.19    0.86    3.50    2.56    1.56    1.58    1.37     37.04      3.09
    1981    0.85    0.71    0.77    0.83    0.81    5.41    3.90    2.10    1.96    1.86    1.38    1.33     21.90      1.82
    1982    1.69    1.08    0.50    0.48    0.50    0.44    0.43    0.42    0.43    1.12    1.72    3.07     11.87      0.99
    1983    2.31    1.95    1.40    1.10    2.41    5.48   22.41    8.29    1.80    5.07    2.84    1.27     56.32      4.69
    1984    1.10    1.20    0.85    0.90   32.12   11.46    0.97    0.73    0.63    0.58    0.51    0.52     51.56      4.30
    1985    7.29   14.59    5.14    1.65    1.73    3.17    2.10    1.29    0.96    0.87    1.16    4.41     44.37      3.70
    1986   23.13   12.62    2.65    1.32    1.21    1.17    1.05    0.83    0.80    0.74    0.85   42.73     89.09      7.42
    1987   15.22    1.62    1.33    1.18   13.57   24.75    8.10    4.08    2.44    1.64    1.60    1.48     77.01      6.42
    1988    1.48    1.59    7.60    3.07    9.93    4.74   15.61    6.28    1.32    1.23    1.03    0.86     54.74      4.56
    1989    1.52   24.58    9.01    2.59    1.42    5.63    2.88    1.17    0.89    0.78    0.86    0.86     52.19      4.35
    1990    1.20    1.21    0.81    0.73    0.88    1.11    0.87    0.68    0.61    0.54    0.55    0.71      9.92      0.83
    1991    8.28    6.65    2.38    0.92    0.59    0.62    0.91    0.89    0.67    0.56    0.55    0.62     23.64      1.97
    1992    0.71    0.56    0.59    0.67    0.52    0.41    0.49    0.48    0.37    0.33    0.32    0.88      6.34      0.53
    1993    2.61    2.09    9.20    4.01   15.99   14.37    4.06    0.97    0.78    0.81    0.97    0.76     56.59      4.72
    1994    0.67    0.57    0.96    1.19    0.83    1.39   13.37    5.75    2.55    1.96    1.18    0.89     31.31      2.61
    1995    1.06    1.22   19.66    8.75    7.31    3.42    1.43    1.12    0.93    1.36    1.53    1.07     48.87      4.07
    1996    1.35   22.29    8.18    1.23    1.67    2.04   22.04    8.51   44.78   18.87    2.69    1.47    135.14     11.26
    1997    1.50    3.90    1.99    1.10    7.55   25.79    9.27    1.70    1.30    1.10    1.24    1.19     57.63      4.80
    1998    0.95    1.52    3.09    1.98    5.60    8.11    3.34    1.68    1.49    1.29    1.13    0.99     31.17      2.60
    1999    1.41    1.68    1.56   20.28   13.86   26.65   12.83    3.84    2.14    1.59    1.16    1.11     88.10      7.34
    2000    1.19    1.46    1.65    1.71    1.45    1.39    1.53    1.41    1.15    1.10    1.03    0.96     16.05      1.34
    2001    1.42    4.77    5.28    2.23    1.18    1.49    1.70    1.60    1.35    1.77    8.15    5.82     36.76      3.06
    2002    2.00    0.89    0.63    0.54    0.50    9.60    4.30    1.24    1.09    0.88    0.87    1.27     23.84      1.99
    2003    1.72    1.20    0.93    1.05    0.80    0.89    1.03    0.80    0.66    0.91    1.02    5.91     16.92      1.41
    2004    3.14    1.03    1.02    1.52    1.53    1.66    1.53    1.06    0.79    0.64    0.69    0.68     15.29      1.27
    2005    0.55   11.29    4.63    1.43    1.74    1.63    1.52    1.56    1.43    1.07    9.70   37.34     73.89      6.16
    2006   36.98    9.72    1.45    1.23    1.09    1.09    1.50    1.36    1.20    1.17    0.87    0.68     58.34      4.86
    2007    1.20    1.64    1.05    0.98    1.58    1.67    1.82    1.77   16.25    6.66    1.23    0.84     36.68      3.06
    2008    0.87    1.08    1.12    0.94    1.12    1.02    0.74    0.64    0.56    0.51    0.52    0.51      9.63      0.80
    2009    0.73    1.27    1.60    1.21    0.79    0.61    0.55    0.51    0.58    0.60    0.44    0.33      9.20      0.77
  
 AVERAGE    3.61    4.96    3.94    2.51    3.53    6.90    5.23    2.63    2.73    2.61    2.00    2.91     43.55      3.63
