    1920    0.21    0.23    0.40    0.66    0.96    4.29    5.59    2.27    0.70    0.55    0.43    0.53     16.85      1.40
    1921    0.88    5.01    9.81    3.81    1.16    0.66    0.54    8.78    4.22    1.72   10.06   13.59     60.23      5.02
    1922    9.75   25.71    8.55   13.35   20.52    6.59    1.23    0.88    0.77   17.83    6.99    0.97    113.15      9.43
    1923    0.80    1.04    1.54    1.61    1.67    1.30    0.90    0.78    0.69    0.60    0.58    0.85     12.35      1.03
    1924    0.96    0.76    4.91    2.53    1.16   32.79   18.33    3.50    1.06    0.88    0.74    0.90     68.54      5.71
    1925    1.02    0.90    0.70    0.69    0.99    5.05    2.37    1.08    1.54    1.47    0.95    1.92     18.69      1.56
    1926    1.66    1.41    1.21    0.89    0.67   27.48    9.84    0.85    0.63    0.53    0.50    0.49     46.16      3.85
    1927    0.67    0.64    0.53    0.76    1.03    3.03    1.67    0.78    0.65    0.54    0.63    0.69     11.61      0.97
    1928    0.68    1.10    1.42    0.93    0.77    2.53    1.51    0.91   11.55    7.74    2.47   14.58     46.19      3.85
    1929   13.48    4.05    1.29    1.06    0.83    8.15    3.65    1.28    1.35    1.35    8.25   10.56     55.30      4.61
    1930    3.82    1.11    0.87    1.94    2.07    8.28    3.41    0.85    0.68   40.37   14.13    0.91     78.46      6.54
    1931    1.17    1.34    1.01    0.72    0.81    0.84    0.64    0.72    0.82    0.83    0.79    1.68     11.36      0.95
    1932    4.74   25.10   12.36    2.11    0.80    1.16    1.46    1.22    0.89    0.72    0.65    0.61     51.83      4.32
    1933    0.52   11.91   20.95   16.68    7.06    5.83    2.59    1.20    0.88    1.88    1.49    0.84     71.82      5.98
    1934    0.78    3.89    2.39    1.09    0.68    3.32   16.71   14.73   12.33    4.15    1.60    1.32     63.01      5.25
    1935    1.21    1.10    0.60    0.58    1.22   13.24    5.27    1.49    1.52    1.46    1.16    0.87     29.71      2.48
    1936    1.04   22.80    8.35    1.17    2.34    5.54    2.33    0.87    0.73    0.75    0.77    0.68     47.37      3.95
    1937    0.71    0.89    1.26    1.52    1.36    1.26   10.50    4.37    1.30    1.35    1.05    0.79     26.36      2.20
    1938    0.88    9.38   10.67    4.40    7.15    3.17    1.07    0.88    0.82    0.91    1.00    1.51     41.85      3.49
    1939    9.78    3.96    0.97    0.99    7.82    3.62    1.29    1.43    1.38    1.00    0.76    0.89     33.87      2.82
    1940    0.92    1.01    1.14    1.03    0.91    0.91    1.26    1.27    1.00    0.85    0.78    0.67     11.75      0.98
    1941    0.86    0.99    0.57    2.53    1.68    3.75    2.14    1.48    1.21    0.80    0.81    1.01     17.82      1.49
    1942    1.41   17.29    6.71    1.52    1.13    1.36   12.78    5.52    1.98    1.54    5.25    2.67     59.16      4.93
    1943    4.34   17.54    6.97    1.49    1.27   12.09    4.88    1.03    1.05    1.19    0.94   16.66     69.45      5.79
    1944    6.79    1.21    0.76    0.68    0.87    2.15    1.40    0.94    0.81    0.67    0.57    0.62     17.47      1.46
    1945   13.29    5.13    0.57    0.57    1.00   12.63    5.26    1.44    1.21    0.89    0.66    0.63     43.27      3.61
    1946    0.82    1.17    0.97    0.83    0.93    1.34    1.54    1.17    1.35    1.53    1.16    1.02     13.82      1.15
    1947    0.87   14.28   12.47    3.52    1.28    7.47   15.06    5.16    0.89    0.74    0.61    0.50     62.85      5.24
    1948    0.89    1.20    0.95    0.82    0.93    0.95    1.03    0.93    0.65    0.54    0.52    0.57      9.97      0.83
    1949    0.79   13.14    5.13    1.00    1.11    1.14    1.04    1.98    1.63    1.14    1.12    0.97     30.20      2.52
    1950    0.98    0.88   11.96    5.04    1.08    0.85    0.81    0.64    0.51    0.45    0.46    0.67     24.33      2.03
    1951    1.17    0.70    0.65    0.97    0.92    0.98    1.11    1.03    0.77    0.63    0.50    5.62     15.05      1.25
    1952    2.81    0.69    0.64    0.74    0.68    0.60    0.75    0.72    0.57    0.49    0.52    3.54     12.76      1.06
    1953    3.80   12.15    4.51    0.88    1.11   10.88    4.35    2.55    2.15    1.64    1.11    1.24     46.37      3.86
    1954   10.80    4.38    0.90    1.24    8.94    6.13    5.21    2.20    1.20    1.07    0.73    0.98     43.77      3.65
    1955    1.12    1.03    0.82    0.47    0.50    5.04    2.75    1.59    1.30    1.20    1.19    5.25     22.27      1.86
    1956    9.71   34.11   25.43    5.90    1.04    2.87   10.77    4.31    1.28    1.07    0.91    1.29     98.69      8.22
    1957    2.21    1.43    0.85    1.06    3.35    1.97    1.49    1.22    0.84    0.95    1.06    1.10     17.53      1.46
    1958    1.15    7.95    6.43    2.05    0.99    1.13    2.85   36.35   12.70    8.74    4.82    1.74     86.89      7.24
    1959    1.52    1.50    1.51    3.28    1.79    1.45    1.58    1.44    1.09    0.83    0.82    1.08     17.91      1.49
    1960    1.56    8.35   11.65    4.46    1.90   13.81   40.62   13.23    1.54    1.31    1.14    0.98    100.54      8.38
    1961    0.83    1.01    1.19    1.13    2.02   22.80    8.46    1.56    1.39    0.94    0.92    0.84     43.08      3.59
    1962    6.31    3.20    1.22    8.53    3.65   52.93   18.54    1.32    0.94    1.35    1.41    0.90    100.32      8.36
    1963    1.32    2.80    4.10    9.31   12.21    6.41    2.26    1.49    3.15    1.95    1.10    1.13     47.25      3.94
    1964    1.40    0.94    0.64    0.80    0.74    0.58    0.60    0.93    8.33    3.95    1.50    1.42     21.83      1.82
    1965    9.85    7.50    1.97    0.91    1.06    0.73    0.63    9.32    4.16    1.07    0.86    0.96     39.04      3.25
    1966    0.96    0.98    0.96    1.10    1.13    8.43   16.51    5.72    1.51    1.80    1.56    1.02     41.69      3.47
    1967    0.91    1.03    0.91    0.66    0.54    0.49    0.51    0.49    0.46    0.48    0.50    0.72      7.71      0.64
    1968    1.05    0.98    0.68    0.39    0.42    3.89    2.37    1.57    1.27    0.96    0.85    0.73     15.18      1.26
    1969    0.83    2.83    1.74    0.86    0.67    0.52    0.42    0.45    0.64    0.64   20.66    7.98     38.24      3.19
    1970   11.79    4.86    1.37    1.40    1.15    1.13    1.46    4.87    2.45    1.56   11.09    4.57     47.69      3.97
    1971    2.86    1.97    1.32    0.91   11.14    4.84    1.29    0.97    0.90    0.81    0.71    0.66     28.39      2.37
    1972    0.66    0.77    0.66    0.48    0.61    0.95    3.01    1.76    0.80    0.64    0.91    0.97     12.23      1.02
    1973    0.75    1.07    1.11    2.70    7.10    8.82    3.25    1.63    2.00    1.53    1.21    1.14     32.32      2.69
    1974    0.95    0.94    0.99    0.88    0.79    0.86    0.84    0.67    0.53    0.50    0.61   23.12     31.69      2.64
    1975    8.33    1.13   12.67    5.45   12.17   42.10   13.61    3.41    1.93    1.21    1.05    1.07    104.11      8.68
    1976   30.19   10.89    0.81    0.59    1.01    1.26    0.92    0.72    0.66    0.64    0.68    0.97     49.34      4.11
    1977    1.13   11.50   13.34    4.07    1.01    1.03   48.39   17.13    1.50    1.13    1.02    1.01    102.26      8.52
    1978    2.23    1.41    2.71    4.01    3.07    1.42    0.86    0.95    1.07   13.30   10.10    2.91     44.05      3.67
    1979    1.14    1.29    1.03    0.63    0.68    0.94    0.90    0.71    0.62    0.62    0.65   13.98     23.18      1.93
    1980    7.17    8.16    3.15   16.13    6.20    0.93    0.93    6.01    3.18    1.44    1.61    1.36     56.27      4.69
    1981    0.80    0.68    0.78    0.93    0.87    1.06    1.89    1.38    1.09    1.29    1.10    0.82     12.68      1.06
    1982    0.86    0.59    0.38    0.34    0.38    0.41    0.43    0.43    0.41   29.48   10.68    1.30     45.68      3.81
    1983    1.11    1.15    0.90    1.03    1.32    2.18    1.62    1.27    1.40    2.66    1.86    1.15     17.66      1.47
    1984    1.10    1.30    0.96    1.00   57.23   19.72    0.90    0.66    0.62    0.58    0.47    0.78     85.32      7.11
    1985   26.72   28.94    7.85    5.13    2.44    1.61    1.74    1.29    0.93    0.85    1.24    2.65     81.40      6.78
    1986   24.15   12.44    2.42    1.39    1.24    1.22    1.03    0.78    0.73    0.64    0.70   31.20     77.95      6.50
    1987   11.25    1.44    3.04    1.69   10.82   19.04    6.21    2.37    1.63    1.33    1.33    1.28     61.43      5.12
    1988    1.31    1.48    9.07    3.53    8.04    3.74    9.76    4.08    1.16    1.07    0.85    0.65     44.74      3.73
    1989    1.83   24.66    8.72    0.98    0.76    8.89    4.07    1.24    0.87    0.71    0.68    0.71     54.11      4.51
    1990    1.52    1.14    0.66    0.66    0.83    1.06    0.92    0.93    0.91    0.71    0.65    0.66     10.65      0.89
    1991    6.82    3.44    1.22    0.73    0.48    0.47    0.63    0.61    0.47    0.40    0.42    0.50     16.17      1.35
    1992    0.57    0.54    0.46    0.51    0.50    0.39    0.36    0.32    0.27    0.26    0.25    2.22      6.65      0.55
    1993    6.44    3.69    9.51    4.23    5.20    3.88    1.50    0.91    0.77    0.80    0.97    0.71     38.62      3.22
    1994    0.59    0.52    0.79    1.18    1.08    5.54    3.20    1.55    1.27    1.03    0.74    0.67     18.15      1.51
    1995    0.81    0.95   11.12    7.03    2.23    2.44    1.47    1.05    0.90    1.03    1.06    0.75     30.85      2.57
    1996    1.17   14.83    5.61    0.92    1.23    1.44   11.73    4.91   34.22   18.34    3.39    1.14     98.93      8.24
    1997    1.25    1.50    0.96    0.79    7.71   17.88    6.14    1.15    0.93    0.79    0.80    0.84     40.74      3.40
    1998    0.81    9.66    4.31    3.43    2.30    1.65    1.66    1.42    1.31    1.26    1.13    0.95     29.89      2.49
    1999    1.18    1.47    6.26   18.16   14.28   20.50   14.73    7.97    2.66    1.21    0.88    1.07     90.38      7.53
    2000    1.38    1.46    1.64    1.37    0.97    1.01    6.97    3.24    1.12    0.91    0.86    1.07     21.99      1.83
    2001    2.38   22.47   11.28    6.46    2.39    1.17    1.53    1.54    1.22   19.36   20.69   20.67    111.16      9.26
    2002    6.25    0.89    0.61    0.56    0.55    6.07    2.86    1.41    1.28    0.90    0.75    0.79     22.92      1.91
    2003    0.97    0.81    0.61    0.69    0.68    0.73    0.79    0.76    0.70    0.99    1.05    4.92     13.70      1.14
    2004    2.56    1.10    0.97    4.11    1.96    1.11    1.54    1.48    1.36    1.15    1.07    0.97     19.39      1.62
    2005    0.66   17.18    6.29   28.48   10.71    1.55    1.33    1.15    0.98    0.92    5.16   14.86     89.29      7.44
    2006   28.43    9.34    2.12    1.39    1.02    1.07    1.53    1.43    1.16    1.02    0.82    0.68     50.00      4.17
    2007    0.72    0.72    0.62    5.55    2.68    1.10    3.03    1.79   16.57    6.54    1.48    1.32     42.13      3.51
    2008    2.28    9.74    3.96    1.13    1.60    1.26    0.77    0.65    0.66    0.62    0.60    0.65     23.93      1.99
    2009    3.83    2.36    1.33    1.23    1.09    0.84    0.89    0.90    1.01    0.98    0.67    0.49     15.63      1.30
  
 AVERAGE    3.92    5.67    3.87    2.92    3.38    5.75    4.74    2.73    2.18    2.77    2.25    2.98     43.16      3.60
