    1920    0.23    0.24    0.38    0.61    0.88    1.86    3.92    2.07    0.77    0.61    0.47    0.56     12.60      1.05
    1921    0.88    2.86    7.67    3.40    1.12    0.65    0.53    6.76    3.65    1.78    8.84   12.43     50.58      4.21
    1922    8.69   24.35    8.30   11.25   18.54    6.21    1.27    0.91    0.81   16.28    6.55    1.05    104.18      8.68
    1923    0.84    1.04    1.46    1.49    1.54    1.23    0.88    0.78    0.70    0.62    0.60    0.85     12.02      1.00
    1924    0.94    0.75    2.34    1.69    1.12   30.69   16.66    3.25    1.13    0.93    0.78    0.92     61.20      5.10
    1925    1.01    0.88    0.68    0.66    0.91    2.45    1.57    1.10    1.52    1.45    0.95    1.33     14.51      1.21
    1926    1.70    1.38    1.14    0.82    0.63   25.01    9.10    0.88    0.66    0.55    0.51    0.50     42.89      3.57
    1927    0.66    0.62    0.50    0.69    0.92    1.37    1.21    0.80    0.65    0.54    0.62    0.67      9.26      0.77
    1928    0.65    1.01    1.27    0.83    0.68    1.20    1.11    0.90   10.16    6.82    2.40   13.45     40.48      3.37
    1929   12.15    3.76    1.26    1.02    0.79    5.79    2.87    1.31    1.36    1.34    6.68    9.27     47.61      3.97
    1930    3.61    1.13    0.85    1.28    1.73    6.86    3.00    0.89    0.71   39.11   13.79    0.98     73.95      6.16
    1931    1.18    1.30    0.96    0.69    0.76    0.79    0.62    0.70    0.79    0.81    0.77    1.24     10.61      0.88
    1932    3.20   23.61   10.57    1.64    0.80    1.11    1.37    1.16    0.87    0.72    0.64    0.60     46.30      3.86
    1933    0.51    9.60   18.73   14.68    5.29    4.28    2.27    1.23    0.91    1.45    1.60    0.88     61.45      5.12
    1934    0.80    1.79    1.70    1.09    0.67    1.17   15.14   13.83   11.68    4.09    1.67    1.35     54.97      4.58
    1935    1.20    1.07    0.60    0.57    1.12   10.53    4.41    1.51    1.52    1.44    1.16    0.87     26.00      2.17
    1936    1.01   20.46    7.63    1.13    1.51    3.76    1.93    0.90    0.75    0.76    0.78    0.67     41.30      3.44
    1937    0.69    0.84    1.14    1.35    1.21    1.13    8.13    3.65    1.33    1.36    1.04    0.77     22.65      1.89
    1938    0.85    7.10    8.46    3.22    5.71    2.79    1.07    0.88    0.81    0.89    0.97    1.37     34.10      2.84
    1939    8.21    3.52    0.95    0.92    5.33    2.78    1.27    1.38    1.33    0.97    0.74    0.85     28.25      2.35
    1940    0.87    0.93    1.02    0.91    0.81    0.81    1.12    1.15    0.93    0.79    0.73    0.63     10.70      0.89
    1941    0.79    0.89    0.51    0.86    1.29    1.96    1.58    1.44    1.18    0.78    0.78    0.96     13.03      1.09
    1942    1.30   14.82    5.93    1.42    1.04    1.25   10.87    4.97    2.00    1.55    3.78    2.24     51.19      4.27
    1943    2.91   15.90    6.28    1.50    1.23    9.87    4.18    1.07    1.07    1.19    0.94   15.00     61.14      5.09
    1944    6.29    1.21    0.75    0.66    0.81    1.39    1.29    0.95    0.81    0.67    0.57    0.61     16.00      1.33
    1945   11.32    4.51    0.57    0.54    0.91   10.06    4.45    1.44    1.20    0.89    0.66    0.62     37.19      3.10
    1946    0.79    1.09    0.88    0.74    0.83    1.19    1.38    1.07    1.25    1.42    1.09    0.96     12.69      1.06
    1947    0.81   11.97   10.22    3.04    1.22    5.28   13.45    4.96    0.94    0.77    0.63    0.51     53.79      4.48
    1948    0.87    1.13    0.87    0.74    0.83    0.86    0.94    0.86    0.61    0.51    0.50    0.54      9.26      0.77
    1949    0.74   10.77    4.39    0.94    1.01    1.03    0.95    1.40    1.58    1.14    1.10    0.94     26.00      2.17
    1950    0.93    0.82    9.35    4.20    1.03    0.80    0.75    0.61    0.49    0.43    0.44    0.64     20.48      1.71
    1951    1.08    0.65    0.59    0.85    0.81    0.86    0.99    0.94    0.71    0.59    0.47    3.73     12.28      1.02
    1952    2.22    0.72    0.59    0.66    0.60    0.54    0.67    0.65    0.53    0.47    0.49    1.69      9.83      0.82
    1953    2.29   10.63    4.14    0.83    1.02    8.43    3.58    1.42    2.12    1.73    1.15    1.24     38.59      3.22
    1954    9.01    3.82    0.89    1.15    6.41    4.13    3.94    1.98    1.25    1.10    0.75    0.97     35.38      2.95
    1955    1.08    0.98    0.76    0.45    0.47    2.52    1.95    1.58    1.28    1.17    1.16    3.43     16.83      1.40
    1956    8.18   32.85   23.63    5.43    1.02    1.43    9.61    4.18    1.34    1.11    0.94    1.27     91.01      7.58
    1957    1.81    1.38    0.84    0.99    1.60    1.61    1.48    1.20    0.84    0.94    1.04    1.06     14.79      1.23
    1958    1.09    5.67    4.23    1.59    0.95    1.06    1.63   35.64   12.69    7.89    4.00    1.88     78.31      6.53
    1959    1.56    1.46    1.42    1.62    1.46    1.42    1.51    1.38    1.06    0.82    0.80    1.04     15.55      1.30
    1960    1.46    6.04    9.48    3.69    1.75   12.38   39.69   13.10    1.59    1.34    1.16    0.99     92.67      7.72
    1961    0.83    0.97    1.11    1.04    1.41   20.89    7.99    1.58    1.39    0.96    0.93    0.84     39.94      3.33
    1962    4.30    2.56    1.18    6.09    2.84   51.62   18.12    1.35    0.96    1.34    1.39    0.89     92.64      7.72
    1963    1.28    1.87    2.36    7.46   10.51    4.88    2.00    1.55    1.98    1.79    1.17    1.15     37.99      3.17
    1964    1.37    0.91    0.62    0.74    0.69    0.55    0.57    0.86    6.28    3.34    1.53    1.40     18.87      1.57
    1965    8.10    5.70    1.59    0.88    0.98    0.69    0.60    7.22    3.53    1.11    0.88    0.95     32.22      2.69
    1966    0.92    0.92    0.88    0.97    1.00    5.86   14.79    5.52    1.54    1.78    1.54    1.01     36.72      3.06
    1967    0.88    0.97    0.83    0.61    0.49    0.45    0.47    0.46    0.43    0.45    0.47    0.68      7.20      0.60
    1968    0.97    0.88    0.61    0.34    0.37    1.47    1.58    1.53    1.23    0.93    0.82    0.69     11.41      0.95
    1969    0.77    1.29    1.28    0.80    0.61    0.47    0.38    0.41    0.58    0.59   18.84    7.44     33.46      2.79
    1970   10.31    4.41    1.32    1.29    1.05    1.03    1.34    2.61    1.80    1.59    9.84    4.22     40.81      3.40
    1971    1.60    1.79    1.28    0.86    8.59    4.00    1.28    0.96    0.89    0.80    0.71    0.65     23.40      1.95
    1972    0.64    0.72    0.61    0.44    0.55    0.85    1.42    1.35    0.82    0.65    0.90    0.93      9.89      0.82
    1973    0.71    0.98    0.99    1.18    5.21    7.24    2.93    1.62    1.95    1.54    1.21    1.12     26.69      2.22
    1974    0.92    0.89    0.90    0.79    0.71    0.77    0.76    0.62    0.50    0.48    0.58   21.21     29.13      2.43
    1975    7.75    1.11   10.31    4.56   10.55   40.85   13.41    2.09    1.66    1.28    1.09    1.08     95.74      7.98
    1976   28.45   10.37    0.82    0.59    0.96    1.17    0.88    0.71    0.65    0.64    0.67    0.94     46.85      3.90
    1977    1.08    9.16   11.16    3.62    0.98    0.98   46.57   16.58    1.55    1.16    1.04    1.02     94.89      7.91
    1978    1.48    1.32    1.38    2.24    1.81    1.40    0.88    0.95    1.05   11.77    8.99    2.77     36.05      3.00
    1979    1.17    1.26    0.98    0.61    0.64    0.87    0.85    0.68    0.60    0.61    0.63   12.08     20.96      1.75
    1980    5.65    6.68    2.78   14.01    5.52    0.93    0.91    4.03    2.60    1.50    1.63    1.39     47.62      3.97
    1981    0.81    0.67    0.74    0.85    0.79    0.96    1.52    1.33    1.07    1.26    1.07    0.79     11.85      0.99
    1982    0.81    0.55    0.35    0.31    0.34    0.37    0.39    0.39    0.38   26.71   10.00    1.31     41.93      3.49
    1983    1.09    1.09    0.83    0.93    1.18    1.43    1.48    1.22    1.34    1.84    1.72    1.16     15.31      1.28
    1984    1.07    1.22    0.88    0.90   54.91   18.97    0.90    0.66    0.62    0.58    0.47    0.76     81.94      6.83
    1985   24.68   27.10    7.39    3.31    1.88    1.58    1.73    1.28    0.93    0.85    1.21    1.83     73.78      6.15
    1986   22.95   10.94    2.02    1.33    1.17    1.14    0.98    0.76    0.71    0.64    0.69   29.41     72.75      6.06
    1987   10.71    1.42    1.63    1.37    8.85   17.29    5.92    1.83    1.73    1.41    1.37    1.29     54.82      4.57
    1988    1.28    1.40    6.52    2.67    6.03    3.09    8.26    3.63    1.22    1.10    0.87    0.66     36.73      3.06
    1989    1.18   23.17    8.35    0.95    0.73    6.61    3.31    1.26    0.88    0.72    0.69    0.71     48.57      4.05
    1990    1.23    1.14    0.63    0.61    0.75    0.95    0.84    0.86    0.85    0.67    0.62    0.62      9.78      0.81
    1991    4.77    2.76    1.15    0.66    0.43    0.42    0.57    0.55    0.43    0.37    0.39    0.46     12.97      1.08
    1992    0.52    0.49    0.40    0.44    0.43    0.34    0.32    0.29    0.25    0.24    0.23    0.85      4.79      0.40
    1993    5.23    2.89    8.01    3.70    3.66    2.35    1.35    0.95    0.79    0.81    0.96    0.70     31.39      2.62
    1994    0.58    0.49    0.72    1.05    0.96    3.08    2.24    1.59    1.28    1.03    0.74    0.66     14.43      1.20
    1995    0.77    0.88    8.45    4.77    1.76    1.73    1.32    1.06    0.90    1.01    1.03    0.73     24.41      2.03
    1996    1.10   12.35    4.85    0.88    1.13    1.31    9.41    4.21   33.60   17.61    3.31    1.19     90.95      7.58
    1997    1.25    1.44    0.92    0.75    5.08   15.91    5.84    1.18    0.96    0.81    0.81    0.83     35.79      2.98
    1998    0.79    7.41    3.54    1.68    1.80    1.69    1.62    1.39    1.28    1.23    1.10    0.92     24.45      2.04
    1999    1.12    1.36    3.62   15.83   12.55   19.04   13.49    7.01    2.52    1.29    0.93    1.09     79.86      6.65
    2000    1.35    1.39    1.52    1.26    0.90    0.94    4.51    2.50    1.17    0.94    0.87    1.05     18.38      1.53
    2001    1.61   20.94    9.48    4.48    1.93    1.15    1.45    1.47    1.18   17.66   19.59   19.80    100.74      8.39
    2002    6.08    0.91    0.62    0.56    0.54    3.56    2.08    1.43    1.28    0.91    0.76    0.79     19.53      1.63
    2003    0.94    0.77    0.58    0.63    0.62    0.67    0.72    0.70    0.65    0.92    0.99    3.00     11.18      0.93
    2004    1.95    1.06    0.89    1.52    1.14    1.04    1.42    1.37    1.27    1.08    1.01    0.91     14.65      1.22
    2005    0.62   14.94    5.58   26.38    9.76    1.56    1.30    1.12    0.96    0.90    3.35   13.54     80.01      6.67
    2006   27.44    8.95    1.76    1.41    1.00    1.02    1.43    1.35    1.12    0.99    0.81    0.67     47.95      4.00
    2007    0.70    0.69    0.58    2.87    1.81    1.06    1.48    1.50   15.96    6.38    1.52    1.33     35.86      2.99
    2008    1.52    8.27    3.59    1.08    1.35    1.25    0.76    0.64    0.65    0.61    0.59    0.63     20.95      1.75
    2009    1.76    1.70    1.26    1.12    0.98    0.76    0.81    0.82    0.93    0.92    0.64    0.46     12.16      1.01
  
 AVERAGE    3.46    4.99    3.26    2.39    2.87    4.88    4.22    2.49    2.07    2.62    2.09    2.69     38.02      3.17
