    1920    0.27    0.29    0.48    0.79    1.13    3.90    6.00    2.72    0.92    0.71    0.54    0.67     18.43      1.54
    1921    1.09    4.97   11.08    4.54    1.42    0.82    0.66    9.81    4.96    2.18   11.90   16.37     69.80      5.82
    1922   11.63   31.51   10.58   15.50   24.60    8.05    1.56    1.12    0.98   21.47    8.52    1.26    136.78     11.40
    1923    1.02    1.30    1.87    1.94    2.01    1.58    1.11    0.97    0.86    0.75    0.73    1.06     15.21      1.27
    1924    1.19    0.94    4.63    2.68    1.42   39.95   22.04    4.25    1.37    1.13    0.94    1.14     81.67      6.81
    1925    1.27    1.10    0.86    0.84    1.18    4.80    2.50    1.36    1.91    1.82    1.18    1.68     20.50      1.71
    1926    2.11    1.75    1.47    1.06    0.81   33.06   11.91    1.08    0.80    0.67    0.63    0.62     55.96      4.66
    1927    0.83    0.78    0.64    0.90    1.21    2.28    1.63    0.98    0.81    0.67    0.77    0.85     12.35      1.03
    1928    0.83    1.32    1.68    1.10    0.91    1.67    1.43    1.13   13.68    9.17    3.06   17.64     53.63      4.47
    1929   16.14    4.91    1.60    1.30    1.01    8.82    4.13    1.62    1.70    1.69    9.41   12.50     64.82      5.40
    1930    4.67    1.40    1.08    1.67    2.26    9.74    4.12    1.10    0.87   49.97   17.55    1.19     95.63      7.97
    1931    1.47    1.66    1.24    0.89    0.99    1.03    0.78    0.89    1.01    1.02    0.97    1.59     13.54      1.13
    1932    5.50   30.85   14.46    2.37    1.00    1.42    1.78    1.50    1.11    0.90    0.81    0.76     62.46      5.21
    1933    0.65   13.59   25.00   19.76    7.83    6.40    3.06    1.52    1.12    1.81    1.95    1.08     83.77      6.98
    1934    0.99    3.63    2.53    1.40    0.85    2.90   20.08   17.97   15.10    5.18    2.05    1.67     74.37      6.20
    1935    1.51    1.36    0.75    0.72    1.47   15.01    6.11    1.88    1.90    1.82    1.45    1.10     35.08      2.92
    1936    1.28   27.26   10.06    1.45    1.96    5.82    2.74    1.11    0.93    0.94    0.97    0.85     55.38      4.61
    1937    0.88    1.08    1.51    1.80    1.62    1.50   11.82    5.08    1.65    1.70    1.31    0.98     30.94      2.58
    1938    1.08   10.42   12.08    4.39    7.98    3.76    1.34    1.10    1.02    1.13    1.24    1.77     47.31      3.94
    1939   11.75    4.88    1.21    1.20    8.33    4.04    1.61    1.77    1.70    1.24    0.94    1.10     39.75      3.31
    1940    1.12    1.22    1.36    1.22    1.08    1.08    1.50    1.52    1.21    1.03    0.95    0.82     14.12      1.18
    1941    1.04    1.18    0.68    1.60    1.62    3.68    2.35    1.83    1.50    0.99    1.00    1.24     18.70      1.56
    1942    1.70   20.25    7.96    1.85    1.37    1.65   15.27    6.73    2.50    1.94    5.73    3.10     70.05      5.84
    1943    4.60   21.06    8.14    1.93    1.59   14.02    5.77    1.32    1.33    1.49    1.18   19.90     82.33      6.86
    1944    8.22    1.52    0.95    0.84    1.06    1.83    1.69    1.23    1.04    0.86    0.72    0.78     20.73      1.73
    1945   15.63    6.11    0.72    0.70    1.20   14.29    6.11    1.81    1.51    1.12    0.83    0.79     50.83      4.24
    1946    1.01    1.42    1.17    0.99    1.11    1.59    1.84    1.41    1.64    1.86    1.41    1.24     16.68      1.39
    1947    1.06   16.63   14.34    4.13    1.57    8.07   17.96    6.36    1.15    0.95    0.78    0.64     73.63      6.14
    1948    1.11    1.47    1.14    0.98    1.11    1.14    1.24    1.13    0.79    0.66    0.65    0.70     12.10      1.01
    1949    0.96   15.06    6.00    1.22    1.34    1.37    1.25    1.84    2.07    1.47    1.43    1.22     35.22      2.94
    1950    1.21    1.07   13.49    5.84    1.33    1.04    0.98    0.79    0.64    0.56    0.57    0.83     28.34      2.36
    1951    1.42    0.85    0.78    1.14    1.09    1.16    1.32    1.24    0.93    0.77    0.61    5.93     17.25      1.44
    1952    3.18    0.89    0.77    0.88    0.81    0.72    0.89    0.86    0.70    0.60    0.63    3.34     14.28      1.19
    1953    3.87   14.36    5.45    1.08    1.34   12.25    5.02    2.46    2.58    2.14    1.43    1.57     53.56      4.46
    1954   12.50    5.17    1.12    1.50    9.75    6.52    5.79    2.63    1.53    1.36    0.93    1.22     50.04      4.17
    1955    1.38    1.27    1.00    0.58    0.61    4.86    2.98    1.99    1.62    1.49    1.48    5.53     24.78      2.06
    1956   11.28   42.11   30.89    7.14    1.29    2.29   12.61    5.29    1.64    1.37    1.16    1.61    118.68      9.89
    1957    2.33    1.78    1.08    1.30    2.71    2.01    1.86    1.52    1.05    1.19    1.32    1.36     19.51      1.63
    1958    1.41    8.62    6.78    2.30    1.22    1.38    2.25   45.11   15.95   10.47    5.51    2.25    103.24      8.60
    1959    1.92    1.85    1.84    2.54    1.78    1.80    1.94    1.77    1.35    1.03    1.02    1.34     20.19      1.68
    1960    1.90    9.13   13.39    4.95    2.26   17.11   50.71   16.55    1.96    1.66    1.45    1.24    122.32     10.19
    1961    1.05    1.25    1.45    1.37    1.87   28.06   10.59    1.97    1.75    1.20    1.16    1.06     52.76      4.40
    1962    6.73    3.64    1.51    9.29    4.10   65.73   23.04    1.68    1.20    1.69    1.76    1.13    121.51     10.13
    1963    1.65    2.69    4.04   10.58   14.30    7.13    2.64    1.94    3.43    2.32    1.43    1.44     53.59      4.47
    1964    1.74    1.16    0.80    0.97    0.91    0.72    0.74    1.13    9.25    4.60    1.91    1.77     25.69      2.14
    1965   11.38    8.38    2.25    1.13    1.29    0.90    0.78   10.46    4.86    1.37    1.10    1.20     45.08      3.76
    1966    1.19    1.19    1.16    1.30    1.35    9.05   19.72    7.06    1.91    2.25    1.95    1.28     49.42      4.12
    1967    1.12    1.26    1.10    0.80    0.65    0.59    0.62    0.60    0.57    0.59    0.62    0.88      9.38      0.78
    1968    1.27    1.17    0.81    0.46    0.50    3.46    2.51    1.95    1.57    1.19    1.06    0.89     16.83      1.40
    1969    1.01    2.21    1.75    1.04    0.80    0.62    0.50    0.54    0.76    0.77   24.88    9.70     44.58      3.71
    1970   13.93    5.84    1.69    1.68    1.38    1.36    1.76    4.77    2.69    1.98   13.19    5.53     55.79      4.65
    1971    2.76    2.21    1.63    1.11   12.47    5.58    1.62    1.21    1.12    1.01    0.89    0.82     32.44      2.70
    1972    0.81    0.94    0.80    0.58    0.73    1.13    2.34    1.78    1.01    0.81    1.14    1.19     13.27      1.11
    1973    0.92    1.29    1.32    1.80    7.66   10.16    3.89    2.04    2.49    1.96    1.54    1.43     36.50      3.04
    1974    1.18    1.15    1.19    1.05    0.94    1.03    1.01    0.82    0.65    0.62    0.75   27.92     38.29      3.19
    1975   10.12    1.40   14.47    6.21   14.65   52.27   16.98    3.49    2.21    1.56    1.34    1.35    126.07     10.51
    1976   36.90   13.38    1.02    0.74    1.24    1.53    1.13    0.90    0.83    0.80    0.85    1.20     60.51      5.04
    1977    1.39   13.10   15.44    4.84    1.25    1.27   59.72   21.19    1.91    1.44    1.29    1.28    124.11     10.34
    1978    1.86    1.63    2.22    3.77    2.83    1.68    1.08    1.20    1.33   15.74   12.01    3.57     48.92      4.08
    1979    1.45    1.60    1.26    0.78    0.83    1.13    1.10    0.87    0.77    0.77    0.81   16.49     27.85      2.32
    1980    8.11    9.37    3.74   18.95    7.37    1.17    1.16    6.37    3.65    1.85    2.05    1.76     65.54      5.46
    1981    1.02    0.85    0.95    1.12    1.04    1.27    2.01    1.75    1.40    1.63    1.38    1.02     15.45      1.29
    1982    1.06    0.73    0.46    0.42    0.46    0.49    0.52    0.51    0.50   34.72   12.90    1.64     54.41      4.53
    1983    1.38    1.41    1.09    1.23    1.57    1.91    1.96    1.61    1.75    2.50    2.12    1.46     19.99      1.67
    1984    1.37    1.59    1.15    1.19   70.53   24.33    1.13    0.83    0.78    0.74    0.60    0.97    105.21      8.77
    1985   32.36   35.27    9.53    5.64    2.83    2.02    2.24    1.64    1.18    1.08    1.55    2.32     97.65      8.14
    1986   29.54   14.75    2.80    1.71    1.51    1.49    1.27    0.97    0.91    0.81    0.88   38.14     94.77      7.90
    1987   13.81    1.80    2.44    1.68   12.38   22.87    7.63    2.26    2.07    1.71    1.69    1.61     71.95      6.00
    1988    1.63    1.81    9.88    3.92    8.93    4.31   11.33    4.84    1.49    1.36    1.09    0.83     51.42      4.28
    1989    1.49   29.97   10.75    1.22    0.94    9.80    4.66    1.57    1.10    0.90    0.86    0.90     64.16      5.35
    1990    1.59    1.49    0.82    0.81    1.00    1.27    1.11    1.13    1.11    0.87    0.80    0.81     12.81      1.07
    1991    7.34    3.91    1.49    0.87    0.57    0.56    0.75    0.73    0.56    0.48    0.52    0.61     18.41      1.53
    1992    0.68    0.65    0.54    0.59    0.59    0.46    0.43    0.39    0.33    0.31    0.31    1.71      6.97      0.58
    1993    7.14    3.79   10.94    4.91    5.89    4.01    1.71    1.15    0.97    1.01    1.20    0.88     43.63      3.64
    1994    0.73    0.63    0.95    1.40    1.28    5.47    3.35    2.02    1.63    1.31    0.94    0.84     20.55      1.71
    1995    1.00    1.16   12.38    7.47    2.52    2.21    1.64    1.33    1.13    1.29    1.32    0.94     34.38      2.87
    1996    1.42   17.16    6.60    1.13    1.49    1.73   13.31    5.74   42.62   22.61    4.21    1.46    119.48      9.96
    1997    1.57    1.85    1.18    0.97    8.18   21.29    7.54    1.47    1.19    1.00    1.01    1.05     48.29      4.02
    1998    1.01   10.79    4.95    3.01    2.25    2.14    2.08    1.78    1.63    1.57    1.41    1.18     33.78      2.81
    1999    1.45    1.78    6.30   21.43   16.87   24.88   17.77    9.45    3.26    1.57    1.14    1.36    107.26      8.94
    2000    1.72    1.79    1.99    1.65    1.18    1.23    7.29    3.63    1.44    1.16    1.09    1.33     25.48      2.12
    2001    2.05   27.21   13.10    6.94    2.73    1.46    1.87    1.89    1.51   23.32   25.34   25.46    132.87     11.07
    2002    7.75    1.13    0.77    0.70    0.68    6.13    3.13    1.79    1.61    1.14    0.95    1.00     26.78      2.23
    2003    1.20    1.00    0.75    0.83    0.81    0.88    0.95    0.92    0.85    1.20    1.28    5.06     15.73      1.31
    2004    2.85    1.36    1.17    3.61    1.97    1.35    1.86    1.79    1.65    1.40    1.31    1.18     21.52      1.79
    2005    0.80   20.21    7.47   34.54   12.72    2.00    1.68    1.44    1.23    1.15    5.44   17.90    106.59      8.88
    2006   35.13   11.40    2.24    1.77    1.27    1.32    1.86    1.75    1.43    1.27    1.03    0.85     61.32      5.11
    2007    0.89    0.89    0.75    5.40    2.85    1.36    2.63    1.91   20.29    8.07    1.88    1.66     48.58      4.05
    2008    1.92   11.19    4.74    1.39    1.77    1.64    0.98    0.82    0.83    0.78    0.76    0.81     27.62      2.30
    2009    3.60    2.58    1.63    1.48    1.30    1.00    1.07    1.08    1.22    1.20    0.82    0.60     17.58      1.46
  
 AVERAGE    4.63    6.70    4.48    3.32    3.92    6.69    5.63    3.27    2.67    3.37    2.73    3.55     50.96      4.25
