    1920    0.39    0.38    0.62    0.80    1.06   13.44   13.00    4.54    1.44    1.09    0.83    0.87     38.46      3.20
    1921    1.21    1.83    3.61    2.68    1.68    1.03    0.87   14.25    7.27    3.46   16.79   16.29     70.98      5.91
    1922    9.24   36.44   13.02   24.83   38.09   12.36    2.56    1.81    1.58   24.45   10.06    1.71    176.13     14.68
    1923    1.46    2.02   16.07   10.24    3.12    2.02    1.64    1.40    1.25    1.11    1.07    1.44     42.84      3.57
    1924    1.58    1.24   18.71    8.38    3.05   69.31   39.60    7.66    2.48    2.04    1.58    1.83    157.45     13.12
    1925    1.92    1.73    1.30    1.04    1.22    2.08    2.03    1.58    2.01    1.95    1.34    2.18     20.38      1.70
    1926    3.41    5.22    3.26    1.53    1.06   27.88   10.70    1.54    1.26    1.00    1.04    1.08     59.00      4.92
    1927    1.37    1.12    1.03    1.61    1.84    5.75    3.21    1.43    1.17    0.97    1.17    1.35     22.01      1.83
    1928    1.65    3.29    2.75    1.49    1.08    9.82    4.66    1.67   17.61   14.39    5.04   32.54     96.00      8.00
    1929   31.96    9.38    2.23    1.45    1.26    5.69    3.36    2.01    2.35    2.47   14.95   22.14     99.26      8.27
    1930   11.26    2.97    1.59    2.20    2.29    2.37    2.16    1.50    1.19   59.27   21.05    1.58    109.45      9.12
    1931    1.96    2.60    2.47    1.94    4.68    2.76    1.31    1.23    1.28    1.34    1.30   17.30     40.18      3.35
    1932    8.40   37.24   13.86    1.70    1.36    1.90    3.01    3.03    2.16    1.64    1.37    1.20     76.87      6.41
    1933    1.05   16.95   27.93   31.87   11.06   16.82    7.18    2.09    1.67    2.69    2.89    1.57    123.77     10.31
    1934    1.68    4.46    2.88    1.66    1.13    1.90   25.75   41.44   24.63    6.56    2.95    2.60    117.63      9.80
    1935    2.28    2.06    1.22    1.04    1.77   13.23    5.96    2.74    2.68    2.77    2.28    1.69     39.72      3.31
    1936    2.27   42.96   15.57    1.85    2.11    8.00    3.88    1.71    1.54    1.66    1.73    1.45     84.74      7.06
    1937    1.48    1.80    4.69    3.37    2.53    2.55   25.60   10.30    2.65    2.53    1.88    1.48     60.86      5.07
    1938    1.86   18.32   13.27    5.85   10.00    4.95    2.29    1.84    1.61    1.68    1.68    2.33     65.68      5.47
    1939   10.90    4.92    1.84    1.72   12.27    6.35    2.59    2.81    2.64    1.89    1.45    1.97     51.33      4.28
    1940    2.04    1.95    1.95    1.25    1.56    2.39    9.20    4.57    1.96    1.70    1.59    1.35     31.50      2.63
    1941    1.98    2.14    1.27    1.81    2.34    6.00    3.87    3.28    2.71    1.75    1.83    2.20     31.18      2.60
    1942    3.80   28.26   10.89    2.60    2.15    1.94   20.16    8.96    3.36    2.71    2.98    2.84     90.64      7.55
    1943    2.51   31.85   12.68    2.44    1.77   24.70   10.00    1.89    1.80    1.91    1.55   16.80    109.90      9.16
    1944    7.83    2.17    1.23    1.06    1.33    2.13    1.96    1.36    1.17    1.04    0.89    0.92     23.08      1.92
    1945   10.51    4.70    0.86    1.01    2.13   37.08   13.72    2.22    1.87    1.40    1.06    1.00     77.56      6.46
    1946    1.44    2.00    1.26    1.13    1.48    5.55    3.41    1.84    2.55    3.15    2.41    2.06     28.27      2.36
    1947    1.68   12.93    9.29    3.31    1.79    2.33   47.42   17.09    1.71    1.40    1.13    0.92    101.01      8.42
    1948    1.87    2.58    1.45    0.96    1.07    1.22    1.35    1.23    0.91    0.77    0.75    0.87     15.03      1.25
    1949    1.16   22.82    9.31    1.83    1.89    2.34    2.16   11.42    5.64    1.85    1.74    1.48     63.64      5.30
    1950    1.70    1.54   17.45    7.67    1.79    1.69    1.68    1.23    0.96    0.87    0.91    1.39     38.88      3.24
    1951    2.35    1.41    1.03    1.50    1.67    1.55    1.57    1.66    1.42    1.15    0.90   20.75     36.97      3.08
    1952    8.57    1.73    1.54    1.95    1.93    1.45    1.65    1.56    1.28    1.12    1.23    6.60     30.60      2.55
    1953   41.53   40.43   10.88    1.87    1.91   18.29    7.63    2.37    3.14    2.90    2.04    2.01    135.01     11.25
    1954    9.52    4.75    1.43    1.38   12.14   13.57    5.42    2.50    2.35    2.18    1.49    1.79     58.53      4.88
    1955    1.90    1.75    1.29    0.79    0.78    9.24    5.40    3.25    2.43    2.49    2.50   17.75     49.57      4.13
    1956   17.15   43.74   22.10    4.09    1.81    2.77   14.61    6.51    2.45    2.06    1.70    2.52    121.54     10.13
    1957    8.99    4.16    1.26    1.61    2.67    2.77    2.63    2.16    1.53    1.56    1.74    2.20     33.29      2.77
    1958    2.20    6.49   12.19    4.87    1.65    2.08    9.05   63.78   21.93   20.25    9.17    3.16    156.84     13.07
    1959    2.91    2.31    1.87    2.08    2.09    2.54    2.98    4.17    2.91    1.94    1.93    2.28     29.99      2.50
    1960    2.82    9.14   10.02    3.95    2.46   19.68   47.28   18.88    3.57    2.79    2.61    2.06    125.24     10.44
    1961    1.56    1.65    1.67    1.57    1.86   12.39    5.90    2.81    2.27    1.59    1.52    1.39     36.17      3.01
    1962    9.62    5.23    2.08   16.98    9.12  123.73   43.03    2.84    2.05    3.30    2.76    1.73    222.47     18.54
    1963    2.01    2.86    5.42    9.64   34.33   24.74    9.91    3.47   24.01    9.89    2.18    8.52    136.98     11.41
    1964    4.73    2.09    1.63    1.50    1.29    1.47    1.62    2.40   13.63    6.58    2.70    2.61     42.25      3.52
    1965   21.41    9.25    1.82    1.96    2.49    1.69    1.33    8.03    4.50    2.02    1.72    1.80     58.02      4.83
    1966    1.60    1.60    1.46    1.38    1.46    7.68   59.78   21.06    3.35    3.66    3.07    2.06    108.16      9.01
    1967    1.69    1.80    1.36    0.88    0.77    0.84    1.01    0.97    0.93    1.02    1.15    1.80     14.22      1.19
    1968    2.66    2.21    1.31    0.79    1.17    9.28    5.19    2.79    2.16    1.70    1.42    1.28     31.95      2.66
    1969    1.91    3.91    2.36    1.05    0.90    0.76    0.72    0.87    1.19    1.20   38.93   15.03     68.83      5.74
    1970   18.24    7.90    2.77    2.84    2.57    2.69    3.20    3.61    2.81    5.89   23.69    9.19     85.40      7.12
    1971    2.46    3.07    2.58    1.86   21.53    8.94    1.91    1.59    1.56    1.44    1.33    1.20     49.46      4.12
    1972    1.37    2.08    1.65    0.87    1.20    1.97    2.78    2.44    1.56    1.26    1.78    1.90     20.86      1.74
    1973    1.52    2.27    2.52   11.25   11.93   25.14    9.66    8.52    5.07    2.94    2.78    2.87     86.45      7.20
    1974    2.14    1.98    1.73    1.32    1.22    1.25    1.27    1.11    0.93    0.98    1.95   48.51     64.37      5.36
    1975   17.10    1.62    2.41    2.52   28.79   63.97   19.77    2.64    2.13    1.93    1.70    1.87    146.46     12.20
    1976   35.23   13.44    1.45    1.00    1.82    2.14    1.71    1.74    1.61    1.47    1.51    2.11     65.23      5.44
    1977    2.38   22.98   26.20    7.92    1.85    2.10   64.14   23.26    2.82    2.21    1.81    1.73    159.41     13.28
    1978    4.25   16.23   11.76    3.85    2.42    2.45    2.04    2.71    3.00   29.27   42.68   13.20    133.86     11.15
    1979    2.45    2.15    1.36    0.97    1.11    1.35    1.26    1.05    0.94    0.93    0.89    1.06     15.54      1.29
    1980    1.30    1.74    1.41   38.19   14.22    1.94    1.45    1.95    2.59    2.01    2.22    2.04     71.06      5.92
    1981    1.38    1.07    1.02    0.87    0.79    1.19    2.33    2.26    1.83    2.10    1.65    1.25     17.74      1.48
    1982    1.62    1.11    0.52    0.40    0.49    0.70    0.74    0.71    0.76    4.23    3.29    2.02     16.57      1.38
    1983    2.09    2.46    1.85    1.54    1.47    1.63    2.14    2.08    2.21    2.82    2.49    1.73     24.52      2.04
    1984    2.30    3.64    2.13    1.55   35.37   13.07    1.67    1.28    1.29    1.22    0.90    1.12     65.54      5.46
    1985   22.74   90.51   38.17   14.15    5.37    3.11    3.25    2.36    1.79    2.01    6.85    8.19    198.50     16.54
    1986   33.71   18.19    4.01    1.98    1.93    2.18    1.85    1.43    1.37    1.25    1.40   28.85     98.17      8.18
    1987   11.48    2.17    2.61    2.28   24.17   32.04   10.12    3.25    3.03    2.55    2.41    2.59     98.70      8.22
    1988    2.73    2.49    9.80    4.06    1.79    2.84   15.47    6.70    1.94    1.87    1.57    1.25     52.50      4.38
    1989   25.74   47.35   14.20    1.55    1.32    2.09    2.93    2.08    1.51    1.22    1.26    1.34    102.59      8.55
    1990    7.81    3.83    1.11    1.14    1.49    1.62    1.23    1.07    1.05    0.94    1.00    1.14     23.43      1.95
    1991   30.09   12.03    2.85    1.52    1.54    1.75    1.64    1.38    1.01    0.84    1.02    1.16     56.81      4.73
    1992    1.26    1.60    1.12    0.82    0.76    0.63    0.63    0.60    0.56    0.53    0.75   13.58     22.85      1.90
    1993   13.83    5.11   15.80    8.08   18.24   17.62    5.41    1.41    1.16    1.22    1.98    1.80     91.67      7.64
    1994    1.38    1.13   15.46    9.51    8.88   19.59   14.70    4.85    2.22    1.80    1.41    1.24     82.18      6.85
    1995    1.36    1.75   15.03   11.72    4.18    3.06    2.41    1.94    1.68    1.72    1.74    1.39     47.96      4.00
    1996    1.85   42.93   15.57    1.88    2.20    2.77   34.56   13.37   59.29   22.05    2.94    2.00    201.43     16.79
    1997    2.23    5.55    2.63    1.39    2.44   41.23   15.99    2.94    2.02    1.61    2.18    2.45     82.66      6.89
    1998    2.04   28.46   14.29    2.87    2.06    2.81    3.21    2.77    2.35    2.29    2.04    1.57     66.76      5.56
    1999    1.82    2.02    7.34   20.49   11.61   42.55   21.67    6.77    3.15    2.07    1.50    1.80    122.78     10.23
    2000    2.48    2.35    1.69    1.36    1.29    1.95   15.61    6.75    1.64    1.64    1.83    3.09     41.68      3.47
    2001   16.07   37.31   12.68    9.46    4.24    2.00   15.85    7.10    2.18   14.26   23.60   34.76    179.53     14.96
    2002   11.36    1.72    1.17    1.06    1.04    1.77    2.80    3.55    3.00    2.07    1.55    1.52     32.61      2.72
    2003    1.79    1.44    1.11    1.23    1.18    1.36    1.36    1.10    0.94    1.30    1.48   22.80     37.09      3.09
    2004    9.13    1.57    1.76   12.87    5.82    1.90    2.14    2.31    2.07    1.73    1.98    1.73     45.01      3.75
    2005    1.09    8.91    3.91    1.42    1.83    1.73    2.09    2.80    2.55    1.90   15.98   15.81     60.03      5.00
    2006   45.82   15.80    2.78    2.15    1.76    2.46    3.18    2.63    1.93    1.54    1.37    1.36     82.76      6.90
    2007    1.82    1.94    1.40    5.18    3.34    1.98    1.99    1.86    2.30    2.37    1.79    1.47     27.43      2.29
    2008    1.62    2.45    2.16    1.84    1.88    1.41    1.18    1.12    0.97    0.91    0.87    0.88     17.27      1.44
    2009    1.21    1.41    1.29    1.16    1.01    0.83    0.90    0.87    1.13    1.35    0.97    0.71     12.84      1.07
  
 AVERAGE    6.97    9.78    6.11    4.34    4.92    9.75    8.90    5.04    3.73    3.96    4.02    5.44     72.98      6.08
