    1920    8.37   10.61   26.67   17.56   26.62   29.15   12.28    5.83    4.21    1.92    0.88    1.99    146.09     12.17
    1921    5.50   40.50   41.98   26.24   19.90   13.56    6.67    4.96    7.44    4.99    2.83    1.80    176.37     14.70
    1922    6.34   17.79   14.71   35.08   49.63   30.92    9.67    2.06    0.76    1.41    1.43    0.97    170.78     14.23
    1923    0.94    2.78    8.13   14.68   12.75   10.56    7.30    4.16    2.20    1.07    1.34    1.56     67.47      5.62
    1924    3.66   21.49   52.09   37.68   28.30  100.83   69.93   15.70    3.33    1.16    0.74    4.20    339.11     28.26
    1925    9.90    7.71    6.49   16.57   14.79   16.55    9.53    3.19    3.13    2.38    1.22    5.48     96.93      8.08
    1926   10.99   11.41   28.68   31.27   26.04   35.93   18.34    3.49    1.11    1.25    2.74    2.24    173.47     14.46
    1927    6.02    7.86   18.54   32.98   20.45   19.30   10.98    3.45    1.99    1.10    1.58    2.11    126.37     10.53
    1928    3.58    4.53   12.47   31.68   21.54   19.98   12.29    4.66    6.91    7.95    4.85    5.92    136.36     11.36
    1929    8.15   18.57   20.32   31.62   25.24   21.84   11.24    3.00    1.50    1.43    2.52    2.77    148.20     12.35
    1930    3.34    5.28   17.43   32.60   26.47   15.76    9.35    4.40    1.53    2.65    2.54    1.23    122.58     10.21
    1931    2.47    3.62    6.29   18.05   37.47   23.45    6.59    3.12    3.04    2.17    1.11    1.51    108.90      9.08
    1932    4.09   14.78   20.81   11.29   10.41   13.59    8.16    2.87    1.04    1.46    1.22    0.79     90.50      7.54
    1933    1.44   26.24   39.40   49.02   31.87   18.09   13.12    9.82    5.58    3.24    3.10    2.88    203.80     16.98
    1934    5.44   35.64   50.27   24.96   14.86   14.12    8.71    4.45    4.74    4.01    2.22    1.38    170.80     14.23
    1935    1.74    1.92    4.05   16.82   28.94   19.31    7.39    6.10    4.91    2.27    0.94    1.36     95.75      7.98
    1936    3.78   29.18   20.88   23.18   30.47   21.14    8.54    2.59    0.99    0.75    0.65    0.77    142.91     11.91
    1937    2.35    6.59    9.16   26.89   34.93   20.41   19.50   10.83    3.12    2.57    2.81    2.44    141.60     11.80
    1938   13.35   18.38   33.02   28.91   62.22   42.62   11.09    4.32    2.44    1.50    1.76    4.31    223.92     18.66
    1939    7.85   14.58   20.52   23.78   20.14   25.21   14.46    9.50    9.26    5.39    2.06    2.09    154.86     12.91
    1940    4.93    8.57   37.73   44.25   39.70   27.80   11.68    3.78    1.32    1.12    0.89    0.78    182.55     15.21
    1941    2.49    4.62    7.06   35.63   68.94   45.44   16.54    7.22    3.27    1.73    2.17    2.29    197.42     16.45
    1942    6.75   24.11   51.49   48.97   24.33   29.66   47.34   26.62    7.79    6.50   16.08   10.46    300.09     25.01
    1943   20.71   31.70   32.85   29.15   27.87   26.81   11.82    2.41    1.73    1.76    1.18    4.25    192.24     16.02
    1944    9.77    9.17    5.02   17.87   29.85   44.39   22.62    4.90    1.95    0.95    0.75    0.66    147.90     12.32
    1945    1.55    1.51    5.22   10.38   12.29   16.69   11.89    5.15    2.03    0.93    0.80    0.84     69.28      5.77
    1946    1.80   10.82   11.62   13.96   39.93   37.75   14.67    3.97    4.72    5.07    2.76    1.62    148.69     12.39
    1947    4.10   13.44   22.69   34.81   31.13   36.75   20.66    5.71    2.07    0.90    0.69    0.75    173.69     14.47
    1948    2.75    5.65    9.46   17.54   27.67   24.75   12.27    4.66    1.77    1.00    1.11    1.77    110.41      9.20
    1949    2.45    5.63   18.11   13.88   18.46   53.18   32.37    9.40    4.45    2.47    5.68    4.95    171.02     14.25
    1950    3.17    5.78   30.62   50.88   30.91   13.47    7.21    3.05    1.16    0.83    2.94    3.80    153.81     12.82
    1951    7.30    5.37   13.30   32.86   39.74   20.25    7.64    4.25    2.24    2.44    2.64    2.12    140.16     11.68
    1952    3.12   12.49   24.13   24.10   23.56   13.74    5.63    2.67    1.38    1.00    2.19    3.24    117.26      9.77
    1953    6.30   12.50   17.52   22.96   42.32   28.64    9.10    5.80    4.61    2.35    1.03    1.93    155.07     12.92
    1954    7.93   10.88   14.66   49.62   51.51   20.71    7.37    4.92    3.03    1.80    0.99    1.08    174.51     14.54
    1955    2.19    3.28   16.05   13.62   44.20   43.89   15.25    3.45    1.44    0.81    1.11    1.73    147.00     12.25
    1956    3.54   17.42   60.18   69.61   34.89   29.38   17.65    5.38    2.29    1.59    2.90   15.18    260.03     21.67
    1957   19.39   11.47   19.05   36.18   32.36   15.22   13.14    8.13    2.47    1.01    0.70    1.19    160.30     13.36
    1958    2.09    9.63   37.15   34.45   22.75   13.43    7.15   33.14   20.81    4.03    1.93    1.42    187.99     15.67
    1959    2.68    7.68   14.61   12.07   16.66   14.45   11.15    7.19    2.92    1.12    1.23    2.00     93.76      7.81
    1960    3.08   12.11   35.42   21.46   17.98   32.80   21.52    7.40    2.55    1.15    0.87    1.48    157.82     13.15
    1961    1.70   13.58   17.37   32.32   39.90   31.72   16.14    6.11    2.19    0.86    2.14    1.96    166.00     13.83
    1962    2.73   12.82   25.79   39.68   21.49   27.83   17.48    4.21    2.01    4.61    3.81    1.64    164.10     13.67
    1963   10.31   30.46   21.39   39.51   24.96   10.22    8.09    4.20    4.07    3.96    2.07    3.08    162.32     13.53
    1964   14.05   14.80   17.47   29.50   20.77    7.93    4.52    3.34    7.87    7.34    5.66    4.67    137.92     11.49
    1965    4.87    7.15    6.74   37.92   36.22   11.81    3.39    3.33    2.48    1.35    1.64    2.89    119.78      9.98
    1966    3.56   20.06   23.79   38.19   38.91   38.58   27.07   10.00    2.89    1.83    1.37    0.87    207.11     17.26
    1967    4.18    9.06   16.05   13.78    9.39   11.52   10.25    5.17    1.73    0.77    1.26    2.39     85.55      7.13
    1968    3.20    6.10   10.19    8.22   18.18   31.60   17.47    5.58    2.69    1.51    1.18    1.81    107.72      8.98
    1969    7.35    7.89   23.98   21.32   21.37   12.37    3.50    1.62    1.57    1.30   11.74   12.84    126.85     10.57
    1970   18.89   14.11    7.92   15.71   20.61   18.37    9.56    6.20    4.56    3.89    6.50    4.74    131.06     10.92
    1971    7.56   10.84   14.07   23.92   38.29   39.26   16.75    4.77    2.66    1.62    1.32    1.21    162.27     13.52
    1972    3.05   23.89   17.00    9.13   30.78   30.03   16.79    7.31    2.28    1.08    3.15    7.55    152.04     12.67
    1973    6.39   10.70   12.71   50.82   59.30   54.91   28.05    8.74    4.39    2.72    1.78    0.96    241.47     20.12
    1974    1.75   14.46   18.72   34.54   40.06   19.53    8.28    4.54    1.64    0.80    0.69    8.39    153.39     12.78
    1975    8.91   11.67   39.27   68.99   74.01   78.87   35.72    7.08    2.97    1.31    1.11    2.64    332.55     27.71
    1976   11.74   10.17    8.17   23.53   18.24   13.31   10.58    5.18    1.91    0.93    1.00    3.03    107.79      8.98
    1977    7.13   10.16   10.76   27.24   31.11   24.22   15.17    6.90    2.38    0.88    1.20    4.20    141.36     11.78
    1978    9.66   12.09   41.53   29.37   23.56   15.38    6.82    4.61    2.62    2.46    4.66    4.24    157.01     13.08
    1979    4.43    6.14    7.89   21.76   19.71   19.97   11.62    3.67    1.46    0.80    0.82    8.39    106.66      8.89
    1980    8.46    8.10   23.77   41.53   51.12   25.57    7.46    3.72    1.96    1.25    4.07    4.99    182.00     15.17
    1981    3.69    5.90    9.88   15.77   11.51   31.16   19.93    4.47    1.67    1.17    0.87    1.71    107.74      8.98
    1982    7.50    6.96    5.94    8.20    7.09    7.63    6.59    3.50    1.43    1.58    1.95    1.74     60.11      5.01
    1983    6.54   25.18   47.33   35.84   17.03   21.68   14.15    4.79    2.23    2.17    2.25    1.77    180.97     15.08
    1984    4.61    7.45    6.68   36.85   62.36   28.60    4.46    1.27    1.12    1.07    0.74    0.90    156.12     13.01
    1985   23.84   27.89   38.57   44.40   22.05   18.22   13.61    5.36    2.21    1.35    2.89    3.51    203.90     16.99
    1986    9.83   17.94   22.05   24.02   24.71   23.00   10.99    3.16    2.08    1.89    5.45   78.13    223.26     18.60
    1987   55.02   14.22   11.31   19.76   76.16   73.14   26.99    7.21    4.77    4.35    2.96    2.07    297.97     24.83
    1988    3.33   11.89   29.13   35.46   44.39   24.50    9.37    5.52    2.82    1.64    1.00    0.74    169.78     14.15
    1989    2.14   30.84   29.77   17.46   12.99   27.96   17.35    4.25    1.49    0.93    2.68    2.84    150.71     12.56
    1990    4.03    4.91   20.29   52.42   55.79   28.87    8.42    2.15    1.46    1.19    1.12    2.27    182.93     15.24
    1991   16.03   15.77   29.65   19.77   19.31   12.75    4.27    1.68    0.71    0.62    0.73    0.86    122.15     10.18
    1992    1.81    4.39    5.72    5.61   18.39   21.14   11.81    4.88    1.73    0.78    0.87    1.35     78.49      6.54
    1993   15.48   15.66   18.29   52.41   47.18   25.26   10.26    3.15    1.35    2.09    2.53    1.73    195.39     16.28
    1994    3.02    3.41    8.28   20.04   12.95   22.45   17.31    6.47    3.61    2.37    1.40    1.18    102.50      8.54
    1995    4.71   14.22   59.86   73.90   60.82   37.75   14.02    4.51    2.21   10.44    8.98    3.21    294.64     24.55
    1996    4.23    9.42   26.61   47.72   28.35   28.21   17.21    5.47    5.60    5.09    3.12    2.14    183.16     15.26
    1997    5.40   17.58   13.17   23.96   53.67   30.04    6.84    2.56    1.17    0.86    1.31    1.55    158.11     13.18
    1998    2.38   18.43   23.86   26.26   25.21   15.62    7.20    2.88    1.13    0.87    0.68    0.64    125.17     10.43
    1999    4.28    9.67   26.10   40.33   48.26   66.92   37.98   11.04    4.32    1.60    0.85    3.51    254.88     21.24
    2000    6.60   12.74   32.91   56.19   35.50   22.67   13.64    5.20    2.04    1.16    1.96    5.01    195.61     16.30
    2001    9.69   20.26   19.72   28.62   17.56    8.51    5.88    3.52    2.82    4.95    6.46    4.99    132.97     11.08
    2002    3.61    3.34    6.79   10.01   23.67   18.23   10.23    6.49    3.15    1.42    1.07    2.18     90.18      7.51
    2003    2.20    6.14    8.11   13.67   30.57   25.82   10.15    3.56    1.99    3.09    2.73    3.34    111.36      9.28
    2004    7.43   19.45   25.47   42.33   43.40   30.90   12.65    3.18    1.19    0.86    1.06    1.00    188.90     15.74
    2005    3.29    8.64   10.51   43.23   47.81   19.69   10.41    6.85    2.52    1.45    3.04    2.92    160.36     13.36
    2006   11.39   15.39   31.74   22.55   10.37   10.14    7.46    3.33    1.78    1.53    1.35    1.95    118.99      9.92
    2007   13.90   12.28   12.37   29.57   20.77   26.20   25.70   10.99    3.66    1.79    1.00    2.38    160.60     13.38
    2008    2.92    4.96   17.46   38.17   79.77   58.91   16.60    3.84    2.63    1.78    2.13    2.86    232.01     19.33
    2009    7.49    9.92    7.05   24.41   23.81   13.04    7.67    3.75    1.35    0.86    0.71    0.60    100.67      8.39
  
 AVERAGE    6.82   12.80   21.17   29.79   31.55   26.71   13.93    5.66    2.98    2.15    2.34    3.70    159.58     13.30
