    1920    5.55    9.38    7.69    5.45    6.67   10.42    8.01    3.24    2.12    1.24    0.72    1.29     61.78      5.15
    1921    4.23   11.34   18.11   11.00    4.66    4.40    2.78    1.62    2.55    1.98    1.71    1.47     65.87      5.49
    1922    3.64    9.79   11.13   11.62   11.93    7.53    4.74    2.08    0.81    0.61    0.60    0.46     64.93      5.41
    1923    0.46    0.98    2.44    6.17    7.24    6.13    4.08    2.35    1.31    0.84    0.90    1.31     34.20      2.85
    1924    2.75    8.03   15.55   14.46   13.22   36.29   33.18    6.97    2.51    1.17    0.82    1.20    136.14     11.34
    1925    2.70    3.40    2.87    5.34    6.21    6.68    3.89    1.97    1.33    1.12    0.81    1.82     38.17      3.18
    1926    5.08    5.63    7.48    8.10    7.02    7.56    6.08    2.69    1.19    0.77    1.23    1.07     53.90      4.49
    1927    2.47    3.70    5.32    9.19    9.57    7.03    5.39    2.23    1.10    0.71    0.74    0.77     48.22      4.02
    1928    2.10    3.48    5.06    8.15    7.84    8.64    8.14    3.05    2.59    3.53    2.40    2.64     57.63      4.80
    1929    5.41    7.90    5.92    7.81    8.55    7.96    6.42    2.37    1.06    0.90    1.07    1.11     56.46      4.71
    1930    1.77    2.64    6.10    7.91    6.90    6.29    4.32    2.53    1.15    1.27    1.18    0.82     42.86      3.57
    1931    1.31    2.08    2.98    6.32    9.67   10.15    4.18    1.85    1.17    0.88    0.61    0.88     42.07      3.51
    1932    1.71    5.45    8.02    5.88    6.03    5.85    3.77    1.96    0.92    1.13    0.98    0.71     42.41      3.53
    1933    1.02    9.44   17.34   15.79   10.38    7.28    6.71    4.88    3.01    1.98    1.96    1.68     81.46      6.79
    1934    2.98   10.66   17.78   10.75    6.27    7.32    5.07    2.73    2.61    2.23    1.55    0.91     70.85      5.90
    1935    0.99    1.24    1.63    4.71    9.66   10.52    4.34    2.45    2.08    1.49    0.90    0.74     40.74      3.39
    1936    1.70    8.49   10.26    5.31    8.71    9.75    4.62    1.96    0.92    0.72    0.58    0.53     53.54      4.46
    1937    1.27    2.62    5.00    9.69   13.48    8.31    5.24    3.31    1.81    1.43    1.31    1.06     54.53      4.54
    1938    4.17    8.64    8.52   10.10   19.93   19.71    5.86    2.58    1.45    1.03    1.38    2.17     85.54      7.13
    1939    4.38    9.10   10.63    7.09    5.78    6.65    4.52    6.49    7.65    4.73    2.16    0.95     70.11      5.84
    1940    2.19    6.31   12.92   14.39   11.91   10.86    4.61    2.50    1.08    0.66    0.55    0.62     68.61      5.72
    1941    1.41    2.27    2.46    9.91   23.72   22.67   10.09    3.60    1.74    1.05    1.31    1.24     81.46      6.79
    1942    4.08   10.92   22.06   19.00    9.18    7.51   19.40   22.16    7.78    6.45    9.37    7.56    145.46     12.12
    1943   12.49   15.76   11.36   11.34   11.35    9.90    5.04    1.99    0.96    0.90    0.66    2.28     84.03      7.00
    1944    5.42    4.03    2.53    3.28    7.96   15.14   14.86    3.50    1.31    0.63    0.46    0.39     59.50      4.96
    1945    0.74    0.68    0.98    3.77    8.88    8.57    4.95    2.70    1.19    0.64    0.50    0.46     34.05      2.84
    1946    1.18    5.12    6.21    8.41   14.03   15.23    9.33    3.26    3.22    3.34    2.14    1.13     72.59      6.05
    1947    2.02    6.82    9.13   10.42    8.52    8.94    8.67    4.10    1.85    0.77    0.46    0.48     62.20      5.18
    1948    1.05    2.65    5.43    7.35    7.99    9.25    6.16    2.80    1.17    0.59    0.55    0.85     45.84      3.82
    1949    1.27    3.34    8.01    6.40    5.50   12.40   13.73    5.58    2.84    1.46    2.33    1.89     64.76      5.40
    1950    1.38    2.59    6.61   14.24   13.75    4.82    2.82    1.74    0.88    0.51    1.85    2.68     53.88      4.49
    1951    3.49    2.44    2.87   10.85   13.61    6.79    3.95    2.38    1.36    0.92    1.18    1.00     50.85      4.24
    1952    1.27    4.37    7.37    6.71   14.08   14.07    3.84    1.63    0.84    0.59    1.37    1.81     57.96      4.83
    1953    2.76    3.96    6.37    7.76   12.43   10.60    3.31    2.52    2.01    1.32    0.79    1.04     54.88      4.57
    1954    4.38    7.10    4.11   10.66   19.74   13.25    4.27    2.48    1.67    1.03    0.60    0.65     69.94      5.83
    1955    1.25    1.82    4.39    3.30    7.41   12.20    7.75    2.76    1.20    0.63    0.69    0.79     44.19      3.68
    1956    1.61    6.15   27.61   42.63   23.18    9.03    7.68    3.71    1.67    0.89    1.23    6.55    131.95     11.00
    1957   12.52    9.35    5.15    6.38    7.93    6.17    6.49    5.56    2.28    0.96    0.56    0.67     64.03      5.34
    1958    1.13    4.41   13.49   15.04    7.56    6.37    4.11   10.71   11.50    3.10    1.28    0.88     79.59      6.63
    1959    1.61    4.08    5.24    3.56    5.04    5.50    5.89    3.64    1.82    0.76    0.60    0.90     38.65      3.22
    1960    1.46    4.60    9.97   11.19    5.67    6.68    7.79    4.91    2.16    1.01    0.87    1.39     57.70      4.81
    1961    1.47    4.06    7.30    9.31    9.93    6.30    5.81    3.63    1.71    0.67    1.01    0.92     52.13      4.34
    1962    1.13    4.77    7.89   10.31    9.12   14.67   15.37    4.07    1.58    3.16    2.74    1.66     76.45      6.37
    1963    4.01    6.82    3.84   12.50   13.68    4.54    4.85    2.96    1.81    1.63    1.18    1.57     59.39      4.95
    1964    6.68    7.41    6.83    6.58    4.98    2.98    1.30    0.95    2.77    3.20    2.73    2.23     48.64      4.05
    1965    2.60    5.77    5.74   11.53   12.70    4.61    1.76    1.29    1.06    0.76    0.95    1.08     49.83      4.15
    1966    1.80    6.96    8.71    8.43   13.12   17.53   13.42    4.82    2.11    1.02    0.67    0.48     79.08      6.59
    1967    1.43    5.32    8.70   11.34    7.07    4.71    4.85    2.97    1.36    0.58    0.92    1.49     50.73      4.23
    1968    1.89    2.17    3.81    3.10    4.65    8.46    5.69    3.45    2.28    1.39    0.97    1.44     39.30      3.27
    1969    5.88    4.60    6.33    7.49    5.53    3.45    1.56    0.73    0.83    0.75    3.45    8.49     49.12      4.09
    1970   10.08    9.90    5.17    4.68    5.33    5.41    4.29    5.93    3.84    2.40    3.36    2.54     62.93      5.24
    1971    3.01    4.24    5.40    7.36    7.49   12.85    9.87    2.98    1.62    1.19    0.97    0.69     57.67      4.81
    1972    1.20    7.53    8.88    7.20   14.30   13.50    7.21    4.09    1.75    0.74    1.36    3.90     71.65      5.97
    1973    3.15    3.53    4.46   21.03   29.58   18.88   12.34    5.67    2.80    1.41    0.95    0.61    104.42      8.70
    1974    0.72    2.94    7.69   15.06   18.43    8.64    3.41    2.15    1.04    0.50    0.45    2.92     63.95      5.33
    1975    4.47    5.50   12.81   24.33   26.22   27.90   18.52    4.48    1.95    0.93    0.77    1.86    129.74     10.81
    1976    7.42    7.62    6.00    9.66    8.78    4.29    4.28    2.69    1.36    0.73    0.60    1.21     54.64      4.55
    1977    2.92    4.77    8.09   11.94    8.86    7.47    5.31    3.01    1.32    0.61    0.63    1.67     56.61      4.72
    1978    6.65    7.69   13.25   13.14    8.01    7.09    3.84    2.89    2.03    1.32    1.75    1.67     69.33      5.78
    1979    1.90    2.17    2.43    4.84    3.70    2.53    1.47    0.88    0.56    0.46    0.49    2.03     23.45      1.95
    1980    2.66    3.82    5.31    9.64   12.73    7.15    3.23    1.88    1.36    1.09    1.83    2.72     53.42      4.45
    1981    1.96    4.81    4.50    4.32    4.44   11.53   11.90    2.96    1.03    0.61    0.49    0.71     49.27      4.11
    1982    2.60    3.48    4.07    3.29    2.16    1.91    1.99    1.52    0.97    1.08    1.41    1.19     25.66      2.14
    1983    2.97   14.06   21.07   11.92    5.57    6.16    5.23    3.22    1.60    0.99    1.02    0.97     74.77      6.23
    1984    3.17    4.18    2.90    8.28   28.26   25.00    5.05    1.42    0.52    0.48    0.41    0.61     80.28      6.69
    1985    4.87    7.56   11.30   11.92    5.12    4.96    3.95    2.43    1.11    0.77    1.13    1.13     56.24      4.69
    1986    2.45    4.21    5.92    6.40    5.51   13.22   13.73    3.73    1.55    1.10    2.53   41.88    102.23      8.52
    1987   47.73    9.59    5.88    5.49   13.91   28.57   19.66    4.05    2.36    2.52    1.91    1.31    142.97     11.91
    1988    1.30    4.33   10.45   14.24   15.40   11.63    3.01    1.51    1.11    1.16    0.94    0.69     65.78      5.48
    1989    1.32   14.24   17.38    5.87    7.09   13.72   11.14    3.43    1.48    0.81    1.68    2.02     80.17      6.68
    1990    4.06    4.19    6.21   22.14   31.83   18.22    6.37    2.11    0.96    0.70    0.53    1.02     98.33      8.19
    1991    9.69   15.85    9.13    4.94    6.44    6.19    4.21    2.36    0.97    0.53    0.56    0.62     61.50      5.12
    1992    0.98    2.09    1.91    1.57    3.72    7.39    4.36    2.36    0.96    0.49    0.67    0.95     27.46      2.29
    1993    4.60    6.10   10.09   18.99   19.44   12.88    6.22    2.61    1.17    1.01    1.25    1.00     85.36      7.11
    1994    1.51    1.49    2.61    4.21    2.73    7.23    8.68    3.53    1.89    1.32    0.86    0.65     36.72      3.06
    1995    2.98    8.98   30.10   37.09   23.41   19.35    7.61    2.92    2.04    6.04    6.06    2.50    149.09     12.42
    1996    2.50    4.39    7.41   14.53   12.24    7.71    7.31    4.59    2.72    2.23    1.72    1.38     68.73      5.73
    1997    2.75    7.31    5.95    7.97   16.48   13.81    5.26    2.32    0.95    0.52    0.64    0.72     64.69      5.39
    1998    1.19    3.30    7.68    7.54    6.39    5.38    3.25    1.43    0.64    0.48    0.42    0.39     38.08      3.17
    1999    1.66    6.47   20.29   26.27   11.96    6.45    5.33    3.92    2.56    1.25    0.57    1.31     88.02      7.34
    2000    3.56    6.33    7.30    7.67    7.34    4.91    5.90    4.00    2.09    0.86    0.78    2.85     53.57      4.46
    2001    8.60   11.85   12.38    8.82    4.58    2.50    1.79    1.43    1.05    2.00    3.24    2.29     60.55      5.05
    2002    1.91    1.68    2.16    4.41    4.40    4.31    3.05    2.05    1.43    1.04    0.89    1.33     28.68      2.39
    2003    1.19    1.77    3.17    5.11    9.85   10.04    3.81    1.52    0.65    1.09    1.16    1.91     41.26      3.44
    2004    5.23    8.54    9.31   19.30   20.52    9.80    7.06    2.20    0.76    0.50    0.71    0.98     84.92      7.08
    2005    2.38    3.49    3.78   12.52   14.34    5.85    5.71    4.23    2.66    1.26    1.22    1.91     59.37      4.95
    2006    4.96    8.51    8.57    5.34    3.09    3.03    3.12    1.99    1.10    0.95    0.71    0.89     42.26      3.52
    2007    9.14   21.59   15.12    8.93    9.78    5.57    4.21    2.73    1.45    0.94    0.62    0.58     80.67      6.72
    2008    0.93    2.46    4.53    7.74   14.61   11.64    4.20    2.26    1.57    1.01    1.05    1.44     53.45      4.45
    2009    5.09    5.82    4.34    7.83    8.35    6.65    5.19    2.48    0.98    0.54    0.42    0.32     48.01      4.00
  
 AVERAGE    3.72    5.99    8.20   10.13   10.69    9.77    6.59    3.25    1.84    1.30    1.29    1.95     64.71      5.39
