    1920    2.00    4.98    5.04    3.58    4.36   12.47    8.63    3.27    2.81    2.39    1.74    1.59     52.86      4.41
    1921    2.39   11.96   20.14   10.14    3.03    3.08    3.13    2.37    2.59    2.37    2.18    2.37     65.77      5.48
    1922    2.99   27.04   30.72   57.99   46.22   21.67    8.45    2.84    1.46    0.92    0.72    0.54    201.57     16.80
    1923    0.40    0.48    1.09    2.17    3.26    3.52    3.19    2.27    1.45    0.91    0.71    0.99     20.42      1.70
    1924    1.47    8.53   19.30   27.04   25.11   83.75   47.39    6.66    2.63    1.50    1.02    1.06    225.45     18.79
    1925    1.54    1.51    1.68    1.59    1.39    1.46    1.27    0.98    0.98    0.90    0.70    1.25     15.24      1.27
    1926    2.64    3.21    4.20    4.09    3.90   13.11    9.98    4.49    2.56    1.47    1.58    1.52     52.74      4.40
    1927    1.50    1.45    2.20   12.88    9.71    5.05    3.34    2.41    1.59    1.02    0.78    0.86     42.79      3.57
    1928    1.59    1.97    1.62    1.75    2.53    5.12    4.86    2.94    2.24    3.01    2.31    2.07     32.01      2.67
    1929    3.55    5.38   18.01   14.36    5.45   20.07   13.36    3.77    2.09    1.38    1.20    1.21     89.83      7.49
    1930    1.55    1.90    2.88    4.30    3.45    2.93    3.04    2.15    1.30    1.10    1.00    0.75     26.34      2.19
    1931    0.96    1.03    1.12    1.86   26.01   23.50    7.71    2.95    2.22    1.53    0.94    0.90     70.73      5.89
    1932    1.31    2.26    3.44    3.69    4.30    5.10    3.40    2.28    1.39    1.37    1.22    0.87     30.64      2.55
    1933    0.74    1.73   14.36   40.36   21.30    7.53    8.83    6.12    3.38    2.43    2.36    1.89    111.01      9.25
    1934    1.77    2.46   13.76    9.29    3.25    5.05    5.56    4.32    8.68    6.71    3.04    1.71     65.60      5.47
    1935    1.08    0.96    0.82    1.17   13.72   16.34    7.43    4.07    4.02    2.71    1.75    1.21     55.26      4.61
    1936    1.54   17.23   11.95    3.73   12.20    8.94    3.36    1.84    1.12    0.85    0.63    0.59     63.98      5.33
    1937    0.86    1.23    5.45   14.30   16.75    8.64    7.08    5.27    2.71    2.49    2.45    1.75     68.98      5.75
    1938    1.91    2.83   11.05   11.02   38.88   23.33    4.68    2.77    2.07    1.53    1.20    1.55    102.82      8.57
    1939    2.39   12.14   14.83   11.70   10.12    6.39    3.64   16.91   12.43    4.96    2.81    1.81    100.13      8.34
    1940    2.02   10.18   28.35   15.32    3.36    2.26    2.61    2.09    1.36    0.86    0.62    0.60     69.63      5.80
    1941    0.89    1.22    1.08    1.73    6.06   19.45   11.92    3.79    2.45    1.69    1.35    1.30     52.93      4.41
    1942    2.11    4.39   33.19   20.94    5.64    4.19   42.90   33.76    9.24    6.69   22.95   13.81    199.82     16.65
    1943   29.56   29.31   11.27    4.90    4.64    5.50    3.78    2.36    1.45    1.08    0.78    1.43     96.08      8.01
    1944    2.56    2.74    2.21    1.89    2.65   22.56   14.52    3.15    1.57    0.96    0.64    0.46     55.89      4.66
    1945    0.49    0.44    0.46    1.33    3.54    4.38    3.72    2.46    1.50    0.96    0.65    0.49     20.42      1.70
    1946    0.71    1.85    3.04   19.76   15.35    9.36    6.61    3.91    3.11    3.19    2.22    1.62     70.73      5.89
    1947    1.75    6.14    5.93    5.38    6.12   27.71   24.33    8.82    3.32    1.87    1.11    0.75     93.22      7.77
    1948    0.91    1.40    1.56    2.01    3.41    4.90    4.31    2.91    1.86    1.21    0.89    0.91     26.29      2.19
    1949    1.31    2.04    3.11    3.78    3.88   10.32    8.04    3.83    2.36    1.53    1.81    1.65     43.65      3.64
    1950    1.31    1.30    2.38   16.02   11.09    3.71    2.73    2.02    1.31    0.87    1.83    3.08     47.66      3.97
    1951    3.87    3.06    2.74    9.54    7.90    5.63    3.89    2.80    1.94    1.34    1.16    1.01     44.88      3.74
    1952    1.11    1.74    2.49    3.50   19.64   12.77    3.35    2.00    1.34    0.90    1.29    1.76     51.90      4.33
    1953    1.79    2.09    2.99    5.34   13.51    8.98    3.49    3.22    2.62    1.96    1.37    1.39     48.74      4.06
    1954    3.17    6.11    3.84   19.04   28.78   13.57    4.38    3.02    2.28    1.62    1.07    0.93     87.80      7.32
    1955    1.27    2.03    3.16    2.63   11.78   17.21    8.93    3.45    2.15    1.40    1.01    1.06     56.10      4.67
    1956    1.40    3.09   30.84   35.56   13.79    4.87    4.42    2.98    1.81    1.16    1.12    5.51    106.55      8.88
    1957   36.31   22.95    5.73    8.73   20.67   11.73    8.11    5.93    2.62    1.42    0.88    0.87    125.95     10.50
    1958    1.11    2.27   29.75   33.78   22.39    9.58    3.59   28.71   18.17    3.55    1.78    1.30    155.98     13.00
    1959    1.95    2.75    3.43    2.69    2.47    3.09    4.32    3.79    2.33    1.38    0.96    0.98     30.15      2.51
    1960    1.24    2.13   13.45   12.75    6.37    6.02   11.94    8.00    2.91    1.81    1.33    1.45     69.40      5.78
    1961    1.74    2.43    2.97    4.35   12.25    9.14    4.61    2.83    1.67    0.98    0.96    0.93     44.85      3.74
    1962    1.00    4.88    8.80   16.87   10.48   31.59   20.02    4.69    2.45    2.45    2.67    1.78    107.67      8.97
    1963    1.91    3.11    2.49   16.61   11.57    4.22    3.86    2.76    2.02    1.59    1.17    1.21     52.53      4.38
    1964    2.09    2.81    3.65    2.92    2.21    1.49    0.88    0.76    1.59    2.20    2.23    2.44     25.28      2.11
    1965    2.89    5.45    5.73   16.05   12.18    4.46    2.33    2.03    1.76    1.26    1.09    1.08     56.32      4.69
    1966    1.47    3.02    4.43    9.45   13.97   26.32   18.68    6.67    2.97    1.97    1.43    0.94     91.32      7.61
    1967    1.14    2.48    3.37    9.91    7.69    4.96    4.03    2.70    1.65    1.01    1.00    1.23     41.17      3.43
    1968    1.61    2.22    3.70    5.36    5.42   22.49   14.63    5.28    3.44    2.49    1.81    1.60     70.05      5.84
    1969    3.23    4.95    6.08    5.29    4.77    3.56    2.38    1.58    1.23    0.98    1.35    3.17     38.56      3.21
    1970   15.16   10.84    7.68    6.16    5.61    5.11    5.06    9.16    6.70    3.31    3.53    3.09     81.41      6.78
    1971    2.76    2.64    3.01    4.25   11.13    8.42    4.21    3.07    2.43    1.86    1.38    0.93     46.10      3.84
    1972    0.97    2.05    2.24    4.71   30.72   19.09    6.02    3.99    2.47    1.45    1.59    2.94     78.25      6.52
    1973    3.76    3.53    3.60   43.70   33.46   15.99    8.55    4.38    2.92    2.07    1.46    0.98    124.40     10.37
    1974    0.77    1.45    2.92   13.84   22.06   10.84    3.58    2.55    1.63    0.98    0.67    1.95     63.24      5.27
    1975    3.49    4.27   22.94   43.10   44.63   56.97   26.71    4.77    2.50    1.50    1.02    1.22    213.11     17.76
    1976    3.05    5.22    4.18   17.43   11.66   13.48    9.12    3.22    1.88    1.22    0.91    1.14     72.52      6.04
    1977    2.04    2.83    4.32   25.77   16.97   12.63   11.33    5.58    2.67    1.55    1.08    1.48     88.24      7.35
    1978    3.12    5.67   10.22    7.90   20.89   13.53    3.96    2.61    1.88    1.41    1.42    1.33     73.93      6.16
    1979    1.44    1.49    1.72    2.33    2.36    1.98    1.51    1.20    0.91    0.65    0.56    1.22     17.37      1.45
    1980    2.09    3.26    5.43    9.57    7.27    4.04    2.63    1.95    1.67    1.36    1.57    2.10     42.94      3.58
    1981    1.99    3.57    4.48    3.85    5.23   22.23   14.20    3.39    1.79    1.18    0.82    0.70     63.43      5.29
    1982    1.67    2.93    3.28    3.44    2.37    2.18    2.56    1.97    1.41    1.14    1.24    1.23     25.44      2.12
    1983    1.67   15.55   14.67   22.32   14.86    8.93   10.67    6.38    2.79    1.91    1.66    1.46    102.87      8.57
    1984    2.48    4.55    4.34   15.27   51.68   27.82    4.33    1.74    0.91    0.64    0.50    0.53    114.78      9.57
    1985    1.88    3.50   14.67   12.45    5.56    4.38    3.72    2.44    1.52    1.08    0.84    0.78     52.83      4.40
    1986    1.48    2.32    3.44   13.12   23.97   32.61   15.71    3.76    2.24    1.77    2.39   82.98    185.80     15.48
    1987   51.24   10.87    5.89    3.25   23.69   36.40   16.00    3.48    2.31    2.29    1.97    1.63    159.02     13.25
    1988    1.59    3.18   21.24   13.98   21.93   13.55    3.24    2.05    1.65    1.39    1.09    0.78     85.69      7.14
    1989    1.00    8.01    7.18    3.77    3.66   16.97   11.45    3.47    2.00    1.26    1.30    1.35     61.43      5.12
    1990    1.67    1.98    4.69   29.70   30.86   13.21    4.71    2.43    1.52    1.10    0.83    0.98     93.68      7.81
    1991    2.45    4.01    4.15    3.82    5.16    4.46    3.09    2.07    1.22    0.76    0.61    0.57     32.36      2.70
    1992    0.77    1.29    1.52    1.55    2.40    3.58    3.35    2.31    1.43    0.90    0.69    0.80     20.61      1.72
    1993    1.91    2.82   10.39   16.61    9.45   13.27    8.90    3.14    1.80    1.31    1.40    1.14     72.14      6.01
    1994    1.25    1.26    1.45    1.76    1.46    3.94    4.47    3.27    2.46    1.85    1.25    0.86     25.29      2.11
    1995    1.52    3.96   46.89   37.87   19.49   16.60    8.13    3.05    1.81    2.20    2.50    1.78    145.79     12.15
    1996    1.91    2.71    3.82   23.07   17.30   20.28   12.56    4.10    3.07    3.18    2.34    1.83     96.18      8.01
    1997    3.44   21.03   13.74    3.99   15.09   10.71    3.86    2.35    1.44    0.93    0.85    0.84     78.26      6.52
    1998    0.98    1.72    2.82    3.76    5.74    5.07    3.10    1.82    1.08    0.72    0.60    0.51     27.91      2.33
    1999    1.02    2.09   23.45   18.21   12.60   14.16    7.73    4.13    3.02    2.01    1.17    1.21     90.78      7.57
    2000    2.05    3.12    8.49    6.72    4.29    3.21    2.72    2.43    1.72    1.14    0.78    1.19     37.85      3.15
    2001    2.86   11.28   14.04   19.95   11.27    3.82    2.71    2.01    1.44    2.44    5.52    4.83     82.16      6.85
    2002    3.38    2.56    2.66    4.08    3.61    2.85    2.74    2.44    1.91    1.37    0.99    1.04     29.62      2.47
    2003    1.04    1.41    1.82    2.29   22.88   15.13    3.59    1.69    0.94    0.94    0.99    1.14     53.85      4.49
    2004    1.54    2.48    4.11   21.24   20.94   12.78    6.23    2.52    1.38    0.90    0.80    0.84     75.78      6.31
    2005    1.35    2.20    2.80   13.98    9.97    3.85    3.44    2.95    2.01    1.24    1.06    1.21     46.03      3.84
    2006    1.77    3.31   16.32   11.04    3.36    2.75    3.49    2.34    1.81    1.63    1.21    0.97     49.99      4.17
    2007    2.74   19.94   13.12    9.83    7.11    4.06    4.02    2.89    1.96    1.33    0.90    0.84     68.73      5.73
    2008    1.07    1.46    1.82   10.79   27.55   14.87    3.55    2.18    1.60    1.11    1.19    1.68     68.87      5.74
    2009    2.61    4.27    5.04   15.41   10.33    3.50    2.30    1.45    0.89    0.67    0.50    0.41     47.37      3.95
  
 AVERAGE    3.21    4.93    8.29   11.96   12.77   12.14    7.45    4.06    2.50    1.68    1.60    2.42     73.02      6.08
