    1920    2.71    6.16    6.58    4.43    4.78    5.84    3.98    2.39    2.10    1.87    1.20    1.47     43.50      3.62
    1921    3.82   20.31   25.57    9.17    2.58    2.06    1.89    2.42    4.56    3.61    2.75    2.54     81.28      6.77
    1922    3.51   17.13    8.93    9.49    7.32    6.13    4.08    2.26    1.27    0.92    0.81    0.64     62.49      5.21
    1923    0.51    0.50    1.08    2.57    4.67    3.40    2.14    1.60    1.18    0.86    0.72    1.23     20.44      1.70
    1924    1.98    4.07    7.35    7.39    7.33   94.08   34.73    3.84    2.12    1.58    1.28    1.49    167.25     13.94
    1925    3.10    2.70    1.81    1.14    0.90    1.75    1.70    1.15    1.11    1.14    0.83    1.19     18.54      1.55
    1926    3.17    3.67    2.57    1.92    2.91   30.56   13.12    2.84    1.58    1.09    1.43    1.49     66.37      5.53
    1927    1.35    1.29    2.00    5.93    7.18    4.52    2.76    1.87    1.22    0.80    0.68    0.78     30.38      2.53
    1928    1.39    2.01    1.88    2.08    2.51    6.44    6.18    2.95    4.13    7.15    4.61    4.07     45.41      3.78
    1929    6.09    6.34    4.62    4.91    4.55    4.36    4.75    2.58    1.61    1.25    1.60    2.52     45.18      3.77
    1930    3.14    3.30    4.04    5.82    3.71    2.99    3.45    1.97    1.19    1.66    2.19    1.46     34.92      2.91
    1931    1.25    1.18    1.16    2.24   12.28   11.97    5.84    4.01    3.20    1.84    1.18    1.04     47.20      3.93
    1932    1.94    3.82    4.76    3.60    2.34    2.43    2.11    1.53    1.13    1.07    0.96    0.75     26.44      2.20
    1933    0.79    2.13    7.28   21.89   10.48    5.75    7.09    7.35    4.57    3.34    3.99    2.50     77.16      6.43
    1934    1.84    2.06    5.21    7.49    7.17    7.73    5.51    6.11   52.64   20.73    3.82    2.21    122.52     10.21
    1935    1.43    1.02    0.71    1.05    4.44   10.88    6.15    5.92    5.88    3.14    1.82    1.23     43.67      3.64
    1936    1.49   25.44   11.13    2.60    3.54    3.52    2.09    1.33    1.04    0.97    0.96    0.91     55.01      4.58
    1937    1.09    1.37    5.78    8.49   20.59    9.18    3.81    3.51    2.09    2.54    2.63    1.55     62.64      5.22
    1938    2.00    4.74    7.22    6.49   17.11    9.93    5.32    3.80    3.17    2.09    1.66    2.16     65.67      5.47
    1939    4.04    6.13    6.90    4.95    3.63    3.05    2.05   14.19    9.52    5.35    2.67    1.94     64.42      5.37
    1940    2.19   14.50    9.16    5.10    2.71    2.52    4.48    3.41    1.85    1.21    0.91    1.04     49.06      4.09
    1941    1.46    1.82    1.49    2.27    4.95   12.23    7.53    5.12    3.56    2.15    2.26    2.93     47.77      3.98
    1942    4.19   10.42   28.32   11.80    5.36    6.26   34.59   19.27    6.43    6.13   12.42    6.97    152.16     12.68
    1943   20.79   23.58    9.24    3.15    2.61    6.33    5.24    2.63    1.71    1.47    1.09    2.36     80.20      6.68
    1944    5.88    4.61    2.34    1.42    2.26   22.69   10.24    2.74    1.78    1.12    0.72    0.51     56.31      4.69
    1945    0.67    0.70    0.67    1.84    4.22    5.02    4.86    3.17    1.76    1.10    0.73    0.56     25.31      2.11
    1946    0.82    1.75    2.96    4.93   18.20    9.90    7.49    5.24    4.79    5.41    3.31    2.53     67.34      5.61
    1947    2.21    6.67    6.15    4.79    7.51    9.85    9.98    5.78    2.73    1.47    0.91    0.71     58.76      4.90
    1948    1.91    5.18    4.35    3.31    5.61    5.83    4.71    3.80    2.15    1.36    0.95    1.09     40.25      3.35
    1949    2.13    6.04   12.09    7.07    4.18    4.63    3.59    2.34    1.67    1.20    1.48    1.44     47.85      3.99
    1950    1.04    0.84    1.93    6.04    5.11    5.08    4.69    2.43    1.47    1.04    2.47    5.23     37.36      3.11
    1951    4.99    3.87    3.86    8.89    5.86    3.61    4.30    3.86    2.34    1.71    1.51    1.25     46.07      3.84
    1952    1.18    1.56    3.28   21.78   18.10    6.89    2.91    1.79    1.23    0.91    1.39    2.77     63.80      5.32
    1953    3.32    3.47    5.99    7.00    6.64    7.09    4.90    3.73    3.10    2.00    1.46    1.99     50.68      4.22
    1954   17.80   10.39    4.52   15.73    9.07    7.23    6.88    4.25    2.32    1.47    1.01    1.38     82.05      6.84
    1955    2.78    4.54    5.05    2.51    5.24   30.12   13.35    4.33    2.32    1.48    1.35    2.04     75.11      6.26
    1956    2.50    3.69   36.68   15.81    5.53    5.44   23.13   10.49    2.62    1.50    1.20    3.18    111.77      9.31
    1957   17.17   10.41    5.90   14.15   26.61   10.61   11.62    6.72    2.72    1.60    1.02    1.29    109.82      9.15
    1958    1.75    3.63    6.86    6.55    6.27    3.66    2.02   17.86    9.23    3.09    2.66    2.28     65.87      5.49
    1959    2.92    3.86    3.37    2.65    2.60    3.69    4.89    3.63    1.92    1.22    0.91    0.92     32.57      2.71
    1960    1.66    4.83   11.02    7.24    4.72    3.91   26.15   11.87    3.89    2.97    1.93    2.10     82.29      6.86
    1961    2.88    3.14    2.62    3.03    4.88    6.31    5.13    2.71    1.54    0.97    1.14    1.17     35.52      2.96
    1962    1.22   18.27    9.35    7.58    5.87   11.41    7.09    3.25    1.93    3.68    4.10    2.16     75.92      6.33
    1963    1.88    2.53    2.40   15.67    8.68    4.30    3.96    2.70    1.81    1.53    1.13    1.09     47.67      3.97
    1964    2.83    4.57    4.22    3.54    2.22    1.29    0.67    0.81    2.49    4.75    4.36    4.32     36.07      3.01
    1965    4.02    5.61    5.21    6.39    6.14    3.02    1.63    2.00    2.49    1.63    1.28    1.15     40.57      3.38
    1966    1.25    3.02    4.43    5.32   13.92   15.60    8.49    5.20    2.54    1.62    1.17    0.80     63.36      5.28
    1967    1.17    3.23    3.27    4.50    5.82    3.55    2.53    1.48    0.91    0.64    1.04    1.92     30.05      2.50
    1968    2.64    2.81    2.80    2.46    2.98   16.95    9.39    6.19    4.40    2.48    1.63    1.51     56.24      4.69
    1969    4.24    6.35    5.34    4.90    2.92    1.72    1.04    1.04    1.33    1.23    1.28    2.82     34.20      2.85
    1970    7.56    7.22    6.02    4.50    4.31    5.80    5.94   16.84    8.59    4.06    5.04    4.10     79.97      6.66
    1971    2.77    2.28    3.50    3.90    6.34    5.51    3.03    3.17    3.17    2.27    1.59    1.06     38.58      3.21
    1972    1.02    1.95    2.61    3.08    6.49    5.82    3.95    2.45    1.40    0.94    1.62    5.17     36.51      3.04
    1973    6.31    5.76    4.05    4.93   10.62    6.99    4.76    3.82    2.99    2.00    1.40    0.99     54.60      4.55
    1974    0.93    1.54    3.36   15.63   19.03    7.65    2.94    2.01    1.25    0.85    0.66    2.23     58.08      4.84
    1975    4.46    3.30    5.66   15.92   15.93   46.74   21.35    6.22    3.04    1.78    1.48    1.74    127.62     10.64
    1976    5.77    7.10    4.06   11.64   18.82   18.52    7.38    2.48    1.55    1.10    1.04    1.53     80.98      6.75
    1977    2.49    3.22    4.91   20.23   10.53   14.50    8.99    5.09    2.52    1.58    1.38    2.13     77.58      6.46
    1978    5.08   14.84    8.68    4.85    3.88    3.70    2.35    1.83    1.42    1.24    1.52    1.79     51.18      4.27
    1979    2.64    2.55    1.96    2.18    1.74    1.27    1.02    1.04    0.87    0.66    0.59    3.61     20.12      1.68
    1980    6.98    5.39    4.92    4.21    5.21    3.52    2.12    2.78    3.15    1.96    3.23    5.73     49.21      4.10
    1981    4.55    5.21    3.82    3.10    3.55    3.94    4.42    2.53    1.62    1.12    0.78    0.66     35.30      2.94
    1982    1.72    3.30    2.87    2.26    1.69    1.44    1.20    1.01    0.85    1.13    2.05    1.58     21.10      1.76
    1983    3.04   15.11   10.80   33.30   25.37    8.99   11.92    7.07    3.42    3.68    3.87    2.33    128.88     10.74
    1984    3.07    3.93    2.35    3.91   53.47   20.39    2.26    1.12    0.92    0.85    0.64    0.57     93.48      7.79
    1985    3.00    7.22    5.98    7.46    4.99    4.14    4.38    2.37    1.54    1.22    1.03    0.91     44.23      3.69
    1986    1.65    2.95    4.46    6.49    7.25   11.95    6.83    3.92    3.50    2.35    2.81  101.11    155.28     12.94
    1987   38.22    8.00    5.09    2.72   29.84   42.10   13.74    5.77    6.96    4.75    3.29    2.25    162.72     13.56
    1988    1.88    3.19    6.45    5.12   19.56    9.01    2.88    2.31    1.56    1.28    0.99    0.83     55.06      4.59
    1989    1.32   43.43   17.48    3.05    3.40   20.99   10.36    3.53    2.01    1.26    1.26    1.25    109.33      9.11
    1990    2.02    3.57    5.79   13.99   21.42   11.63    4.74    2.60    1.93    1.35    1.03    1.46     71.55      5.96
    1991    4.43    7.60    4.92    3.02    2.54    1.80    1.38    1.01    0.65    0.47    0.40    0.44     28.68      2.39
    1992    0.74    1.08    1.03    0.95    1.31    1.84    2.04    1.38    0.96    0.73    0.83    2.04     14.93      1.24
    1993    6.38    6.02   15.32    9.06    4.96    5.30    5.31    2.63    1.52    1.68    2.35    1.62     62.12      5.18
    1994    2.07    2.33    1.86    1.60    1.12    3.26    8.53    5.34    5.07    3.68    1.99    1.17     38.03      3.17
    1995    1.56    3.98   48.12   26.16   16.56    8.75    5.13    2.63    1.56    4.07    6.01    2.69    127.20     10.60
    1996    2.81    4.16    2.97    4.53    5.21    3.62    3.53    2.65    2.67    4.26    3.69    2.87     42.96      3.58
    1997    4.30   17.63    8.87    4.07   12.28    7.71    4.20    2.57    1.68    1.11    1.02    1.26     66.71      5.56
    1998    1.43    2.01    3.54    4.30   12.50    6.85    2.53    1.49    1.10    0.90    0.68    0.61     37.92      3.16
    1999    2.74    5.79   53.12   36.56   14.58    6.62    4.42    4.81    4.04    2.12    1.19    1.14    137.12     11.43
    2000    1.75    3.51    8.52    6.17    4.76    2.89    2.26    2.18    1.32    0.94    0.71    1.62     36.64      3.05
    2001    5.42   12.30   14.54   16.51    7.71    3.10    2.70    2.53    1.63    7.75   12.25    7.09     93.54      7.80
    2002    3.84    2.40    2.88    4.37    2.60    1.84    1.75    1.69    1.54    1.17    1.02    1.81     26.92      2.24
    2003    2.28    2.20    2.12    2.18    5.26    4.18    2.08    1.06    0.69    0.95    1.25    1.43     25.68      2.14
    2004    2.29    4.16    6.16    6.81    5.44    4.40    2.69    1.55    1.05    0.82    0.68    0.66     36.70      3.06
    2005    0.95    1.96    3.72    6.21    7.15    4.85    4.04    3.79    2.23    1.35    1.11    1.44     38.78      3.23
    2006    2.42    4.41    6.07    4.12    2.32    3.73    5.60    2.95    1.96    1.56    1.03    0.99     37.15      3.10
    2007    2.88   17.54    9.18    6.08    5.94    4.40    4.58    3.47    2.26    1.65    1.05    1.06     60.08      5.01
    2008    1.42    1.66    2.16    3.70    6.24    4.25    2.28    1.62    1.28    0.90    1.02    1.38     27.93      2.33
    2009    2.66    5.22    6.91    7.53    5.12    2.51    1.27    0.78    0.59    0.48    0.38    0.28     33.73      2.81
  
 AVERAGE    3.63    6.09    7.09    7.19    8.15    8.89    6.10    3.88    3.05    2.19    1.92    2.99     61.19      5.10
