    1920    2.80    5.59    6.51    3.72    2.93    3.83    3.23    2.23    1.87    1.88    1.50    1.77     37.86      3.15
    1921    3.23   11.32   18.46   11.42    4.56    3.13    2.68    1.84    1.53    1.48    1.73    1.78     63.14      5.26
    1922    2.23    8.84   13.88   16.95   15.30    6.61    3.34    1.67    0.81    0.52    0.51    0.43     71.10      5.92
    1923    0.36    0.77    1.52    1.87    2.36    2.28    1.98    1.49    1.01    0.65    0.50    1.53     16.31      1.36
    1924    3.11   11.69   17.40   14.09   10.55   33.35   40.11   13.57    4.93    2.09    1.16    1.34    153.41     12.78
    1925    3.17    2.49    1.89    1.27    0.83    1.29    1.24    0.97    0.84    0.86    0.76    2.04     17.67      1.47
    1926    5.08    6.60    6.33    5.96    4.02    7.96    8.73    3.72    1.67    0.96    1.58    1.34     53.96      4.50
    1927    1.63    1.51    1.95    5.79    7.00    3.77    2.47    1.55    0.91    0.56    0.52    1.24     28.89      2.41
    1928    2.34    1.91    1.52    1.31    1.42    4.50    5.70    2.76    1.58    1.92    1.65    1.94     28.57      2.38
    1929    3.51    4.15    4.64    7.13    7.26    3.85    3.10    2.30    1.38    0.82    0.80    1.57     40.51      3.38
    1930    2.94    3.81    3.69    5.66    5.61    2.97    1.99    1.44    0.88    0.58    0.49    0.42     30.48      2.54
    1931    0.85    1.37    1.83    2.23   16.67   25.54   13.17    5.40    3.40    2.25    1.30    0.91     74.93      6.24
    1932    1.29    3.25    4.86    3.59    2.69    2.42    1.99    1.34    0.77    0.78    0.79    0.66     24.42      2.03
    1933    0.71    4.97   12.18   18.27   14.64    6.50    4.71    3.78    2.75    1.79    1.76    1.65     73.72      6.14
    1934    2.05    2.96   11.94   14.34    5.53    3.58    3.06    2.27    1.93    1.81    1.37    0.86     51.70      4.31
    1935    0.71    1.01    0.91    1.74    8.89   12.47    6.55    4.17    3.49    2.40    1.37    0.90     44.62      3.72
    1936    1.61    7.75    9.87    4.02    4.15    4.86    3.06    1.64    0.81    0.50    0.39    0.44     39.11      3.26
    1937    0.83    1.13    6.14    8.57    8.92    8.53    4.21    2.86    1.95    2.61    2.43    2.02     50.20      4.18
    1938    2.09    2.85    7.31    9.48   14.14   14.83    5.84    2.73    1.66    1.22    1.20    2.11     65.46      5.46
    1939    3.20    9.13   14.17    9.30    4.69    2.86    1.85   17.26   23.16    9.08    3.84    2.09    100.63      8.39
    1940    1.94    6.98   25.37   25.50    8.76    3.95    3.03    2.89    1.93    1.03    0.63    0.63     82.63      6.89
    1941    1.20    1.29    1.15    1.67    3.30    6.08    6.26    3.01    1.59    0.95    0.90    1.37     28.77      2.40
    1942    2.73    5.24   16.74   19.66   10.17    5.06   12.92   15.94    6.98    5.50   18.06   20.04    139.05     11.59
    1943   15.28   22.71   17.45    6.96    3.74    3.29    2.56    1.47    0.89    0.81    0.69    2.04     77.88      6.49
    1944    3.89    3.11    2.37    1.60    1.32    6.06    7.73    3.37    1.76    1.02    0.62    0.42     33.28      2.77
    1945    0.44    0.35    0.65    2.28    2.09    2.02    1.77    1.27    0.80    0.51    0.38    0.47     13.02      1.09
    1946    2.37    4.60    5.10    4.78    7.72    7.82    4.59    2.88    2.10    1.96    1.58    1.24     46.75      3.90
    1947    2.14   11.69   16.79    8.71    4.59    7.60    8.65    4.19    2.12    1.08    0.61    0.43     68.61      5.72
    1948    1.15    2.50    3.69    7.26    8.94    6.88    4.68    3.40    2.04    1.17    0.80    0.66     43.18      3.60
    1949    1.54    5.93   12.06    9.50    4.14    2.90    3.42    2.78    1.81    1.05    1.00    0.95     47.09      3.92
    1950    1.08    1.30    4.62    6.93    4.39    2.55    1.84    1.35    0.91    0.68    2.64    4.50     32.78      2.73
    1951    4.60    3.78    2.77    8.40   10.02    4.80    3.10    2.14    1.44    1.06    0.97    0.82     43.92      3.66
    1952    0.97    3.38    5.16    4.08    7.28    7.88    3.61    1.83    1.08    0.76    1.63    2.31     39.97      3.33
    1953    1.98    3.03    3.86    3.34    3.24    3.26    3.05    3.36    2.99    2.26    1.48    1.70     33.55      2.80
    1954   10.29   15.56    8.30   10.51   13.20    7.73    4.71    3.24    2.02    1.18    0.70    0.51     77.94      6.49
    1955    1.36    3.25    5.22    4.98    8.09    9.85    4.65    2.31    1.27    0.79    0.59    1.10     43.46      3.62
    1956    2.17    3.93   14.94   20.53   11.89    5.11    3.12    2.38    1.53    1.02    1.19   14.34     82.16      6.85
    1957   31.73   23.97    8.84    5.12    4.99    3.91    3.58    3.50    2.12    1.09    0.62    0.59     90.06      7.50
    1958    1.00    2.00    5.61   11.91   19.04   15.86    5.61    5.25    5.62    2.91    1.52    0.98     77.32      6.44
    1959    2.34    3.28    3.02    3.17    3.37    3.48    4.12    3.38    2.11    1.11    0.66    0.78     30.82      2.57
    1960    1.80    3.40   12.67   18.63   11.21    5.66    4.26    3.35    2.15    1.29    0.80    0.97     66.19      5.52
    1961    1.58    2.94    3.53    3.39    3.36    3.24    3.05    2.30    1.39    0.76    0.98    1.01     27.54      2.29
    1962    1.57    3.99    8.32    7.74    4.10    6.97    8.31    4.08    2.12    3.11    4.01    2.52     56.82      4.73
    1963    1.82    3.82    4.29   10.69   12.81    4.79    2.08    1.20    0.87    0.76    0.69    1.21     45.03      3.75
    1964    3.01    2.98    3.13    2.76    1.82    1.13    0.73    0.86    2.20    2.70    2.47    2.56     26.35      2.20
    1965    2.78    3.18    3.40    8.39    9.57    4.10    1.94    1.40    1.19    0.84    0.69    0.81     38.29      3.19
    1966    1.31    3.03    3.64   12.72   20.30   19.79   16.01    7.81    3.46    1.77    1.17    0.84     91.86      7.65
    1967    1.30    3.14    2.68    2.53    2.41    2.68    2.62    1.99    1.18    0.65    0.68    1.21     23.08      1.92
    1968    1.59    1.79    5.12    6.74    4.19   10.91   13.15    6.01    3.28    1.90    1.21    1.13     57.04      4.75
    1969    3.11    3.62    3.16    2.72    2.17    1.74    1.20    0.90    0.88    0.77    0.97    3.15     24.39      2.03
    1970    6.11    7.32    4.37    3.12    2.49    2.38    2.40    3.76    4.22    2.74    2.86    2.60     44.38      3.70
    1971    2.84    2.78    2.71    2.70    2.96    3.93    3.38    2.72    2.35    1.86    1.33    0.89     30.46      2.54
    1972    0.99    2.31    2.01    4.04   16.09   17.91    7.29    3.72    1.90    0.94    1.51    4.10     62.82      5.24
    1973    5.41    3.82    3.01   13.75   17.48    7.46    4.02    2.53    1.79    1.37    1.04    0.72     62.41      5.20
    1974    0.51    1.55    3.23    7.35   13.35   10.18    4.37    2.54    1.56    0.88    0.56    5.42     51.52      4.29
    1975    7.74    5.96   11.21   23.99   27.19   26.59   21.06    7.75    3.35    1.61    0.87    0.89    138.22     11.52
    1976    2.95    4.55    3.38    6.24    9.07    8.78    6.71    3.13    1.57    0.85    0.60    1.24     49.07      4.09
    1977    3.34    5.72    4.90    8.31    9.24    5.27    4.27    3.09    1.79    0.96    0.79    1.96     49.64      4.14
    1978    5.84    7.85    4.90    3.91    4.02    3.77    2.64    1.85    1.31    0.94    1.30    1.58     39.92      3.33
    1979    1.84    1.62    1.30    1.16    1.07    0.81    0.68    0.67    0.60    0.46    0.43    1.54     12.19      1.02
    1980    2.47    3.22    3.06    4.58    4.78    2.55    1.38    0.96    1.00    0.90    1.10    1.85     27.83      2.32
    1981    1.62    7.44    9.34    4.23    3.08    7.46    8.63    3.78    1.78    0.92    0.58    0.52     49.39      4.12
    1982    5.61    8.23    4.46    2.85    1.84    1.43    1.99    1.70    1.29    0.96    1.11    0.98     32.45      2.70
    1983    1.75    7.89   12.60   16.00   15.77    7.94    4.90    3.65    2.36    1.67    1.94    1.72     78.20      6.52
    1984    2.79    3.29    2.81    4.94   18.81   20.23    6.85    2.42    0.94    0.46    0.34    0.49     64.36      5.36
    1985    4.10    6.25    7.41    7.92    4.66    4.60    4.55    2.71    1.56    1.03    0.79    0.65     46.23      3.85
    1986    1.53    1.84    7.46   18.18   17.87   14.34   11.02    4.43    2.25    1.70    2.67   48.05    131.33     10.94
    1987   62.72   22.29    9.54    5.01    8.04   12.72    9.38    3.90    1.96    1.49    1.44    1.33    139.81     11.65
    1988    1.98    6.43   14.08   11.84   10.00    9.13    3.47    1.52    0.92    0.70    0.57    0.48     61.14      5.09
    1989    1.04    6.25    8.68    4.08    2.19    2.76    2.97    2.54    1.73    1.01    1.27    1.56     36.09      3.01
    1990    1.82    2.08    6.08   12.37   12.30    8.99    5.69    2.61    1.36    0.86    0.65    1.20     56.01      4.67
    1991    4.19    5.66    3.35    2.27    2.59    2.48    2.14    1.49    0.89    0.52    0.43    0.49     26.50      2.21
    1992    0.92    1.35    1.27    1.14    1.34    2.42    1.97    1.38    0.84    0.52    0.47    1.01     14.62      1.22
    1993    7.69   10.37    5.02    4.49    3.94    3.00    2.73    1.89    1.09    0.76    1.38    1.21     43.57      3.63
    1994    1.37    1.26    1.21    1.84    1.52    1.87    2.30    2.13    2.46    2.21    1.67    1.07     20.91      1.74
    1995    1.48    7.21   20.99   19.47   20.98   23.25   10.17    4.23    2.11    2.67    2.85    2.26    117.68      9.81
    1996    2.47    3.21    3.29    7.04    8.36    5.11    3.96    3.08    3.16    3.39    2.93    2.41     48.41      4.03
    1997    3.61   12.27   13.37    5.07    3.99    4.12    2.71    1.71    1.15    0.78    0.60    0.55     49.95      4.16
    1998    0.73    1.34    2.86    3.20    2.33    1.68    1.20    0.80    0.58    0.47    0.56    0.69     16.43      1.37
    1999    1.82    2.19   10.64   13.72    6.53    6.67    6.26    3.67    2.60    1.67    0.94    1.05     57.76      4.81
    2000    2.40    4.06   11.68   11.72    4.52    2.36    1.71    1.46    1.13    0.75    0.51    1.80     44.10      3.67
    2001    5.85   10.26    9.65    6.78    4.09    2.66    1.70    1.19    0.85    3.06    8.59    8.78     63.47      5.29
    2002    4.55    2.67    2.23    2.53    2.36    1.83    1.34    1.04    0.83    0.64    0.50    0.58     21.09      1.76
    2003    0.61    1.34    1.30    1.40   11.61   14.88    5.24    1.93    0.79    0.70    1.11    1.32     42.21      3.52
    2004    1.37    2.72    4.93    5.98    4.29    3.82    3.11    1.86    0.99    0.60    0.49    0.56     30.73      2.56
    2005    1.58    2.99    2.73    7.95    9.71    4.97    3.61    3.18    2.29    1.35    1.05    2.14     43.56      3.63
    2006    3.48    6.60   11.31    8.47    3.09    1.43    1.26    1.07    0.89    0.86    0.73    0.60     39.79      3.32
    2007    6.40   14.98   12.36   10.50    9.53    4.07    2.52    1.92    1.27    0.82    0.58    0.66     65.60      5.47
    2008    1.24    1.71    1.96    6.60   10.10    6.55    3.25    1.83    1.30    0.95    1.50    2.53     39.53      3.29
    2009    5.61    7.29    4.54    3.36    2.78    2.16    1.66    1.17    0.71    0.47    0.37    0.30     30.43      2.54
  
 AVERAGE    3.74    5.23    6.80    7.56    7.45    6.74    4.91    3.04    2.03    1.39    1.42    2.31     52.61      4.38
