    1920    1.82    3.27    3.59    2.21    2.23    3.35    2.63    1.54    1.61    1.58    1.07    1.41     26.30      2.19
    1921    2.32   17.97   16.31    4.99    1.72    2.20    1.80    1.20    1.30    1.21    1.40    1.47     53.89      4.49
    1922    1.73   12.28   10.27   21.45    8.83    3.15    1.67    0.85    0.48    0.49    0.47    0.37     62.03      5.17
    1923    0.31    0.52    0.96    1.24    1.62    1.65    1.38    1.03    0.68    0.46    0.46    1.02     11.34      0.95
    1924    2.02   18.37   12.58   11.62    5.76   68.44   25.11    3.25    1.46    0.98    0.77    1.06    151.39     12.62
    1925    2.14    1.81    1.22    0.77    0.50    0.86    0.89    0.61    0.67    0.70    0.57    1.30     12.05      1.00
    1926    3.38    3.64    4.69    3.43    2.91    9.20    4.75    1.61    0.82    0.80    1.23    1.11     37.56      3.13
    1927    1.27    1.13    1.47    3.93    3.12    2.24    1.60    0.98    0.60    0.45    0.48    0.88     18.13      1.51
    1928    1.55    1.41    0.98    0.98    1.06    2.27    2.51    1.49    1.15    1.60    1.38    1.57     17.94      1.50
    1929    2.53    3.71    3.78    6.97    3.72    2.28    2.54    1.53    0.86    0.63    0.72    1.15     30.43      2.54
    1930    1.98    2.69    3.14    3.80    2.77    1.73    1.38    0.97    0.58    0.52    0.46    0.37     20.38      1.70
    1931    0.61    0.93    1.23    1.55   30.05   20.05    5.02    2.31    2.46    1.48    0.85    0.81     67.36      5.61
    1932    1.04    2.12    3.19    2.59    1.99    1.85    1.39    0.84    0.51    0.67    0.68    0.48     17.35      1.45
    1933    0.57    2.30   12.47   21.97    7.74    3.00    3.74    3.27    1.97    1.30    1.53    1.41     61.27      5.11
    1934    1.64    2.20   19.25    7.71    1.92    2.54    2.23    1.57    1.62    1.44    0.96    0.61     43.70      3.64
    1935    0.64    0.78    0.69    1.16   11.41    6.56    3.86    3.35    3.02    1.67    0.93    0.80     34.87      2.91
    1936    1.23    9.22    4.63    1.52    2.26    3.16    1.91    0.91    0.52    0.46    0.38    0.39     26.58      2.22
    1937    0.60    0.79    4.59    3.81    8.99    4.49    2.33    1.92    1.36    2.01    2.14    1.43     34.46      2.87
    1938    1.66    2.20    7.66    5.06   21.73    9.05    2.08    1.40    1.07    0.98    1.04    1.54     55.47      4.62
    1939    2.29   12.57   11.16    4.61    2.44    1.74    1.18   32.89   13.91    3.69    1.67    1.45     89.60      7.47
    1940    1.66    7.71   42.29   14.75    2.17    1.70    2.22    2.06    1.14    0.65    0.51    0.56     77.40      6.45
    1941    0.87    0.96    0.83    1.15    2.20    4.61    3.20    1.63    0.98    0.74    0.82    1.08     19.06      1.59
    1942    1.86    3.24   26.18   13.35    4.42    2.54   21.58    9.86    3.49    3.63   33.87   12.85    136.87     11.41
    1943   18.25   27.03    9.48    2.34    2.10    2.38    1.62    0.81    0.72    0.73    0.54    1.33     67.34      5.61
    1944    2.58    2.24    1.52    1.02    0.97    4.78    3.21    1.60    1.07    0.70    0.50    0.39     20.58      1.71
    1945    0.39    0.27    0.46    1.31    1.46    1.42    1.22    0.83    0.52    0.38    0.33    0.39      8.98      0.75
    1946    1.47    3.23    3.15    3.73    8.05    4.99    3.20    1.88    1.67    1.66    1.16    1.06     35.26      2.94
    1947    1.61   19.25   10.28    3.99    2.51    7.99    4.79    2.18    1.19    0.68    0.50    0.43     55.39      4.62
    1948    0.81    1.60    2.50    5.92    6.16    4.31    3.64    2.35    1.29    0.85    0.67    0.62     30.73      2.56
    1949    1.10    4.76   11.16    5.05    1.77    2.09    2.77    1.97    1.15    0.72    0.88    0.83     34.24      2.85
    1950    0.87    0.99    2.23    3.49    2.52    1.68    1.34    0.93    0.67    0.57    1.76    3.38     20.42      1.70
    1951    4.12    2.40    2.07   10.81    5.43    2.56    2.03    1.46    0.99    0.90    0.88    0.63     34.28      2.86
    1952    0.77    2.10    3.11    3.04    7.38    4.15    1.72    1.02    0.77    0.62    1.17    1.69     27.55      2.30
    1953    1.51    2.28    2.69    2.64    2.72    2.77    2.46    2.90    2.57    1.63    1.04    1.38     26.60      2.22
    1954   16.46   10.84    3.42   12.42    7.72    4.32    3.27    2.21    1.33    0.81    0.53    0.50     63.85      5.32
    1955    0.96    2.12    3.23    2.00    8.74    5.19    2.24    1.24    0.81    0.61    0.55    0.83     28.52      2.38
    1956    1.46    2.61   24.16   17.04    5.13    2.15    2.04    1.64    0.95    0.87    1.01   26.25     85.32      7.11
    1957   40.35   12.88    2.69    2.49    3.65    2.62    2.68    2.56    1.35    0.72    0.50    0.55     73.05      6.09
    1958    0.77    1.32    3.63   11.93   24.74    8.50    1.54    2.70    3.25    1.78    1.05    0.86     62.07      5.17
    1959    1.67    2.38    2.33    2.64    2.84    2.99    3.52    2.49    1.28    0.70    0.55    0.67     24.07      2.01
    1960    1.24    2.34   20.27   14.97    5.12    3.34    3.43    2.36    1.42    0.89    0.60    0.81     56.81      4.73
    1961    1.17    2.07    2.42    2.64    2.91    2.75    2.53    1.57    0.86    0.54    0.81    0.85     21.12      1.76
    1962    1.15    2.60    7.42    4.58    2.16    6.70    4.44    2.12    1.27    2.43    2.92    1.64     39.44      3.29
    1963    1.52    2.91    2.16   15.24    6.64    1.45    0.91    0.75    0.68    0.66    0.57    0.88     34.36      2.86
    1964    1.91    2.18    2.42    1.79    1.10    0.64    0.50    0.67    1.39    1.91    1.91    2.07     18.49      1.54
    1965    2.28    2.85    3.02    9.79    5.11    1.61    0.97    1.11    0.87    0.60    0.61    0.67     29.48      2.46
    1966    0.94    1.95    2.67   20.50   18.77   20.84    9.36    3.28    1.65    1.14    0.92    0.67     82.70      6.89
    1967    1.00    2.04    1.97    1.84    1.76    2.03    1.98    1.31    0.71    0.48    0.60    0.91     16.64      1.39
    1968    1.16    1.32    2.65    3.10    2.96   16.83    7.89    3.49    1.95    1.27    0.92    1.01     44.55      3.71
    1969    2.24    2.48    2.42    1.89    1.54    1.17    0.74    0.74    0.74    0.58    0.76    1.96     17.27      1.44
    1970    4.81    3.90    2.91    2.09    1.82    1.85    1.93    3.16    3.00    2.00    2.58    2.44     32.49      2.71
    1971    2.43    2.41    2.13    2.14    2.28    3.32    2.70    2.15    2.01    1.42    1.01    0.65     24.64      2.05
    1972    0.82    1.55    1.51    2.26   26.84   10.91    3.39    1.93    1.00    0.59    1.15    3.00     54.95      4.58
    1973    3.65    2.96    2.23   23.60   10.20    3.64    2.21    1.66    1.31    1.07    0.80    0.54     53.88      4.49
    1974    0.44    1.02    2.05    6.97   12.97    5.26    1.96    1.56    0.97    0.60    0.50    3.79     38.09      3.17
    1975    3.42    3.33   14.75   35.65   23.26   32.07   11.30    2.74    1.48    0.85    0.66    0.78    130.30     10.86
    1976    2.05    2.97    2.27    5.17    5.51    7.00    3.72    1.60    0.91    0.60    0.59    0.94     33.32      2.78
    1977    2.36    3.63    3.69    9.90    5.25    3.42    3.53    2.15    1.12    0.67    0.75    1.39     37.86      3.16
    1978    4.92    4.17    3.70    3.25    3.34    2.86    1.86    1.35    0.94    0.78    1.06    1.24     29.46      2.45
    1979    1.41    1.22    0.89    0.87    0.73    0.52    0.51    0.53    0.44    0.34    0.36    0.95      8.79      0.73
    1980    1.62    2.22    2.34    2.82    2.63    1.47    0.80    0.80    0.86    0.71    0.88    1.33     18.48      1.54
    1981    1.30    8.21    4.28    2.01    2.29    7.92    4.45    1.72    0.94    0.64    0.50    0.49     34.73      2.89
    1982    3.98    3.74    2.59    1.82    1.07    1.04    1.45    1.26    0.86    0.77    0.92    0.79     20.28      1.69
    1983    1.24    9.71    8.58   20.64    8.95    4.26    3.64    2.71    1.58    1.37    1.64    1.42     65.74      5.48
    1984    2.05    2.66    1.99    2.65   32.78   12.36    1.46    0.62    0.40    0.35    0.32    0.39     58.02      4.83
    1985    1.88    3.04    6.95    4.62    2.97    3.07    3.17    1.74    1.05    0.84    0.68    0.59     30.62      2.55
    1986    1.07    1.35    7.76   22.77   11.50   14.10    6.04    1.73    1.36    1.36    2.02  107.75    178.81     14.90
    1987   39.61    5.10    3.23    2.80    8.52   11.97    4.94    1.64    1.17    1.30    1.24    1.08     82.60      6.88
    1988    1.49    6.15   16.18    6.63    9.25    4.36    1.14    0.73    0.69    0.58    0.49    0.43     48.11      4.01
    1989    0.72    5.15    3.91    1.79    1.26    1.95    2.25    1.83    1.11    0.66    1.02    1.24     22.90      1.91
    1990    1.40    1.59    4.86   12.28    8.08    5.04    2.75    1.33    0.87    0.68    0.59    0.91     40.38      3.36
    1991    2.56    2.74    2.12    1.50    1.95    2.06    1.56    0.99    0.56    0.43    0.42    0.43     17.33      1.44
    1992    0.66    0.93    0.96    0.74    0.95    1.59    1.35    0.87    0.54    0.38    0.42    0.72     10.12      0.84
    1993    8.59    4.79    2.69    3.51    2.48    2.30    2.13    1.20    0.71    0.68    1.06    0.99     31.11      2.59
    1994    1.09    0.92    0.93    1.27    1.00    1.35    1.70    1.59    1.91    1.75    1.17    0.74     15.41      1.28
    1995    1.14    7.88   30.20   11.08   30.81   14.21    3.64    1.82    1.20    2.06    2.64    1.56    108.22      9.02
    1996    2.05    2.89    2.78    6.94    4.74    3.76    3.18    2.27    2.63    3.45    2.39    2.09     39.16      3.26
    1997    3.20   20.05    7.97    1.65    2.29    2.75    1.75    1.15    0.83    0.61    0.56    0.51     43.32      3.61
    1998    0.59    0.92    1.89    2.03    1.51    1.15    0.79    0.53    0.46    0.39    0.47    0.54     11.27      0.94
    1999    1.15    1.54   15.67    7.42    3.92    4.67    3.47    2.58    1.96    1.14    0.65    0.89     45.05      3.75
    2000    1.67    2.77   16.58    6.69    1.56    1.24    1.17    1.07    0.78    0.53    0.41    1.18     35.67      2.97
    2001    4.26    8.23    6.44    3.77    2.56    1.66    1.10    0.83    0.62    1.91   10.18    5.77     47.33      3.94
    2002    2.61    1.72    1.79    1.96    1.70    1.21    0.90    0.77    0.63    0.50    0.43    0.49     14.71      1.23
    2003    0.50    0.87    0.96    1.03   18.13    7.60    1.33    0.56    0.42    0.58    0.82    0.97     33.76      2.81
    2004    1.04    1.79    3.08    3.62    3.49    3.35    2.13    1.10    0.63    0.49    0.47    0.49     21.68      1.81
    2005    1.03    1.93    2.05    8.61    5.10    2.97    2.79    2.67    1.55    0.89    0.97    1.59     32.14      2.68
    2006    2.45    6.12   10.42    4.13    0.85    0.70    0.94    0.73    0.69    0.70    0.53    0.50     28.75      2.40
    2007    5.62   16.48    7.10    9.98    4.74    1.76    1.67    1.31    0.83    0.64    0.48    0.57     51.17      4.26
    2008    0.89    1.19    1.40    5.72    5.80    3.42    1.70    1.19    0.97    0.73    1.15    1.81     25.96      2.16
    2009    4.29    4.37    3.08    2.39    1.96    1.50    1.16    0.76    0.47    0.41    0.35    0.27     21.03      1.75
  
 AVERAGE    3.04    4.41    6.06    6.28    6.12    5.32    3.03    2.05    1.31    1.00    1.38    2.70     42.69      3.56
