    1920    1.21    2.25    2.26    1.52    1.50    2.37    1.67    1.03    1.08    1.10    0.75    0.95     17.69      1.47
    1921    1.71   11.67   10.58    3.32    1.17    1.48    1.20    0.82    0.87    0.83    0.95    1.01     35.60      2.97
    1922    1.18    7.62    6.28   14.43    6.08    2.06    1.12    0.59    0.34    0.31    0.31    0.25     40.57      3.38
    1923    0.21    0.35    0.65    0.84    1.09    1.11    0.93    0.70    0.47    0.33    0.31    0.71      7.69      0.64
    1924    1.41   11.95    7.92    7.36    3.87   48.33   17.77    2.21    1.00    0.69    0.55    0.72    103.79      8.65
    1925    1.48    1.24    0.82    0.51    0.34    0.56    0.59    0.41    0.45    0.48    0.39    0.91      8.17      0.68
    1926    2.46    3.08    2.84    2.42    1.99    5.48    3.04    1.13    0.60    0.53    0.84    0.76     25.17      2.10
    1927    0.87    0.76    0.99    2.17    2.28    1.56    1.10    0.68    0.43    0.30    0.31    0.59     12.04      1.00
    1928    1.07    0.96    0.65    0.65    0.70    1.54    1.74    1.00    0.80    1.09    0.95    1.08     12.22      1.02
    1929    2.04    2.68    2.51    3.65    2.22    1.58    1.76    1.03    0.61    0.43    0.47    0.78     19.76      1.65
    1930    1.37    2.05    2.23    2.62    1.85    1.18    0.94    0.67    0.41    0.34    0.31    0.25     14.20      1.18
    1931    0.41    0.63    0.83    1.04   20.16   13.27    3.37    1.62    1.74    1.03    0.61    0.55     45.27      3.77
    1932    0.69    1.45    2.50    1.63    1.32    1.23    0.93    0.58    0.36    0.43    0.45    0.34     11.91      0.99
    1933    0.38    1.48    8.31   15.01    5.37    2.03    2.59    2.16    1.33    0.90    1.04    0.97     41.56      3.46
    1934    1.12    1.65   12.46    5.09    1.31    1.75    1.47    1.06    1.09    0.99    0.68    0.44     29.10      2.42
    1935    0.42    0.51    0.46    0.77    6.80    4.28    2.43    2.36    2.03    1.14    0.66    0.54     22.40      1.87
    1936    0.83    5.46    2.94    1.04    1.52    2.21    1.26    0.62    0.36    0.29    0.25    0.25     17.04      1.42
    1937    0.40    0.53    2.08    2.41    5.40    2.86    1.62    1.32    0.94    1.39    1.59    0.98     21.51      1.79
    1938    1.13    1.59    4.22    3.19   14.50    6.14    1.40    0.97    0.75    0.68    0.70    1.06     36.34      3.03
    1939    1.62    7.83    6.91    3.05    1.67    1.17    0.80   22.55    9.68    2.53    1.16    1.02     59.98      5.00
    1940    1.13    4.44   29.37   10.39    1.41    1.14    1.53    1.42    0.78    0.47    0.34    0.36     52.79      4.40
    1941    0.58    0.64    0.55    0.76    1.49    2.76    2.18    1.18    0.72    0.53    0.55    0.73     12.70      1.06
    1942    1.29    2.62   18.07    8.61    2.97    1.75   14.41    6.75    2.47    2.61   24.32    9.29     95.13      7.93
    1943   12.43   18.58    6.60    1.56    1.42    1.70    1.07    0.56    0.47    0.48    0.39    0.91     46.16      3.85
    1944    1.79    1.55    1.01    0.68    0.64    2.16    1.90    1.13    0.76    0.51    0.35    0.26     12.74      1.06
    1945    0.25    0.19    0.30    0.88    0.98    0.95    0.82    0.56    0.36    0.27    0.23    0.26      6.06      0.50
    1946    1.02    2.31    2.56    2.39    4.42    3.12    2.08    1.28    1.15    1.22    0.81    0.72     23.09      1.92
    1947    1.09   12.61    6.29    2.57    1.72    4.56    3.05    1.52    0.84    0.50    0.34    0.28     35.39      2.95
    1948    0.54    1.10    1.71    2.94    3.33    2.86    2.53    1.62    0.89    0.60    0.48    0.42     19.02      1.59
    1949    0.74    2.32    6.94    3.37    1.21    1.41    1.98    1.32    0.79    0.51    0.58    0.57     21.74      1.81
    1950    0.60    0.67    1.52    2.73    1.67    1.10    0.89    0.63    0.47    0.39    1.21    2.61     14.48      1.21
    1951    3.03    1.62    1.39    6.36    3.43    1.68    1.37    1.00    0.69    0.61    0.59    0.45     22.21      1.85
    1952    0.52    1.44    2.36    2.09    3.96    2.53    1.19    0.72    0.54    0.43    0.80    1.16     17.73      1.48
    1953    1.04    1.57    2.14    1.66    1.85    1.85    1.63    2.03    1.73    1.11    0.73    0.93     18.26      1.52
    1954   10.75    6.82    2.23    7.83    4.53    2.86    2.27    1.52    0.92    0.58    0.38    0.33     41.02      3.42
    1955    0.65    1.46    2.45    1.33    4.96    3.30    1.51    0.86    0.58    0.43    0.37    0.56     18.45      1.54
    1956    1.01    1.81   15.96   11.02    3.41    1.48    1.40    1.11    0.66    0.57    0.68   17.87     56.98      4.75
    1957   28.28    9.13    1.75    1.69    2.65    1.68    1.81    1.73    0.91    0.51    0.35    0.35     50.85      4.24
    1958    0.51    0.90    1.95    7.93   16.97    5.89    1.07    2.02    2.28    1.21    0.74    0.59     42.06      3.50
    1959    1.14    1.67    1.61    1.77    1.92    2.01    2.44    1.61    0.87    0.50    0.37    0.44     16.35      1.36
    1960    0.84    1.61   13.37    9.61    3.41    2.26    2.38    1.59    0.97    0.63    0.43    0.54     37.64      3.14
    1961    0.79    1.42    1.73    1.85    1.94    1.84    1.68    1.05    0.60    0.38    0.54    0.57     14.39      1.20
    1962    0.78    1.80    4.06    2.84    1.48    3.66    2.83    1.48    0.90    1.78    2.18    1.11     24.89      2.07
    1963    1.04    2.16    1.44    9.55    4.32    1.00    0.63    0.51    0.46    0.44    0.39    0.60     22.54      1.88
    1964    1.33    1.50    1.70    1.19    0.73    0.43    0.33    0.43    0.95    1.32    1.32    1.56     12.78      1.07
    1965    1.74    1.96    2.05    5.63    3.20    1.10    0.67    0.74    0.60    0.43    0.41    0.45     18.98      1.58
    1966    0.64    1.34    1.91   13.46   12.38   14.10    6.00    2.38    1.17    0.82    0.66    0.49     55.33      4.61
    1967    0.67    1.40    1.34    1.23    1.17    1.38    1.43    0.88    0.50    0.32    0.39    0.61     11.33      0.94
    1968    0.79    0.90    1.73    2.65    1.87   10.85    5.27    2.30    1.35    0.89    0.66    0.68     29.93      2.49
    1969    1.55    1.91    1.62    1.25    1.01    0.77    0.50    0.47    0.49    0.40    0.51    1.36     11.85      0.99
    1970    3.10    2.84    1.90    1.41    1.20    1.23    1.30    2.29    2.00    1.35    1.86    1.67     22.16      1.85
    1971    1.69    1.64    1.42    1.41    1.54    2.32    1.74    1.44    1.37    0.98    0.71    0.47     16.72      1.39
    1972    0.54    1.05    1.01    1.52   17.80    7.36    2.21    1.31    0.71    0.42    0.78    2.17     36.90      3.08
    1973    2.81    1.85    1.49   15.74    6.93    2.36    1.50    1.13    0.90    0.75    0.57    0.39     36.44      3.04
    1974    0.29    0.69    1.39    3.67    8.19    3.54    1.36    1.08    0.68    0.43    0.33    1.80     23.44      1.95
    1975    2.32    2.42   10.01   24.72   15.77   22.21    7.94    1.82    1.03    0.62    0.45    0.52     89.82      7.49
    1976    1.42    2.25    1.52    2.41    3.36    4.17    2.47    1.12    0.66    0.43    0.39    0.63     20.84      1.74
    1977    1.64    2.96    2.36    5.72    3.31    2.33    2.46    1.46    0.77    0.48    0.49    0.95     24.94      2.08
    1978    2.54    3.11    2.35    2.19    2.24    1.90    1.23    0.91    0.66    0.54    0.71    0.84     19.21      1.60
    1979    0.96    0.82    0.60    0.57    0.48    0.34    0.33    0.35    0.30    0.23    0.25    0.67      5.91      0.49
    1980    1.14    1.54    1.65    2.09    1.81    0.96    0.55    0.51    0.56    0.49    0.59    0.92     12.80      1.07
    1981    0.89    4.75    2.70    1.36    1.50    4.42    2.78    1.21    0.68    0.45    0.34    0.32     21.40      1.78
    1982    1.90    2.71    1.73    1.22    0.71    0.70    0.96    0.84    0.59    0.52    0.62    0.54     13.06      1.09
    1983    0.85    5.80    5.10   13.85    6.22    2.86    2.47    1.81    1.09    0.94    1.12    0.98     43.08      3.59
    1984    1.43    2.00    1.32    1.86   22.08    8.41    1.03    0.45    0.26    0.22    0.20    0.25     39.51      3.29
    1985    1.30    2.11    3.74    2.87    1.90    2.15    2.14    1.16    0.73    0.58    0.48    0.40     19.58      1.63
    1986    0.73    0.91    4.31   15.18    7.34    9.26    4.14    1.21    0.97    0.94    1.46   76.71    123.14     10.26
    1987   27.86    3.67    2.33    1.92    4.92    7.55    3.34    1.15    0.83    0.89    0.86    0.76     56.09      4.67
    1988    1.02    3.31   10.51    4.51    5.59    2.77    0.80    0.51    0.46    0.40    0.33    0.29     30.49      2.54
    1989    0.49    2.60    2.46    1.23    0.85    1.31    1.62    1.22    0.76    0.47    0.68    0.84     14.53      1.21
    1990    0.95    1.08    2.27    7.66    4.90    3.32    1.87    0.98    0.64    0.49    0.41    0.62     25.20      2.10
    1991    1.79    2.04    1.42    0.99    1.29    1.43    1.04    0.67    0.40    0.28    0.26    0.28     11.90      0.99
    1992    0.44    0.63    0.64    0.49    0.63    1.08    0.91    0.58    0.37    0.27    0.29    0.50      6.84      0.57
    1993    5.14    3.13    1.81    2.49    1.57    1.54    1.42    0.81    0.50    0.44    0.71    0.68     20.24      1.69
    1994    0.74    0.62    0.61    0.84    0.66    0.90    1.15    1.08    1.32    1.28    0.81    0.53     10.55      0.88
    1995    0.77    4.51   20.61    7.73   21.07    9.21    2.35    1.27    0.84    1.42    1.98    1.07     72.82      6.07
    1996    1.40    2.11    1.79    3.64    3.00    2.43    2.14    1.50    1.89    2.44    1.61    1.45     25.41      2.12
    1997    2.34   13.15    5.32    1.13    1.54    1.95    1.16    0.79    0.58    0.42    0.37    0.34     29.08      2.42
    1998    0.39    0.62    1.29    1.37    1.01    0.76    0.53    0.37    0.31    0.27    0.31    0.37      7.59      0.63
    1999    0.80    1.06    9.92    4.91    2.50    3.15    2.43    1.81    1.37    0.81    0.48    0.60     29.85      2.49
    2000    1.15    2.04   10.53    4.35    1.07    0.84    0.79    0.73    0.54    0.38    0.28    0.81     23.50      1.96
    2001    2.55    4.98    3.72    2.52    1.75    1.11    0.75    0.57    0.44    1.31    6.29    3.81     29.80      2.48
    2002    1.84    1.18    1.20    1.35    1.12    0.80    0.61    0.52    0.43    0.34    0.29    0.32     10.00      0.83
    2003    0.33    0.59    0.65    0.69   11.60    5.03    0.93    0.41    0.27    0.38    0.55    0.67     22.09      1.84
    2004    0.71    1.23    2.32    2.71    2.21    2.26    1.41    0.74    0.45    0.33    0.30    0.32     14.99      1.25
    2005    0.70    1.33    1.40    4.83    3.21    1.87    1.96    1.81    1.05    0.63    0.64    1.08     20.51      1.71
    2006    1.81    3.26    6.39    2.71    0.59    0.47    0.62    0.49    0.46    0.47    0.36    0.34     17.98      1.50
    2007    3.04   11.03    4.92    6.06    3.03    1.21    1.13    0.89    0.59    0.44    0.33    0.37     33.03      2.75
    2008    0.60    0.80    0.94    2.79    3.42    2.18    1.17    0.83    0.68    0.52    0.78    1.25     15.99      1.33
    2009    2.54    3.25    1.96    1.62    1.30    0.99    0.78    0.53    0.33    0.26    0.23    0.18     13.98      1.16
  
 AVERAGE    2.06    2.92    3.95    4.08    3.99    3.52    2.05    1.40    0.91    0.70    0.95    1.88     28.40      2.37
