    1920    0.60    0.99    1.36    1.22    1.30    1.71    1.27    0.81    0.50    0.33    0.23    0.34     10.67      0.89
    1921    0.86    8.17   16.76    5.68    1.05    0.71    0.51    0.62    0.96    0.87    0.79    0.77     37.74      3.15
    1922    1.27    6.18    2.95    1.28    1.75    1.51    1.09    0.74    0.45    0.35    0.34    0.30     18.20      1.52
    1923    0.28    0.28    0.47    0.92    1.24    1.00    0.71    0.57    0.43    0.31    0.25    0.37      6.83      0.57
    1924    0.47    0.74    1.25    2.01    2.22   46.85   16.64    1.24    0.75    0.54    0.42    0.48     73.62      6.14
    1925    0.87    0.86    0.69    0.47    0.43    0.76    0.69    0.44    0.36    0.34    0.26    0.32      6.49      0.54
    1926    0.56    0.64    0.58    0.44    0.44   11.25    4.75    0.96    0.58    0.39    0.43    0.43     21.47      1.79
    1927    0.41    0.40    0.62    1.19    1.73    1.34    0.86    0.58    0.38    0.26    0.22    0.25      8.24      0.69
    1928    0.38    0.50    0.52    0.63    0.61    1.35    2.19    1.21    1.47    2.75    1.99    1.52     15.13      1.26
    1929    1.97    1.84    1.41    2.89    2.00    1.55    1.46    0.86    0.56    0.45    0.46    0.55     15.98      1.33
    1930    0.75    0.93    1.45    2.29    1.57    1.26    1.36    0.82    0.48    0.62    0.77    0.57     12.87      1.07
    1931    0.47    0.50    0.57    0.75    1.25    2.02    1.52    1.08    0.86    0.57    0.39    0.33     10.29      0.86
    1932    0.59    0.98    1.30    1.12    0.76    0.70    0.67    0.53    0.37    0.31    0.27    0.22      7.81      0.65
    1933    0.21    0.55    1.57    9.24    4.20    2.01    2.04    1.94    1.24    1.06    1.28    0.89     26.22      2.19
    1934    0.67    0.64    1.32    2.42    3.64    2.42    1.67    1.59   26.86   10.07    1.46    0.87     53.62      4.47
    1935    0.61    0.43    0.29    0.39    1.13    3.80    2.18    1.59    1.87    1.13    0.74    0.55     14.70      1.22
    1936    0.54    9.71    4.17    0.99    1.08    0.98    0.62    0.38    0.29    0.26    0.25    0.23     19.51      1.63
    1937    0.29    0.39    0.87    1.59   12.24    4.87    1.23    1.18    0.72    0.61    0.61    0.46     25.07      2.09
    1938    0.61    1.14    1.82    1.92    2.18    2.28    1.57    1.16    0.98    0.68    0.54    0.65     15.53      1.29
    1939    1.03    1.63    1.99    1.32    0.94    0.84    0.74    5.81    3.46    1.76    0.99    0.72     21.24      1.77
    1940    0.64    2.21    2.43    1.68    1.07    0.92    1.36    1.04    0.62    0.41    0.31    0.33     13.03      1.09
    1941    0.40    0.52    0.53    0.79    1.44    8.40    4.01    1.81    1.17    0.79    0.74    0.89     21.49      1.79
    1942    1.06    2.75   14.44    5.71    1.69    1.98   17.71    9.31    2.45    1.80    2.68    1.94     63.52      5.29
    1943   10.21   15.84    5.59    1.68    1.15    2.41    1.82    0.96    0.63    0.50    0.39    0.66     41.84      3.49
    1944    1.30    1.27    0.76    0.52    0.65    8.12    3.69    1.03    0.68    0.45    0.31    0.22     19.01      1.58
    1945    0.30    0.32    0.28    0.51    0.89    1.24    1.56    1.01    0.63    0.41    0.28    0.21      7.65      0.64
    1946    0.26    0.48    0.72    0.75    1.39    2.68    2.66    1.69    1.66    1.98    1.34    0.98     16.58      1.38
    1947    0.77    1.42    2.23    2.07    3.97    2.65    5.58    2.82    0.98    0.56    0.36    0.27     23.68      1.97
    1948    0.66    1.50    1.68    1.21    1.37    1.46    1.10    0.86    0.57    0.38    0.28    0.33     11.40      0.95
    1949    0.61    2.55    4.08    2.45    1.98    1.73    1.11    0.77    0.56    0.42    0.48    0.46     17.19      1.43
    1950    0.35    0.28    0.46    0.96    1.01    1.17    1.06    0.64    0.41    0.29    0.53    0.90      8.05      0.67
    1951    0.90    0.77    0.69    1.32    1.54    1.06    1.10    0.94    0.64    0.47    0.39    0.32     10.12      0.84
    1952    0.29    0.37    0.59    1.85    5.93    2.88    1.03    0.64    0.43    0.31    0.44    0.76     15.51      1.29
    1953    0.90    1.07    1.61    1.82    1.33    1.30    0.94    0.74    0.62    0.49    0.38    0.47     11.67      0.97
    1954    3.52    2.59    1.34    7.41    3.85    3.24    2.21    1.24    0.75    0.50    0.36    0.41     27.41      2.28
    1955    0.59    0.77    0.95    0.70    1.00   14.49    5.96    1.39    0.81    0.53    0.47    0.55     28.20      2.35
    1956    0.58    0.78   11.89    5.34    2.19    2.03   10.19    4.35    1.02    0.61    0.46    0.83     40.27      3.36
    1957    1.90    2.22    1.74    1.77   13.11    5.35    3.93    2.27    0.98    0.62    0.41    0.45     34.76      2.90
    1958    0.53    0.77    1.01    1.19    1.37    0.90    0.57    8.33    3.92    1.20    1.07    0.83     21.68      1.81
    1959    0.77    0.89    0.80    0.69    0.71    1.05    1.26    0.88    0.56    0.38    0.28    0.28      8.57      0.71
    1960    0.45    0.91    1.96    2.49    1.63    1.35   14.37    5.85    1.37    0.97    0.73    0.69     32.76      2.73
    1961    0.76    0.68    0.59    0.75    1.06    1.60    1.64    1.00    0.63    0.40    0.37    0.35      9.84      0.82
    1962    0.35    0.87    1.19    3.17    2.09    2.09    1.83    0.98    0.59    0.91    1.21    0.76     16.03      1.34
    1963    0.62    0.60    0.67    3.15    2.21    1.26    1.13    0.84    0.59    0.48    0.39    0.38     12.31      1.03
    1964    0.94    1.42    1.45    1.52    1.01    0.64    0.36    0.35    0.80    1.14    1.34    1.39     12.36      1.03
    1965    1.42    1.83    1.70    2.92    2.10    1.07    0.60    0.59    0.63    0.54    0.45    0.40     14.25      1.19
    1966    0.37    0.59    0.75    0.94    3.59    7.43    3.63    1.74    0.92    0.58    0.41    0.29     21.26      1.77
    1967    0.41    0.90    0.95    1.37    1.64    1.13    0.84    0.53    0.34    0.25    0.35    0.57      9.29      0.77
    1968    0.67    0.65    0.55    0.39    0.34    0.87    1.52    1.78    1.40    0.89    0.65    0.62     10.31      0.86
    1969    1.34    2.18    1.93    1.59    0.98    0.54    0.32    0.33    0.45    0.44    0.50    0.81     11.41      0.95
    1970    6.17    3.58    2.14    1.51    1.28    1.92    2.28   10.25    4.34    1.33    1.90    1.72     38.43      3.20
    1971    1.15    0.87    1.05    1.16    1.36    1.43    0.84    0.70    0.72    0.65    0.53    0.38     10.84      0.90
    1972    0.36    0.55    0.61    0.72    0.96    0.93    0.76    0.59    0.38    0.27    0.44    1.01      7.57      0.63
    1973    1.38    1.65    1.42    1.41    2.39    2.08    1.41    1.18    1.03    0.74    0.54    0.39     15.61      1.30
    1974    0.37    0.49    0.68    3.26    7.87    3.34    1.14    0.83    0.54    0.37    0.29    0.65     19.82      1.65
    1975    1.02    0.87    1.03    1.69    2.26   20.51   10.04    2.35    1.11    0.70    0.59    0.61     42.76      3.56
    1976    1.26    1.78    1.11    1.47    8.89    6.85    2.33    0.87    0.54    0.38    0.35    0.49     26.33      2.19
    1977    0.68    0.76    2.07    5.82    3.09    9.60    4.57    1.80    0.95    0.61    0.51    0.63     31.09      2.59
    1978    1.24    8.10    3.85    1.32    0.93    0.84    0.71    0.56    0.42    0.40    0.51    0.55     19.43      1.62
    1979    0.73    0.71    0.61    0.57    0.49    0.36    0.30    0.28    0.24    0.18    0.16    0.68      5.32      0.44
    1980    1.21    1.19    1.20    1.30    1.82    1.19    0.78    0.79    0.90    0.65    0.99    1.71     13.75      1.15
    1981    1.34    1.36    1.15    0.99    1.00    0.93    1.03    0.67    0.46    0.33    0.24    0.21      9.72      0.81
    1982    0.40    0.55    0.49    0.46    0.40    0.34    0.31    0.28    0.23    0.32    0.52    0.49      4.79      0.40
    1983    0.72    2.00    2.65   19.68   14.67    4.00    4.19    2.69    1.67    1.47    1.58    1.01     56.32      4.69
    1984    0.96    1.14    0.75    0.71   23.61    8.81    0.94    0.56    0.47    0.42    0.31    0.24     38.92      3.24
    1985    0.97    2.27    3.95    3.61    1.81    1.17    1.35    0.88    0.59    0.47    0.45    0.45     17.95      1.50
    1986    0.70    1.12    1.64    1.68    1.29    1.50    1.30    1.03    1.09    0.77    0.75   49.82     62.72      5.23
    1987   17.94    2.50    1.80    1.05   10.41   24.21    8.00    2.03    2.07    1.36    0.99    0.74     73.09      6.09
    1988    0.60    0.68    1.19    1.26    5.38    2.73    1.13    0.96    0.69    0.57    0.43    0.37     15.98      1.33
    1989    0.56   24.08    8.95    1.04    1.03   12.12    5.17    1.22    0.74    0.48    0.41    0.36     56.15      4.68
    1990    0.56    0.73    0.80    1.50    4.30    2.82    1.51    0.94    0.72    0.55    0.43    0.46     15.32      1.28
    1991    0.86    1.51    1.20    0.81    0.63    0.46    0.29    0.18    0.12    0.10    0.09    0.11      6.35      0.53
    1992    0.19    0.27    0.31    0.33    0.36    0.39    0.37    0.32    0.25    0.23    0.25    0.43      3.70      0.31
    1993    0.98    1.12    1.73    1.98    1.01    1.23    1.64    0.85    0.50    0.53    0.65    0.50     12.72      1.06
    1994    0.59    0.62    0.54    0.48    0.36    0.87    2.48    2.20    1.78    1.48    0.89    0.57     12.87      1.07
    1995    0.73    1.19   17.42   19.49   15.93    5.20    1.81    0.98    0.61    2.62    2.11    1.08     69.16      5.76
    1996    0.96    1.32    0.98    1.18    1.47    1.02    0.99    1.03    1.06    1.80    1.54    1.27     14.64      1.22
    1997    2.17   15.44    6.00    1.23    1.74    1.83    1.46    1.22    0.79    0.50    0.44    0.40     33.23      2.77
    1998    0.38    0.44    0.63    0.97    6.77    3.22    0.92    0.54    0.41    0.35    0.26    0.20     15.08      1.26
    1999    0.90    1.81   35.16   18.91    7.82    2.91    1.19    1.40    1.21    0.74    0.52    0.53     73.11      6.09
    2000    0.64    0.86    1.41    1.39    1.13    0.87    0.65    0.49    0.33    0.24    0.20    0.41      8.61      0.72
    2001    1.16    4.76    2.99    4.30    2.43    1.05    0.81    0.70    0.52    1.03    2.44    1.90     24.10      2.01
    2002    1.26    0.83    0.72    0.91    0.70    0.51    0.49    0.48    0.43    0.34    0.33    0.94      7.95      0.66
    2003    1.39    0.99    0.71    0.66    0.91    1.05    0.71    0.43    0.28    0.37    0.50    0.50      8.51      0.71
    2004    0.70    0.97    1.13    1.16    1.26    0.92    0.67    0.46    0.34    0.27    0.21    0.20      8.29      0.69
    2005    0.24    0.40    0.56    0.63    0.79    0.76    0.58    0.53    0.46    0.33    0.27    0.28      5.84      0.49
    2006    0.51    1.01    1.79    1.52    0.95    3.90    3.15    1.68    1.05    0.79    0.53    0.51     17.40      1.45
    2007    0.89    1.94    1.60    1.13    0.98    0.79    0.99    0.91    0.69    0.54    0.37    0.35     11.18      0.93
    2008    0.47    0.50    0.69    1.23    2.16    1.65    1.07    0.88    0.63    0.43    0.35    0.36     10.43      0.87
    2009    0.97    2.32    2.51    1.96    1.40    0.84    0.43    0.26    0.19    0.15    0.12    0.09     11.25      0.94
  
 AVERAGE    1.15    2.03    2.50    2.33    2.78    3.44    2.33    1.42    1.14    0.77    0.62    1.14     21.66      1.80
