    1920    0.76    1.46    3.12    2.30    1.76    5.29    2.82    1.09    0.62    0.45    0.36    0.46     20.48      1.71
    1921    0.79    1.97   10.92    4.61    1.35    1.18    0.93    0.82    1.04    0.90    1.01    1.05     26.58      2.22
    1922    1.38    9.19    4.12    3.74    8.99    4.06    1.76    1.22    0.72    0.61    0.58    0.46     36.84      3.07
    1923    0.39    0.45    0.71    4.56    5.78    2.63    1.49    1.35    1.00    0.63    0.52    0.65     20.16      1.68
    1924    0.77    2.35    7.02    6.94    6.65   40.10   14.23    1.55    0.93    0.65    0.50    0.51     82.21      6.85
    1925    0.78    0.96    1.21    1.12    1.09    3.50    2.10    0.96    0.83    0.69    0.49    0.67     14.39      1.20
    1926    1.26    1.71    1.75    1.48    1.18   11.49    4.86    1.13    0.69    0.51    0.72    0.79     27.57      2.30
    1927    0.76    0.81    1.12    1.75    1.98    1.81    1.35    0.88    0.56    0.38    0.35    0.46     12.23      1.02
    1928    0.62    0.69    0.67    0.82    0.87    3.63    2.45    1.33    1.23    1.51    1.25    1.18     16.26      1.35
    1929    1.55    1.80    2.69    5.67    2.85    1.56    1.32    0.90    0.68    0.61    0.58    0.67     20.88      1.74
    1930    0.81    1.05    1.61    5.73    2.90    1.54    1.50    1.09    0.64    0.54    0.51    0.38     18.29      1.52
    1931    0.44    0.57    0.79    1.20    1.48    1.78    1.50    1.09    0.86    0.66    0.47    0.42     11.24      0.94
    1932    0.67    1.04    1.37    1.36    1.21    1.25    1.14    0.79    0.47    0.39    0.34    0.27     10.30      0.86
    1933    0.26    0.80    5.75    9.48    3.84    2.33    2.20    1.86    1.33    1.06    1.05    0.89     30.85      2.57
    1934    0.84    1.10    5.65    3.20    1.92    1.93    1.72    1.42    6.68    3.34    1.18    0.74     29.74      2.48
    1935    0.60    0.50    0.42    0.57    1.50    5.02    2.60    1.43    1.33    0.97    0.71    0.63     16.27      1.36
    1936    0.67    4.78    2.77    1.54    2.01    1.75    1.13    0.66    0.46    0.40    0.33    0.29     16.79      1.40
    1937    0.39    0.63    1.02    1.35    5.69    2.88    1.57    1.45    0.98    0.81    0.82    0.63     18.24      1.52
    1938    0.92    1.68    1.90    2.53    8.92    3.98    1.32    1.02    0.81    0.62    0.55    0.68     24.93      2.08
    1939    1.04    1.46    1.74    1.67    1.80    2.00    1.76    7.30    3.80    1.67    1.03    0.74     26.01      2.17
    1940    0.79    1.41    6.34    3.32    1.64    1.54    1.57    1.22    0.73    0.52    0.40    0.38     19.85      1.65
    1941    0.49    0.74    0.87    1.20    3.87   11.47    4.71    1.58    1.13    0.78    0.76    0.77     28.36      2.36
    1942    0.83    1.38    8.31    4.06    1.87    1.86   15.17    6.44    1.87    1.68    3.34    2.19     49.01      4.08
    1943    9.01   18.97   11.37    3.23    1.67    2.02    1.65    0.98    0.64    0.53    0.43    0.63     51.14      4.26
    1944    1.03    1.06    0.80    0.72    1.06    8.78    3.97    1.20    0.80    0.52    0.39    0.29     20.63      1.72
    1945    0.37    0.41    0.40    0.77    1.42    1.81    1.63    1.16    0.73    0.47    0.35    0.29      9.81      0.82
    1946    0.36    0.65    1.03    1.32    3.70    5.66    2.88    1.46    1.39    1.47    1.11    0.77     21.80      1.82
    1947    0.70    1.19    1.69    1.73    2.06    3.20    2.23    1.41    0.88    0.53    0.39    0.33     16.34      1.36
    1948    0.53    1.06    1.48    1.81    3.03    2.36    1.74    1.24    0.77    0.50    0.40    0.44     15.34      1.28
    1949    0.67    1.20    1.79    3.75    2.52    3.84    2.34    1.29    0.85    0.64    0.76    0.70     20.33      1.69
    1950    0.57    0.55    0.93    6.58    3.45    1.69    1.27    0.74    0.45    0.33    0.57    0.85     17.98      1.50
    1951    0.92    0.88    0.96    2.52    2.35    1.98    1.78    1.39    0.94    0.64    0.51    0.42     15.29      1.27
    1952    0.39    0.56    0.89    1.13    4.25    2.50    1.22    0.84    0.60    0.46    0.63    0.97     14.45      1.20
    1953    1.20    1.33    4.27    2.88    2.02    1.82    1.46    1.30    1.12    0.86    0.64    0.61     19.51      1.63
    1954    1.18    1.85    1.62    9.77   11.19    5.42    2.38    1.56    1.02    0.67    0.48    0.46     37.59      3.13
    1955    0.57    0.80    1.22    1.04    1.38    7.04    3.52    1.45    0.96    0.64    0.54    0.53     19.69      1.64
    1956    0.67    1.28   10.04    8.53    3.00    1.72    2.10    1.76    1.08    0.65    0.58    1.13     32.52      2.71
    1957    1.98    3.36    2.24    1.72    4.82    2.78    2.10    1.71    1.04    0.65    0.47    0.45     23.32      1.94
    1958    0.45    0.69    1.39    2.95    2.88    1.80    1.10   13.55    5.63    1.18    0.77    0.68     33.08      2.76
    1959    0.73    1.00    1.24    1.12    1.05    2.33    2.11    1.46    0.87    0.54    0.43    0.45     13.33      1.11
    1960    0.63    1.07    8.01    6.27    2.54    5.50    7.47    3.11    1.16    0.75    0.56    0.55     37.61      3.13
    1961    0.55    0.61    0.89    1.45    1.94    3.35    2.25    1.28    0.74    0.45    0.48    0.46     14.46      1.21
    1962    0.47    0.86    1.15    1.35    1.26    3.10    2.15    1.16    0.67    0.86    0.97    0.66     14.66      1.22
    1963    0.59    0.78    0.72    1.15    1.53    1.42    1.40    1.11    0.80    0.68    0.52    0.50     11.21      0.93
    1964    0.90    1.15    1.16    1.29    1.29    0.99    0.59    0.46    0.72    0.84    0.81    0.79     11.00      0.92
    1965    0.85    1.24    1.40    5.36    2.97    1.29    0.80    0.68    0.56    0.42    0.40    0.43     16.40      1.37
    1966    0.47    0.82    1.10    1.41    6.40    8.09    3.49    1.62    1.05    0.74    0.55    0.38     26.10      2.17
    1967    0.51    0.95    0.99    1.31    1.50    1.43    1.20    0.78    0.48    0.34    0.37    0.47     10.33      0.86
    1968    0.53    0.58    0.55    0.48    0.63    1.23    1.34    1.14    0.88    0.72    0.65    0.72      9.44      0.79
    1969    1.30    1.61    1.66    1.56    1.32    1.05    0.76    0.59    0.58    0.50    0.67    1.18     12.77      1.06
    1970    1.65    1.87    1.88    1.59    1.33    1.48    1.43    1.42    1.23    0.96    1.20    1.24     17.28      1.44
    1971    1.23    1.23    1.36    1.71    5.13    2.83    1.39    1.06    0.83    0.67    0.52    0.38     18.34      1.53
    1972    0.39    0.55    0.61    0.72    1.19    1.66    1.64    1.24    0.74    0.47    0.51    0.72     10.45      0.87
    1973    0.78    1.01    1.29   11.86    5.29    1.91    1.60    1.29    0.99    0.72    0.55    0.40     27.69      2.31
    1974    0.40    0.56    0.75    1.27    5.31    2.88    1.39    0.98    0.58    0.39    0.30    0.48     15.30      1.27
    1975    0.74    0.83    1.28    9.90    7.08   14.68    5.91    1.77    1.18    0.72    0.64    0.73     45.46      3.79
    1976    1.28    1.47    1.15    4.98    2.95    4.45    2.47    1.08    0.68    0.49    0.44    0.47     21.90      1.83
    1977    0.67    0.96    1.38    3.20    2.96    2.36    3.26    2.07    1.08    0.70    0.83    4.09     23.53      1.96
    1978    7.27    6.62    5.56    2.72    4.51    2.77    1.65    1.30    0.89    0.90    1.36    3.86     39.42      3.29
    1979    2.78    1.82    1.45    1.41    1.23    0.91    0.78    0.68    0.47    0.35    0.29    0.58     12.75      1.06
    1980    0.95    1.16    1.23    3.94    2.45    1.38    1.12    0.93    0.77    0.61    0.73    0.93     16.23      1.35
    1981    0.86    1.24    1.48    1.37    1.26    4.43    2.56    1.17    0.76    0.53    0.40    0.35     16.41      1.37
    1982    0.57    0.75    0.67    0.58    0.47    0.49    0.58    0.52    0.39    0.40    0.51    0.52      6.43      0.54
    1983    0.63    1.34    5.01    5.82    5.85    2.90    1.98    1.66    1.13    0.85    0.74    0.59     28.51      2.38
    1984    0.93    1.32    1.20    1.33   14.19    5.85    1.38    0.93    0.63    0.49    0.37    0.36     28.98      2.42
    1985    1.06    1.97    5.28    3.07    1.79    1.91    1.71    1.13    0.73    0.58    0.57    0.58     20.38      1.70
    1986    0.88    1.36    2.72    2.24    1.92    4.76    2.62    1.19    0.80    0.66    0.86   37.66     57.66      4.81
    1987   15.60    8.75    3.78    1.41   12.44   15.20    4.91    1.49    1.38    1.20    0.97    0.81     67.93      5.66
    1988    0.91    1.14    3.32    2.27    7.11    3.33    1.10    0.80    0.62    0.56    0.45    0.37     21.98      1.83
    1989    0.43   14.62    6.34    1.74    1.50    6.14    3.21    1.31    0.84    0.58    0.63    0.64     37.98      3.16
    1990    0.88    1.12    1.44    6.36    8.17    4.38    1.93    1.22    0.96    0.67    0.48    0.50     28.11      2.34
    1991    1.01    1.71    1.61    1.52    1.34    1.13    1.00    0.73    0.44    0.32    0.27    0.24     11.32      0.94
    1992    0.27    0.41    0.68    0.87    1.27    1.46    1.22    0.88    0.57    0.38    0.31    0.37      8.70      0.72
    1993    0.88    1.22    1.61    2.96    1.94    1.50    1.38    0.95    0.61    0.60    0.78    0.67     15.09      1.26
    1994    0.80    0.94    0.93    1.19    1.11    2.61    2.19    1.47    1.19    1.01    0.70    0.63     14.78      1.23
    1995    1.17    3.26   31.78   23.01   15.93    7.40    2.31    1.06    0.72    1.25    1.60    1.11     90.61      7.55
    1996    1.08    1.62   11.91    6.26    2.05    1.41    1.60    1.48    1.39    1.45    1.21    1.13     32.58      2.71
    1997    1.49    6.56    3.44    6.79   12.55    7.13    2.46    1.22    0.82    0.56    0.47    0.44     43.93      3.66
    1998    0.44    0.63    1.21    3.40    6.01    2.80    1.05    0.59    0.42    0.33    0.27    0.22     17.37      1.45
    1999    0.44    0.70   12.33    5.78    1.78    1.24    0.95    0.85    0.69    0.49    0.35    0.38     25.99      2.17
    2000    0.48    0.60    0.83    1.08    1.22    1.13    1.19    1.14    0.79    0.50    0.41    0.55      9.92      0.83
    2001    0.98    2.91    7.45    6.94    2.87    1.47    1.10    0.77    0.60    0.67    0.86    0.83     27.46      2.29
    2002    0.76    0.91    1.14    1.31    1.52    1.70    1.52    1.40    1.21    0.81    0.62    0.82     13.73      1.14
    2003    0.90    1.11    1.26    1.33    1.48    1.35    1.04    0.67    0.43    0.42    0.40    0.45     10.84      0.90
    2004    0.74    1.05    4.24    9.71    4.24    8.26    3.64    0.99    0.59    0.42    0.35    0.36     34.59      2.88
    2005    0.45    0.68    0.94    2.71    2.33    3.41    2.36    1.56    1.07    0.68    0.62    0.71     17.52      1.46
    2006    0.87    1.31    4.03    2.55    1.44    1.45    1.49    1.08    0.80    0.69    0.47    0.45     16.64      1.39
    2007    0.78    4.83    2.88    5.27    2.90    1.62    1.56    1.23    0.82    0.60    0.42    0.37     23.27      1.94
    2008    0.39    0.52    0.86    1.30    4.85    6.27    2.77    1.19    0.71    0.47    0.42    0.45     20.23      1.69
    2009    0.69    1.00    1.27    1.70    1.81    1.27    0.64    0.35    0.25    0.21    0.18    0.16      9.54      0.79
  
 AVERAGE    1.13    1.87    3.03    3.32    3.41    3.78    2.27    1.44    0.98    0.70    0.64    1.10     23.67      1.97
