    1920    1.64    1.50    1.02    1.50    2.92    3.28    2.26    1.24    0.82    0.57    0.39    0.39     17.53      1.46
    1921    0.33    0.72    1.82    2.67    3.36    2.87    1.80    1.02    0.74    0.56    0.60    0.48     16.97      1.41
    1922    0.67    1.92    2.76    3.83    7.54    5.03    2.28    1.14    0.85    0.74    0.59    0.37     27.71      2.31
    1923    0.32    0.36    1.02    2.36    3.24    4.83    3.99    2.07    0.93    0.53    0.39    0.50     20.53      1.71
    1924    1.23    2.85    4.82    4.99    7.63   55.56   21.39    3.55    2.03    1.16    0.68    0.48    106.36      8.86
    1925    0.63    1.47    1.79    2.57    3.71    4.44    3.53    1.86    0.97    0.68    0.44    0.77     22.87      1.91
    1926    1.35    2.10    3.77    5.10    8.69    6.49    3.83    1.92    0.87    0.81    0.80    0.47     36.20      3.02
    1927    0.85    1.22    2.06    3.66    3.87    4.07    3.27    1.99    1.06    0.63    0.44    0.39     23.51      1.96
    1928    0.56    0.78    1.43    3.28    3.92    4.77    4.31    2.68    2.08    2.36    1.77    1.96     29.91      2.49
    1929    2.16    2.38    3.46   10.85    6.50    6.36    5.06    2.82    1.36    0.80    0.56    0.63     42.96      3.58
    1930    0.74    0.55    0.83    3.07    5.26    4.58    3.70    2.47    1.24    0.99    0.81    0.41     24.67      2.06
    1931    0.37    0.68    0.84    0.98    3.13    8.43    5.27    2.49    1.53    0.92    0.52    0.36     25.51      2.13
    1932    0.31    0.57    1.27    1.44    1.57    1.84    1.63    1.10    0.63    0.50    0.37    0.21     11.43      0.95
    1933    0.16    0.89    3.14   30.13   16.67    6.72    4.93    3.63    2.40    1.81    2.11    1.50     74.09      6.17
    1934    1.43    3.38   22.17   10.23    4.29    4.36    3.49    2.12    1.16    0.76    0.53    0.40     54.31      4.53
    1935    0.35    0.62    1.08    1.13    2.15    3.98    3.18    2.68    2.30    1.40    0.71    0.40     19.98      1.66
    1936    0.52    4.18    4.97   14.28   17.61    7.69    2.96    1.38    0.69    0.52    0.38    0.28     55.44      4.62
    1937    0.30    0.36    0.79    2.49    4.19    3.50    3.41    2.91    2.00    1.74    1.58    1.15     24.42      2.03
    1938    1.29    1.60    2.76    7.49   42.45   18.78    4.59    2.42    1.39    1.13    1.07    0.84     85.81      7.15
    1939    1.21    3.25    4.56    3.93    3.71    3.48    2.78    2.68    2.65    1.92    1.03    0.86     32.05      2.67
    1940    0.78    0.96    2.17    4.37    9.21    5.81    3.25    2.19    1.22    0.82    0.58    0.40     31.76      2.65
    1941    0.52    0.60    0.52    1.06    2.55    4.65    4.83    3.29    1.87    1.08    0.79    0.71     22.48      1.87
    1942    1.01    2.90   10.15    7.20    4.84    5.06   21.15   10.14    3.31    2.99    4.26    3.11     76.14      6.35
    1943   13.14   19.12   12.23    6.56   18.44    9.00    2.81    1.38    1.76    1.82    1.00    1.26     88.51      7.38
    1944    2.01    1.93    1.40    1.24    2.50   16.89    8.66    2.89    1.42    0.82    0.54    0.36     40.67      3.39
    1945    0.31    0.30    0.28    0.82    2.69    7.83    5.27    2.43    1.24    0.70    0.45    0.28     22.59      1.88
    1946    0.63    1.91    1.91    1.44    2.02    4.38    4.19    2.53    1.28    0.74    0.49    0.47     22.01      1.83
    1947    0.81    1.57    2.74    4.51    4.89   29.82   13.07    3.30    1.66    0.86    0.55    0.39     64.17      5.35
    1948    0.51    0.70    0.71    1.20    2.05    3.07    3.34    2.43    1.39    0.79    0.46    0.42     17.07      1.42
    1949    0.62    1.16    2.19    3.47    4.76   21.42    9.97    3.15    1.86    1.13    1.00    0.74     51.47      4.29
    1950    0.72    0.75    1.86    3.03    3.23    3.83    3.29    2.15    1.21    0.75    0.73    0.81     22.36      1.86
    1951    1.03    0.84    0.83    2.29   20.71   10.65    4.04    2.34    1.18    0.95    0.80    0.54     46.19      3.85
    1952    0.62    1.08    2.48    3.56   16.90    8.89    3.76    2.44    1.37    0.81    0.61    0.45     42.98      3.58
    1953    0.47    0.83    1.71    2.56    3.61    4.87    3.81    2.37    1.58    1.04    0.59    0.53     23.98      2.00
    1954    0.77    1.67    2.71   13.59   27.90   11.58    3.84    2.40    1.42    0.86    0.54    0.35     67.61      5.63
    1955    0.33    0.64    1.65    2.42    7.80   20.09    8.69    2.70    1.60    0.92    0.56    0.45     47.86      3.99
    1956    0.62    1.55   15.72   17.35   11.16    6.70    4.79    2.98    1.62    1.39    1.53    6.37     71.79      5.98
    1957   12.78    6.86    3.99   16.78    9.42    5.18    4.79    3.46    1.79    0.98    0.63    0.60     67.26      5.61
    1958    0.72    1.31    2.87    3.44    3.92    3.53    2.82    3.57    3.20    2.11    1.25    0.61     29.36      2.45
    1959    0.98    2.10    2.78    3.19    4.01    4.92    4.74    3.26    1.65    0.89    0.74    0.63     29.89      2.49
    1960    0.84    1.27    2.83    4.48    3.81    4.11    4.87    3.88    2.43    1.34    0.73    0.55     31.13      2.59
    1961    0.48    0.90    2.04    3.58    9.59    6.36    3.73    2.39    1.20    0.68    0.48    0.37     31.80      2.65
    1962    0.37    0.75    1.56   15.75    8.53    4.13    3.33    2.06    1.34    1.24    0.80    0.40     40.27      3.36
    1963    0.45    1.09    1.55    2.99    3.79    3.86    3.35    1.99    1.24    1.02    0.68    0.62     22.65      1.89
    1964    1.76    3.92    4.37    5.04    4.34    2.86    2.23    1.66    1.34    1.27    1.34    1.32     31.45      2.62
    1965    0.92    1.04    1.20    2.93    5.24    3.71    1.93    0.97    0.62    0.48    0.37    0.32     19.73      1.64
    1966    0.37    0.59    1.60    6.47   26.60   15.82    6.47    3.83    2.10    1.10    0.66    0.41     66.02      5.50
    1967    0.37    0.51    0.91    1.25    1.23    1.59    1.73    1.37    0.87    0.53    0.48    0.39     11.22      0.94
    1968    0.29    0.46    1.13    1.72    2.27    3.88    3.98    2.99    2.07    1.38    0.79    0.46     21.41      1.78
    1969    0.86    1.29    2.22    3.72    3.82    3.19    2.02    1.09    0.70    0.62    0.72    0.92     21.17      1.76
    1970    1.20    1.20    1.10    5.41    7.63    5.82    4.14    3.04    2.08    1.36    0.98    0.58     34.55      2.88
    1971    0.51    0.75    1.24    2.45    8.47   19.65    8.52    2.59    1.41    0.81    0.58    0.38     47.33      3.94
    1972    0.39    0.70    0.75    0.75    2.17    3.31    2.60    1.65    0.87    0.52    0.75    1.24     15.69      1.31
    1973    1.08    1.37    2.52   20.08   27.31   12.40    5.66    3.47    1.96    1.28    0.81    0.48     78.42      6.53
    1974    0.37    0.99    2.37    4.21   27.63   14.13    5.24    3.01    1.41    0.78    0.53    0.69     61.35      5.11
    1975    1.02    1.76    3.96   18.41   17.36   44.11   16.88    3.75    2.27    1.23    0.73    0.58    112.06      9.34
    1976    1.11    2.31    3.11    4.40    7.50    6.04    4.61    3.13    1.58    0.85    0.57    0.71     35.92      2.99
    1977    1.54    1.89    2.48   18.37   10.41    8.41    5.84    3.13    1.48    0.84    0.70    0.75     55.84      4.65
    1978    1.52    1.95    3.39    4.37    4.50    4.51    3.21    1.88    1.11    0.90    1.39    1.51     30.25      2.52
    1979    1.28    1.65    2.61    4.00    5.63    5.69    3.99    2.06    0.98    0.62    0.45    0.63     29.58      2.47
    1980    0.74    0.87    1.63    6.79   45.22   17.45    2.88    1.49    0.86    0.67    0.76    0.79     80.14      6.68
    1981    0.58    0.95    2.08    2.48    2.21    2.20    2.49    1.92    1.05    0.64    0.44    0.32     17.36      1.45
    1982    0.59    0.89    0.72    0.74    0.90    0.89    0.74    0.56    0.42    0.52    0.55    0.37      7.90      0.66
    1983    0.57    1.56    3.14    3.72    3.59    8.52    5.69    2.64    1.33    0.78    0.78    0.63     32.93      2.74
    1984    0.59    0.81    0.73    1.58   33.59   14.13    2.62    1.20    0.59    0.44    0.32    0.25     56.84      4.74
    1985    0.75    1.88    3.38    7.80    5.78    4.05    3.62    2.57    1.40    0.82    0.73    0.62     33.40      2.78
    1986    0.93    1.67    2.31    2.61    3.47    4.90    3.93    2.15    1.01    0.64    0.86   10.48     34.96      2.91
    1987    6.86    4.05    3.58    3.81   22.30   29.35   10.50    2.81    1.62    1.33    0.94    0.73     87.86      7.32
    1988    0.95    1.61    2.92    7.19   38.94   15.79    3.72    2.24    1.31    0.90    0.58    0.36     76.52      6.38
    1989    0.37    1.20    2.95    3.46    3.88    4.01    3.31    2.13    1.15    0.72    0.60    0.42     24.20      2.02
    1990    0.37    0.34    0.72    4.56    7.36    6.23    3.96    1.89    0.88    0.62    0.41    0.31     27.64      2.30
    1991    0.78    1.65    2.22    2.23    2.76    3.62    2.86    1.65    0.80    0.49    0.40    0.29     19.76      1.65
    1992    0.28    0.42    0.52    0.86    3.24    5.94    4.49    2.23    1.04    0.57    0.41    0.32     20.33      1.69
    1993    0.85    1.93    2.81    6.83   12.41    7.78    4.82    2.89    1.37    0.79    0.60    0.40     43.48      3.62
    1994    0.39    0.36    0.36    1.15    2.41    3.35    3.46    2.38    1.37    0.85    0.51    0.39     17.00      1.42
    1995    0.44    1.20   17.14   40.61   44.08   14.34    3.53    2.13    1.28    1.18    1.25    0.80    127.98     10.67
    1996    1.16    1.71    2.02    9.37    6.89   23.25   10.64    3.54    2.70    2.16    1.42    0.95     65.81      5.48
    1997    1.14    1.82    2.11    2.61   12.48    7.79    3.66    1.84    0.87    0.62    0.45    0.35     35.72      2.98
    1998    0.31    1.23    3.03    3.42    4.82    5.14    3.80    2.20    1.13    0.68    0.45    0.29     26.51      2.21
    1999    0.34    0.58    1.38    3.61    4.99   19.21    8.94    3.11    2.09    1.19    0.64    0.65     46.74      3.89
    2000    1.00    1.20    1.92    2.51    2.97    3.42    3.70    2.98    1.69    0.91    0.73    1.06     24.09      2.01
    2001    2.18    3.35    3.19    4.05    4.58    3.95    2.87    1.87    1.30    0.97    1.45    1.72     31.49      2.62
    2002    1.28    0.79    1.91    3.54    3.71    3.40    2.97    2.32    1.40    0.80    0.52    0.39     23.02      1.92
    2003    0.34    0.66    0.88    1.15    3.12   14.04    7.25    2.34    1.14    0.78    0.57    0.46     32.73      2.73
    2004    0.53    0.82    1.31    3.07    5.28   14.04    7.09    2.40    1.20    0.73    0.67    0.55     37.69      3.14
    2005    0.90    1.64    1.44    2.46   26.29   13.38    4.74    2.73    1.43    0.79    0.73    0.61     57.14      4.76
    2006    0.66    1.02    1.99    2.79    2.22    1.53    1.21    0.85    0.51    0.40    0.30    0.33     13.84      1.15
    2007    0.99    1.83    2.17    3.44    4.85    9.53    5.95    2.79    1.54    0.94    0.56    0.38     34.97      2.91
    2008    0.37    0.93    2.97   16.59   25.40   12.94    4.92    2.37    1.39    1.00    0.71    0.57     70.16      5.85
    2009    0.71    0.91    1.18    3.00    3.73    3.81    3.86    2.65    1.40    0.81    0.51    0.31     22.90      1.91
  
 AVERAGE    1.12    1.63    2.83    5.61    9.40    8.90    4.86    2.47    1.42    0.96    0.76    0.80     40.75      3.40
