    1920    6.19    2.08    0.47    0.39   10.88   10.53    2.74    0.31    0.22    0.18    0.14    0.50     34.64      2.89
    1921    0.55   26.07   26.51   10.38   11.90    4.11    0.44    0.26    0.30    0.25    0.85    0.80     82.43      6.87
    1922    6.54   19.36    8.23   13.30   23.05    6.57    0.28    0.21    0.23    0.32    0.26    0.15     78.49      6.54
    1923    0.19    0.20    0.33    8.24    3.77    2.88    1.29    0.31    0.20    0.16    0.15    0.42     18.13      1.51
    1924    0.97    5.98   11.64    4.23    3.25   43.39   14.88    0.98    0.32    0.24    0.18    0.30     86.37      7.20
    1925    0.71    0.95    0.66   13.62    5.16    1.19    0.71    0.28    0.29    0.25    0.14    3.77     27.71      2.31
    1926    2.11    1.89    1.48    7.19   14.00    7.96    1.94    0.32    0.19    0.27    0.32    0.18     37.85      3.15
    1927    2.48    1.28    4.33    5.04    6.17    9.25    3.09    0.42    0.26    0.19    0.19    0.32     33.02      2.75
    1928    0.55    0.39    6.01    5.29    1.81   12.56    4.79    0.58    0.64    1.17    0.80   10.58     45.17      3.76
    1929    4.30   14.06   10.14   18.00    6.29    1.41    0.85    0.40    0.22    0.21    0.21    0.24     56.32      4.69
    1930    0.24    0.15    0.46   15.77   11.89    2.83    0.60    0.29    0.16    0.23    0.20    0.11     32.92      2.74
    1931    0.17    0.42    0.49    0.78   18.43   10.53    1.90    0.61    0.62    0.39    0.20    0.18     34.72      2.89
    1932    0.21    0.66    1.26    0.89    0.89    1.10    0.85    0.41    0.17    0.20    0.15    0.08      6.88      0.57
    1933    0.10   20.88   18.59   48.20   15.72    3.70    1.91    1.10    0.71    0.63    1.33    0.83    113.70      9.48
    1934    0.74    5.54   22.25    7.16    2.86    6.11    2.55    0.56    0.33    0.27    0.19    0.21     48.76      4.06
    1935    0.27    0.27    0.36    2.05   10.58   12.17    3.38    5.70    2.46    0.38    0.21    0.17     37.99      3.17
    1936    0.41   16.86    6.53   22.28   14.96    3.29    0.61    0.27    0.18    0.15    0.13    0.17     65.84      5.49
    1937    0.26    0.23    2.96    4.08    9.09    3.12    1.22    0.83    0.91    1.34    1.10    0.75     25.89      2.16
    1938    2.72    1.76    6.37    8.75   20.37    7.80    1.03    0.51    0.42    0.47    0.51    0.45     51.17      4.26
    1939    0.74   23.39   18.50    4.44    2.14    1.16    0.57    4.31    2.39    0.77    0.28    0.70     59.38      4.95
    1940    1.11    3.90    8.18   21.67   13.47    3.11    1.08    0.64    0.23    0.21    0.17    0.17     53.95      4.50
    1941    0.36    0.39    0.52   13.59   17.80    7.22    2.68    1.23    0.47    0.27    0.36    0.59     45.48      3.79
    1942    3.14   17.55   16.97    9.92    2.68    3.50   25.26    8.64    0.66    1.26   12.65    4.56    106.78      8.90
    1943   19.17   13.15    8.07    4.17   25.23    8.66    0.47    0.21    0.60    0.61    0.27    1.90     82.52      6.88
    1944    9.79    3.97    0.68    0.36    3.57   26.04    8.70    0.44    0.27    0.21    0.16    0.13     54.32      4.53
    1945    0.14    0.12    0.05    7.45    6.77   16.82    5.48    0.39    0.26    0.19    0.14    0.11     37.93      3.16
    1946    4.16    8.53    3.09    0.74   13.11    9.04    2.42    0.59    0.44    0.38    0.20    0.31     43.01      3.58
    1947    0.90    6.84    7.80   11.06    3.73   14.78    5.54    0.69    0.30    0.21    0.16    0.19     52.19      4.35
    1948    0.64    0.88    0.54    0.95    3.95    2.72    1.92    1.01    0.33    0.19    0.13    0.21     13.47      1.12
    1949    2.36   10.16   11.78    3.90    2.73   11.55    4.43    1.17    0.62    0.32    0.40    0.28     49.69      4.14
    1950    0.55    0.62    7.49    3.14    0.89    0.82    0.89    0.65    0.33    0.26    0.50    0.55     16.69      1.39
    1951    0.79    0.52    0.79   19.41   11.29    3.57    1.37    0.53    0.24    0.43    0.39    0.20     39.52      3.29
    1952    0.39    2.81    1.53    6.25   33.20   11.45    1.63    0.95    0.36    0.22    0.50    0.47     59.77      4.98
    1953    0.37    8.16    3.47    1.62   16.24   11.04    2.39    0.44    0.39    0.26    0.17    0.48     45.03      3.75
    1954    6.06   20.11    8.13   22.72   27.90    7.50    0.94    0.40    0.22    0.18    0.14    0.13     94.44      7.87
    1955    0.24    4.40    2.71    0.85   18.82   19.56    4.76    0.64    0.48    0.25    0.17    0.19     53.09      4.42
    1956    0.64    8.42   31.64   17.45    3.88    3.87    1.86    0.45    0.26    0.64    1.07   22.08     92.24      7.69
    1957   18.58    4.40    1.14    9.50    4.11    1.56    6.43    2.54    0.29    0.21    0.16    0.50     49.41      4.12
    1958    1.05    3.51    4.09    4.75    7.89    2.65    0.60    5.66    2.44    0.42    0.26    0.17     33.49      2.79
    1959    2.90    5.02    5.77    3.57    8.99    9.85    3.57    0.94    0.31    0.22    0.24    0.26     41.63      3.47
    1960    0.85    1.28   14.52    5.18    0.44    5.21    4.74    1.80    0.57    0.27    0.18    0.28     35.32      2.94
    1961    0.29    4.08    2.14   13.00   11.68    3.01    0.71    0.49    0.25    0.18    0.19    0.23     36.27      3.02
    1962    0.25    0.74    1.21   24.72    8.42    1.09    0.82    0.34    0.44    0.79    0.51    0.18     39.52      3.29
    1963    0.24    0.94    0.72   21.66    7.52    0.79    0.60    0.27    0.40    0.41    0.30    0.57     34.41      2.87
    1964   18.12    7.02    3.51    9.25    3.57    0.60    0.57    0.48    0.62    0.62    0.64    0.77     45.78      3.82
    1965    0.58    0.95    0.86   22.37   11.78    1.87    0.28    0.30    0.23    0.16    0.18    0.21     39.77      3.31
    1966    0.28    0.55   13.14   27.04   23.48   19.32    5.95    1.04    0.37    0.23    0.18    0.15     91.74      7.64
    1967    0.21    0.39    0.79    0.80    0.68    0.91    0.65    0.29    0.14    0.11    0.23    0.23      5.42      0.45
    1968    0.17    0.28    0.53    3.38    4.27   15.30    5.70    1.27    0.76    0.37    0.21    0.16     32.40      2.70
    1969    5.74    2.37    5.12    6.72    5.12    1.57    0.24    0.23    0.27    0.30    0.61    0.94     29.24      2.44
    1970    1.54    1.17    0.49   25.23   11.71    1.91    0.90    1.23    0.88    0.51    0.42    0.23     46.23      3.85
    1971    0.35    0.59    8.28   12.14   15.89   11.53    2.86    0.28    0.22    0.18    0.21    0.16     52.69      4.39
    1972    0.23    0.50    0.50    0.69    7.30    2.91    1.26    0.83    0.27    0.15    1.59    4.01     20.24      1.69
    1973    1.83    5.87    9.81   25.54   14.84    4.77    2.05    1.00    0.46    0.32    0.24    0.16     66.91      5.58
    1974    0.17    7.91    8.13   20.51   36.49   11.89    1.54    0.60    0.23    0.18    0.15    3.72     91.51      7.63
    1975    2.08    8.87   20.98   35.44   19.68   30.83   10.33    1.53    0.63    0.27    0.22    0.22    131.07     10.92
    1976    6.40    6.54    7.59   11.39    3.82    5.46    3.29    1.01    0.28    0.20    0.16    0.74     46.89      3.91
    1977    8.09    3.42    3.35   29.68   12.31    9.09    3.41    0.48    0.21    0.18    0.29    0.80     71.30      5.94
    1978    9.42    3.91   11.16    4.25   12.02    4.53    0.48    0.42    0.36    0.53    4.32    2.37     53.77      4.48
    1979    1.03    1.08    1.85   11.50   12.61    3.91    0.72    0.30    0.21    0.17    0.14    0.84     34.37      2.86
    1980    1.06    2.07    7.15   15.09   46.12   14.32    0.68    0.26    0.25    0.23    0.35    0.68     88.25      7.35
    1981    0.56    1.00    1.33    1.75    0.82    0.72    0.58    0.26    0.13    0.14    0.12    0.15      7.55      0.63
    1982    8.15    3.20    0.49    4.68    2.03    0.60    0.42    0.30    0.24    0.22    0.21    0.13     20.67      1.72
    1983    3.65   15.82   22.12   13.42    3.09   10.55    4.13    0.48    0.26    0.27    0.78    0.76     75.33      6.28
    1984    0.96    0.85    0.53   17.41   37.84   10.91    0.29    0.17    0.15    0.14    0.12    0.14     69.51      5.79
    1985    6.74   11.21   11.39   12.14    5.84    3.13    1.49    0.50    0.31    0.26    0.27    0.23     53.53      4.46
    1986    0.80    1.08    4.75    2.48   18.26   14.39    3.31    0.34    0.22    0.20    0.65   33.56     80.04      6.67
    1987   11.98    4.29    5.81    3.03   25.57   21.52    4.84    0.36    0.36    0.64    0.44    0.34     79.18      6.60
    1988    1.91    2.14   15.05   16.04   33.27   10.63    0.95    0.33    0.31    0.26    0.17    0.11     81.18      6.76
    1989    0.30   19.81   12.46    2.52    1.07    5.94    2.69    0.58    0.23    0.18    0.25    0.18     46.20      3.85
    1990    0.21    0.14    8.39   15.97   26.18    8.16    0.72    0.19    0.27    0.29    0.17    0.16     60.83      5.07
    1991   16.02    6.25   12.76    4.63   14.77    5.32    0.71    0.42    0.21    0.17    0.20    0.15     61.60      5.13
    1992    0.13    0.31    0.63    2.97    9.83    6.16    1.67    0.38    0.18    0.15    0.14    0.16     22.72      1.89
    1993   10.65    6.10    5.32    9.07   25.39   15.35    3.20    0.39    0.20    0.20    0.30    0.21     76.39      6.37
    1994    0.27    0.17    0.53    1.32    0.99    1.15    0.96    0.48    0.21    0.14    0.13    0.16      6.51      0.54
    1995    0.18    0.54   25.74   44.19   47.96   19.58    3.02    0.56    0.41    0.97    0.98    0.41    144.54     12.05
    1996    8.55    3.74    3.10   16.56    5.63   23.52    8.39    1.56    5.79    2.82    0.82    0.60     81.09      6.76
    1997    1.05    7.94    3.33    9.09   18.69   11.54    2.65    0.39    0.25    0.21    0.17    0.15     55.45      4.62
    1998    0.32    9.69    8.22    8.52    3.14    1.06    0.56    0.22    0.17    0.15    0.12    0.09     32.26      2.69
    1999    0.19    0.45   17.20   18.93   15.66    4.43    0.82    1.75    1.10    0.35    0.20    0.43     61.52      5.13
    2000    1.19    1.13    1.05    0.66    1.26    2.42    1.11    0.25    0.14    0.14    0.13    6.82     16.30      1.36
    2001    9.91   24.44    9.86    3.56    1.40    0.39    0.37    0.36    0.27    0.46    1.13    0.94     53.09      4.42
    2002    0.75    0.40    4.00    2.11    5.75    2.50    0.85    0.59    0.29    0.18    0.14    0.09     17.66      1.47
    2003    0.08    2.28    1.39    1.75    7.86    3.40    0.76    0.25    0.19    0.25    0.27    0.25     18.74      1.56
    2004    0.22    5.37    6.30   16.94   15.29    4.40    0.78    0.23    0.18    0.16    0.18    0.14     50.18      4.18
    2005    0.68    3.16    1.26   38.89   20.04   22.71    7.38    0.71    0.25    0.19    0.35    0.31     95.93      7.99
    2006    0.43    4.40   10.21    8.76    2.34    0.39    0.26    0.15    0.18    0.19    0.13    0.17     27.63      2.30
    2007   13.89    5.14    0.95    6.57    3.19    6.47    5.90    1.83    0.31    0.23    0.16    0.14     44.78      3.73
    2008    0.18    2.27    5.64   19.13   30.11    8.60    0.59    0.21    0.17    0.15    0.31    0.42     67.78      5.65
    2009    0.45    0.41    0.50   14.69    5.05    2.11    1.23    0.34    0.16    0.14    0.11    0.08     25.28      2.11
  
 AVERAGE    2.92    5.22    6.60   11.18   11.97    7.84    2.63    0.84    0.47    0.35    0.51    1.33     51.87      4.32
