    1920    2.43    1.91    0.88    0.52   32.63   12.66    2.90    0.90    0.38    0.27    0.18    1.17     56.82      4.74
    1921    1.38   14.93    8.52   14.79    6.56    3.06    1.27    0.49    0.50    0.43    0.97    0.80     53.71      4.48
    1922    1.62    4.14    2.63   18.61   16.07    5.17    1.26    0.36    0.25    0.43    0.39    0.17     51.12      4.26
    1923    0.15    0.29    0.55    2.01    5.92    6.13    2.55    0.93    0.43    0.29    0.23    0.67     20.15      1.68
    1924    2.12   10.89   15.78    7.59    7.28   58.58   18.84    3.14    1.11    0.53    0.30    0.65    126.80     10.57
    1925    1.61    1.44    2.25   24.80    8.85    3.09    1.50    0.60    0.49    0.42    0.23    1.04     46.31      3.86
    1926    2.73    4.94    4.93    5.44    7.04   12.95    4.97    1.05    0.33    0.31    0.34    0.20     45.23      3.77
    1927    1.01    1.05    1.40    3.96    5.42    4.89    2.62    1.02    0.41    0.30    0.23    0.30     22.61      1.88
    1928    0.52    0.65    2.73   11.41    6.32    6.69    4.29    1.63    1.15    1.79    1.16    3.40     41.75      3.48
    1929    4.80    4.73    6.20   12.98    7.11   12.45    5.25    1.57    0.71    0.46    0.32    0.30     56.89      4.74
    1930    0.27    0.21    0.74    9.13    7.64    5.65    3.07    1.25    0.41    0.59    0.48    0.17     29.61      2.47
    1931    0.24    0.36    0.74    1.22   22.49   19.59    5.68    1.61    0.83    0.45    0.26    0.21     53.68      4.47
    1932    0.16    0.49    1.90    1.81    1.55    1.69    1.26    0.58    0.27    0.45    0.38    0.14     10.69      0.89
    1933    0.12    4.53   14.69   27.83   10.82   10.30    7.82    4.92    1.88    1.05    1.55    0.99     86.52      7.21
    1934    0.94    6.63   28.83    8.73    4.68    6.30    2.81    1.07    0.50    0.35    0.26    0.17     61.27      5.11
    1935    0.14    0.22    0.54    1.22    3.29    6.12    2.65    3.13    2.38    0.96    0.33    0.20     21.16      1.76
    1936    0.43    6.25    5.61    7.80    8.72    3.94    1.36    0.53    0.30    0.26    0.18    0.12     35.50      2.96
    1937    0.14    0.25    2.10    7.49    4.80    2.36    4.08    2.44    1.05    1.03    0.90    0.58     27.23      2.27
    1938    1.38    1.65    2.33    9.77   40.00   13.84    2.94    1.11    0.53    0.52    0.50    0.43     75.01      6.25
    1939    1.01    3.24    5.24    3.43    3.67    3.17    1.77    2.23    3.22    1.64    0.63    0.42     29.66      2.47
    1940    0.36    0.42    1.29    3.53    8.46    4.95    2.55    1.14    0.40    0.31    0.22    0.15     23.78      1.98
    1941    0.33    0.45    0.33    1.52    5.27   11.05    5.88    2.15    0.73    0.42    0.44    0.45     29.03      2.42
    1942    0.77    9.96   19.66   11.75    5.89    8.20   27.52   10.14    2.53    1.88    5.49    2.63    106.43      8.87
    1943   19.38   18.70   10.25    7.09   14.00    6.59    2.09    0.66    0.81    0.78    0.36    1.29     82.00      6.83
    1944    1.62    1.36    0.76    0.86    1.62   15.75    6.18    1.29    0.43    0.32    0.21    0.12     30.52      2.54
    1945    0.11    0.13    0.21    1.96    5.35   10.79    4.87    1.38    0.44    0.30    0.20    0.11     25.85      2.15
    1946    0.41    1.60    1.75    1.13    4.60    8.42    4.23    1.40    0.62    0.51    0.28    0.25     25.21      2.10
    1947    0.76    2.20    5.94   16.11    7.42   25.64    9.55    2.32    0.81    0.37    0.23    0.17     71.51      5.96
    1948    0.24    0.43    0.92    2.11    3.21    5.97    4.19    1.81    0.70    0.39    0.23    0.29     20.48      1.71
    1949    0.46    1.49    2.31    2.13    4.38   29.00    9.57    1.89    0.94    0.59    0.63    0.61     54.01      4.50
    1950    0.69    1.01   16.17    7.10    5.14    5.73    3.30    1.31    0.52    0.38    0.57    0.79     42.70      3.56
    1951    0.92    0.55    0.79   14.65   14.25    6.85    3.36    1.24    0.45    0.65    0.59    0.36     44.68      3.72
    1952    0.61    1.19    4.13    6.82   11.46    5.44    2.39    1.12    0.41    0.29    0.26    0.19     34.31      2.86
    1953    0.24    0.83    2.05    2.44   12.33    7.08    3.11    1.56    0.83    0.43    0.24    0.31     31.45      2.62
    1954    0.80    3.95    5.25   11.70   23.46    9.41    3.82    1.71    0.81    0.42    0.24    0.14     61.70      5.14
    1955    0.16    0.36    2.19    1.86    3.50   13.69    5.24    1.09    0.40    0.29    0.20    0.19     29.17      2.43
    1956    0.24    1.73   19.89   17.73    8.13    7.68    5.21    2.06    0.71    0.66    1.00    7.03     72.08      6.01
    1957    7.85    3.95    2.22   15.28   12.23    6.10    5.63    2.62    0.88    0.38    0.22    0.23     57.60      4.80
    1958    0.38    1.55    3.35    5.30    6.20    4.88    2.66    3.38    1.98    0.93    0.44    0.20     31.24      2.60
    1959    0.80    2.00    3.00    2.83    5.75    8.73    6.50    2.66    0.83    0.38    0.29    0.26     34.03      2.84
    1960    0.45    1.31    3.82    3.45    3.12    6.93    5.77    2.51    0.95    0.43    0.27    0.30     29.32      2.44
    1961    0.31    0.89    2.14   10.48   10.76    7.51    5.54    2.26    0.76    0.36    0.27    0.20     41.49      3.46
    1962    0.18    1.58    5.04   21.28    8.07    5.93    3.97    1.40    0.65    0.72    0.40    0.16     49.36      4.11
    1963    0.34    2.97    2.46    7.68    4.45    5.05    4.20    1.50    0.68    0.56    0.33    0.59     30.80      2.57
    1964    3.56    6.61    5.65    4.76    2.81    1.40    1.09    0.77    1.10    1.22    1.39    1.37     31.72      2.64
    1965    0.89    1.03    1.36   20.29    9.09    2.70    0.93    0.51    0.46    0.36    0.29    0.23     38.13      3.18
    1966    0.37    2.00   13.10   22.02   21.70   11.88   10.51    4.33    1.18    0.50    0.29    0.16     88.03      7.34
    1967    0.21    0.40    0.74    1.48    1.91    2.66    2.05    0.87    0.38    0.29    0.33    0.27     11.59      0.97
    1968    0.19    0.51    2.36    3.39    5.14   11.01    5.52    2.36    1.21    0.61    0.34    0.26     32.90      2.74
    1969    1.17    1.41    3.18    5.40    5.74    4.23    1.77    0.67    0.39    0.34    0.63    1.50     26.42      2.20
    1970    1.86    1.78    1.29    7.79    8.22    6.37    3.77    2.01    1.03    0.83    0.81    0.40     36.16      3.01
    1971    0.58    1.08    1.87    4.15    7.50   14.18    5.70    1.85    0.88    0.45    0.32    0.19     38.75      3.23
    1972    0.29    1.08    1.03    1.20    4.84    6.14    4.89    2.25    0.74    0.39    0.93    1.79     25.57      2.13
    1973    1.25    2.17    6.03   17.13   17.58   16.15    7.26    2.79    1.16    0.70    0.41    0.20     72.83      6.07
    1974    0.21    2.47   14.37   16.25   25.05   15.52    5.51    1.79    0.54    0.31    0.21    1.24     83.48      6.96
    1975    1.41    3.45   14.37   18.87   13.84   34.65   11.25    3.07    1.33    0.53    0.27    0.34    103.38      8.62
    1976    1.66    2.70    3.66    7.35    6.19    6.46    4.98    1.94    0.60    0.32    0.23    0.42     36.52      3.04
    1977    2.66    4.37    4.10   17.13   13.57    6.69    4.56    1.78    0.56    0.33    0.33    0.42     56.49      4.71
    1978    1.72    1.98   11.85    5.83   10.36    6.33    2.99    1.48    0.73    0.57    1.21    1.03     46.09      3.84
    1979    0.82    1.67    3.51    7.12   11.08    6.78    3.69    1.38    0.48    0.30    0.23    0.63     37.70      3.14
    1980    0.70    1.35    6.52   18.85   41.62   11.69    1.66    0.69    0.51    0.42    0.68    0.79     85.49      7.12
    1981    0.50    2.22    6.09    5.41    3.45    3.71    4.15    1.84    0.64    0.41    0.26    0.24     28.95      2.41
    1982    0.94    1.22    0.88    1.69    1.94    1.52    1.03    0.61    0.38    0.69    0.70    0.35     11.95      1.00
    1983    1.05    4.61    8.32    5.80    5.46   12.27    5.82    1.80    0.64    0.45    0.61    0.49     47.32      3.94
    1984    0.64    0.63    0.56    3.23   26.73    9.03    1.50    0.42    0.25    0.22    0.16    0.13     43.51      3.63
    1985    2.14    5.99    7.10   13.43    6.94    6.20    4.86    1.94    0.68    0.42    0.48    0.36     50.53      4.21
    1986    1.37    2.83    5.83    5.32   15.86   10.10    3.62    0.97    0.36    0.33    0.83   15.58     63.00      5.25
    1987    6.44    3.86    3.99    4.26   25.55   18.49    5.77    1.75    1.04    1.10    0.67    0.37     73.28      6.11
    1988    0.57    1.78    5.11    7.05   22.76    9.58    3.76    1.51    0.71    0.47    0.26    0.13     53.69      4.47
    1989    0.20    1.98    3.02    4.01    4.98    4.71    3.30    1.44    0.54    0.36    0.37    0.23     25.16      2.10
    1990    0.26    0.24    1.62   17.72   12.29    6.56    2.55    0.69    0.34    0.31    0.20    0.15     42.93      3.58
    1991    3.03    5.33    5.47    4.28    7.76    5.50    2.44    0.89    0.32    0.25    0.23    0.16     35.66      2.97
    1992    0.20    0.48    1.42    2.44   14.62    8.58    3.80    1.27    0.39    0.28    0.22    0.18     33.89      2.82
    1993    1.70    3.05    5.52    7.92   11.39    7.25    4.06    1.42    0.43    0.35    0.32    0.18     43.60      3.63
    1994    0.28    0.24    0.32    1.83    2.67    5.13    3.86    1.56    0.57    0.34    0.22    0.20     17.24      1.44
    1995    0.29    2.24   24.18   42.94   27.64    8.52    3.19    1.58    0.80    1.01    1.16    0.56    114.10      9.51
    1996    2.25    2.41    3.48   12.32    7.01   27.25    9.52    2.85    2.19    1.66    0.88    0.50     72.32      6.03
    1997    1.10    2.66    3.09    4.80   15.02    9.12    3.41    1.01    0.35    0.29    0.23    0.19     41.28      3.44
    1998    0.20    3.08    6.97    7.04    7.31    7.03    3.17    1.05    0.38    0.29    0.19    0.12     36.82      3.07
    1999    0.39    0.74    2.82   11.21    6.40    6.36    4.41    2.40    1.24    0.53    0.27    0.42     37.18      3.10
    2000    1.08    1.35    2.25    2.97    2.68    3.12    3.63    1.73    0.65    0.38    0.39    1.50     21.73      1.81
    2001    5.38    8.59    5.14   12.51    5.83    2.28    1.26    0.86    0.72    0.66    1.60    1.56     46.40      3.87
    2002    0.87    0.52    3.86    5.69    4.46    3.54    2.88    1.69    0.74    0.38    0.25    0.18     25.06      2.09
    2003    0.18    0.95    1.15    1.90    6.59    7.66    3.63    1.24    0.43    0.42    0.32    0.28     24.75      2.06
    2004    0.48    1.26    3.70   20.34   19.46   18.15    6.05    1.43    0.50    0.33    0.37    0.28     72.35      6.03
    2005    1.10    1.53    0.82    4.90   20.93   10.86    4.27    1.67    0.66    0.36    0.45    0.39     47.95      4.00
    2006    0.85    2.36    6.07    6.15    2.83    1.31    0.71    0.34    0.25    0.24    0.17    0.21     21.49      1.79
    2007    2.35    3.00    4.24    8.31    7.42   11.99    5.97    2.04    0.72    0.43    0.24    0.16     46.89      3.91
    2008    0.22    2.46   11.91   21.24   17.35    8.22    3.37    1.11    0.47    0.36    0.36    0.36     67.44      5.62
    2009    1.08    1.51    1.44    4.06    3.59    2.59    2.86    1.28    0.49    0.36    0.22    0.13     19.60      1.63
  
 AVERAGE    1.31    2.61    5.07    8.75   10.26    9.19    4.48    1.69    0.75    0.53    0.50    0.73     45.86      3.82
