    1920    3.22    2.01    0.75    0.45   38.67   16.90    2.49    0.60    0.28    0.23    0.15    1.97     67.73      5.64
    1921    1.78   18.32   11.18   15.02    6.94    2.51    1.00    0.36    0.49    0.42    1.34    0.94     60.29      5.02
    1922    2.28    4.46    2.62   20.92   17.98    5.20    0.86    0.25    0.22    0.51    0.40    0.15     55.85      4.65
    1923    0.15    0.36    0.70    2.91    9.33    6.11    2.12    0.64    0.29    0.22    0.19    0.99     24.01      2.00
    1924    2.95   13.38   16.88    8.24    7.77   60.73   23.53    2.74    0.76    0.42    0.24    0.92    138.57     11.55
    1925    2.07    1.56    2.73   28.31   11.16    2.50    1.27    0.42    0.45    0.40    0.18    1.64     52.69      4.39
    1926    3.58    4.43    4.37    5.01    8.32   13.54    5.02    0.68    0.24    0.28    0.35    0.18     46.00      3.83
    1927    1.65    1.33    1.73    5.56    4.31    4.26    2.40    0.76    0.29    0.24    0.19    0.32     23.04      1.92
    1928    0.61    0.74    4.21   13.62    7.13    7.39    4.02    1.19    1.09    2.01    1.18    7.68     50.87      4.24
    1929    4.55    4.05    5.16   13.67    7.85   13.02    5.51    1.14    0.51    0.39    0.28    0.30     56.41      4.70
    1930    0.25    0.20    1.09   14.01    9.54    4.61    2.53    0.95    0.25    0.65    0.53    0.15     34.76      2.90
    1931    0.29    0.39    0.98    1.50   27.09   23.14    6.05    1.22    0.62    0.34    0.19    0.19     62.02      5.17
    1932    0.14    0.76    2.75    2.05    1.57    1.73    1.17    0.46    0.17    0.47    0.41    0.13     11.80      0.98
    1933    0.09   11.30   16.97   29.53   12.61   10.99    7.99    3.81    1.39    0.88    1.69    0.98     98.20      8.18
    1934    1.06   11.14   31.47   10.40    7.13    5.84    2.45    0.76    0.39    0.31    0.23    0.16     71.33      5.94
    1935    0.13    0.27    0.72    1.63    4.10    4.83    2.37    3.37    2.38    0.79    0.20    0.14     20.93      1.74
    1936    0.62   11.81    6.48    9.81   10.53    3.93    0.96    0.35    0.25    0.25    0.17    0.11     45.27      3.77
    1937    0.16    0.30    3.09   10.39    5.32    1.94    3.98    2.49    0.87    1.03    0.89    0.54     31.00      2.58
    1938    1.80    1.86    2.70   13.20   42.79   16.85    2.59    0.80    0.41    0.51    0.50    0.42     84.42      7.04
    1939    1.34    4.41    4.04    3.03    3.17    2.72    1.60    2.33    2.75    1.57    0.49    0.36     27.79      2.32
    1940    0.30    0.47    1.74    4.37   10.42    5.32    2.14    0.88    0.25    0.26    0.17    0.13     26.44      2.20
    1941    0.50    0.54    0.34    2.32    8.08   13.15    6.19    1.71    0.47    0.33    0.42    0.44     34.51      2.88
    1942    0.98   13.76   22.10   13.96    5.83    9.92   29.19   11.78    2.11    1.87    5.12    2.66    119.27      9.94
    1943   21.85   21.31   11.98    7.02   13.71    6.80    1.69    0.42    0.87    0.83    0.32    1.95     88.76      7.40
    1944    1.97    1.40    0.67    0.99    1.95   18.60    7.46    0.88    0.29    0.25    0.16    0.09     34.72      2.89
    1945    0.10    0.14    0.26    2.62    6.44   12.08    4.97    0.96    0.26    0.22    0.15    0.08     28.27      2.36
    1946    0.70    2.35    2.02    1.05    9.02   10.31    4.11    0.98    0.48    0.43    0.21    0.23     31.90      2.66
    1947    1.08    2.99    9.06   18.05    8.28   27.43   11.44    1.87    0.53    0.29    0.19    0.15     81.37      6.78
    1948    0.27    0.53    1.20    2.76    3.57    4.91    3.62    1.52    0.48    0.28    0.16    0.29     19.60      1.63
    1949    0.51    2.12    2.78    2.20    3.82   31.03   11.63    1.46    0.70    0.50    0.63    0.59     57.97      4.83
    1950    0.75    1.16   19.54    8.82    4.54    4.88    2.90    1.01    0.39    0.33    0.65    0.88     45.84      3.82
    1951    1.05    0.54    0.99   18.45   17.39    7.50    2.81    0.91    0.32    0.75    0.64    0.34     51.69      4.31
    1952    0.77    1.49    8.03    6.49   12.83    5.90    2.03    0.87    0.29    0.25    0.25    0.17     39.35      3.28
    1953    0.28    1.18    2.73    2.75   14.62    8.25    2.63    1.25    0.65    0.33    0.18    0.32     35.16      2.93
    1954    1.08    8.45    5.14   13.70   25.59   10.87    3.05    1.36    0.60    0.33    0.19    0.12     70.48      5.87
    1955    0.17    0.49    3.35    2.19    7.34   14.82    5.34    0.71    0.28    0.24    0.16    0.19     35.28      2.94
    1956    0.25    2.82   23.91   20.15    9.54    7.73    4.55    1.64    0.46    0.66    1.14   11.86     84.71      7.06
    1957   10.41    3.84    2.00   17.51   14.79    6.25    4.70    2.42    0.62    0.30    0.19    0.23     63.27      5.27
    1958    0.45    2.30    4.15    4.50    6.22    4.00    2.24    2.95    1.90    0.76    0.32    0.14     29.95      2.50
    1959    1.28    2.61    3.39    2.55    8.54   10.65    6.22    2.30    0.55    0.30    0.26    0.25     38.91      3.24
    1960    0.55    1.81    5.47    3.15    3.01    9.51    5.85    2.09    0.65    0.33    0.22    0.31     32.94      2.75
    1961    0.30    1.28    2.82   12.96   12.93    7.28    4.21    1.82    0.50    0.28    0.24    0.18     44.80      3.73
    1962    0.17    2.67    7.09   22.75    9.16    5.93    3.40    0.95    0.53    0.72    0.36    0.12     53.86      4.49
    1963    0.51    5.99    2.99   11.24    5.43    5.37    3.45    1.07    0.53    0.49    0.27    0.78     38.12      3.18
    1964    8.46    6.42    4.90    4.06    2.52    1.16    1.04    0.70    1.35    1.35    1.57    1.42     34.96      2.91
    1965    0.83    1.13    1.48   24.61   11.66    2.31    0.64    0.41    0.43    0.33    0.27    0.21     44.29      3.69
    1966    0.47    3.01   15.65   24.34   23.90   13.89   11.79    4.42    0.78    0.39    0.24    0.14     99.02      8.25
    1967    0.24    0.48    0.95    1.91    2.18    3.01    1.94    0.69    0.24    0.21    0.31    0.22     12.38      1.03
    1968    0.15    0.71    3.45    3.70    4.25   12.40    5.91    1.93    0.93    0.46    0.25    0.22     34.36      2.86
    1969    1.77    1.70    4.43    4.08    5.28    3.41    1.35    0.44    0.30    0.29    0.83    1.91     25.79      2.15
    1970    2.12    1.83    1.20   12.29    8.82    5.03    2.98    1.70    0.81    0.78    0.77    0.35     38.69      3.22
    1971    0.74    1.28    2.29    4.35    9.03   15.66    6.03    1.42    0.64    0.36    0.27    0.16     42.24      3.52
    1972    0.36    1.54    1.18    1.40    8.91    5.88    4.03    1.98    0.51    0.30    1.27    2.12     29.45      2.45
    1973    1.28    2.73    5.23   18.59   19.63   16.96    7.66    2.41    0.86    0.59    0.33    0.16     76.43      6.37
    1974    0.21    5.03   15.86   17.21   26.59   18.07    5.76    1.36    0.33    0.26    0.19    2.05     92.93      7.74
    1975    1.79    5.85   14.98   20.38   16.00   36.43   13.41    2.41    1.03    0.37    0.21    0.36    113.23      9.44
    1976    2.49    3.29    3.34   10.10    6.57    5.12    3.86    1.56    0.38    0.27    0.20    0.58     37.76      3.15
    1977    4.20    3.98    3.63   19.56   16.32    7.09    3.64    1.45    0.36    0.27    0.33    0.47     61.30      5.11
    1978    2.57    2.35   14.54    6.93   12.79    7.38    2.58    1.17    0.55    0.52    1.54    1.14     54.06      4.50
    1979    0.87    2.05    3.80    8.59   13.02    7.32    3.02    1.03    0.32    0.26    0.21    0.95     41.44      3.45
    1980    0.86    1.78   10.46   21.21   44.14   14.26    1.24    0.47    0.46    0.39    0.86    0.88     97.01      8.08
    1981    0.48    2.77    5.59    4.60    2.82    3.32    3.47    1.67    0.45    0.34    0.21    0.23     25.97      2.16
    1982    1.38    1.48    0.87    2.17    2.15    1.45    0.92    0.51    0.28    0.85    0.79    0.32     13.17      1.10
    1983    1.51    6.95    6.78    5.00    4.58   13.25    6.22    1.36    0.41    0.40    0.68    0.49     47.62      3.97
    1984    0.77    0.69    0.59    6.78   28.65   10.51    1.08    0.23    0.19    0.18    0.13    0.12     49.94      4.16
    1985    4.41    7.48    8.08   13.82    7.40    5.19    4.04    1.65    0.46    0.35    0.50    0.32     53.70      4.47
    1986    2.10    3.53    5.52    4.56   17.65   12.29    3.52    0.61    0.28    0.31    1.19   19.50     71.06      5.92
    1987    8.12    3.59    3.40    4.09   28.10   20.80    5.84    1.30    0.89    1.10    0.61    0.30     78.14      6.51
    1988    0.67    2.41    5.66    6.62   23.99   11.12    3.00    1.15    0.53    0.40    0.21    0.11     55.88      4.66
    1989    0.25    3.23    3.74    3.61    4.20    4.05    2.80    1.20    0.37    0.29    0.36    0.18     24.26      2.02
    1990    0.30    0.24    2.65   21.88   15.51    6.43    2.19    0.44    0.27    0.28    0.18    0.14     50.52      4.21
    1991    8.44    5.64    4.51    3.33   10.19    5.90    2.04    0.61    0.24    0.22    0.22    0.14     41.48      3.46
    1992    0.23    0.65    1.98    3.01   16.84   10.72    3.34    0.86    0.25    0.22    0.18    0.17     38.46      3.21
    1993    2.93    3.85    5.68    9.24   12.95    7.74    3.36    1.07    0.28    0.32    0.31    0.15     47.89      3.99
    1994    0.37    0.27    0.42    2.82    3.23    4.39    3.08    1.21    0.37    0.24    0.15    0.17     16.72      1.39
    1995    0.30    3.56   27.03   46.51   31.34    9.61    2.66    1.27    0.61    1.16    1.24    0.52    125.80     10.48
    1996    3.12    2.55    3.63   13.98    7.98   28.89   11.39    2.27    1.95    1.54    0.75    0.41     78.47      6.54
    1997    1.43    3.37    2.81    4.81   16.41   10.95    3.25    0.64    0.26    0.26    0.22    0.18     44.59      3.72
    1998    0.21    8.02    8.00    7.14    7.22    6.07    2.84    0.73    0.28    0.25    0.17    0.11     41.05      3.42
    1999    0.67    0.94    4.46   13.35    7.19    5.16    3.44    2.05    0.99    0.37    0.21    0.51     39.33      3.28
    2000    1.40    1.56    2.71    2.96    2.41    2.77    2.99    1.58    0.47    0.28    0.36    2.17     21.68      1.81
    2001    5.98   10.18    5.38   13.55    6.41    1.91    1.02    0.75    0.66    0.64    2.11    1.74     50.33      4.19
    2002    0.81    0.45    8.89    5.48    3.60    2.89    2.56    1.53    0.56    0.28    0.20    0.15     27.41      2.28
    2003    0.18    1.49    1.41    2.39   10.07    8.70    3.34    0.84    0.29    0.38    0.27    0.27     29.62      2.47
    2004    0.56    1.69    5.60   22.06   21.76   19.81    6.53    1.00    0.34    0.28    0.39    0.25     80.28      6.69
    2005    1.71    1.88    0.80   10.06   23.63   13.04    3.91    1.23    0.43    0.29    0.49    0.36     57.83      4.82
    2006    1.18    3.17    8.21    6.10    2.48    1.03    0.55    0.24    0.20    0.22    0.15    0.23     23.75      1.98
    2007    4.47    3.52    3.81   10.72    8.51   13.26    6.37    1.61    0.48    0.36    0.20    0.15     53.45      4.45
    2008    0.26    4.90   13.48   22.95   19.44    9.78    3.16    0.72    0.37    0.32    0.37    0.36     76.10      6.34
    2009    1.54    1.81    1.52    7.23    3.74    2.41    2.35    1.12    0.35    0.28    0.17    0.09     22.61      1.88
  
 AVERAGE    1.78    3.47    5.83    9.96   11.65    9.84    4.38    1.40    0.59    0.48    0.50    0.93     50.81      4.23
