    1920    0.68    0.38    0.11    0.06   15.80    5.82    0.42    0.13    0.11    0.09    0.08    0.53     24.22      2.02
    1921    0.49    6.59    2.83    3.45    1.49    0.34    0.13    0.11    0.16    0.15    0.39    0.32     16.45      1.37
    1922    0.54    0.77    0.38    6.69    4.63    1.10    0.15    0.08    0.08    0.16    0.15    0.08     14.81      1.23
    1923    0.07    0.08    0.09    0.35    0.87    0.81    0.35    0.13    0.09    0.07    0.08    0.30      3.27      0.27
    1924    0.70    3.69    4.20    1.61    0.92   26.78    9.51    0.60    0.22    0.18    0.13    0.29     48.83      4.07
    1925    0.55    0.33    0.37    9.69    3.46    0.34    0.17    0.11    0.14    0.14    0.09    0.46     15.83      1.32
    1926    0.86    0.80    0.60    0.61    0.86    2.89    1.17    0.16    0.09    0.10    0.14    0.09      8.36      0.70
    1927    0.39    0.27    0.23    0.59    0.54    0.56    0.33    0.14    0.08    0.08    0.07    0.13      3.42      0.29
    1928    0.18    0.15    0.51    2.44    1.23    0.87    0.62    0.26    0.28    0.53    0.36    3.56     10.99      0.92
    1929    1.67    0.78    0.76    2.58    1.38    2.73    1.21    0.26    0.18    0.14    0.12    0.14     11.97      1.00
    1930    0.11    0.07    0.17    1.57    1.32    0.75    0.39    0.16    0.08    0.20    0.20    0.08      5.10      0.42
    1931    0.12    0.11    0.20    0.40   11.49    5.99    1.03    0.25    0.19    0.13    0.09    0.12     20.11      1.68
    1932    0.08    0.15    0.33    0.20    0.26    0.33    0.21    0.09    0.05    0.14    0.14    0.07      2.05      0.17
    1933    0.04    3.11    5.29    8.06    2.77    1.07    1.10    0.75    0.37    0.32    0.51    0.32     23.71      1.98
    1934    0.26    1.11    9.51    3.19    0.80    0.86    0.43    0.18    0.13    0.11    0.10    0.08     16.75      1.40
    1935    0.06    0.06    0.06    0.35    0.79    0.70    0.31    0.56    0.49    0.22    0.09    0.06      3.73      0.31
    1936    0.15    2.10    1.04    0.45    0.77    0.45    0.15    0.08    0.07    0.08    0.06    0.05      5.45      0.45
    1937    0.06    0.06    0.62    0.97    0.67    0.35    0.40    0.28    0.20    0.32    0.26    0.20      4.38      0.36
    1938    0.43    0.35    0.35    0.80   12.11    4.29    0.27    0.17    0.14    0.15    0.15    0.17     19.39      1.62
    1939    0.26    0.79    0.61    0.43    0.34    0.34    0.25    0.54    0.69    0.42    0.17    0.11      4.94      0.41
    1940    0.11    0.13    0.35    0.50    1.56    1.17    0.64    0.29    0.10    0.09    0.07    0.06      5.08      0.42
    1941    0.14    0.11    0.10    0.42    1.67    3.44    1.43    0.32    0.11    0.11    0.15    0.17      8.15      0.68
    1942    0.22    3.19    5.08    5.59    1.99    0.96    9.24    3.93    0.74    0.78    5.36    2.09     39.17      3.26
    1943    9.61    8.46    2.64    0.83    2.07    1.06    0.22    0.12    0.23    0.22    0.11    0.50     26.07      2.17
    1944    0.46    0.30    0.15    0.13    0.23    5.51    2.07    0.18    0.11    0.10    0.08    0.05      9.37      0.78
    1945    0.04    0.04    0.05    0.24    0.41    0.65    0.44    0.19    0.09    0.07    0.06    0.04      2.31      0.19
    1946    0.26    0.68    0.47    0.17    0.64    0.91    0.53    0.19    0.17    0.18    0.10    0.11      4.41      0.37
    1947    0.27    0.63    0.90    4.07    1.65    3.05    1.52    0.40    0.15    0.11    0.09    0.08     12.94      1.08
    1948    0.14    0.15    0.24    0.56    0.63    0.64    0.49    0.26    0.12    0.09    0.07    0.10      3.49      0.29
    1949    0.18    0.37    0.57    0.34    0.31    2.63    1.26    0.39    0.22    0.14    0.18    0.17      6.79      0.57
    1950    0.19    0.22    3.28    1.43    0.40    0.44    0.36    0.19    0.10    0.09    0.33    0.39      7.44      0.62
    1951    0.31    0.13    0.31    9.46    3.60    0.74    0.47    0.23    0.13    0.23    0.22    0.14     15.97      1.33
    1952    0.20    0.33    0.50    0.51    4.66    1.84    0.37    0.20    0.10    0.09    0.14    0.11      9.06      0.75
    1953    0.09    0.46    0.74    0.40    4.19    1.82    0.35    0.23    0.17    0.11    0.08    0.17      8.80      0.73
    1954    0.52    4.69    1.87    6.03    6.15    1.91    0.40    0.22    0.15    0.12    0.09    0.07     22.21      1.85
    1955    0.10    0.13    0.41    0.24    0.59    2.98    1.20    0.17    0.10    0.08    0.07    0.10      6.17      0.51
    1956    0.10    0.44    7.65    7.12    2.03    0.84    0.67    0.31    0.13    0.23    0.35    4.70     24.57      2.05
    1957    5.36    1.60    0.30    0.76    1.25    0.82    0.86    0.55    0.18    0.11    0.08    0.11     11.98      1.00
    1958    0.18    0.53    0.64    0.53    0.80    0.51    0.26    0.45    0.37    0.20    0.12    0.06      4.66      0.39
    1959    0.40    0.56    0.46    0.38    0.66    1.18    1.05    0.51    0.17    0.10    0.11    0.11      5.69      0.47
    1960    0.25    0.48    3.19    1.24    0.32    0.84    0.86    0.49    0.21    0.11    0.09    0.14      8.21      0.68
    1961    0.13    0.27    0.34    4.38    2.20    0.81    0.61    0.33    0.13    0.10    0.11    0.10      9.51      0.79
    1962    0.08    0.43    0.90    4.72    1.79    1.50    0.81    0.21    0.17    0.29    0.20    0.08     11.19      0.93
    1963    0.16    0.50    0.30    0.66    0.49    0.44    0.38    0.19    0.15    0.15    0.11    0.25      3.75      0.31
    1964    1.62    1.01    0.46    0.42    0.39    0.20    0.12    0.10    0.26    0.32    0.40    0.47      5.76      0.48
    1965    0.30    0.22    0.25    7.62    2.97    0.29    0.10    0.13    0.14    0.11    0.12    0.10     12.35      1.03
    1966    0.12    0.38    1.20    8.40    5.92    4.99    2.95    1.00    0.26    0.17    0.13    0.09     25.61      2.13
    1967    0.10    0.15    0.22    0.23    0.22    0.31    0.22    0.10    0.06    0.06    0.10    0.09      1.86      0.15
    1968    0.07    0.09    0.22    0.35    0.44    2.13    1.14    0.48    0.28    0.13    0.09    0.08      5.50      0.46
    1969    0.44    0.33    0.46    0.58    0.91    0.49    0.13    0.09    0.11    0.10    0.36    0.68      4.67      0.39
    1970    0.60    0.34    0.16    2.62    1.35    0.39    0.22    0.26    0.20    0.19    0.23    0.14      6.70      0.56
    1971    0.16    0.21    0.50    1.56    1.03    1.57    0.84    0.30    0.16    0.11    0.11    0.07      6.63      0.55
    1972    0.12    0.29    0.19    0.21    0.75    0.67    0.66    0.40    0.15    0.09    0.45    0.73      4.69      0.39
    1973    0.38    0.52    0.78    6.46    2.93    1.64    1.26    0.61    0.24    0.17    0.13    0.08     15.21      1.27
    1974    0.08    0.32    2.33    3.25    6.40    2.47    0.61    0.27    0.13    0.11    0.09    1.25     17.30      1.44
    1975    0.80    1.45    1.61    7.52    4.64    7.51    2.75    0.46    0.24    0.16    0.13    0.16     27.42      2.28
    1976    0.60    0.65    0.45    2.38    1.04    0.51    0.54    0.30    0.11    0.09    0.08    0.23      6.99      0.58
    1977    3.61    1.63    0.51    5.75    2.39    0.78    0.62    0.29    0.11    0.10    0.12    0.23     16.13      1.34
    1978    0.65    0.51    4.33    1.76    2.37    1.20    0.34    0.21    0.14    0.20    0.74    0.63     13.07      1.09
    1979    0.28    0.46    0.48    0.84    1.00    0.88    0.48    0.19    0.09    0.08    0.07    0.66      5.51      0.46
    1980    2.28    2.06    4.72    4.22    9.95    3.24    0.20    0.14    0.19    0.18    0.23    0.28     27.69      2.31
    1981    0.19    0.42    0.44    0.54    0.34    0.36    0.26    0.11    0.07    0.09    0.08    0.10      2.98      0.25
    1982    0.67    0.48    0.20    0.66    0.48    0.28    0.23    0.20    0.15    0.15    0.15    0.09      3.75      0.31
    1983    0.27    1.09    0.83    0.59    0.33    0.68    0.73    0.35    0.14    0.12    0.29    0.26      5.69      0.47
    1984    0.35    0.23    0.13    2.10    8.34    2.81    0.18    0.08    0.08    0.08    0.06    0.07     14.50      1.21
    1985    4.33    2.24    0.97    2.73    1.50    0.96    0.74    0.33    0.19    0.17    0.17    0.13     14.45      1.20
    1986    0.37    0.45    0.74    0.88    4.51    7.09    2.16    0.19    0.23    0.27    0.56   23.39     40.81      3.40
    1987    8.20    0.71    0.74    0.56    8.76    4.87    1.09    0.26    0.30    0.46    0.31    0.19     26.45      2.20
    1988    0.37    0.63    1.62    1.05   10.18    3.70    0.31    0.20    0.19    0.15    0.10    0.07     18.57      1.55
    1989    0.14    3.15    1.71    0.54    0.38    0.41    0.35    0.18    0.09    0.08    0.13    0.09      7.23      0.60
    1990    0.11    0.06    0.58    5.44    4.52    1.33    0.23    0.08    0.10    0.12    0.08    0.07     12.74      1.06
    1991    2.21    1.27    4.16    1.61    4.74    1.90    0.32    0.16    0.10    0.09    0.10    0.07     16.74      1.40
    1992    0.07    0.10    0.26    0.35    0.70    0.91    0.55    0.22    0.09    0.07    0.07    0.06      3.46      0.29
    1993    1.34    0.95    0.88    0.74    1.72    1.34    0.61    0.20    0.09    0.10    0.14    0.09      8.20      0.68
    1994    0.11    0.07    0.21    0.36    0.30    0.39    0.28    0.15    0.09    0.07    0.06    0.05      2.13      0.18
    1995    0.07    0.32    9.59   17.73   10.30    2.61    0.61    0.33    0.23    0.45    0.46    0.21     42.91      3.58
    1996    0.84    0.64    0.57    4.56    1.92   13.48    4.77    0.54    0.81    0.69    0.38    0.24     29.45      2.45
    1997    0.32    0.55    0.39    0.66    2.63    1.73    0.68    0.24    0.12    0.11    0.09    0.08      7.60      0.63
    1998    0.10    0.70    0.96    0.97    0.88    0.75    0.36    0.11    0.07    0.07    0.07    0.05      5.08      0.42
    1999    0.17    0.18    0.73    1.02    0.99    0.60    0.34    0.37    0.27    0.13    0.08    0.21      5.10      0.43
    2000    0.41    0.32    0.31    0.26    0.38    0.51    0.40    0.20    0.09    0.08    0.10    0.71      3.77      0.31
    2001    1.56    3.80    1.57    1.55    0.77    0.22    0.17    0.17    0.16    0.24    0.62    0.48     11.31      0.94
    2002    0.27    0.12    0.44    0.51    0.50    0.43    0.37    0.27    0.16    0.10    0.08    0.06      3.31      0.28
    2003    0.05    0.26    0.24    0.32    3.38    1.41    0.20    0.08    0.08    0.13    0.13    0.14      6.40      0.53
    2004    0.15    0.68    0.72    3.59    4.75    2.09    0.64    0.19    0.11    0.10    0.13    0.11     13.26      1.10
    2005    0.29    0.54    0.25    9.13    4.94    1.89    0.87    0.31    0.14    0.11    0.20    0.17     18.84      1.57
    2006    0.23    0.64    2.65    1.30    0.28    0.10    0.07    0.05    0.08    0.10    0.07    0.08      5.67      0.47
    2007    4.07    1.69    0.69    1.83    1.03    0.86    0.92    0.49    0.17    0.12    0.08    0.07     12.04      1.00
    2008    0.09    0.58    1.07    3.74    3.47    1.17    0.24    0.12    0.10    0.09    0.18    0.17     11.01      0.92
    2009    0.30    0.28    0.24    0.49    0.32    0.38    0.31    0.14    0.07    0.07    0.06    0.04      2.70      0.22
  
 AVERAGE    0.75    0.89    1.25    2.39    2.56    1.98    0.86    0.30    0.17    0.16    0.23    0.56     12.11      1.01
