    1920    4.50    5.19    3.32    2.06    7.17    9.38    3.41    1.73    1.36    0.91    0.61    1.18     40.82
    1921    2.22   24.39   17.57    4.77    1.78    7.16    3.77    1.39    1.27    1.03    1.25    1.00     67.60
    1922    2.41    4.67    9.29    8.25   11.82    6.24    2.15    0.79    0.38    0.33    0.36    0.32     47.01
    1923    0.35    2.08    2.62    9.11    3.79    1.75    1.25    0.72    0.50    0.40    0.54    1.39     24.50
    1924    2.25    9.70   15.10   11.56    4.75   45.04   21.28    3.43    0.93    0.67    0.52    3.73    118.96
    1925    4.67    2.68    1.52   11.72    6.04    3.26    1.94    1.11    1.15    0.90    0.49    2.11     37.59
    1926    2.70    2.14    3.55    3.26    5.72    5.16    2.38    0.86    0.42    0.45    1.02    0.86     28.52
    1927    2.70    2.06    2.49   11.08    5.67    8.39    3.68    0.99    0.59    0.44    0.45    0.82     39.36
    1928    3.09    2.38    5.99    9.49    4.13    9.28    4.94    2.17    2.27    3.05    1.94    3.51     52.24
    1929    3.62    8.16    4.14    9.46    6.00    9.19    3.90    0.92    0.51    0.47    0.59    0.60     47.56
    1930    0.82    1.23    9.82    7.00    4.69    3.69    2.98    1.60    0.65    1.14    1.01    0.46     35.09
    1931    0.60    1.09    1.46    4.95   14.26    6.05    1.30    0.84    0.71    0.52    0.37    1.01     33.16
    1932    1.28    3.48    9.13    3.53    8.61    5.43    2.20    0.92    0.45    0.92    0.81    0.42     37.18
    1933    0.53   16.81   15.21   18.69    7.06    6.88    5.48    3.50    1.81    1.58    2.33    1.88     81.76
    1934    1.89   15.91   15.56    4.76    4.46    4.04    2.07    0.92    1.01    0.90    0.69    0.52     52.73
    1935    0.36    0.41    0.58    1.30    6.76    4.67    1.78    1.61    1.36    0.75    0.41    0.39     20.38
    1936    1.01    9.11    4.92    7.53    9.67    5.21    1.81    0.60    0.60    0.58    0.41    0.34     41.79
    1937    0.64    1.47    5.13    9.64    7.96    4.15    3.58    2.04    0.99    1.29    1.29    0.99     39.17
    1938    3.49    3.82   14.28    6.66   20.75   10.88    2.94    1.53    0.90    0.73    0.70    1.15     67.83
    1939    1.71    6.87    4.11    7.12    4.16    5.48    3.19    3.40    3.76    2.21    0.93    1.13     44.07
    1940    1.48    2.65   16.37   14.06   27.34   11.26    2.78    1.21    0.53    0.59    0.49    0.37     79.13
    1941    0.93    1.76    2.77   16.09   13.72    9.49    4.68    2.05    0.92    0.82    1.15    1.00     55.38
    1942    1.40   12.26   14.96   23.99    9.99    4.63   23.81   10.87    2.57    4.29    8.12    3.46    120.35
    1943   14.87    6.85    8.29    5.31    9.39    9.38    3.07    0.63    0.98    0.98    0.58    6.25     66.58
    1944    3.72    1.51    0.60    1.83    3.93   10.66    4.73    1.35    0.70    0.46    0.36    0.26     30.11
    1945    0.44    0.30    0.76    3.94    5.46    9.77    4.21    1.09    0.51    0.37    0.31    0.29     27.45
    1946    0.71    4.50    3.48    2.43    9.63    8.71    3.39    1.24    1.31    1.21    0.67    0.47     37.75
    1947    1.34    3.59    8.31    6.50    4.74    6.77    3.83    1.71    0.85    0.47    0.35    0.33     38.79
    1948    0.62    1.09    2.16    8.13    5.34    7.89    3.72    1.44    0.88    0.52    0.38    0.88     33.05
    1949    0.82    2.01    3.92    2.53    2.87   19.44    8.40    2.42    1.37    0.94    1.87    1.49     48.08
    1950    0.71    0.91    9.50   13.00    5.50    3.30    2.51    1.29    0.61    0.42    1.17    1.29     40.21
    1951    1.40    0.78    3.41   14.93   11.05    5.24    2.48    1.37    0.86    0.95    1.09    0.82     44.38
    1952    0.93    4.07    7.61    7.22   10.21    4.42    1.58    0.86    0.53    0.46    1.40    1.43     40.72
    1953    2.10    3.18    6.10    4.10   14.96    8.06    2.40    1.85    1.38    0.73    0.41    0.75     46.02
    1954    2.10    3.02    3.43   14.15   16.56    5.69    1.86    1.50    1.19    0.84    0.49    0.47     51.30
    1955    0.73    0.86    5.50    3.33   14.05   14.50    4.70    1.09    0.54    0.39    0.53    0.54     46.76
    1956    0.99    2.44   15.14   16.91    6.34    6.01    3.86    1.86    1.08    0.89    1.34    7.09     63.95
    1957    5.63    2.62    3.07   15.55    8.97    3.18    3.00    1.99    0.85    0.48    0.35    0.63     46.32
    1958    0.87    1.94   13.58    8.99    3.86    2.73    2.05    7.76    3.83    1.11    0.70    0.45     47.87
    1959    0.79    2.74    5.04    3.18    4.48    3.04    2.68    1.79    0.80    0.47    0.55    0.65     26.21
    1960    0.90    1.91   10.31    4.30    3.27    4.70    3.46    1.64    0.70    0.52    0.44    0.69     32.84
    1961    0.64    1.53    4.22    9.83    9.13    5.31    3.23    1.74    0.78    0.45    0.62    0.49     37.97
    1962    0.62    2.09    6.47   10.55    4.75    9.95    4.49    1.11    0.92    1.63    1.15    0.48     44.21
    1963    2.40    7.60    4.23   14.33    6.21    2.90    2.66    1.49    1.16    0.97    0.58    1.64     46.17
    1964    8.05    7.25    4.48    5.64    3.41    1.41    1.29    1.09    2.08    2.00    1.94    1.84     40.48
    1965    1.30    1.16    1.01   18.50   11.69    2.84    1.18    1.24    0.93    0.57    0.68    0.84     41.94
    1966    1.26   12.38    9.91   16.38   15.92   13.43   11.01    3.82    0.94    0.55    0.42    0.35     86.37
    1967    0.97    1.78    2.22    4.00    3.44    2.68    1.88    0.99    0.49    0.35    0.44    0.61     19.85
    1968    0.75    1.53    2.75    2.71    4.98   17.71    7.94    2.50    1.38    0.82    0.59    1.35     45.01
    1969    3.33    2.40   11.17    6.32    7.41    3.55    1.13    0.63    0.46    0.45    4.34    3.95     45.14
    1970    4.10    3.32    2.04    3.38    4.33    4.40    2.62    2.01    1.39    1.20    2.08    1.51     32.38
    1971    2.26    2.67    2.10    2.24    8.20   17.27    6.07    1.38    0.92    0.64    0.55    0.46     44.76
    1972    0.93    7.18    3.95    3.35   10.74    7.60    5.17    2.38    0.78    0.56    1.41    3.05     47.10
    1973    2.66    3.55    4.58   21.09   17.56   16.09    7.01    2.30    1.26    1.02    0.72    0.39     78.23
    1974    0.71    4.00    5.39   18.13   18.36    7.44    2.94    1.35    0.56    0.38    0.34    2.28     61.88
    1975    2.51    2.73   15.60   21.78   15.36   29.64   10.36    1.82    1.11    0.63    0.60    0.97    103.11
    1976    2.55    2.19    2.01    8.14    3.94    3.77    3.26    1.60    0.72    0.50    0.45    1.02     30.15
    1977    1.74    2.07    2.13    5.23    7.44    6.56    4.40    2.09    0.76    0.42    0.47    1.10     34.41
    1978    2.22    3.13   16.49    7.39    3.23    2.64    1.75    1.75    1.28    1.08    1.73    1.44     44.13
    1979    1.28    1.53    1.84    7.62    4.48    6.24    3.55    1.31    0.58    0.39    0.44    1.91     31.17
    1980    1.92    2.07   12.76   16.73   26.56    9.17    1.84    1.15    0.76    0.57    1.59    1.51     76.63
    1981    0.90    1.57    2.58    2.46    1.79   11.94    5.77    1.46    0.67    0.51    0.39    0.56     30.60
    1982    1.69    1.38    1.73    3.84    2.35    2.52    2.49    1.43    0.70    0.87    0.89    0.64     20.53
    1983    1.84    7.00    8.59    6.78    3.75    9.20    4.26    1.13    0.66    0.70    0.87    0.71     45.49
    1984    1.59    1.48    1.57    9.44   22.84    8.14    1.13    0.47    0.61    0.61    0.43    0.35     48.66
    1985    6.90    5.21    6.62   14.61    7.41    3.09    2.43    1.36    0.72    0.56    1.25    1.20     51.36
    1986    2.88    4.35    4.96    9.34   13.13   10.02    3.46    0.93    0.59    0.65    2.09   30.12     82.52
    1987   12.14    2.54    2.29    2.82   30.41   21.60    5.78    1.76    1.84    1.62    0.99    0.74     84.53
    1988    1.40   10.76   11.94    8.35   12.47    7.89    2.82    1.23    0.86    0.65    0.42    0.31     59.10
    1989    0.81   12.86    6.93    3.88    2.81    8.73    3.95    0.90    0.46    0.39    0.99    1.02     43.73
    1990    1.11    1.16    5.90   22.88   15.20    4.91    1.52    0.57    0.47    0.45    0.37    0.68     55.22
    1991    9.45    7.29   15.84    5.95    5.16    2.80    1.01    0.53    0.34    0.28    0.31    0.34     49.30
    1992    0.58    0.82    1.41    1.85    9.57    6.70    2.84    1.19    0.53    0.37    0.32    0.34     26.52
    1993    5.32    3.87    3.64   10.96    5.52    3.28    2.23    1.02    0.50    0.62    0.69    0.46     38.11
    1994    1.01    0.84    1.19    6.67    3.28    4.72    3.38    1.56    0.86    0.62    0.45    0.37     24.95
    1995    0.94    3.19   30.49   35.04   18.45    7.50    2.84    1.46    0.88    1.80    1.83    0.95    105.37
    1996    2.43    2.60    8.48   14.35    7.08   19.25    7.86    2.22    2.33    2.00    1.20    0.72     70.52
    1997    1.16    2.85    2.30    5.52   18.36   12.20    3.76    1.22    0.58    0.44    0.47    0.48     49.34
    1998    0.50    7.75    5.79    3.75   11.49    6.90    2.18    0.74    0.41    0.37    0.35    0.34     40.57
    1999    1.46    2.56   12.15    9.34    4.78   12.08    5.80    2.63    1.59    0.74    0.45    1.16     54.74
    2000    5.30    4.14    7.52   10.67    6.84    7.03    4.57    1.99    0.78    0.47    0.82    1.19     51.32
    2001    9.75   10.95    6.54    9.35    5.07    3.08    1.93    1.15    0.96    0.97    2.31    1.91     53.97
    2002    1.19    0.81    5.76    7.33   11.57    7.72    4.83    2.85    1.40    0.70    0.51    0.63     45.30
    2003    0.70    3.83    2.41    2.41   15.57    7.49    2.25    1.04    0.57    0.76    0.69    0.84     38.56
    2004    1.17    3.95    7.60    7.85   12.05   10.17    3.76    1.18    0.57    0.40    0.34    0.25     49.29
    2005    1.75    1.37    0.49    5.17    7.28    4.84    2.91    1.81    0.98    0.52    1.02    0.85     28.99
    2006    2.84    2.59    8.80    6.19    2.96    2.02    1.82    1.11    0.58    0.46    0.37    0.80     30.54
    2007    5.68    4.05    4.11    8.51    5.80   18.88    7.81    1.41    0.61    0.46    0.34    0.48     58.14
    2008    1.05    4.93   12.74   18.50    6.76    5.59    3.90    1.64    0.63    0.39    0.29    0.22     56.64
    2009    0.80    1.29    2.53   13.17   15.39    7.37    5.60    2.73    1.01    0.63    0.44    0.29     51.25

 AVERAGE    2.34    4.16    6.65    9.03    8.99    8.09    3.98    1.70    0.97    0.80    0.92    1.44     49.08
