    1920    1.63    1.99    1.51    1.34    2.14   10.33    4.73    1.33    0.80    0.62    0.46    0.72     27.62      2.30
    1921    1.03   37.14   28.00    6.71    1.89    1.88    1.21    0.84    0.98    0.88    0.98    0.90     82.47      6.87
    1922    1.18    2.54   10.02    7.55    3.87    2.28    1.10    0.49    0.37    0.41    0.38    0.27     30.46      2.54
    1923    0.24    0.46    0.71    1.43    1.80    1.63    1.08    0.64    0.41    0.30    0.33    0.72      9.75      0.81
    1924    1.38   10.90   12.36    5.95    3.10   78.80   28.58    2.77    1.22    0.84    0.59    0.98    147.47     12.29
    1925    2.00    1.40    0.60    1.41    1.52    1.66    1.33    0.75    0.72    0.64    0.39    1.03     13.46      1.12
    1926    2.42    2.30    2.25    2.18    2.30    2.59    1.75    0.73    0.35    0.41    0.66    0.51     18.45      1.54
    1927    0.99    0.91    1.68    2.67    1.77    1.30    0.95    0.51    0.32    0.27    0.28    0.80     12.45      1.04
    1928    1.47    1.08    1.05    1.94    1.94    2.41    2.14    1.21    0.90    1.54    1.34    2.07     19.09      1.59
    1929    2.55    2.53    1.69    2.19    2.26    5.92    3.68    1.50    0.70    0.55    0.47    0.55     24.59      2.05
    1930    0.74    0.82    1.10    1.84    1.75    1.38    1.21    0.83    0.43    0.41    0.35    0.19     11.07      0.92
    1931    0.31    0.40    0.65    1.05   11.63    5.83    1.82    1.40    1.15    0.69    0.38    0.38     25.70      2.14
    1932    0.40    1.25    2.69    1.88    2.15    3.35    2.57    1.27    0.54    0.63    0.54    0.30     17.58      1.46
    1933    0.33   18.23    8.36   31.54   11.66    2.12    2.00    1.74    1.15    0.90    1.17    0.90     80.11      6.68
    1934    1.14    5.75   13.88    5.12    1.99    2.52    2.04    1.38    0.99    0.71    0.47    0.32     36.30      3.02
    1935    0.27    0.36    0.41    1.39   26.95   10.55    1.54    1.52    1.45    0.81    0.44    0.39     46.07      3.84
    1936    0.55    1.81    2.00    1.29    2.20    2.29    1.22    0.46    0.31    0.30    0.23    0.20     12.85      1.07
    1937    0.23    0.59    1.69    1.90    2.15    1.80    2.19    1.84    1.14    1.43    1.36    0.87     17.20      1.43
    1938    1.08    1.20    1.67    1.83   18.58    7.79    1.80    1.34    0.93    0.78    0.77    0.85     38.62      3.22
    1939    1.36    9.74    5.22    2.10    1.81    1.97    1.45    9.58    5.87    2.57    1.11    0.85     43.66      3.64
    1940    0.71    0.88   11.36    5.50   12.11   13.78    5.80    2.06    0.84    0.61    0.46    0.34     54.44      4.54
    1941    0.53    0.66    0.64    1.69    2.70    8.70    4.41    1.58    0.87    0.59    0.57    0.55     23.48      1.96
    1942    0.63    5.11   11.80   26.68    9.37    2.22   31.42   12.89    2.75    2.63   25.73    9.75    140.98     11.75
    1943   28.59   14.89    3.74    1.35    1.84    1.82    0.95    0.56    0.64    0.62    0.40    0.97     56.36      4.70
    1944    1.29    1.06    0.59    0.37    0.73    3.07    2.41    1.24    0.72    0.45    0.29    0.18     12.40      1.03
    1945    0.16    0.13    0.23    0.97    1.44    1.75    1.36    0.72    0.37    0.26    0.21    0.16      7.75      0.65
    1946    0.60    1.59    1.62    1.33   12.00    6.38    2.42    1.17    0.93    0.98    0.58    0.53     30.13      2.51
    1947    0.98    4.55    5.44    3.13    2.20    2.35    2.07    1.30    0.66    0.42    0.31    0.25     23.66      1.97
    1948    0.32    0.59    1.23    2.07    2.67    8.49    4.30    1.56    0.84    0.49    0.34    0.39     23.30      1.94
    1949    0.54    0.96    1.87    1.33    0.69    1.34    1.59    1.15    0.70    0.52    0.75    0.61     12.05      1.00
    1950    0.46    0.48    1.18    2.27    2.13    1.83    1.59    1.05    0.59    0.41    1.02    1.60     14.61      1.22
    1951    1.29    0.67    1.46   60.78   21.92    2.57    1.51    0.76    0.52    0.61    0.62    0.41     93.13      7.76
    1952    0.80    1.44    7.95    3.86    2.51    2.17    1.28    0.72    0.44    0.36    0.67    0.67     22.87      1.91
    1953    0.64    1.11    1.71    1.45    2.10    2.31    1.64    1.41    1.10    0.63    0.34    0.54     14.97      1.25
    1954    1.26    1.91    2.01   24.46   10.67    3.58    2.62    1.49    0.81    0.56    0.38    0.31     50.07      4.17
    1955    0.32    0.30    1.41    1.37    2.06   20.32    7.84    1.01    0.50    0.40    0.35    0.40     36.29      3.02
    1956    0.45    0.83   27.06   25.06    7.79    7.78    4.32    1.64    0.87    0.85    1.15   17.05     94.85      7.90
    1957   19.83    6.18    1.70    2.52    2.75    1.98    1.67    1.19    0.60    0.46    0.34    0.36     39.59      3.30
    1958    0.48    0.84    1.85    2.10    2.63    2.00    1.31    3.54    2.79    1.39    0.74    0.39     20.07      1.67
    1959    0.82    1.65    1.69    1.24    1.34    1.91    2.02    1.39    0.69    0.40    0.35    0.38     13.88      1.16
    1960    0.53    1.46   18.33    6.95    1.34    2.18    2.19    1.37    0.71    0.47    0.38    0.44     36.35      3.03
    1961    0.38    0.45    0.79    7.16    4.71    2.87    2.69    1.90    0.91    0.46    0.41    0.31     23.05      1.92
    1962    0.29    0.92    1.66    2.28    1.80    2.21    2.11    1.20    0.69    0.92    0.75    0.37     15.20      1.27
    1963    0.67    1.97    1.69    2.27    2.12    1.78    1.55    0.98    0.65    0.58    0.38    0.70     15.34      1.28
    1964    2.02    2.41    1.77    1.12    0.75    0.45    0.36    0.38    0.75    1.13    1.43    1.38     13.93      1.16
    1965    0.93    0.65    0.76   16.02    7.46    1.66    0.66    0.68    0.56    0.41    0.41    0.38     30.56      2.55
    1966    0.39    1.18    1.84   25.30   22.15   11.77    5.29    2.66    1.22    0.76    0.55    0.36     73.46      6.12
    1967    0.47    0.96    1.31    1.43    1.15    0.96    0.82    0.53    0.31    0.27    0.31    0.34      8.86      0.74
    1968    0.37    0.47    1.25    1.19    1.49   17.58    7.42    1.91    1.22    0.72    0.53    0.56     34.71      2.89
    1969    1.28    1.21    1.68    1.82    2.53    1.96    0.85    0.41    0.39    0.34    0.90    2.28     15.65      1.30
    1970    2.40    1.84    1.53    2.24    2.42    1.64    1.08    1.13    0.93    0.84    1.16    0.87     18.06      1.51
    1971    0.78    1.02    1.21    1.36    1.56   16.95    6.89    1.38    0.88    0.60    0.47    0.31     33.42      2.78
    1972    0.44    1.39    1.32    1.37    8.96    5.09    2.98    2.03    0.88    0.50    0.94    1.65     27.53      2.29
    1973    1.31    1.31    1.70   24.73    9.86    2.63    2.76    2.01    1.22    0.96    0.68    0.39     49.58      4.13
    1974    0.32    0.80    1.85   21.21   21.80    6.75    1.90    1.18    0.67    0.49    0.37    1.39     58.73      4.89
    1975    1.62    2.28   20.67   27.74   15.98   30.09   10.53    1.51    0.98    0.71    0.56    0.55    113.20      9.43
    1976    1.21    1.54    1.38    2.27    2.04    2.04    1.92    1.17    0.57    0.40    0.33    0.47     15.35      1.28
    1977    1.43    1.72    1.65    2.05    1.92    1.99    2.53    1.84    0.87    0.45    0.42    0.77     17.64      1.47
    1978    1.56    1.79   17.60    8.02    2.88    2.07    1.33    1.08    0.75    0.69    0.97    0.79     39.54      3.30
    1979    0.61    0.47    0.57    1.16    1.24    1.03    0.81    0.55    0.35    0.26    0.23    0.66      7.94      0.66
    1980    0.85    1.10   16.04   23.74   11.00    3.21    1.16    0.71    0.66    0.59    0.75    0.78     60.61      5.05
    1981    0.52    1.28    1.45    1.29    1.09    1.97    1.92    1.03    0.49    0.38    0.29    0.24     11.95      1.00
    1982    1.23    1.32    0.93    1.05    0.77    1.11    1.47    1.13    0.71    0.60    0.58    0.44     11.33      0.94
    1983    0.62    2.01    2.69    2.44    1.75    1.77    1.97    1.38    0.78    0.60    0.73    0.65     17.38      1.45
    1984    0.97    1.03    0.86    2.51   20.93    8.39    1.34    0.50    0.40    0.36    0.28    0.23     37.82      3.15
    1985   12.83    6.14    2.83   13.85    6.17    2.29    2.04    1.30    0.82    0.65    0.60    0.59     50.11      4.18
    1986    0.97    1.48    2.10    5.55    4.03   25.21    9.65    1.35    1.48    1.71    2.25  137.31    193.10     16.09
    1987   47.85    3.09    2.59    2.09   42.21   46.50   12.37    1.57    1.27    1.30    1.08    0.81    162.75     13.56
    1988    1.02    2.27    6.41    4.05    7.71    4.12    1.38    0.97    0.97    0.74    0.47    0.35     30.45      2.54
    1989    0.45    1.85    3.12    2.32    1.51    1.96    2.02    1.26    0.60    0.39    0.53    0.50     16.52      1.38
    1990    0.54    0.43    1.07   32.22   12.92    2.51    1.15    0.53    0.47    0.41    0.33    0.34     52.93      4.41
    1991    1.43    1.81    1.83    1.47    2.16    2.21    1.35    0.63    0.32    0.27    0.27    0.24     13.99      1.17
    1992    0.31    0.45    1.29    1.44    8.49    5.17    2.49    1.45    0.73    0.42    0.35    0.28     22.86      1.91
    1993    1.34    1.72    1.93    7.27    4.00    2.62    2.17    1.18    0.56    0.51    0.56    0.35     24.21      2.02
    1994    0.45    0.35    0.61    1.77    1.41    1.43    1.69    1.17    0.79    0.61    0.38    0.23     10.88      0.91
    1995    0.40    4.02   52.92   58.82   36.27   10.08    2.57    1.38    0.87    1.44    1.53    0.75    171.05     14.25
    1996    0.83    0.95    6.73   19.04    7.57   28.81   11.27    2.27    2.45    2.28    1.37    0.83     84.39      7.03
    1997    0.87    1.73    1.34    1.04   18.91    8.24    2.34    1.46    0.73    0.55    0.47    0.38     38.06      3.17
    1998    0.34    1.23    2.28    1.82    1.90    1.88    1.19    0.56    0.33    0.29    0.26    0.22     12.29      1.02
    1999    0.35    0.50   16.49    7.90    3.24    8.27    4.32    2.00    1.31    0.68    0.44    0.59     46.08      3.84
    2000    0.99    1.24    2.24    2.02    1.48    1.34    1.14    0.71    0.39    0.30    0.32    0.68     12.86      1.07
    2001    1.53    1.87    2.08    1.88    1.34    0.92    0.59    0.41    0.42    0.87    2.01    1.81     15.73      1.31
    2002    1.10    0.52    0.92    1.09    1.27    1.23    1.28    1.26    0.90    0.54    0.34    0.29     10.73      0.89
    2003    0.25    0.52    0.52    0.69   31.74   12.23    1.70    0.76    0.43    0.47    0.45    0.48     50.24      4.19
    2004    0.61    1.83    2.72    2.90   14.78   10.23    3.48    1.20    0.61    0.45    0.46    0.39     39.66      3.30
    2005    1.21    2.18    1.18    8.04    4.69    1.99    1.32    0.93    0.56    0.39    0.60    0.62     23.70      1.97
    2006    0.83    1.42   12.59    5.22    0.77    0.36    0.42    0.36    0.32    0.31    0.24    0.25     23.09      1.92
    2007    1.56    2.19    2.03    4.46    2.73    2.49    2.58    1.54    0.72    0.47    0.31    0.31     21.39      1.78
    2008    0.40    1.04    2.04   11.09    5.66    1.72    0.63    0.54    0.52    0.44    0.51    0.78     25.37      2.11
    2009    1.09    1.05    0.90    1.24    1.16    0.88    0.82    0.61    0.35    0.28    0.22    0.14      8.74      0.73
  
 AVERAGE    2.05    2.46    4.64    7.12    6.43    6.22    3.15    1.43    0.85    0.67    0.88    2.40     38.31      3.19
