    1920    5.94    6.04    5.75    5.12    3.97    6.07    6.62    4.32    1.83    1.02    0.81    1.15     48.65      4.05
    1921    2.44   77.63  110.37   35.33    4.05    2.45    1.45    1.35    1.62    1.38    2.27    2.57    242.91     20.24
    1922   30.74   58.44   51.53   26.99   10.03    7.84    2.61    0.86    0.79    1.02    1.00    0.70    192.55     16.05
    1923    0.91    2.02    3.39    6.63    7.23   13.83   13.22    4.13    2.05    1.14    0.89    1.74     57.17      4.76
    1924    2.86    6.70    9.35    7.65    7.38   66.75   67.20    6.44    3.68    1.96    1.18    1.76    182.91     15.24
    1925    2.99    6.08    5.77    5.53    7.56    8.77    7.41    3.21    2.95    2.43    1.49    2.51     56.71      4.73
    1926    3.71    3.95    5.70    6.31   32.09   33.24    6.28    2.74    1.06    1.80    2.02    1.22    100.10      8.34
    1927    3.17    3.97    5.96    6.93    5.52    7.77    6.69    4.29    2.19    1.18    1.08    1.86     50.61      4.22
    1928    3.00    3.02    5.22    7.63    6.20   11.84   12.09    3.78    2.38    3.14    2.18    4.71     65.16      5.43
    1929   17.12   20.95   18.41   28.38   19.29    4.61    2.50    1.56    1.09    1.22    1.36    1.15    117.63      9.80
    1930    0.92    0.83    3.10   26.90   35.91   13.72    5.41    3.76    1.88    1.42    1.29    0.77     95.91      7.99
    1931    0.79    1.54    1.91    2.13   11.90   19.91   11.43    4.36    3.77    2.59    1.45    0.93     62.68      5.22
    1932    1.36    2.29    5.15    4.87    5.50    6.50    4.62    2.42    1.22    1.27    1.08    0.84     37.11      3.09
    1933    1.11   12.50   51.63   85.55   48.98    6.72    4.68    3.33    2.31    2.06    3.09    2.20    224.17     18.68
    1934    1.96    5.75   21.32   21.61    7.96    8.75    6.89    3.64    1.59    1.11    0.91    0.87     82.36      6.86
    1935    1.34    1.36    1.75   16.91   20.13   10.34    8.69   12.11   12.66    4.15    1.66    1.08     92.16      7.68
    1936    1.94   21.34   23.19   36.77   63.76   31.18    3.06    1.00    0.73    0.70    0.64    0.89    185.20     15.43
    1937    2.07    2.12   33.61   36.10    5.19    3.14    4.44    3.66    2.48    2.60    1.99    1.45     98.85      8.24
    1938    4.42    6.56   19.20   29.56   59.01   50.36    7.26    3.57    2.42    3.15    4.22    3.00    192.73     16.06
    1939    2.32   21.34   29.67   13.32    7.20    5.19    3.71    5.80    8.61    6.36    3.21    1.61    108.36      9.03
    1940    1.84    4.62   14.02   17.60   11.03    8.60    8.90    6.84    3.29    1.31    0.95    0.89     79.88      6.66
    1941    1.20    1.39    2.51   20.91   24.42   12.04   10.42    5.36    3.99    2.93    1.98    2.68     89.85      7.49
    1942    4.69    8.06   28.97   28.59    9.54   22.14   50.47   35.41    5.30    5.32   10.87    9.72    219.09     18.26
    1943    7.58    8.31    7.75    6.65   28.73   29.56    4.84    1.71    2.57    3.26    2.21    2.78    105.95      8.83
    1944    7.22    6.32    3.71    1.80    3.84   21.17   21.41    3.45    1.44    0.98    0.81    0.65     72.80      6.07
    1945    0.58    0.58    0.68    4.02   12.00   26.43   19.54    3.18    1.26    0.94    0.79    0.67     70.67      5.89
    1946    2.17    5.05    4.69    4.15   18.11   20.49    7.31    4.13    2.04    2.08    1.31    0.97     72.49      6.04
    1947    1.22    4.63   11.03   18.03   13.21    6.85    5.04    2.67    1.30    0.96    0.78    1.26     66.97      5.58
    1948    2.76    3.29    2.67   13.69   16.83    8.58    9.08    6.81    3.25    1.28    0.90    1.20     70.33      5.86
    1949    3.38    6.31    7.89    7.39    6.34    7.21    7.54    6.21    4.31    2.36    1.82    1.60     62.37      5.20
    1950    1.80    1.94    3.24    3.99    4.29    3.85    2.78    2.18    1.57    1.20    2.30    2.68     31.81      2.65
    1951    4.28    4.07    3.69   15.01   15.71    4.41    2.93    2.33    1.34    2.13    2.41    1.49     59.81      4.98
    1952    1.06    4.32    6.66    5.94   43.78   45.16    6.36    3.73    1.94    1.12    1.07    1.05    122.19     10.18
    1953    1.10    3.54    4.45    3.91    7.97    9.95    5.89    3.42    2.36    1.58    1.02    1.65     46.85      3.90
    1954    3.90    6.66    5.82   14.56   41.31   32.63    5.93    2.71    1.28    1.01    0.86    0.75    117.42      9.79
    1955    1.79    4.01    4.23    3.42    6.67   28.00   25.10    4.71    3.16    1.95    1.09    1.32     85.45      7.12
    1956    3.87   16.51   61.90   52.84    9.45    8.55    7.52    4.88    2.40    4.78    6.41   20.20    199.30     16.61
    1957   33.00   17.94    4.72   32.99   34.07    5.03    6.24    5.77    3.21    1.31    0.94    1.33    146.52     12.21
    1958    2.50    4.37   14.03   14.50    4.85    3.84    3.26    3.81    3.12    1.96    1.19    1.30     58.73      4.89
    1959    3.55   17.25   18.91    5.90    5.47    5.91    5.96    5.10    2.95    1.36    1.33    1.54     75.22      6.27
    1960    2.85    7.08   37.77   36.01    5.13    6.96   11.29   11.23    5.62    3.28    1.72    2.35    131.28     10.94
    1961    3.92    6.16    8.06    9.59    9.75    6.14    2.97    1.35    0.86    0.78    0.96    1.43     51.98      4.33
    1962    2.06    7.43   10.63   38.54   36.72    4.43    3.20    2.32    2.95   30.31   31.92    3.96    174.46     14.54
    1963    2.80    7.45    6.20   18.84   20.53    6.51    4.88    3.26    1.66    1.14    1.09    1.24     75.61      6.30
    1964   32.37   36.03    8.44   11.61   11.67    5.60    2.66    1.64    1.60    1.78    1.68    1.67    116.74      9.73
    1965    2.33    6.30    5.93    5.07    6.56    4.48    1.75    1.06    1.00    0.89    1.07    2.25     38.69      3.22
    1966    3.51    3.27   11.99   41.72   41.35   13.39    5.55    3.50    1.84    1.40    1.39    1.06    129.96     10.83
    1967    1.99    6.27    8.63    7.19    4.48    5.05    5.47    3.09    1.17    0.92    1.57    1.55     47.38      3.95
    1968    1.10    3.10    6.01    8.77    8.66   16.34   17.95    7.43    4.09    1.97    1.24    1.20     77.85      6.49
    1969    4.04    5.64    8.72    9.35    6.27    4.63    2.55    1.35    1.17    1.29    1.85    2.21     49.09      4.09
    1970    4.73    7.25    5.48    5.96    6.48    4.99    6.83    8.62    6.15    3.03    1.54    1.53     62.59      5.22
    1971    3.09    5.85    8.36   16.60   18.78   12.25    7.67    3.79    2.19    1.37    0.98    0.72     81.64      6.80
    1972    0.87    3.01    3.97    5.47   23.09   23.82    8.35    5.73    2.82    1.20    3.17    6.58     88.08      7.34
    1973    6.16    6.52    7.45    8.31   10.23   10.08    7.17    5.38    3.38    2.57    2.06    1.33     70.64      5.89
    1974    1.44    5.18   23.47   39.46   36.45   19.92    4.97    3.16    1.76    1.03    0.83    1.97    139.64     11.64
    1975    3.56    9.49   16.23   12.41    9.45   14.54   14.11    6.69    4.35    2.17    1.08    0.96     95.02      7.92
    1976    2.91    4.41    8.34   25.87   23.71    8.20    5.39    2.55    1.03    0.85    0.80    2.52     86.57      7.21
    1977    5.21    5.76    7.49   32.19   34.97    9.13    4.30    2.63    1.50    0.99    1.52    2.96    108.66      9.05
    1978    6.86    7.17    5.46    3.08    1.98    1.89    1.41    1.07    0.91    1.26    2.96    4.83     38.86      3.24
    1979    4.51    4.49    4.28   12.34   28.20   19.80    3.11    1.18    0.83    0.77    0.73    1.22     81.46      6.79
    1980    1.85    5.36    9.97   16.05   24.93   18.54    5.82    2.91    1.64    1.41    1.52    2.91     92.89      7.74
    1981    3.70    3.26    3.14    4.87    4.24    2.20    1.26    0.89    0.78    0.82    0.75    0.74     26.67      2.22
    1982    2.86    3.41    2.23    1.82    1.47    1.53    1.82    2.37    2.18    1.68    1.84    1.35     24.54      2.05
    1983    4.23   15.25   32.08   64.14   48.36   10.80    9.37    4.15    2.01    3.00    5.15    4.29    202.83     16.90
    1984    3.85    3.88    3.03    4.09   35.99   36.23    3.09    0.98    0.96    0.88    0.74    0.72     94.44      7.87
    1985    3.63    8.04    7.36    9.24   10.68    9.39    7.21    4.16    1.92    1.47    1.03    0.96     65.09      5.42
    1986    1.62    3.27   19.01   21.90    9.51    7.98    6.02    3.15    1.38    1.13    2.01   35.00    111.99      9.33
    1987   45.14   31.41   23.86   20.65   20.09    5.54    3.78    1.97    1.32    1.79    1.69    1.63    158.87     13.24
    1988    8.85   12.05    8.45   10.11   47.71   44.90    5.05    2.55    2.42    2.28    1.40    0.80    146.58     12.22
    1989    1.70   21.39   30.07   13.33    7.26    8.31    9.41    6.65    3.05    1.28    1.17    0.88    104.50      8.71
    1990    1.21    1.17    2.58   25.37   39.05   25.57   12.65    2.90    1.82    1.56    1.03    0.94    115.85      9.65
    1991    4.02    5.25    6.23    5.95   11.12   10.83    2.82    0.94    0.73    0.70    0.82    0.76     50.19      4.18
    1992    1.05    2.08    4.09    4.50   11.23   12.72    6.03    3.53    1.71    1.02    0.92    0.92     49.80      4.15
    1993   18.03   22.07    7.33    7.90    7.92    8.49    8.31    3.92    1.51    0.95    0.88    0.83     88.14      7.34
    1994    2.14    2.70    2.46    6.58    8.88    7.36    6.20    4.11    2.10    1.15    0.92    0.69     45.30      3.78
    1995    2.27    9.92   49.38   84.00  117.60   84.01   13.26    6.47    3.99    2.31    2.21    1.39    376.81     31.40
    1996   11.51   13.10    4.05    5.64    4.94    5.80    5.67    5.13    5.69    4.44    3.07    2.61     71.65      5.97
    1997    4.61   27.35   28.58   20.79   32.40   17.64    4.31    1.90    0.95    0.84    0.73    0.94    141.04     11.75
    1998    1.75   13.36   27.87   18.10    4.80    2.59    1.85    1.70    1.33    1.12    1.01    0.85     76.33      6.36
    1999    1.90    4.54   33.58   54.84   35.33   15.77    7.56    6.91    5.19    2.93    1.45    1.45    171.46     14.29
    2000    4.47   27.49   27.82    4.06    2.78    3.26    2.82    2.04    1.19    0.97    0.94    2.49     80.32      6.69
    2001    6.74    8.54    7.03    5.90    6.10    4.64    2.77    1.65    1.13    1.49    2.58    3.11     51.69      4.31
    2002    2.58    1.82    2.57    3.44    2.70    1.54    0.88    0.74    0.81    0.84    0.87    0.76     19.57      1.63
    2003    0.95    4.41    6.00    5.90    6.76   10.88    9.82    2.76    1.05    2.02    2.80    2.01     55.35      4.61
    2004    1.70    2.83    2.69    6.79    9.73    6.52    3.27    1.35    0.82    0.76    1.07    0.96     38.49      3.21
    2005    1.34    9.38   10.57   27.57   35.67   12.93    5.32    2.88    1.48    0.98    1.16    1.00    110.29      9.19
    2006    2.01    4.48   10.12   10.77    4.64    2.64    1.74    1.10    0.80    0.75    0.67    0.61     40.32      3.36
    2007    0.48    0.32    0.26    0.56    1.78    5.48    6.09    4.09    2.49    2.00    1.20    0.72     25.47      2.12
    2008    0.79    1.81    4.34   20.36   36.54   25.80    9.64    2.62    1.05    0.99    0.79    0.60    105.32      8.78
    2009    2.02    4.44    4.90   48.50   49.17    4.23    1.12    0.54    0.52    0.52    0.51    0.47    116.93      9.74
  
 AVERAGE    4.73    9.07   13.42   17.42   18.56   13.80    7.66    3.94    2.34    2.05    1.98    2.29     97.25      8.10
