    1920    5.38    4.11    2.61    2.27    1.65    4.85    5.31    1.49    0.57    0.41    0.33    0.55     29.52      2.46
    1921    1.29   61.85   85.42   24.25    1.45    0.91    0.55    0.63    0.78    0.62    1.18    1.26    180.18     15.01
    1922   26.62   46.79   36.89   18.13    6.28    5.11    0.81    0.39    0.37    0.51    0.47    0.28    142.64     11.89
    1923    0.41    1.02    1.61    5.66    6.08    9.69    9.36    1.48    0.69    0.45    0.35    0.89     37.69      3.14
    1924    1.42    7.33    8.37    3.34    3.22   49.86   49.88    2.63    1.41    0.70    0.50    0.89    129.55     10.80
    1925    1.53    4.18    4.22    2.49    3.19    5.94    5.14    1.09    1.24    1.01    0.60    1.30     31.92      2.66
    1926    1.72    1.90    2.47    2.83   24.25   24.60    2.56    0.93    0.41    0.90    0.88    0.55     64.00      5.33
    1927    1.78    2.23    6.11    6.29    2.25    3.36    3.20    1.63    0.77    0.42    0.42    0.91     29.37      2.45
    1928    1.47    1.42    2.57    3.55    2.63    9.33    9.34    1.31    1.04    1.33    0.98    2.88     37.86      3.15
    1929   13.49   15.25   12.36   19.82   12.65    1.71    0.88    0.64    0.47    0.57    0.64    0.49     78.97      6.58
    1930    0.36    0.31    1.71   22.03   28.26    8.44    2.16    1.53    0.67    0.64    0.54    0.29     66.91      5.58
    1931    0.32    0.74    0.86    0.92   11.52   17.19    6.83    1.64    1.47    1.06    0.55    0.36     43.46      3.62
    1932    0.62    1.09    2.76    2.79    5.38    5.85    1.72    0.85    0.40    0.52    0.41    0.29     22.68      1.89
    1933    0.46   13.50   42.38   62.53   34.63    2.82    1.94    1.34    0.92    0.97    1.45    1.05    164.00     13.67
    1934    0.89    4.72   16.52   13.67    3.21    4.16    3.51    1.25    0.57    0.47    0.38    0.37     49.70      4.14
    1935    0.64    0.57    0.75   15.66   16.97    6.53    5.67    9.86   10.15    1.50    0.55    0.50     69.36      5.78
    1936    1.01   18.74   19.24   27.70   48.26   21.63    0.99    0.41    0.35    0.32    0.28    0.43    139.37     11.61
    1937    1.13    1.10   28.59   29.50    1.97    1.20    2.06    1.72    1.05    1.05    0.84    0.60     70.81      5.90
    1938    3.52    4.58   14.16   22.21   42.88   35.75    3.17    1.23    0.88    1.63    1.94    1.42    133.38     11.12
    1939    1.01   18.27   24.06    7.89    3.14    2.13    1.50    2.96    4.02    3.05    1.29    0.69     69.99      5.83
    1940    0.82    2.61   10.86   12.83    6.92    4.40    4.10    3.43    1.11    0.52    0.41    0.40     48.41      4.03
    1941    0.57    0.61    1.20   17.54   19.41    7.03    5.75    2.10    1.64    1.22    0.82    1.28     59.17      4.93
    1942    2.35    7.05   22.66   20.10    5.29   14.97   36.94   24.72    2.05    2.77    8.31    7.69    154.91     12.91
    1943    6.04    6.42    3.97    3.42   21.76   22.20    1.82    0.52    1.47    1.80    1.11    1.46     71.97      6.00
    1944    3.84    3.94    1.39    0.63    1.91   16.81   16.39    1.16    0.51    0.41    0.34    0.26     47.59      3.97
    1945    0.22    0.21    0.25    6.23   11.82   17.63   12.65    1.05    0.48    0.40    0.34    0.28     51.57      4.30
    1946    1.27    2.69    2.32    1.85   14.60   15.60    3.15    1.58    0.77    0.84    0.54    0.38     45.58      3.80
    1947    0.53    4.57    9.83   12.30    8.07    2.79    2.15    0.98    0.49    0.39    0.31    0.62     43.03      3.59
    1948    1.46    1.59    1.23   12.79   14.21    3.53    3.99    3.18    1.13    0.46    0.36    0.55     44.49      3.71
    1949    1.89    3.18    3.79    3.49    2.68    3.08    3.34    2.81    1.83    0.89    0.76    0.60     28.35      2.36
    1950    0.80    0.82    1.52    1.88    1.89    1.69    1.13    0.83    0.62    0.42    1.12    1.21     13.94      1.16
    1951    2.20    2.08    1.80   12.19   12.07    1.61    1.21    0.95    0.49    1.09    1.19    0.71     37.60      3.13
    1952    0.39    4.61    5.79    2.40   33.36   33.93    2.59    1.42    0.68    0.47    0.48    0.46     86.58      7.22
    1953    0.48    1.99    2.41    1.77    7.20    8.00    2.37    1.28    0.89    0.61    0.37    0.78     28.15      2.35
    1954    2.08    3.21    2.81   11.58   31.87   22.47    2.37    0.93    0.53    0.45    0.38    0.33     79.02      6.59
    1955    0.98    2.11    2.14    1.50    6.95   22.99   17.12    1.70    1.29    0.74    0.44    0.62     58.57      4.88
    1956    2.20   13.71   47.38   38.09    5.19    4.08    3.86    1.84    0.84    2.58    3.14   16.15    139.06     11.59
    1957   25.36   11.38    1.84   25.72   26.02    2.17    3.08    2.68    1.21    0.52    0.39    0.64    101.02      8.42
    1958    1.29    2.22   11.50   11.26    1.86    1.56    1.37    1.71    1.45    0.80    0.43    0.55     36.00      3.00
    1959    1.94   14.41   14.68    2.37    2.45    2.68    2.67    2.36    1.17    0.48    0.56    0.68     46.44      3.87
    1960    1.45    6.21   30.10   25.26    1.85    3.28    8.38    7.99    2.23    1.25    0.60    1.22     89.82      7.49
    1961    1.89    3.63    4.41    6.13    6.17    2.55    1.04    0.46    0.35    0.31    0.41    0.68     28.04      2.34
    1962    0.98    8.43    9.78   27.47   26.46    1.57    1.33    0.91    1.51   26.05   26.44    1.44    132.38     11.03
    1963    1.42    5.89    5.69   15.06   15.93    2.86    2.03    1.30    0.59    0.50    0.49    0.57     52.32      4.36
    1964   29.19   30.70    3.53    7.75    7.63    2.24    0.93    0.67    0.75    0.82    0.77    0.74     85.72      7.14
    1965    1.12    5.87    6.11    2.09    2.70    1.95    0.59    0.40    0.39    0.34    0.45    1.18     23.19      1.93
    1966    1.74    1.59   10.78   32.97   29.53    8.16    2.19    1.35    0.65    0.64    0.61    0.46     90.68      7.56
    1967    1.02    6.84    8.05    3.07    1.74    3.39    3.71    1.05    0.39    0.35    0.76    0.71     31.09      2.59
    1968    0.48    1.62    2.94    6.65    6.17   11.94   12.87    3.27    1.57    0.70    0.49    0.54     49.25      4.10
    1969    2.36    2.94    7.17    7.16    2.64    1.90    0.92    0.50    0.47    0.56    0.89    0.99     28.50      2.37
    1970    2.56    3.37    2.52    4.26    4.56    1.86    3.37    4.38    2.61    1.12    0.54    0.65     31.80      2.65
    1971    1.58    2.86    6.17   12.71   12.81    8.05    4.29    1.34    0.82    0.55    0.42    0.30     51.89      4.32
    1972    0.39    1.71    2.14    2.56   16.30   16.44    3.33    2.52    1.04    0.47    1.77    3.46     52.15      4.35
    1973    3.17    3.00    3.34    3.72    6.20    5.93    3.13    2.27    1.33    1.06    0.80    0.54     34.49      2.87
    1974    0.63    6.41   20.59   28.17   25.57   12.83    1.92    1.22    0.62    0.46    0.37    1.11     99.89      8.32
    1975    1.85    9.11   13.90    7.32    5.05   10.38    8.72    2.85    1.75    0.77    0.47    0.44     62.62      5.22
    1976    1.68    2.26    7.48   20.64   15.78    3.40    2.26    0.90    0.42    0.38    0.36    1.50     57.04      4.75
    1977    2.84    2.86    3.79   23.21   25.08    5.21    1.58    0.98    0.53    0.44    0.77    1.60     68.90      5.74
    1978    4.89    5.42    2.19    1.13    0.79    0.75    0.56    0.38    0.32    0.56    1.66    2.50     21.15      1.76
    1979    2.24    2.01    1.91   10.27   21.83   12.83    1.01    0.44    0.36    0.33    0.30    0.60     54.14      4.51
    1980    0.89    6.70   10.24   10.71   17.37   11.97    2.32    1.03    0.71    0.61    0.73    1.56     64.83      5.40
    1981    1.67    1.58    1.41    2.26    1.99    0.84    0.46    0.30    0.26    0.29    0.26    0.25     11.58      0.96
    1982    1.67    1.95    0.99    0.68    0.62    0.57    0.71    1.04    1.01    0.75    0.74    0.61     11.34      0.95
    1983    4.51   13.17   22.86   46.69   34.14    6.84    6.05    1.49    0.82    1.46    2.68    2.23    142.94     11.91
    1984    1.86    1.77    1.30    1.86   28.31   28.03    1.01    0.43    0.44    0.40    0.32    0.31     66.06      5.50
    1985    3.91    5.77    3.36    6.52    7.52    4.24    3.06    1.58    0.66    0.56    0.41    0.40     38.01      3.17
    1986    0.79    1.65   15.77   16.75    3.75    3.53    2.60    1.16    0.49    0.47    1.03   30.36     78.35      6.53
    1987   37.27   21.91   15.96   14.72   14.42    2.31    1.53    0.70    0.61    0.89    0.73    0.75    111.79      9.32
    1988   10.24   11.58    4.09    6.19   34.49   31.87    1.99    0.89    1.11    0.94    0.59    0.32    104.29      8.69
    1989    0.88   18.96   24.82    7.92    3.19    4.76    5.26    2.76    1.07    0.53    0.53    0.38     71.06      5.92
    1990    0.58    0.49    1.31   21.26   30.99   17.69    7.96    0.94    0.82    0.69    0.47    0.43     83.61      6.97
    1991    4.05    4.84    4.99    4.90    8.66    8.51    0.89    0.37    0.31    0.29    0.35    0.30     38.48      3.21
    1992    0.47    1.02    2.03    2.19    9.45    9.97    2.43    1.33    0.58    0.38    0.35    0.36     30.57      2.55
    1993   18.24   20.00    3.13    5.65    5.57    6.13    6.03    1.38    0.47    0.41    0.39    0.36     67.78      5.65
    1994    1.19    1.44    1.18    6.97    7.87    3.05    2.74    1.66    0.75    0.43    0.34    0.24     27.88      2.32
    1995    1.28    9.90   39.07   61.43   86.72   61.32    7.78    2.72    1.57    0.96    0.92    0.57    274.24     22.85
    1996   12.76   13.29    1.61    2.49    2.27    2.70    2.75    2.35    2.44    2.06    1.32    1.15     47.18      3.93
    1997    2.25   21.89   22.06   14.73   23.96   11.45    1.56    0.61    0.42    0.38    0.33    0.45    100.08      8.34
    1998    0.90   13.48   23.77   11.58    1.80    0.92    0.79    0.74    0.55    0.46    0.41    0.32     55.72      4.64
    1999    0.98    2.39   26.60   42.19   24.95    9.90    3.32    3.03    2.29    1.15    0.53    0.69    118.02      9.83
    2000    2.59   22.08   21.52    1.44    1.31    1.48    1.23    0.84    0.44    0.39    0.39    1.39     55.09      4.59
    2001    3.63    4.64    3.13    2.58    2.63    1.96    1.05    0.60    0.40    0.65    1.29    1.36     23.94      1.99
    2002    1.23    0.78    1.15    1.59    1.15    0.57    0.28    0.21    0.28    0.30    0.31    0.25      8.09      0.67
    2003    0.36    4.89    5.85    2.39    2.72    7.91    7.14    0.87    0.39    1.05    1.32    1.01     35.90      2.99
    2004    0.70    1.33    1.30    7.30    8.63    2.68    1.16    0.42    0.29    0.27    0.45    0.36     24.88      2.07
    2005    0.59   10.57   10.81   21.59   27.72    7.77    2.06    1.04    0.54    0.44    0.56    0.44     84.13      7.01
    2006    1.07    2.34    8.63    8.48    1.72    0.95    0.64    0.40    0.28    0.26    0.23    0.20     25.20      2.10
    2007    0.13    0.07    0.05    0.31    0.91    5.59    6.03    1.40    0.91    0.75    0.46    0.21     16.82      1.40
    2008    0.27    0.86    2.20   15.94   27.45   17.57    5.73    0.82    0.46    0.45    0.35    0.25     72.35      6.03
    2009    1.19    2.32    2.49   37.21   37.16    1.53    0.30    0.24    0.22    0.20    0.17    0.15     83.18      6.93
  
 AVERAGE    3.37    7.06    9.99   12.53   13.22    9.14    4.40    1.79    0.99    1.03    1.05    1.34     65.90      5.49
