    1920    2.26    1.33    0.25    0.13    1.89    6.83    5.51    0.63    0.09    0.02    0.00    0.28     19.21      1.60
    1921    0.48   15.14   22.36    9.16    3.35    8.38    7.63    0.98    0.29    0.23    0.33    0.58     68.92      5.74
    1922    2.44    7.28    8.01    7.85    5.63    0.95    0.22    0.17    0.17    0.20    0.18    0.14     33.23      2.77
    1923    0.16    0.25    0.21    3.70    4.76    2.35    1.58    0.41    0.17    0.15    0.14    0.29     14.18      1.18
    1924    0.33    1.31    2.94    2.22    1.03   12.95   13.87    1.80    0.39    0.20    0.17    0.22     37.43      3.12
    1925    0.38    0.95    1.07    0.51    0.50    0.54    0.40    0.19    0.25    0.22    0.12    0.32      5.45      0.45
    1926    0.50    0.56    0.63    0.67    4.56    6.89    2.98    0.46    0.13    0.18    0.20    0.13     17.87      1.49
    1927    0.31    0.32    2.12    2.50    0.86    0.74    0.64    0.31    0.13    0.11    0.12    0.24      8.39      0.70
    1928    0.34    0.26    0.29    0.54    0.52    4.78    5.17    0.71    0.22    0.36    0.25    1.74     15.18      1.27
    1929    2.15    3.72    4.25    6.31    5.97    0.89    0.34    0.27    0.18    0.19    0.20    0.20     24.66      2.06
    1930    0.21    0.14    2.24    8.64    7.81    1.79    0.45    0.19    0.15    0.16    0.15    0.11     22.04      1.84
    1931    0.13    0.26    0.25    0.38    3.41    5.03    2.12    0.54    0.36    0.22    0.14    0.13     12.97      1.08
    1932    0.17    0.31    1.61    1.72    0.41    0.50    0.46    0.29    0.12    0.15    0.13    0.08      5.96      0.50
    1933    0.09    4.16    6.72   16.61   15.54    1.92    0.60    0.38    0.26    0.29    0.41    0.26     47.23      3.94
    1934    0.25    2.37    7.51    6.00    2.73    3.43    1.95    0.52    0.22    0.19    0.16    0.17     25.51      2.13
    1935    0.20    0.17    0.20    3.14    5.21    5.78    4.13    2.69    2.61    0.52    0.19    0.17     25.01      2.08
    1936    0.27    5.29    5.85    8.79   12.76    5.09    0.77    0.24    0.20    0.19    0.17    0.19     39.81      3.32
    1937    0.22    0.21    5.91    6.74    1.18    0.47    0.48    0.32    0.35    0.41    0.31    0.21     16.79      1.40
    1938    2.24    2.57    3.73    6.13    8.91    7.03    1.22    0.36    0.29    0.36    0.36    0.26     33.46      2.79
    1939    0.27    4.59    8.00    5.00    2.16    0.78    0.36    1.39    1.77    0.77    0.35    0.29     25.74      2.15
    1940    0.31    1.02    3.63    4.28    2.56    2.06    3.04    2.42    0.44    0.19    0.17    0.17     20.28      1.69
    1941    0.23    0.26    0.44    5.46    8.83    4.19    1.04    0.49    0.33    0.24    0.24    0.37     22.11      1.84
    1942    0.63    4.91    8.49    8.82    5.67    2.65    9.08    8.08    1.15    0.70    4.30    4.52     59.00      4.92
    1943    3.42    4.43    5.07    4.17    7.37    7.57    1.04    0.24    0.38    0.42    0.26    0.59     34.96      2.91
    1944    2.36    2.42    0.48    0.29    0.45    3.81    4.18    0.70    0.22    0.19    0.17    0.15     15.42      1.29
    1945    0.14    0.13    0.13    1.45    3.38    6.20    4.72    0.66    0.18    0.16    0.15    0.13     17.41      1.45
    1946    0.30    0.74    0.87    0.49    6.66    7.47    1.35    0.43    0.24    0.24    0.17    0.15     19.11      1.59
    1947    0.18    1.59    5.04    8.36    5.51    1.18    0.61    0.28    0.19    0.16    0.14    0.18     23.41      1.95
    1948    0.52    0.58    0.49    5.91    8.08    2.97    1.16    0.67    0.27    0.16    0.14    0.17     21.12      1.76
    1949    0.43    0.91    5.30    5.41    1.22    0.80    0.86    0.78    0.52    0.23    0.20    0.18     16.84      1.40
    1950    0.26    0.30    0.80    0.98    1.73    1.77    0.55    0.29    0.17    0.18    0.33    0.26      7.61      0.63
    1951    0.39    0.34    0.36    3.22    3.45    0.60    0.28    0.20    0.12    0.25    0.25    0.15      9.62      0.80
    1952    0.12    1.02    1.32    4.24   11.82    8.79    1.38    0.45    0.20    0.16    0.28    0.27     30.05      2.50
    1953    0.20    0.46    0.50    0.46    4.97    6.14    1.65    0.44    0.28    0.19    0.13    0.21     15.62      1.30
    1954    0.57    2.95    3.09    3.02    7.44    5.51    0.97    0.28    0.18    0.16    0.15    0.13     24.46      2.04
    1955    0.27    0.47    0.42    0.35    2.05    6.14    4.74    0.77    0.33    0.18    0.14    0.16     16.00      1.33
    1956    0.36    3.98   12.68   11.13    3.11    3.28    3.10    0.77    0.28    0.85    1.20    3.72     44.46      3.70
    1957    6.66    3.82    0.69    6.10    6.83    1.43    2.89    2.82    0.49    0.22    0.20    0.25     32.41      2.70
    1958    0.44    0.62    2.43    2.61    1.12    0.99    0.54    0.49    0.34    0.21    0.16    0.16     10.10      0.84
    1959    0.47    3.85    4.24    0.92    1.24    1.30    0.64    0.53    0.28    0.15    0.17    0.18     13.95      1.16
    1960    0.34    0.68    6.16    6.34    0.84    0.77    1.10    0.78    0.41    0.19    0.13    0.20     17.93      1.49
    1961    0.28    0.51    0.58    2.61    4.88    2.91    0.55    0.16    0.13    0.12    0.14    0.18     13.04      1.09
    1962    0.17    0.32    0.42    5.31    5.71    0.79    0.29    0.18    0.27    0.71    0.60    0.30     15.07      1.26
    1963    0.25    0.94    1.04    2.33    2.60    0.83    0.52    0.33    0.21    0.20    0.16    0.23      9.64      0.80
    1964    6.34    7.24    2.27    4.16    3.81    1.22    0.30    0.21    0.23    0.27    0.24    0.22     26.51      2.21
    1965    0.33    0.57    0.48    3.79    4.22    0.75    0.19    0.21    0.16    0.13    0.16    0.24     11.22      0.94
    1966    0.33    0.47    3.52   13.57   12.93    3.23    0.83    0.42    0.18    0.16    0.14    0.14     35.92      2.99
    1967    0.20    0.51    1.11    1.13    0.42    0.36    0.34    0.22    0.13    0.10    0.17    0.15      4.84      0.40
    1968    0.09    0.23    0.56    2.31    2.50    4.04    4.63    1.42    0.45    0.21    0.16    0.14     16.71      1.39
    1969    1.36    1.65    0.68    0.75    1.83    1.71    0.36    0.19    0.16    0.17    0.32    0.36      9.53      0.79
    1970    0.62    0.71    0.49    3.13    3.55    0.87    0.58    0.80    0.64    0.34    0.22    0.21     12.16      1.01
    1971    0.31    0.39    4.15    5.13    3.54    8.18    6.40    0.86    0.22    0.18    0.16    0.13     29.66      2.47
    1972    0.20    0.54    0.50    0.47    2.23    2.38    0.79    0.61    0.29    0.14    0.37    0.67      9.18      0.77
    1973    0.51    1.32    1.73    2.81    6.01    4.40    1.01    0.53    0.27    0.23    0.20    0.17     19.19      1.60
    1974    0.18    3.12    6.97    8.38   21.99   19.19    2.23    0.54    0.23    0.19    0.17    0.97     64.15      5.35
    1975    1.23    1.87    4.59   10.63   11.19    8.90    5.98    1.09    0.53    0.27    0.22    0.20     46.73      3.89
    1976    0.48    0.60    0.50    0.87    0.90    0.61    0.50    0.25    0.15    0.13    0.12    0.43      5.54      0.46
    1977    0.88    0.64    0.60    6.45    7.83    2.24    0.85    0.44    0.17    0.14    0.21    0.39     20.84      1.74
    1978    0.71    0.67    0.56    0.57    2.02    2.06    0.42    0.15    0.13    0.18    0.44    0.64      8.56      0.71
    1979    0.50    0.39    0.55    3.89    6.98    3.80    0.64    0.15    0.13    0.12    0.11    0.24     17.49      1.46
    1980    0.36    0.48    1.39    2.31    4.40    3.75    0.71    0.21    0.18    0.18    0.21    0.33     14.51      1.21
    1981    0.34    0.28    0.22    0.39    0.36    0.32    0.29    0.16    0.09    0.10    0.09    0.08      2.72      0.23
    1982    1.89    2.19    0.45    0.33    0.30    0.25    0.23    0.21    0.18    0.14    0.14    0.10      6.42      0.53
    1983    0.91    6.57   14.80   14.79    6.51    4.80    4.55    0.71    0.22    0.25    0.49    0.42     55.01      4.58
    1984    2.75    3.05    0.66    3.96   12.27    9.27    1.06    0.18    0.18    0.18    0.16    0.17     33.90      2.82
    1985    1.71    3.13    2.69    4.61    5.75    2.97    0.91    0.36    0.23    0.21    0.18    0.17     22.93      1.91
    1986    0.33    0.49    0.66    0.76    4.54    5.02    1.20    0.42    0.18    0.16    0.26    9.03     23.06      1.92
    1987   11.67    5.73    3.71    1.18    1.45    2.22    1.66    0.41    0.24    0.26    0.20    0.20     28.94      2.41
    1988    1.08    1.39    2.37    2.84    8.65    8.77    1.17    0.24    0.24    0.22    0.17    0.14     27.28      2.27
    1989    0.23    7.70   12.73    5.58    1.00    2.60    2.75    0.64    0.21    0.19    0.20    0.16     33.98      2.83
    1990    0.17    0.14    0.34    4.36    9.27    5.86    1.10    0.27    0.23    0.22    0.16    0.16     22.28      1.86
    1991    2.72    3.17    3.81    3.83    3.83    3.80    0.57    0.19    0.17    0.16    0.20    0.18     22.62      1.88
    1992    0.18    0.29    0.30    0.20    4.12    4.75    0.96    0.34    0.15    0.14    0.14    0.16     11.74      0.98
    1993    4.20    4.93    1.63    2.94    4.10    2.71    0.98    0.36    0.17    0.17    0.18    0.16     22.53      1.88
    1994    0.28    0.27    0.29    5.84    6.41    1.01    0.50    0.33    0.17    0.14    0.12    0.10     15.47      1.29
    1995    0.17    3.80   11.91   19.28   28.52   21.08    4.27    0.79    0.36    0.30    0.29    0.22     90.99      7.58
    1996    3.77    4.25    0.79    1.14    1.29    1.61    1.60    0.71    0.81    0.63    0.37    0.33     17.31      1.44
    1997    0.57    7.51    8.20    1.39    1.65    1.73    0.77    0.35    0.18    0.16    0.14    0.16     22.82      1.90
    1998    0.29    2.61    5.62    4.33    1.63    0.51    0.25    0.28    0.22    0.16    0.14    0.12     16.15      1.35
    1999    0.20    0.46    3.65    9.96   11.84    6.11    1.25    0.75    0.54    0.26    0.17    0.21     35.41      2.95
    2000    0.49    0.74    0.62    0.35    0.38    0.52    0.41    0.24    0.12    0.11    0.10    0.36      4.46      0.37
    2001    2.09    3.42    4.67    7.36    4.75    0.73    0.22    0.19    0.17    0.20    0.31    0.32     24.44      2.04
    2002    0.31    0.21    0.25    0.29    0.31    0.26    0.17    0.10    0.10    0.09    0.09    0.07      2.25      0.19
    2003    0.07    0.93    1.14    0.46    0.65    2.54    2.53    0.40    0.10    0.19    0.24    0.17      9.44      0.79
    2004    0.13    0.39    0.48    3.89    4.59    2.44    1.88    0.41    0.13    0.12    0.15    0.12     14.74      1.23
    2005    0.22    5.46    6.07    5.80    6.74    2.02    0.56    0.26    0.17    0.15    0.19    0.17     27.82      2.32
    2006    0.28    0.37    2.33    5.11    3.46    0.80    0.42    0.28    0.18    0.16    0.14    0.19     13.70      1.14
    2007    3.63    4.54    1.24    0.49    0.47    3.24    4.66    1.96    0.43    0.21    0.16    0.13     21.16      1.76
    2008    0.15    0.22    0.27    2.24    2.68    0.81    0.32    0.16    0.21    0.19    0.25    0.26      7.76      0.65
    2009    0.40    0.57    3.46    8.76    6.27    1.19    1.93    1.90    0.39    0.16    0.14    0.11     25.28      2.11
  
 AVERAGE    0.98    2.05    3.05    4.27    4.85    3.61    1.81    0.64    0.30    0.23    0.26    0.43     22.49      1.87
