    1920    2.19    1.53    0.60    0.49    1.49    6.11    5.52    0.51    0.26    0.21    0.17    0.91     19.99      1.67
    1921    1.23   19.62   25.33    7.01    2.16    8.75    8.06    0.61    0.55    0.41    0.68    1.14     75.54      6.30
    1922    2.07    6.58    6.73    6.33    5.37    0.87    0.23    0.16    0.19    0.30    0.23    0.14     29.20      2.43
    1923    0.19    0.35    0.33    3.53    4.39    1.96    1.44    0.59    0.23    0.17    0.18    0.56     13.91      1.16
    1924    0.63    1.19    1.95    1.68    1.33   16.14   16.19    1.15    0.44    0.27    0.20    0.34     41.52      3.46
    1925    0.66    1.28    1.17    0.79    0.81    0.85    0.65    0.29    0.45    0.43    0.27    0.68      8.33      0.69
    1926    0.95    1.04    1.07    1.08    4.23    5.24    1.92    0.41    0.16    0.30    0.34    0.22     16.97      1.41
    1927    0.60    0.69    1.32    1.80    1.20    1.19    1.05    0.48    0.19    0.15    0.19    0.48      9.33      0.78
    1928    0.62    0.48    0.48    0.86    0.85    4.92    5.01    0.51    0.40    0.72    0.59    1.59     17.04      1.42
    1929    2.23    3.25    3.28    6.14    5.72    0.69    0.50    0.39    0.23    0.27    0.30    0.30     23.30      1.94
    1930    0.30    0.21    1.72    8.31    7.58    1.41    0.58    0.25    0.16    0.21    0.18    0.11     21.05      1.75
    1931    0.16    0.41    0.43    0.57    2.91    3.69    1.54    0.82    0.73    0.42    0.20    0.18     12.04      1.00
    1932    0.27    0.52    1.31    1.16    0.52    0.81    0.82    0.47    0.20    0.27    0.25    0.16      6.76      0.56
    1933    0.14    4.62    5.81   18.90   18.20    1.09    0.82    0.60    0.45    0.51    0.78    0.56     52.47      4.37
    1934    0.41    1.82    6.73    5.84    1.82    2.24    1.75    0.78    0.31    0.23    0.19    0.22     22.34      1.86
    1935    0.28    0.22    0.23    2.73    3.81    4.65    3.81    2.36    2.51    0.70    0.22    0.18     21.69      1.81
    1936    0.42    5.98    6.10    9.66   12.98    4.00    0.64    0.26    0.20    0.18    0.16    0.22     40.80      3.40
    1937    0.26    0.22    6.80    7.41    1.09    0.65    0.70    0.59    0.56    0.71    0.59    0.37     19.96      1.66
    1938    2.10    2.42    3.10    4.36    8.06    7.23    1.19    0.50    0.40    0.61    0.60    0.44     31.02      2.59
    1939    0.39    4.95    7.13    3.32    1.89    1.20    0.53    1.57    2.04    1.47    0.61    0.45     25.56      2.13
    1940    0.45    1.12    2.64    2.85    1.98    1.94    2.29    1.74    0.52    0.23    0.18    0.19     16.13      1.34
    1941    0.33    0.35    0.64    5.61    7.78    3.40    1.37    0.77    0.51    0.38    0.36    0.66     22.16      1.85
    1942    1.13    4.98    7.24    7.55    5.24    1.75    9.73    9.32    0.93    1.34    4.83    4.48     58.51      4.88
    1943    3.12    3.74    3.84    3.50    7.66    7.45    0.72    0.20    0.57    0.64    0.39    1.04     32.87      2.74
    1944    2.38    1.74    0.57    0.27    0.58    3.58    3.74    0.70    0.25    0.18    0.15    0.11     14.25      1.19
    1945    0.09    0.06    0.06    0.90    2.03    5.12    4.39    0.49    0.18    0.16    0.13    0.10     13.72      1.14
    1946    0.53    1.34    1.20    0.74    7.50    8.13    1.39    0.60    0.37    0.39    0.27    0.18     22.65      1.89
    1947    0.27    1.28    3.68    7.35    5.11    1.39    0.96    0.40    0.23    0.19    0.15    0.27     21.26      1.77
    1948    1.03    1.14    0.80    6.27    7.20    2.18    1.80    1.16    0.39    0.21    0.17    0.25     22.59      1.88
    1949    0.85    1.40    5.08    5.02    1.41    1.28    1.40    1.36    0.86    0.37    0.33    0.27     19.63      1.64
    1950    0.45    0.51    0.96    1.19    1.41    1.41    0.80    0.50    0.31    0.31    0.67    0.58      9.11      0.76
    1951    0.75    0.67    0.65    2.52    2.42    0.58    0.44    0.38    0.21    0.53    0.57    0.32     10.03      0.84
    1952    0.18    1.07    1.37    3.89   12.06    9.29    1.20    0.63    0.30    0.23    0.54    0.53     31.29      2.61
    1953    0.36    0.81    0.93    0.72    5.07    5.78    1.40    0.63    0.48    0.33    0.18    0.38     17.07      1.42
    1954    1.13    2.37    2.07    2.15    6.56    5.43    0.97    0.35    0.21    0.20    0.16    0.13     21.74      1.81
    1955    0.47    0.75    0.74    0.54    1.31    5.10    4.44    0.77    0.60    0.33    0.17    0.23     15.45      1.29
    1956    0.69    3.94   13.33   10.75    2.05    2.55    2.44    1.10    0.43    1.54    1.89    3.98     44.69      3.72
    1957    6.02    3.31    0.71    6.60    7.16    1.66    2.34    2.02    0.57    0.26    0.20    0.35     31.21      2.60
    1958    0.74    0.95    1.61    1.64    1.35    1.29    0.87    0.76    0.64    0.36    0.22    0.19     10.62      0.88
    1959    0.93    3.64    3.66    1.01    1.17    1.25    1.09    0.96    0.45    0.19    0.27    0.27     14.90      1.24
    1960    0.63    1.25    6.51    6.01    0.49    1.17    1.70    1.40    0.70    0.33    0.18    0.36     20.73      1.73
    1961    0.48    0.91    1.04    1.67    2.86    2.05    0.59    0.23    0.14    0.13    0.20    0.30     10.58      0.88
    1962    0.27    0.55    0.72    5.45    5.37    0.56    0.47    0.30    0.50    1.52    1.28    0.52     17.50      1.46
    1963    0.46    1.32    1.14    1.47    1.86    1.17    0.83    0.55    0.35    0.34    0.29    0.42     10.21      0.85
    1964    7.67    8.34    1.75    2.80    2.88    1.21    0.39    0.26    0.37    0.46    0.40    0.35     26.89      2.24
    1965    0.57    0.96    0.82    3.35    3.70    0.74    0.22    0.30    0.24    0.18    0.26    0.45     11.80      0.98
    1966    0.59    0.78    2.87   14.40   13.11    1.93    1.18    0.69    0.29    0.21    0.17    0.18     36.40      3.03
    1967    0.32    0.91    1.38    1.20    0.57    0.57    0.63    0.38    0.21    0.15    0.34    0.32      6.97      0.58
    1968    0.18    0.42    0.95    1.61    1.73    3.69    4.06    1.59    0.71    0.33    0.23    0.19     15.69      1.31
    1969    1.26    1.46    1.06    1.25    1.64    1.26    0.43    0.27    0.24    0.28    0.65    0.70     10.49      0.87
    1970    1.21    1.34    0.77    2.56    3.02    1.08    0.97    1.43    1.14    0.56    0.39    0.37     14.83      1.24
    1971    0.57    0.69    3.86    4.41    2.38    7.41    6.32    0.59    0.32    0.25    0.20    0.14     27.13      2.26
    1972    0.32    0.95    0.93    0.75    1.62    1.36    1.22    1.09    0.44    0.17    0.80    1.27     10.93      0.91
    1973    0.98    1.19    1.65    1.89    4.46    4.04    1.28    0.88    0.44    0.37    0.31    0.24     17.72      1.48
    1974    0.26    3.00    6.02    7.10   26.73   23.08    1.01    0.71    0.33    0.23    0.19    1.22     69.87      5.82
    1975    1.49    1.48    3.26   10.50   10.58    7.79    5.96    1.29    0.94    0.43    0.24    0.21     44.17      3.68
    1976    0.86    1.07    0.85    1.09    1.09    0.96    0.85    0.38    0.15    0.14    0.12    0.92      8.48      0.71
    1977    1.61    1.11    0.88    7.01    7.47    1.87    1.33    0.70    0.25    0.18    0.38    0.74     23.52      1.96
    1978    1.37    1.28    0.93    0.94    1.57    1.38    0.51    0.19    0.18    0.34    0.96    1.22     10.87      0.91
    1979    0.94    0.67    0.89    3.30    5.33    2.97    0.61    0.18    0.15    0.14    0.13    0.46     15.79      1.32
    1980    0.63    0.83    1.32    1.73    3.52    3.14    0.77    0.29    0.27    0.27    0.37    0.62     13.75      1.15
    1981    0.63    0.51    0.38    0.60    0.62    0.52    0.50    0.25    0.14    0.17    0.15    0.14      4.62      0.38
    1982    1.86    2.14    0.50    0.51    0.51    0.41    0.41    0.37    0.36    0.29    0.28    0.23      7.88      0.66
    1983    1.09    6.89   15.91   14.85    5.68    4.21    4.01    0.65    0.32    0.42    1.00    0.92     55.95      4.66
    1984    2.63    2.82    0.78    3.59   12.91    9.76    0.43    0.18    0.18    0.19    0.16    0.19     33.83      2.82
    1985    1.54    2.56    2.05    3.63    3.96    2.19    1.35    0.54    0.28    0.26    0.20    0.19     18.76      1.56
    1986    0.56    0.77    1.04    1.26    4.16    4.46    1.40    0.62    0.23    0.20    0.49   11.85     27.06      2.25
    1987   13.03    3.81    3.16    1.52    1.61    1.91    1.49    0.58    0.34    0.40    0.28    0.28     28.41      2.37
    1988    1.34    1.55    1.63    1.92    9.73    9.35    0.74    0.26    0.34    0.30    0.20    0.12     27.47      2.29
    1989    0.35    9.20   13.14    4.40    0.99    1.90    1.84    0.88    0.30    0.22    0.26    0.17     33.64      2.80
    1990    0.19    0.13    0.55    4.16    8.64    5.77    1.18    0.30    0.34    0.33    0.22    0.19     22.00      1.83
    1991    2.94    3.39    3.07    2.96    3.22    3.16    0.47    0.18    0.14    0.13    0.28    0.25     20.19      1.68
    1992    0.22    0.43    0.46    0.31    4.26    4.87    1.06    0.49    0.19    0.15    0.19    0.24     12.88      1.07
    1993    5.01    5.75    1.61    1.88    2.30    2.13    1.36    0.55    0.19    0.20    0.25    0.19     21.42      1.79
    1994    0.48    0.50    0.45    6.34    6.47    0.87    0.84    0.55    0.27    0.19    0.15    0.10     17.22      1.43
    1995    0.29    3.91   12.53   21.44   34.27   22.84    1.98    0.90    0.64    0.45    0.43    0.28     99.97      8.33
    1996    4.36    4.67    0.83    1.22    1.43    1.56    1.52    1.23    1.41    1.18    0.65    0.53     20.59      1.72
    1997    1.01    8.44    8.46    1.29    1.61    1.80    1.26    0.52    0.22    0.20    0.16    0.22     25.18      2.10
    1998    0.52    2.14    4.01    3.08    1.45    0.72    0.35    0.41    0.35    0.23    0.18    0.13     13.56      1.13
    1999    0.34    0.80    3.09    9.20   11.60    5.73    1.45    1.30    0.95    0.43    0.21    0.32     35.42      2.95
    2000    0.94    1.25    1.04    0.49    0.58    0.84    0.69    0.39    0.19    0.16    0.14    0.83      7.55      0.63
    2001    2.24    2.41    3.47    6.03    4.08    0.59    0.28    0.25    0.22    0.34    0.60    0.58     21.09      1.76
    2002    0.54    0.39    0.37    0.47    0.49    0.44    0.27    0.14    0.15    0.16    0.15    0.13      3.70      0.31
    2003    0.10    0.92    1.11    0.71    1.08    1.86    1.36    0.38    0.14    0.39    0.47    0.38      8.92      0.74
    2004    0.24    0.75    0.91    3.44    4.02    1.96    1.47    0.53    0.17    0.15    0.25    0.20     14.09      1.17
    2005    0.41    6.20    6.37    5.54    6.16    1.59    0.79    0.42    0.19    0.17    0.29    0.24     28.37      2.36
    2006    0.48    0.62    1.50    3.23    2.65    0.96    0.66    0.50    0.26    0.21    0.17    0.31     11.55      0.96
    2007    4.09    4.89    1.24    0.72    0.78    2.74    3.63    1.68    0.63    0.30    0.20    0.13     21.03      1.75
    2008    0.20    0.31    0.40    1.44    2.02    1.10    0.43    0.20    0.35    0.34    0.47    0.49      7.76      0.65
    2009    0.76    0.99    2.73    7.75    6.15    1.24    1.78    1.51    0.54    0.21    0.16    0.11     23.92      1.99
  
 AVERAGE    1.21    2.25    2.95    3.97    4.65    3.46    1.81    0.76    0.42    0.36    0.39    0.61     22.86      1.90
