    1920    6.43    3.36    0.54    0.89    4.36    9.69    5.87    0.32    0.16    0.12    0.09    2.50     34.34      2.86
    1921    2.88   16.61   23.32    9.49    5.03   10.21    7.75    0.45    0.46    0.33    0.79    1.34     78.65      6.55
    1922    4.30    9.49    9.68    9.69    6.54    0.80    0.13    0.09    0.14    0.27    0.20    0.09     41.41      3.45
    1923    0.21    0.55    0.57    6.40    8.37    4.27    2.41    0.31    0.14    0.12    0.14    0.81     24.31      2.03
    1924    0.92    3.52    6.32    3.63    2.82   15.23   13.66    0.90    0.27    0.16    0.12    0.40     47.94      3.99
    1925    0.87    3.18    2.97    1.50    1.69    1.39    0.95    0.20    0.57    0.50    0.18    1.61     15.59      1.30
    1926    2.03    2.11    2.53    2.69    7.16    8.63    3.33    0.12    0.10    0.34    0.36    0.18     29.59      2.47
    1927    1.53    1.70    4.50    5.77    2.05    2.70    2.28    0.27    0.13    0.12    0.18    0.70     21.93      1.83
    1928    0.92    0.62    1.14    2.66    2.01    6.77    6.59    0.20    0.53    0.86    0.62    4.00     26.91      2.24
    1929    4.60    5.22    6.72    8.70    6.83    0.60    0.57    0.48    0.16    0.23    0.24    0.28     34.64      2.89
    1930    0.34    0.24    5.12   12.58    9.54    2.39    0.45    0.20    0.10    0.18    0.13    0.07     31.34      2.61
    1931    0.20    0.69    0.82    1.65    6.12    7.31    2.66    0.86    0.78    0.25    0.11    0.17     21.62      1.80
    1932    0.33    0.86    4.03    3.48    0.66    1.64    1.46    0.40    0.12    0.31    0.25    0.10     13.62      1.13
    1933    0.16    7.03   10.46   18.12   15.08    1.38    1.16    0.61    0.43    0.59    0.87    0.59     56.47      4.71
    1934    0.54    4.79   10.73    7.63    4.43    5.47    2.76    0.49    0.18    0.15    0.13    0.20     37.50      3.12
    1935    0.32    0.29    0.46    5.87    8.56    7.52    4.60    4.23    4.28    0.23    0.12    0.13     36.59      3.05
    1936    0.61    7.89    7.64   10.49   15.17    5.02    0.44    0.19    0.10    0.09    0.08    0.21     47.94      3.99
    1937    0.28    0.30    8.74    9.72    1.51    0.82    0.96    0.74    0.67    0.81    0.53    0.29     25.36      2.11
    1938    4.65    4.86    5.66    9.21   10.71    8.39    1.60    0.48    0.45    0.77    0.79    0.40     47.96      4.00
    1939    0.42    7.08   11.20    6.84    4.25    1.90    0.46    3.41    3.90    0.99    0.32    0.51     41.29      3.44
    1940    0.60    3.29    7.10    6.58    4.82    4.39    5.06    2.99    0.16    0.15    0.12    0.17     35.41      2.95
    1941    0.44    0.55    2.02    8.58   10.94    5.49    1.81    0.66    0.44    0.29    0.33    0.84     32.38      2.70
    1942    1.94    7.33   10.62   10.60    6.41    3.93   11.24    8.11    0.50    2.58    6.83    4.44     74.52      6.21
    1943    4.85    7.17    7.02    6.23    9.28    8.04    0.54    0.09    0.87    1.04    0.25    2.70     48.09      4.01
    1944    5.38    2.89    0.43    0.48    1.21    6.16    5.50    0.39    0.14    0.12    0.10    0.08     22.89      1.91
    1945    0.07    0.06    0.09    4.40    7.44    8.09    5.13    0.18    0.13    0.11    0.09    0.08     25.87      2.16
    1946    1.41    3.56    2.62    1.09    8.86    9.91    1.94    0.41    0.39    0.39    0.20    0.15     30.91      2.58
    1947    0.33    4.13    8.70   10.49    6.52    2.18    1.52    0.24    0.15    0.12    0.09    0.33     34.81      2.90
    1948    2.31    2.64    1.08    8.24   10.69    4.63    2.98    1.37    0.16    0.12    0.10    0.28     34.59      2.88
    1949    1.75    3.64    7.96    7.41    2.71    2.32    2.58    1.95    0.66    0.19    0.32    0.26     31.76      2.65
    1950    0.63    0.83    3.13    3.44    3.63    3.37    0.75    0.51    0.23    0.31    0.89    0.72     18.44      1.54
    1951    1.60    1.53    2.32    6.72    4.64    0.49    0.59    0.44    0.14    0.82    0.85    0.24     20.38      1.70
    1952    0.21    3.61    4.12    6.30   14.20    9.01    1.14    0.58    0.19    0.14    0.71    0.71     40.93      3.41
    1953    0.34    2.37    2.69    1.08    7.07    8.65    2.25    0.54    0.50    0.23    0.11    0.53     26.36      2.20
    1954    2.31    5.81    4.13    4.98   10.44    6.29    0.88    0.24    0.14    0.13    0.10    0.09     35.56      2.96
    1955    0.78    1.40    1.22    0.92    4.33    9.13    5.15    0.73    0.68    0.21    0.11    0.25     24.90      2.07
    1956    1.13    6.52   15.11   12.32    4.74    5.43    4.12    0.79    0.26    3.00    3.45    4.98     61.85      5.15
    1957    8.35    4.05    0.83    8.51    9.39    3.06    4.90    3.37    0.19    0.14    0.11    0.41     43.32      3.61
    1958    1.00    1.95    4.95    4.24    2.79    2.72    0.93    0.92    0.70    0.23    0.14    0.19     20.76      1.73
    1959    2.32    7.02    5.88    1.56    3.16    3.12    1.90    1.71    0.22    0.14    0.27    0.26     27.56      2.30
    1960    1.01    2.97    9.06    7.01    0.53    2.94    4.16    1.86    0.41    0.18    0.11    0.48     30.73      2.56
    1961    0.67    2.42    2.73    4.73    7.63    3.66    0.39    0.17    0.10    0.09    0.22    0.34     23.13      1.93
    1962    0.31    1.31    1.75    7.64    7.15    0.65    0.74    0.28    0.64    2.33    2.10    0.20     25.09      2.09
    1963    0.72    3.27    2.85    4.49    5.24    1.56    1.04    0.59    0.41    0.38    0.24    0.51     21.31      1.78
    1964    8.70    9.86    3.93    6.59    6.16    2.17    0.34    0.31    0.45    0.51    0.38    0.32     39.73      3.31
    1965    0.79    2.17    1.86    6.07    6.40    0.67    0.30    0.38    0.23    0.12    0.27    0.55     19.82      1.65
    1966    0.80    1.56    6.03   15.92   13.81    3.45    1.21    0.73    0.17    0.13    0.11    0.15     44.06      3.67
    1967    0.41    2.50    4.36    2.59    0.66    1.26    1.30    0.28    0.14    0.11    0.43    0.40     14.43      1.20
    1968    0.14    1.14    3.08    5.33    4.20    5.68    6.73    2.16    0.36    0.25    0.15    0.17     29.38      2.45
    1969    3.94    4.24    2.45    3.98    4.47    2.68    0.25    0.27    0.21    0.27    0.90    0.93     24.56      2.05
    1970    2.51    2.85    0.90    5.57    5.95    1.17    1.42    2.17    1.51    0.28    0.36    0.36     25.04      2.09
    1971    0.78    1.13    6.57    8.09    5.55   10.01    6.59    0.37    0.20    0.15    0.12    0.08     39.62      3.30
    1972    0.46    2.44    2.43    1.58    4.66    3.75    2.47    2.27    0.16    0.13    1.70    2.34     24.39      2.03
    1973    0.97    3.36    5.15    5.54    8.27    5.32    1.49    1.02    0.28    0.30    0.24    0.19     32.14      2.68
    1974    0.28    5.75   10.54   10.31   22.99   17.75    1.05    0.85    0.18    0.12    0.10    3.65     73.57      6.13
    1975    3.84    3.72    7.77   12.67   12.46    9.94    6.26    1.29    1.02    0.22    0.13    0.15     59.45      4.95
    1976    2.30    2.71    1.23    3.04    2.63    1.97    1.79    0.21    0.12    0.11    0.10    2.70     18.91      1.58
    1977    3.78    1.26    2.70    9.90    9.62    3.54    1.74    0.59    0.13    0.11    0.53    0.97     34.86      2.91
    1978    2.61    2.52    1.59    2.29    4.29    3.25    0.27    0.17    0.15    0.43    1.32    1.81     20.70      1.73
    1979    0.99    1.05    2.32    6.61    9.22    4.37    0.40    0.12    0.10    0.09    0.10    0.73     26.10      2.17
    1980    1.00    1.83    4.08    5.05    6.69    4.68    0.62    0.20    0.29    0.25    0.40    0.76     25.85      2.15
    1981    0.82    0.67    0.60    1.84    1.70    0.81    0.78    0.17    0.10    0.16    0.12    0.13      7.90      0.66
    1982    4.62    4.71    0.45    1.25    1.14    0.62    0.63    0.44    0.39    0.23    0.25    0.19     14.91      1.24
    1983    3.49   10.18   16.22   15.67    6.86    5.99    5.43    0.34    0.22    0.36    1.36    1.40     67.53      5.63
    1984    4.75    4.97    0.81    6.33   15.06    9.04    0.18    0.10    0.12    0.13    0.09    0.16     41.75      3.48
    1985    4.33    6.76    4.80    7.00    7.79    4.81    1.94    0.33    0.23    0.19    0.14    0.16     38.48      3.21
    1986    0.88    1.43    2.68    3.60    6.79    6.99    2.06    0.42    0.16    0.15    0.66   11.35     37.17      3.10
    1987   13.57    6.55    5.44    3.51    4.18    4.47    2.50    0.30    0.29    0.34    0.22    0.28     41.64      3.47
    1988    3.44    3.85    4.29    5.88   10.90    9.14    0.55    0.18    0.31    0.25    0.13    0.07     38.99      3.25
    1989    0.55   10.34   15.42    5.77    1.98    5.04    3.87    0.61    0.15    0.14    0.23    0.14     44.23      3.69
    1990    0.20    0.17    2.49    8.08   11.36    7.30    1.66    0.13    0.38    0.33    0.16    0.17     32.43      2.70
    1991    5.39    5.74    5.61    5.54    5.53    5.33    0.25    0.12    0.09    0.08    0.34    0.32     34.34      2.86
    1992    0.25    0.69    0.87    0.51    6.71    7.27    1.04    0.42    0.10    0.10    0.16    0.24     18.36      1.53
    1993    6.81    8.02    3.38    5.46    6.36    4.75    2.04    0.33    0.11    0.14    0.23    0.16     37.79      3.15
    1994    0.71    0.79    0.72    8.28    7.96    1.32    1.43    0.49    0.17    0.13    0.10    0.07     22.17      1.85
    1995    0.46    6.48   15.01   20.19   28.09   19.82    3.30    0.84    0.65    0.38    0.37    0.23     95.83      7.99
    1996    6.36    6.54    1.36    3.60    3.43    3.31    2.86    1.28    1.47    1.06    0.40    0.61     32.29      2.69
    1997    1.65    9.82    9.18    2.81    4.48    3.94    1.86    0.31    0.14    0.13    0.10    0.23     34.65      2.89
    1998    0.76    5.07    8.76    6.42    2.74    0.73    0.37    0.47    0.37    0.15    0.14    0.09     26.04      2.17
    1999    0.55    1.78    6.37   12.45   13.18    6.66    1.67    1.46    0.91    0.24    0.12    0.36     45.75      3.81
    2000    1.82    3.15    1.98    0.63    1.52    1.91    0.86    0.35    0.12    0.13    0.10    2.40     14.94      1.25
    2001    5.28    5.39    6.81    9.55    5.46    0.47    0.29    0.20    0.17    0.34    0.71    0.68     35.36      2.95
    2002    0.63    0.48    0.69    0.93    0.84    0.69    0.29    0.11    0.14    0.12    0.12    0.10      5.13      0.43
    2003    0.08    3.75    3.89    1.64    3.16    4.94    3.31    0.11    0.13    0.59    0.63    0.37     22.59      1.88
    2004    0.21    2.38    2.68    6.08    7.66    4.47    2.72    0.22    0.12    0.11    0.30    0.23     27.18      2.26
    2005    0.64    7.89    7.80    7.44    9.37    2.64    0.73    0.41    0.11    0.10    0.34    0.30     37.77      3.15
    2006    0.69    1.01    4.69    8.38    4.57    0.94    0.84    0.60    0.19    0.16    0.13    0.39     22.61      1.88
    2007    6.12    7.87    2.15    1.63    1.84    5.24    7.12    2.40    0.27    0.20    0.12    0.09     35.05      2.92
    2008    0.24    0.50    0.77    4.78    5.78    1.63    0.32    0.19    0.42    0.35    0.57    0.60     16.14      1.34
    2009    1.32    2.03    5.67   11.30    7.16    1.44    3.52    2.98    0.16    0.12    0.10    0.07     35.87      2.99
  
 AVERAGE    2.04    3.78    4.89    6.25    6.65    4.79    2.40    0.82    0.40    0.35    0.44    0.80     33.60      2.80
