    1920   15.52   10.85    4.66    2.69    2.11    9.48   11.86    4.61    1.84    0.78    0.39    0.41     65.19      5.43
    1921    0.86   46.20   77.71   42.30   15.11   13.81   13.01    5.15    2.31    1.27    1.08    1.52    220.34     18.36
    1922   14.97   35.83   38.69   27.74   15.41    6.85    2.73    1.00    0.44    0.37    0.41    0.31    144.76     12.06
    1923    0.33    0.51    0.90    8.82   16.53   14.83    9.27    3.72    1.46    0.63    0.34    0.66     58.01      4.83
    1924    1.17    7.14   11.19    7.16    7.45   40.95   49.26   17.66    6.51    2.49    1.02    0.68    152.68     12.72
    1925    0.99    1.51    1.71    1.77    1.79    1.77    1.47    0.85    0.74    0.80    0.59    1.07     15.05      1.25
    1926    1.79    2.29    2.49    2.27    7.95   15.41   11.52    4.24    1.56    0.78    0.66    0.48     51.45      4.29
    1927    1.07    1.57    2.98    4.49    3.47    2.39    1.82    1.03    0.50    0.28    0.28    0.62     20.50      1.71
    1928    1.20    1.29    1.72    2.40    2.11   13.98   17.98    6.43    2.68    1.66    1.19    3.20     55.83      4.65
    1929    6.95   13.47   13.16   15.36   16.02    6.61    2.91    1.33    0.63    0.43    0.49    0.66     78.03      6.50
    1930    0.79    0.69    3.56   13.20   14.03    5.73    2.48    1.13    0.54    0.34    0.29    0.22     43.02      3.58
    1931    0.25    0.50    0.72    0.79   12.20   22.05   13.63    5.68    3.22    1.76    0.85    0.45     62.10      5.17
    1932    0.35    0.40    7.55   10.26    4.27    2.31    1.51    0.93    0.49    0.45    0.55    0.42     29.50      2.46
    1933    0.34    9.07   23.33   39.98   34.74   13.14    5.97    2.77    1.34    0.99    1.50    1.59    134.75     11.23
    1934    1.21    5.34   20.61   22.05   10.24    6.44    3.94    2.30    1.16    0.58    0.35    0.27     74.49      6.21
    1935    0.33    0.35    0.96   27.20   39.97   24.66   15.55   12.59   11.79    4.73    1.80    0.80    140.72     11.73
    1936    0.92   16.05   21.08   19.88   26.46   16.41    6.25    2.40    0.91    0.40    0.23    0.27    111.25      9.27
    1937    0.40    0.47    7.37   10.69    5.69    3.70    2.87    2.21    1.60    1.67    1.49    0.97     39.14      3.26
    1938    5.54    7.48   17.09   23.48   34.09   36.40   14.59    5.53    2.38    1.40    1.24    1.00    150.22     12.52
    1939    0.99   12.06   16.54    7.46    4.26    2.66    1.54    6.79    9.65    5.22    2.56    1.30     71.04      5.92
    1940    1.06    2.32    9.74   11.69    9.03    8.14    9.28    9.11    3.68    1.39    0.60    0.39     66.42      5.53
    1941    0.49    0.70    1.23   19.72   31.20   21.36   12.81    4.91    2.15    1.23    0.79    0.89     97.46      8.12
    1942    1.43   12.81   23.08   18.70   11.39    8.55   19.28   20.03    7.86    7.88   15.98   14.23    161.21     13.43
    1943   13.20   17.28   15.47   12.60   21.40   22.13    7.86    2.85    1.95    2.23    1.50    1.61    120.09     10.01
    1944    3.82    3.99    2.04    1.41    1.96   12.91   16.19    6.02    2.34    0.92    0.43    0.24     52.26      4.35
    1945    0.16    0.13    0.11    3.26    5.10    6.44    6.44    2.67    1.06    0.46    0.26    0.20     26.30      2.19
    1946    1.07    3.86    4.51    2.59   10.07   13.09    5.69    2.58    1.23    0.87    0.63    0.41     46.61      3.88
    1947    0.50   11.47   20.69   15.43   14.15   13.45    7.69    3.28    1.35    0.61    0.33    0.39     89.33      7.44
    1948    1.49    2.46    2.36   14.58   21.92   12.12    6.72    4.15    1.92    0.82    0.41    0.35     69.30      5.77
    1949    1.41    2.53   10.27   12.69    5.63    3.41    2.80    2.32    1.55    0.87    0.59    0.48     44.55      3.71
    1950    0.60    1.32    5.13    6.17    3.08    2.92    3.07    2.12    1.20    0.66    1.40    2.12     29.80      2.48
    1951    2.28    1.93    7.84   18.61   15.31    5.83    2.82    1.50    0.78    0.84    1.07    0.74     59.55      4.96
    1952    0.40    2.33    4.05    3.68   18.99   23.64    8.81    3.72    1.54    0.67    0.51    0.55     68.88      5.74
    1953    0.51    4.12    5.61    2.76   11.36   14.85    6.19    2.92    1.63    0.93    0.51    0.64     52.03      4.34
    1954    2.99   11.87   12.86   20.12   36.49   26.68    9.71    3.73    1.41    0.61    0.33    0.22    127.03     10.59
    1955    0.84    1.92    2.27    1.76   12.76   20.40   10.98    4.48    2.26    1.14    0.56    0.51     59.87      4.99
    1956    1.64   10.42   28.14   27.71   12.86   10.21   10.32    6.05    2.76    5.05    6.41   14.33    135.88     11.32
    1957   30.46   24.46    8.55    6.88    7.10    4.26    7.06    7.62    3.17    1.22    0.54    0.41    101.73      8.48
    1958    1.03    2.96    5.23    4.85    5.10    5.02    2.61    1.72    1.43    0.93    0.58    0.47     31.93      2.66
    1959    1.24    5.93    7.85    4.39    5.10    5.48    3.54    2.63    1.48    0.72    0.48    0.65     39.48      3.29
    1960    1.47    7.47   31.12   32.95   11.94    6.06    4.65    3.72    2.26    1.23    0.64    0.70    104.22      8.68
    1961    1.16    2.06    2.48    6.55   10.06    6.76    3.32    1.59    0.74    0.38    0.36    0.54     35.99      3.00
    1962    0.76    5.60   13.34   17.84   13.06    5.36    3.20    1.87    1.40   14.12   18.51    6.77    101.82      8.49
    1963    3.21    8.07    9.29   10.86   11.59    4.95    2.47    1.39    0.83    0.64    0.53    0.56     54.39      4.53
    1964   19.12   26.52   12.58   12.68   11.12    5.11    2.06    0.85    0.68    0.90    0.96    0.90     93.49      7.79
    1965    1.40    2.34    2.26    8.03   10.54    4.65    1.94    0.95    0.63    0.44    0.43    0.72     34.33      2.86
    1966    1.08    1.32    5.85   24.12   31.86   17.82    7.31    3.28    1.37    0.62    0.37    0.25     95.25      7.94
    1967    0.60    6.50    9.21    5.14    2.93    2.02    1.77    1.00    0.48    0.28    0.46    0.64     31.03      2.59
    1968    0.49    0.99    5.70    8.36    5.36   10.06   11.80    5.37    2.45    1.11    0.61    0.47     52.76      4.40
    1969    5.26    7.27    4.12    3.64    5.24    5.00    2.32    1.12    0.65    0.49    0.78    1.36     37.25      3.10
    1970    3.53    4.57    3.04    7.82    9.36    3.89    2.67    3.42    3.15    1.85    1.06    0.76     45.13      3.76
    1971    1.80    2.60    9.89   15.82   17.10   16.60    9.05    3.83    1.81    0.97    0.54    0.31     80.32      6.69
    1972    0.44    1.42    2.00    2.00   12.85   16.48    7.29    4.15    2.01    0.85    1.30    2.52     53.29      4.44
    1973    2.47    3.55    4.18    8.98   11.05    5.71    3.60    2.39    1.44    1.10    0.96    0.64     46.09      3.84
    1974    0.48    7.21   23.88   31.15   30.50   22.16    9.19    4.77    2.22    0.95    0.47    2.93    135.91     11.33
    1975    4.09    5.00   11.48   15.46   13.80   14.52   11.88    5.90    3.35    1.62    0.73    0.42     88.27      7.36
    1976    4.56    6.50   10.61   18.84   14.38    6.65    3.82    1.76    0.73    0.35    0.22    0.40     68.83      5.74
    1977    1.20    2.09    2.68   17.40   25.54   12.89    5.34    2.58    1.22    0.59    0.55    1.17     73.24      6.10
    1978    7.94   10.61    5.34    3.49    3.26    2.68    1.48    0.78    0.48    0.53    1.58    2.95     41.12      3.43
    1979    2.98    2.19    1.99   10.09   14.70    7.73    3.18    1.25    0.53    0.28    0.20    0.52     45.64      3.80
    1980    0.91    1.63    6.40   16.49   15.85    6.83    3.19    1.47    0.92    0.81    0.79    1.44     56.76      4.73
    1981    1.90    1.69    1.29    1.80    2.09    2.06    2.03    1.17    0.53    0.32    0.26    0.30     15.44      1.29
    1982    3.21    4.39    2.10    1.50    1.22    1.05    1.11    1.14    1.10    0.83    0.76    0.70     19.11      1.59
    1983    0.96   17.98   32.91   64.99   66.97   26.59   13.19    5.45    2.25    1.32    1.69    1.89    236.19     19.68
    1984    2.12    2.59    2.13    2.10   24.37   31.37   10.59    3.74    1.33    0.53    0.28    0.24     81.41      6.78
    1985    9.61   14.72    7.97   15.00   21.42   13.44    6.49    3.08    1.37    0.75    0.47    0.33     94.65      7.89
    1986    0.49    0.97   10.33   20.87   15.40    7.68    4.86    2.35    1.03    0.54    0.91   30.27     95.68      7.97
    1987   45.19   24.81   16.06   20.00   18.74    7.46    3.36    1.48    0.78    0.81    0.86    0.68    140.23     11.69
    1988    2.43    4.03   16.21   20.11   20.36   20.17    7.67    2.97    1.26    0.76    0.49    0.29     96.75      8.06
    1989    0.67   21.07   29.42   12.01    5.39    3.64    3.63    3.02    1.57    0.71    0.45    0.36     81.93      6.83
    1990    0.39    0.46    1.16   16.62   34.28   24.92    9.15    3.57    1.61    0.99    0.62    0.40     94.19      7.85
    1991    3.53    5.01    9.55   11.49    9.21    7.87    3.29    1.30    0.54    0.27    0.22    0.23     52.51      4.38
    1992    0.28    0.80    1.64    1.86    6.34    8.16    3.85    1.82    0.79    0.38    0.30    0.34     26.57      2.21
    1993   20.41   28.28   11.30    6.88    5.47    7.28    7.27    3.12    1.21    0.55    0.39    0.34     92.52      7.71
    1994    0.86    1.29    1.31    1.96    2.11    2.03    1.97    1.30    0.75    0.44    0.29    0.19     14.50      1.21
    1995    0.59    7.03   24.36   34.53   56.30   57.61   24.29    8.79    3.55    1.61    0.99    0.62    220.27     18.36
    1996    6.03    8.15    6.88    6.64    3.31    2.57    3.06    3.13    3.87    3.95    2.60    1.71     51.87      4.32
    1997    1.72   15.73   20.69   13.17   13.28    9.12    4.81    2.12    0.90    0.45    0.28    0.26     82.52      6.88
    1998    0.67    4.20   12.63   12.64    5.24    2.49    1.60    1.17    0.80    0.49    0.36    0.32     42.62      3.55
    1999    0.41    1.00   18.38   29.81   23.06   16.13    7.78    5.15    3.67    1.99    0.94    0.68    109.00      9.08
    2000    1.67   11.69   15.43    6.81    3.47    2.51    1.88    1.42    0.88    0.53    0.36    3.01     49.66      4.14
    2001    8.30   10.82    9.34    6.49    4.05    2.36    1.31    0.90    0.63    0.98    1.80    1.91     48.89      4.07
    2002    1.43    0.90    1.27    2.05    1.89    1.35    0.90    0.48    0.33    0.33    0.29    0.24     11.45      0.95
    2003    0.24    3.42    4.79    2.67    2.56    9.13   10.68    3.92    1.48    1.28    1.71    1.38     43.25      3.60
    2004    0.82    2.38    9.03   18.53   18.50   17.39   14.21    5.39    2.01    0.79    0.43    0.33     89.80      7.48
    2005    0.49   11.55   15.45   24.16   31.36   15.99    7.24    3.43    1.45    0.63    0.52    0.62    112.88      9.41
    2006    1.28    2.37   10.59   13.41    6.02    2.93    1.71    1.14    0.73    0.57    0.43    0.35     41.52      3.46
    2007    8.49   15.52    9.85    6.44    5.66    6.48    7.23    4.26    2.09    0.99    0.52    0.29     67.83      5.65
    2008    0.31    1.02    1.99    9.64   22.15   18.86    7.42    2.98    1.34    0.86    1.37    1.92     69.85      5.82
    2009    2.14    2.25    2.16    9.86   12.10    4.82    2.60    1.60    0.81    0.40    0.25    0.17     39.15      3.26
  
 AVERAGE    3.49    7.11   10.39   13.02   13.98   11.31    6.96    3.53    1.83    1.25    1.16    1.49     75.50      6.29
