    1920    1.18    1.50    2.20    1.65    2.15    2.27    1.19    0.47    0.32    0.26    0.20    0.61     14.00      1.17
    1921    0.86    4.65   23.11    8.75    2.05    1.12    0.44    0.35    0.70    0.71    1.33    1.30     45.36      3.78
    1922    2.03    4.00    4.17    2.43    1.76    0.92    0.27    0.16    0.19    0.24    0.23    0.15     16.53      1.38
    1923    0.15    0.51    1.35    1.83    2.20    1.58    0.80    0.45    0.30    0.23    0.26    0.44     10.08      0.84
    1924    0.85    3.48    6.35    5.34    3.60   56.45   19.69    1.25    0.41    0.39    0.30    0.62     98.73      8.23
    1925    1.38    1.16    0.95    1.13    0.74    0.54    0.42    0.38    0.73    0.68    0.36    0.88      9.34      0.78
    1926    2.55    3.04    2.10    1.21    1.94    6.21    2.72    0.41    0.24    0.30    0.41    0.30     21.43      1.79
    1927    0.58    0.60    1.33    6.94    3.16    0.87    0.45    0.25    0.20    0.18    0.20    0.44     15.21      1.27
    1928    0.72    0.44    0.23    0.26    0.38    1.87    1.71    0.79    0.59    0.74    0.53    1.04      9.30      0.77
    1929    1.17    1.80    1.55    1.64    1.40    1.05    0.80    0.46    0.23    0.23    0.27    0.43     11.03      0.92
    1930    0.66    0.48    0.87    2.44    1.76    0.75    0.33    0.20    0.15    0.17    0.15    0.10      8.05      0.67
    1931    0.33    0.32    0.31    0.29   23.04    9.58    1.47    1.00    0.89    0.54    0.31    0.32     38.40      3.20
    1932    0.28    0.41    1.14    0.79    0.71    0.58    0.33    0.18    0.13    0.28    0.29    0.17      5.31      0.44
    1933    0.17    4.02    6.15   26.96    9.80    2.12    1.13    0.68    0.49    0.57    0.99    0.67     53.75      4.48
    1934    0.68    1.53   14.08    5.46    1.19    1.18    1.71    1.25    0.58    0.37    0.24    0.20     28.47      2.37
    1935    0.19    0.23    0.48    1.69    8.66    4.31    1.04    1.47    1.37    0.62    0.29    0.26     20.62      1.72
    1936    0.59    8.80    3.70    2.00    5.57    3.44    1.18    0.37    0.25    0.25    0.20    0.21     26.55      2.21
    1937    0.23    0.41    6.32    3.72    4.93    2.59    1.16    0.67    0.84    1.78    1.28    0.55     24.46      2.04
    1938    1.35    1.45    7.50    3.82   12.35    5.19    0.79    0.55    0.46    0.54    0.54    0.65     35.19      2.93
    1939    0.68    9.04    5.15    1.88    0.93    0.68    0.60    4.40    3.62    1.76    0.64    0.90     30.29      2.52
    1940    0.94    0.91   14.05    5.76    1.62    1.57    2.64    1.84    0.62    0.36    0.27    0.26     30.85      2.57
    1941    0.31    0.42    0.83   14.16   10.31    4.25    1.71    0.59    0.42    0.36    0.38    0.62     34.35      2.86
    1942    0.91    1.88   13.33   10.06    3.43    1.46    6.79    4.35    1.77    2.18   17.09    6.58     69.84      5.82
    1943   11.68    9.19    3.42    1.44    2.05    1.51    0.57    0.25    0.61    0.72    0.39    1.13     32.96      2.75
    1944    1.70    1.09    1.03    1.36    1.16    6.09    3.00    0.74    0.36    0.27    0.21    0.16     17.19      1.43
    1945    0.14    0.10    0.07    0.63    0.60    0.55    0.40    0.22    0.15    0.14    0.12    0.12      3.25      0.27
    1946    1.22    2.19    1.47    1.02    1.61    1.83    1.17    0.51    0.60    0.59    0.34    0.33     12.88      1.07
    1947    0.61    7.88    3.90    1.65    1.95    2.27    1.58    0.70    0.33    0.27    0.21    0.23     21.60      1.80
    1948    0.89    1.42    1.58    9.47    8.38    3.84    2.11    1.04    0.41    0.36    0.27    0.28     30.04      2.50
    1949    0.92    1.35    2.14    1.46    0.75    0.91    0.83    0.55    0.34    0.25    0.30    0.24     10.04      0.84
    1950    0.35    0.75    1.96    1.48    0.83    1.02    0.91    0.55    0.32    0.24    1.31    1.54     11.26      0.94
    1951    1.14    0.48    1.10    9.85    4.12    0.90    0.63    0.46    0.35    0.52    0.45    0.24     20.24      1.69
    1952    0.37    0.87    1.68    2.12   26.58    9.72    1.29    0.66    0.37    0.31    0.52    0.47     44.97      3.75
    1953    0.33    1.08    0.99    0.67    1.16    1.57    1.12    1.04    0.84    0.47    0.26    0.52     10.05      0.84
    1954    4.40   10.51    4.03   16.12   11.05    3.45    1.14    0.48    0.31    0.26    0.20    0.16     52.09      4.34
    1955    0.62    1.18    1.26    0.61    9.80    4.85    1.09    0.46    0.38    0.27    0.22    0.31     21.05      1.75
    1956    0.68    6.05   27.39   10.99    2.06    1.02    1.13    0.79    0.38    0.93    1.30   16.72     69.45      5.79
    1957   14.40    3.88    0.48    1.17    1.39    0.93    1.78    1.42    0.53    0.27    0.20    0.22     26.66      2.22
    1958    0.52    1.07    1.26    1.36    4.84    2.39    0.63    0.68    0.54    0.42    0.37    0.29     14.37      1.20
    1959    0.83    1.19    2.14    1.81    1.68    1.66    1.71    1.05    0.41    0.27    0.25    0.34     13.33      1.11
    1960    0.70    1.69   13.13    4.93    0.95    1.21    1.61    1.36    0.78    0.43    0.26    0.41     27.46      2.29
    1961    0.56    0.99    0.75    0.90    0.96    1.24    1.14    0.67    0.32    0.23    0.30    0.29      8.33      0.69
    1962    0.37    0.95    7.00    3.38    0.73    1.24    1.46    0.84    0.62    4.48    2.72    0.67     24.46      2.04
    1963    0.80    2.25    1.49    4.81    2.29    0.54    0.64    0.46    0.41    0.43    0.32    0.46     14.89      1.24
    1964    3.31    2.45    1.56    1.26    1.16    0.58    0.21    0.21    0.57    0.83    0.72    0.68     13.52      1.13
    1965    0.99    1.72    1.21    3.61    2.44    0.84    0.37    0.40    0.32    0.25    0.33    0.32     12.81      1.07
    1966    0.33    0.48    0.93    4.54    7.19    9.61    4.13    1.08    0.39    0.35    0.30    0.22     29.57      2.46
    1967    0.48    1.44    1.52    1.17    0.62    0.68    0.54    0.26    0.17    0.16    0.34    0.35      7.74      0.65
    1968    0.26    0.53    1.08    1.01    1.08   13.46    5.77    1.18    0.55    0.44    0.33    0.26     25.96      2.16
    1969    1.13    0.95    1.21    1.51    2.23    1.54    0.66    0.35    0.29    0.28    0.92    1.66     12.73      1.06
    1970    1.87    1.67    0.99    0.76    0.79    0.67    0.72    1.89    1.63    0.91    0.81    0.54     13.24      1.10
    1971    1.87    2.12    3.42    3.91    3.37    2.34    1.07    0.60    0.56    0.41    0.33    0.21     20.21      1.68
    1972    0.53    1.37    1.27    1.11    6.38    3.20    1.42    0.87    0.36    0.27    0.68    1.10     18.55      1.55
    1973    0.71    1.18    0.87    7.48    3.60    1.26    0.98    0.61    0.47    0.46    0.38    0.23     18.22      1.52
    1974    0.18    0.91    2.18    2.68    2.55    1.37    1.01    0.75    0.36    0.26    0.23    1.36     13.84      1.15
    1975    1.30    1.10    1.76    2.49    2.90    4.90    2.69    1.22    0.68    0.37    0.28    0.28     19.96      1.66
    1976    1.35    1.39    1.40    2.97    2.15    2.04    1.28    0.46    0.26    0.23    0.23    0.57     14.33      1.19
    1977    1.58    1.65    1.09   17.86    7.22    1.39    0.84    0.53    0.30    0.24    0.30    0.61     33.61      2.80
    1978    9.44    4.44    1.22    0.90    1.82    1.28    0.49    0.31    0.24    0.44    0.96    1.25     22.80      1.90
    1979    0.97    0.70    0.89    1.48    1.12    0.64    0.40    0.26    0.19    0.17    0.15    0.62      7.59      0.63
    1980    0.87    0.92    1.43    3.56    2.09    0.59    0.26    0.26    0.47    0.51    0.52    0.74     12.21      1.02
    1981    0.61    1.06    0.75    1.15    0.97    1.37    1.05    0.44    0.21    0.26    0.22    0.35      8.45      0.70
    1982    3.56    2.47    1.38    1.04    0.53    0.45    0.43    0.30    0.22    0.34    0.48    0.34     11.54      0.96
    1983    0.47    8.07    9.88   47.83   16.30    2.75    2.52    1.31    0.51    0.57    0.94    0.76     91.90      7.66
    1984    1.78    1.96    1.31    1.52   26.50    9.35    0.44    0.22    0.20    0.18    0.17    0.17     43.80      3.65
    1985    1.43    2.04    1.78   27.73    9.95    2.36    2.81    1.36    0.62    0.49    0.32    0.26     51.15      4.26
    1986    0.50    0.76    8.29   11.27    6.60    7.36    3.06    0.61    0.36    0.34    0.72   47.89     87.77      7.31
    1987   17.77    2.96    1.83    5.30    7.30    4.18    1.68    0.53    0.41    0.74    0.59    0.54     43.84      3.65
    1988    1.57    1.85    3.40    1.88    9.10    3.86    0.55    0.32    0.35    0.31    0.23    0.17     23.60      1.97
    1989    0.33   18.10   23.45    7.05    1.30    1.10    1.85    1.35    0.52    0.30    0.46    0.34     56.14      4.68
    1990    0.58    0.51    1.23    5.25    6.14    3.07    1.05    0.45    0.42    0.35    0.24    0.36     19.66      1.64
    1991    1.62    1.33    1.45    2.28    3.89    2.39    0.92    0.35    0.24    0.21    0.22    0.21     15.11      1.26
    1992    0.52    0.77    1.11    1.14    2.05    5.97    2.88    0.67    0.30    0.26    0.30    0.40     16.36      1.36
    1993   12.26    5.45    2.33    1.97    1.24    1.66    1.26    0.52    0.25    0.50    0.84    0.69     28.97      2.41
    1994    0.85    0.61    0.52    1.42    1.18    0.97    0.69    0.42    0.33    0.27    0.24    0.32      7.81      0.65
    1995    0.58    1.57    3.01   13.40   43.29   14.76    1.58    0.61    0.40    0.82    0.90    0.48     81.40      6.78
    1996    1.23    1.23    0.78    0.94    1.20    1.68    1.86    1.53    2.02    2.12    1.37    0.79     16.74      1.39
    1997    1.23    5.47    2.76    1.79    2.36    2.51    1.41    0.66    0.39    0.30    0.27    0.20     19.36      1.61
    1998    0.52    0.76    1.15    1.85    1.64    0.92    0.38    0.21    0.22    0.26    0.31    0.24      8.47      0.71
    1999    0.32    0.41    1.81    1.95    2.31    2.22    1.70    2.03    1.51    0.66    0.34    0.46     15.72      1.31
    2000    1.24    1.87    4.36    2.66    1.46    1.11    1.42    1.09    0.49    0.33    0.25    1.13     17.39      1.45
    2001    1.86    1.89    1.44    1.72    1.55    1.12    0.85    0.71    0.50    1.75    2.34    1.54     17.27      1.44
    2002    0.83    0.57    1.16    1.39    1.11    0.67    0.48    0.36    0.32    0.27    0.22    0.27      7.64      0.64
    2003    0.24    0.79    0.66    0.69    1.94    2.18    1.15    0.38    0.24    0.54    0.69    0.75     10.25      0.85
    2004    0.64    1.12    1.76    4.60    7.96    3.99    1.31    0.48    0.30    0.26    0.27    0.20     22.89      1.91
    2005    0.55    3.31    1.67    1.20    1.21    1.42    1.39    0.84    0.38    0.25    0.36    0.57     13.15      1.10
    2006    1.21    1.59    1.96    1.16    0.51    0.41    0.46    0.32    0.39    0.42    0.27    0.16      8.87      0.74
    2007    1.62    2.54    1.58    1.53    1.37    1.17    1.36    0.89    0.37    0.26    0.19    0.16     13.03      1.09
    2008    0.49    1.22    0.92    0.62    1.80    1.58    0.62    0.19    0.19    0.20    0.58    0.72      9.12      0.76
    2009    0.63    0.50    0.72    2.59    1.49    0.39    0.16    0.13    0.11    0.10    0.09    0.07      6.98      0.58
  
 AVERAGE    1.62    2.28    3.38    4.45    4.46    3.21    1.51    0.76    0.51    0.51    0.66    1.27     24.61      2.05
