    1920    1.17    1.84    2.07    1.31    0.65    1.41    1.12    0.52    0.29    0.21    0.18    0.44     11.20      0.93
    1921    0.67    9.82    4.42    0.99    0.62    0.69    0.44    0.28    0.37    0.39    0.45    0.40     19.56      1.63
    1922    0.89    1.77    1.40    1.85    1.10    0.35    0.13    0.09    0.09    0.13    0.16    0.13      8.10      0.67
    1923    0.15    0.76    1.27    0.74    0.69    0.71    0.53    0.37    0.25    0.18    0.20    0.47      6.32      0.53
    1924    1.12   19.85    8.14    3.50    1.93   36.47   13.08    1.44    0.76    0.69    0.58    0.81     88.39      7.37
    1925    1.82    1.45    0.92    0.56    0.28    0.78    0.69    0.44    0.66    0.60    0.37    0.69      9.25      0.77
    1926    4.87    2.91    1.08    0.48    0.85    4.03    1.80    0.35    0.16    0.24    0.44    0.45     17.67      1.47
    1927    0.75    0.61    0.92    8.85    3.56    0.77    0.43    0.20    0.13    0.13    0.20    0.41     16.97      1.41
    1928    0.73    0.53    0.23    0.24    0.27    1.27    1.18    0.55    0.43    0.60    0.47    0.72      7.20      0.60
    1929    1.53    5.03    2.34    2.74    1.70    0.96    0.87    0.56    0.27    0.21    0.34    0.64     17.19      1.43
    1930    0.89    1.06    1.00    1.46    0.96    0.40    0.29    0.23    0.19    0.22    0.19    0.15      7.04      0.59
    1931    0.41    0.64    0.59    0.42   25.67   12.56    2.03    1.41    1.36    0.74    0.35    0.39     46.56      3.88
    1932    0.40    0.89    1.42    0.75    0.39    0.30    0.21    0.15    0.11    0.25    0.29    0.20      5.37      0.45
    1933    0.23    4.65    4.47    9.45    3.36    0.97    1.21    1.13    0.72    0.54    1.02    0.83     28.58      2.38
    1934    1.00    1.58   18.85    6.67    0.79    0.76    0.66    0.51    0.48    0.40    0.26    0.18     32.15      2.68
    1935    0.20    0.29    0.26    0.97    7.78    3.59    0.91    1.17    1.04    0.54    0.27    0.32     17.33      1.44
    1936    0.73    5.55    2.27    0.58    1.40    1.24    0.55    0.22    0.15    0.17    0.16    0.20     13.22      1.10
    1937    0.31    0.36    4.15    2.68    5.67    2.44    1.07    0.76    0.53    1.24    1.18    0.60     20.99      1.75
    1938    0.84    0.87    1.28    1.35   18.02    9.42    1.83    0.66    0.49    0.44    0.50    0.93     36.64      3.05
    1939    1.18    5.96    3.29    1.30    0.68    0.51    0.50   23.55    9.81    1.82    0.72    0.96     50.27      4.19
    1940    0.94    1.35    9.71    3.74    0.84    0.79    1.38    1.06    0.45    0.24    0.20    0.25     20.95      1.75
    1941    0.49    0.48    0.51    1.01    3.46    2.50    1.18    0.57    0.38    0.31    0.37    0.67     11.91      0.99
    1942    1.36    1.93   13.75    5.66    1.65    1.03    9.60    4.43    1.19    1.73   18.16    6.72     67.20      5.60
    1943   11.42   15.87    4.87    0.63    1.05    1.11    0.58    0.24    0.39    0.49    0.34    1.05     38.03      3.17
    1944    1.90    1.21    0.72    0.67    0.65    6.20    2.67    0.58    0.33    0.22    0.17    0.16     15.49      1.29
    1945    0.21    0.13    0.28    1.15    0.85    0.62    0.45    0.27    0.17    0.15    0.13    0.17      4.58      0.38
    1946    1.30    1.97    1.29    1.06    1.43    1.28    0.81    0.48    0.67    0.71    0.45    0.44     11.90      0.99
    1947    0.67    4.33    2.87    1.21    1.05    1.73    1.46    0.79    0.38    0.23    0.18    0.20     15.10      1.26
    1948    0.72    0.96    1.27    3.63    5.00    2.74    1.73    1.01    0.47    0.34    0.28    0.28     18.43      1.54
    1949    0.87    6.87    6.91    2.50    0.80    0.90    0.82    0.52    0.31    0.22    0.30    0.29     21.29      1.77
    1950    0.40    0.46    1.32    1.11    0.51    0.42    0.39    0.27    0.20    0.18    1.37    1.82      8.45      0.70
    1951    1.85    0.92    0.81    1.54    1.33    0.93    0.62    0.45    0.35    0.52    0.52    0.30     10.13      0.84
    1952    0.43    1.09    1.42    1.52   12.64    4.84    0.74    0.38    0.31    0.29    0.50    0.62     24.79      2.07
    1953    0.61    3.63    2.07    0.89    0.82    0.72    0.59    1.04    0.99    0.57    0.35    0.74     13.01      1.08
    1954   12.14    7.17    1.57    2.94    2.14    1.81    1.56    0.92    0.46    0.26    0.18    0.19     31.33      2.61
    1955    0.79    1.84    3.75    1.38   14.61    5.59    0.59    0.27    0.24    0.21    0.24    0.46     29.98      2.50
    1956    1.24    4.31   12.33    4.61    1.17    0.82    1.03    0.81    0.41    0.55    0.73   21.40     49.41      4.12
    1957   23.50    6.43    0.87    0.91    1.36    0.93    1.29    1.04    0.46    0.24    0.18    0.22     37.43      3.12
    1958    0.43    1.01    1.61    9.20   11.73    3.46    0.50    0.74    0.67    0.39    0.36    0.38     30.48      2.54
    1959    1.04    1.09    2.08    1.39    1.16    1.21    1.40    0.95    0.42    0.25    0.25    0.36     11.61      0.97
    1960    0.80    1.50   11.94    4.98    1.43    0.98    1.00    0.84    0.53    0.34    0.23    0.42     24.99      2.08
    1961    0.73    1.21    1.09    0.85    0.54    0.88    0.93    0.57    0.30    0.20    0.40    0.38      8.10      0.67
    1962    0.73    1.41    1.76    1.59    0.73    3.31    2.17    0.83    0.50    9.70    4.24    0.71     27.69      2.31
    1963    0.51    1.27    0.79   10.32    3.93    0.38    0.31    0.33    0.31    0.30    0.27    0.41     19.11      1.59
    1964    1.27    1.22    1.05    0.57    0.44    0.25    0.19    0.32    0.73    0.84    0.83    0.89      8.59      0.72
    1965    1.06    1.24    1.16    7.38    3.47    0.69    0.35    0.39    0.30    0.22    0.26    0.31     16.81      1.40
    1966    0.42    0.95    1.23   10.68   11.64    7.99    2.91    0.91    0.40    0.34    0.31    0.26     38.03      3.17
    1967    0.69    1.46    1.04    0.76    0.67    1.17    0.90    0.40    0.20    0.16    0.30    0.48      8.24      0.69
    1968    0.51    0.58    1.48    1.20    0.61    6.97    3.36    1.03    0.59    0.40    0.31    0.38     17.43      1.45
    1969    1.48    1.30    1.15    0.69    0.43    0.32    0.27    0.41    0.41    0.30    0.53    1.33      8.63      0.72
    1970    4.00    2.66    1.12    0.78    0.63    0.52    0.80    7.66    3.39    0.96    1.13    0.86     24.51      2.04
    1971    0.93    0.96    1.30    1.61    1.65    1.51    0.87    0.78    0.75    0.56    0.40    0.26     11.58      0.97
    1972    0.49    0.71    0.54    0.61   11.65    5.11    1.42    0.76    0.33    0.21    0.63    1.88     24.33      2.03
    1973    1.63    1.16    0.84    7.91    3.62    1.27    0.93    0.63    0.55    0.50    0.37    0.24     19.65      1.64
    1974    0.18    0.78    1.47    4.85    2.83    0.95    0.69    0.68    0.45    0.27    0.23    4.53     17.91      1.49
    1975    2.46    1.41    3.36   14.49   10.61    8.37    3.06    0.97    0.57    0.31    0.26    0.30     46.18      3.85
    1976    1.28    1.53    1.19    4.12    4.08    2.24    0.96    0.40    0.23    0.18    0.26    0.62     17.08      1.42
    1977    3.79    2.57    1.37   11.87    4.80    1.09    0.91    0.60    0.31    0.21    0.34    0.66     28.53      2.38
    1978    6.70    3.19    1.44    1.19    1.19    0.80    0.67    0.54    0.32    0.30    0.61    1.07     18.03      1.50
    1979    0.99    0.60    0.66    0.57    0.35    0.18    0.14    0.19    0.17    0.15    0.18    0.54      4.71      0.39
    1980    0.84    0.99    0.83    1.04    0.76    0.31    0.15    0.26    0.42    0.37    0.41    0.78      7.16      0.60
    1981    0.92    1.87    1.06    0.82    1.05    3.69    2.13    0.81    0.39    0.25    0.21    0.24     13.42      1.12
    1982    6.90    3.31    0.90    0.51    0.24    0.24    0.37    0.35    0.24    0.29    0.44    0.32     14.11      1.18
    1983    0.64    9.00    4.05   37.67   13.79    2.27    1.68    0.94    0.51    0.85    1.30    1.01     73.69      6.14
    1984    1.25    1.23    0.67    0.89   16.21    5.85    0.40    0.14    0.14    0.18    0.21    0.23     27.40      2.28
    1985    2.47    1.87    1.35    1.07    0.82    0.90    0.81    0.48    0.32    0.27    0.24    0.26     10.85      0.90
    1986    0.80    1.04    3.60    4.08    1.75    1.14    1.06    0.69    0.57    0.53    0.76   39.72     55.72      4.64
    1987   14.83    2.17    1.76    1.12    1.58    1.69    0.95    0.41    0.31    0.67    0.82    0.84     27.16      2.26
    1988    1.64    4.52    5.31    2.00    7.06    2.86    0.41    0.28    0.43    0.39    0.28    0.24     25.41      2.12
    1989    0.44   13.22    5.23    0.75    0.63    1.05    0.94    0.56    0.30    0.19    0.27    0.29     23.86      1.99
    1990    0.80    1.02    1.51    7.37    3.77    1.96    1.02    0.43    0.31    0.28    0.25    0.51     19.24      1.60
    1991    1.61    1.25    0.77    0.71    0.84    0.56    0.31    0.19    0.13    0.12    0.14    0.18      6.81      0.57
    1992    0.51    0.82    0.77    0.48    0.61    1.15    0.88    0.42    0.22    0.16    0.25    0.40      6.68      0.56
    1993   17.51    6.53    1.19    1.15    0.71    0.90    0.67    0.34    0.22    0.25    0.67    0.65     30.79      2.57
    1994    0.86    0.63    0.49    0.66    0.39    0.49    0.63    0.73    1.15    0.98    0.58    0.33      7.90      0.66
    1995    0.74    8.15   10.03    4.72   27.95   10.25    1.23    0.77    0.52    1.15    1.31    0.74     67.57      5.63
    1996    4.19    2.68    1.10    1.49    1.50    0.77    0.48    0.44    0.90    1.23    1.13    1.17     17.05      1.42
    1997    3.95   15.26    5.36    1.02    1.08    0.99    0.56    0.29    0.19    0.16    0.22    0.22     29.31      2.44
    1998    0.49    0.43    0.64    0.87    0.56    0.25    0.14    0.11    0.15    0.21    0.35    0.39      4.59      0.38
    1999    0.78    0.67    1.33    1.43    1.37    1.43    1.11    0.76    0.46    0.27    0.18    0.27     10.05      0.84
    2000    0.64    2.69    6.50    2.97    1.07    0.64    0.46    0.50    0.40    0.27    0.21    1.33     17.68      1.47
    2001    3.37    2.66    3.65    1.97    1.05    0.54    0.46    0.44    0.31   11.48    5.82    1.96     33.70      2.81
    2002    1.12    0.81    0.80    0.83    0.77    0.67    0.57    0.40    0.29    0.24    0.26    0.38      7.15      0.60
    2003    0.33    1.02    0.91    0.73   15.91    6.07    0.65    0.22    0.16    0.47    0.71    0.84     28.02      2.34
    2004    0.77    0.81    0.98    1.34    0.85    0.80    0.75    0.45    0.23    0.16    0.23    0.22      7.60      0.63
    2005    0.87    1.51    1.03    0.95    1.30    4.15    2.97    1.55    0.74    0.36    0.45    1.08     16.96      1.41
    2006    1.60    1.34    0.98    0.39    0.11    0.17    0.29    0.23    0.36    0.41    0.27    0.19      6.33      0.53
    2007    2.14    3.24    1.40    0.45    0.36    0.31    0.45    0.39    0.23    0.19    0.17    0.18      9.52      0.79
    2008    0.56    0.86    0.63    0.59    0.99    0.66    0.26    0.22    0.27    0.23    0.64    0.90      6.81      0.57
    2009    1.44    1.61    1.28    1.55    1.21    0.68    0.43    0.27    0.18    0.17    0.15    0.12      9.08      0.76
  
 AVERAGE    2.09    2.78    2.58    2.91    3.47    2.42    1.17    0.94    0.55    0.63    0.72    1.32     21.59      1.80
