    1920    1.54    3.26    2.96    1.66    0.86    2.77    1.66    0.62    0.34    0.24    0.22    0.55     16.68      1.39
    1921    0.85   13.93    6.06    1.30    0.85    0.94    0.60    0.36    0.47    0.48    0.56    0.50     26.90      2.24
    1922    1.14    2.85    1.93    3.96    1.90    0.45    0.16    0.12    0.12    0.17    0.19    0.16     13.15      1.10
    1923    0.18    1.00    1.69    1.00    0.94    0.95    0.70    0.48    0.31    0.22    0.24    0.59      8.31      0.69
    1924    1.44   26.25   11.98    6.15    2.86   46.32   16.57    1.84    0.96    0.87    0.72    1.03    117.00      9.75
    1925    2.32    1.79    1.20    0.75    0.38    1.05    0.92    0.57    0.84    0.75    0.45    0.87     11.90      0.99
    1926    7.48    4.07    1.39    0.65    1.16    6.86    2.79    0.40    0.21    0.30    0.56    0.57     26.43      2.20
    1927    0.96    0.79    1.23   13.13    5.08    1.00    0.55    0.25    0.17    0.16    0.25    0.51     24.10      2.01
    1928    0.93    0.68    0.30    0.32    0.37    2.48    1.67    0.64    0.53    0.74    0.58    0.91     10.16      0.85
    1929    1.97    7.99    3.46    5.14    2.69    1.24    1.15    0.73    0.33    0.26    0.42    0.81     26.20      2.18
    1930    1.14    1.39    1.34    2.00    1.25    0.51    0.38    0.30    0.23    0.27    0.23    0.17      9.22      0.77
    1931    0.52    0.83    0.78    0.57   33.46   17.44    2.88    1.78    1.73    0.93    0.42    0.49     61.84      5.15
    1932    0.51    1.18    1.91    1.01    0.54    0.41    0.28    0.19    0.14    0.32    0.36    0.24      7.09      0.59
    1933    0.28    7.42    7.45   13.68    4.63    1.27    1.61    1.48    0.93    0.68    1.29    1.06     41.77      3.48
    1934    1.29    2.08   25.28    8.88    1.04    1.02    0.88    0.67    0.62    0.51    0.32    0.22     42.80      3.57
    1935    0.25    0.37    0.34    1.32   11.70    5.09    1.15    1.51    1.33    0.68    0.33    0.40     24.47      2.04
    1936    0.94    8.61    3.36    0.76    2.53    1.76    0.69    0.26    0.19    0.21    0.20    0.25     19.74      1.64
    1937    0.38    0.46    6.98    3.96    8.84    3.59    1.37    0.99    0.66    1.58    1.50    0.76     31.07      2.59
    1938    1.08    1.14    1.72    1.83   24.24   13.57    2.64    0.81    0.61    0.54    0.63    1.18     50.00      4.17
    1939    1.51    9.13    4.67    1.71    0.91    0.70    0.67   30.33   12.48    2.14    0.85    1.20     66.31      5.53
    1940    1.19    1.78   13.75    5.17    1.10    1.07    1.84    1.39    0.57    0.29    0.25    0.32     28.72      2.39
    1941    0.62    0.62    0.68    1.38    6.18    3.72    1.50    0.73    0.47    0.38    0.46    0.84     17.57      1.46
    1942    1.75    2.76   18.51    7.49    2.19    1.38   13.56    5.96    1.45    2.10   22.91    8.38     88.43      7.37
    1943   14.94   21.14    6.42    0.82    1.42    1.50    0.77    0.30    0.50    0.61    0.42    1.35     50.21      4.18
    1944    2.45    1.58    0.97    0.91    0.89    9.56    3.87    0.69    0.40    0.26    0.21    0.19     21.98      1.83
    1945    0.26    0.16    0.37    1.57    1.16    0.83    0.60    0.34    0.22    0.18    0.16    0.21      6.05      0.50
    1946    2.17    2.58    1.63    1.43    1.93    1.72    1.08    0.63    0.86    0.90    0.56    0.54     16.04      1.34
    1947    0.86    7.05    4.14    1.59    1.42    3.80    2.35    0.98    0.45    0.27    0.23    0.25     23.39      1.95
    1948    0.93    1.26    1.70    6.48    8.15    3.84    2.22    1.31    0.58    0.42    0.34    0.35     27.57      2.30
    1949    1.12   10.31   10.57    3.56    1.05    1.21    1.09    0.68    0.39    0.26    0.37    0.36     30.97      2.58
    1950    0.51    0.59    3.34    1.94    0.66    0.57    0.52    0.36    0.26    0.22    2.56    2.37     13.88      1.16
    1951    2.24    1.16    1.08    2.56    1.84    1.19    0.81    0.59    0.44    0.65    0.65    0.37     13.58      1.13
    1952    0.55    1.44    1.91    2.05   17.68    6.61    0.92    0.48    0.39    0.36    0.63    0.78     33.79      2.82
    1953    0.77    6.14    3.10    1.17    1.11    0.97    0.79    1.36    1.27    0.72    0.43    0.95     18.78      1.56
    1954   16.47   10.57    2.32    5.37    3.25    2.38    2.07    1.21    0.57    0.31    0.23    0.24     44.96      3.75
    1955    1.02    3.68    6.53    2.14   19.79    7.47    0.73    0.34    0.30    0.26    0.29    0.58     43.14      3.59
    1956    1.59    7.08   17.26    6.18    1.54    1.09    1.37    1.06    0.52    0.70    0.92   27.55     66.87      5.57
    1957   30.18    8.19    1.12    1.23    1.84    1.26    1.72    1.36    0.59    0.29    0.21    0.27     48.28      4.02
    1958    0.55    1.33    2.16   13.25   16.18    4.59    0.61    0.97    0.86    0.48    0.45    0.47     41.90      3.49
    1959    1.34    1.43    4.34    2.31    1.54    1.62    1.86    1.25    0.53    0.31    0.31    0.45     17.28      1.44
    1960    1.03    1.98   16.83    6.84    1.88    1.31    1.33    1.10    0.68    0.42    0.27    0.53     34.19      2.85
    1961    0.94    1.59    1.46    1.16    0.74    1.19    1.23    0.74    0.38    0.24    0.49    0.47     10.65      0.89
    1962    0.94    1.85    2.20    2.02    0.96    5.82    3.21    1.02    0.62   13.19    5.54    0.82     38.19      3.18
    1963    0.62    1.66    1.06   14.80    5.49    0.46    0.39    0.43    0.39    0.38    0.33    0.51     26.54      2.21
    1964    1.63    1.59    1.40    0.77    0.59    0.34    0.25    0.41    0.93    1.06    1.05    1.12     11.13      0.93
    1965    1.36    1.61    1.54   11.24    4.97    0.89    0.45    0.50    0.37    0.26    0.33    0.38     23.90      1.99
    1966    0.52    1.24    1.65   15.01   16.38   11.63    3.98    1.13    0.49    0.42    0.37    0.31     53.14      4.43
    1967    0.88    1.92    1.39    1.03    0.91    1.58    1.20    0.52    0.25    0.19    0.37    0.60     10.85      0.90
    1968    0.65    0.75    3.56    2.06    0.79   10.45    4.72    1.29    0.73    0.49    0.37    0.47     26.32      2.19
    1969    2.54    1.78    1.47    0.93    0.59    0.44    0.37    0.52    0.52    0.38    0.66    1.69     11.89      0.99
    1970    6.41    3.77    1.44    1.05    0.86    0.70    1.06   11.03    4.60    1.15    1.41    1.09     34.58      2.88
    1971    1.20    1.26    1.75    2.18    2.24    2.03    1.16    1.02    0.96    0.72    0.50    0.32     15.33      1.28
    1972    0.63    0.92    0.72    0.83   16.05    6.86    1.81    0.97    0.40    0.27    0.80    2.37     32.63      2.72
    1973    1.99    1.46    1.12   11.86    5.15    1.65    1.22    0.82    0.71    0.64    0.46    0.28     27.36      2.28
    1974    0.21    1.03    1.97    8.07    4.19    1.23    0.91    0.89    0.58    0.33    0.28    6.89     26.56      2.21
    1975    3.40    1.80    5.99   20.01   14.99   12.11    4.17    1.20    0.70    0.37    0.32    0.37     65.44      5.45
    1976    1.66    2.00    1.59    7.09    6.98    3.21    1.21    0.50    0.28    0.23    0.32    0.78     25.83      2.15
    1977    6.12    3.65    1.78   16.39    6.49    1.42    1.20    0.78    0.38    0.26    0.43    0.83     39.73      3.31
    1978    9.75    4.40    1.88    1.61    1.61    1.09    0.90    0.71    0.40    0.37    0.76    1.36     24.87      2.07
    1979    1.26    0.78    0.89    0.77    0.49    0.24    0.18    0.24    0.21    0.18    0.21    0.67      6.12      0.51
    1980    1.07    1.29    1.11    1.41    1.03    0.42    0.19    0.33    0.52    0.46    0.50    0.98      9.33      0.78
    1981    1.17    3.89    1.81    1.08    1.42    6.39    3.19    1.00    0.47    0.31    0.25    0.30     21.28      1.77
    1982    9.95    4.53    1.16    0.70    0.33    0.33    0.49    0.45    0.31    0.36    0.54    0.39     19.54      1.63
    1983    0.81   12.95    5.61   48.04   17.59    3.02    2.17    1.17    0.62    1.07    1.65    1.28     95.97      8.00
    1984    1.61    1.60    0.89    1.21   22.04    7.85    0.48    0.18    0.18    0.22    0.26    0.29     36.83      3.07
    1985    4.41    2.74    1.76    1.44    1.12    1.21    1.07    0.63    0.41    0.34    0.29    0.33     15.74      1.31
    1986    1.03    1.35    6.32    7.07    2.62    1.49    1.40    0.91    0.73    0.67    0.96   49.76     74.30      6.19
    1987   18.53    2.78    2.34    1.52    3.23    2.45    1.19    0.50    0.40    0.85    1.03    1.07     35.89      2.99
    1988    2.10    6.89    8.38    2.93   10.52    4.09    0.49    0.36    0.54    0.49    0.35    0.29     37.44      3.12
    1989    0.56   17.68    6.90    0.97    0.85    1.41    1.26    0.73    0.37    0.23    0.33    0.36     31.64      2.64
    1990    1.03    1.33    2.22   10.75    5.19    2.56    1.34    0.55    0.40    0.34    0.30    0.65     26.65      2.22
    1991    2.03    1.56    0.99    0.96    1.14    0.75    0.41    0.25    0.16    0.14    0.17    0.22      8.78      0.73
    1992    0.65    1.07    1.02    0.65    0.82    1.55    1.17    0.55    0.28    0.20    0.31    0.49      8.76      0.73
    1993   22.95    8.47    1.54    1.54    0.97    1.22    0.90    0.44    0.26    0.31    0.82    0.81     40.25      3.35
    1994    1.10    0.82    0.65    0.90    0.53    0.66    0.83    0.95    1.47    1.24    0.72    0.40     10.25      0.85
    1995    0.95   11.90   14.48    7.71   36.02   13.02    1.61    0.99    0.66    1.47    1.67    0.94     91.42      7.62
    1996    6.57    3.76    1.42    3.61    2.46    1.00    0.63    0.57    1.16    1.56    1.43    1.49     25.66      2.14
    1997    6.31   20.54    7.01    1.35    1.47    1.34    0.76    0.36    0.23    0.20    0.27    0.27     40.13      3.34
    1998    0.63    0.56    0.85    1.18    0.75    0.34    0.18    0.15    0.19    0.26    0.42    0.48      5.99      0.50
    1999    0.99    0.86    2.44    2.02    1.78    1.90    1.47    0.98    0.58    0.32    0.21    0.34     13.90      1.16
    2000    0.82    4.96   10.03    4.16    1.40    0.86    0.60    0.65    0.52    0.33    0.26    2.25     26.84      2.24
    2001    4.96    3.57    5.83    2.88    1.38    0.73    0.61    0.57    0.39   13.93    7.03    2.39     44.28      3.69
    2002    1.41    1.05    1.08    1.13    1.05    0.91    0.76    0.52    0.37    0.30    0.31    0.48      9.39      0.78
    2003    0.42    1.34    1.21    0.99   21.63    8.12    0.80    0.27    0.21    0.59    0.89    1.07     37.54      3.13
    2004    0.98    1.06    1.31    1.82    1.16    1.08    1.00    0.58    0.29    0.19    0.28    0.27     10.03      0.84
    2005    1.12    1.98    1.37    1.29    1.76    7.02    4.16    1.83    0.89    0.42    0.56    1.37     23.75      1.98
    2006    2.06    1.75    1.32    0.54    0.15    0.23    0.38    0.30    0.44    0.49    0.32    0.23      8.18      0.68
    2007    3.98    5.63    2.10    0.59    0.49    0.42    0.60    0.51    0.30    0.23    0.20    0.22     15.29      1.27
    2008    0.72    1.12    0.84    0.80    1.34    0.88    0.35    0.28    0.34    0.28    0.81    1.13      8.88      0.74
    2009    1.86    2.11    1.70    2.15    1.57    0.87    0.57    0.35    0.22    0.20    0.18    0.14     11.92      0.99
  
 AVERAGE    2.83    3.94    3.73    4.19    4.81    3.38    1.57    1.22    0.70    0.80    0.91    1.69     29.77      2.48
