    1920    1.21    1.84    2.04    1.30    0.66    1.36    1.11    0.54    0.30    0.22    0.19    0.44     11.20      0.93
    1921    0.67    8.85    4.12    1.00    0.62    0.68    0.44    0.29    0.37    0.39    0.45    0.41     18.29      1.52
    1922    0.87    1.74    1.37    1.66    1.10    0.39    0.14    0.10    0.10    0.13    0.16    0.14      7.88      0.66
    1923    0.15    0.73    1.22    0.72    0.67    0.69    0.52    0.37    0.26    0.19    0.21    0.47      6.20      0.52
    1924    1.10   18.69    7.72    3.14    1.85   34.88   12.59    1.48    0.79    0.71    0.59    0.81     84.35      7.03
    1925    1.79    1.44    0.92    0.55    0.27    0.74    0.67    0.44    0.66    0.60    0.38    0.68      9.15      0.76
    1926    4.11    2.70    1.10    0.48    0.81    3.18    1.57    0.37    0.17    0.24    0.45    0.45     15.65      1.30
    1927    0.74    0.61    0.89    7.74    3.23    0.78    0.43    0.21    0.14    0.14    0.20    0.40     15.52      1.29
    1928    0.72    0.53    0.23    0.23    0.26    1.20    1.14    0.55    0.44    0.61    0.48    0.72      7.10      0.59
    1929    1.50    4.36    2.15    1.99    1.47    0.96    0.86    0.56    0.28    0.22    0.34    0.64     15.34      1.28
    1930    0.88    1.05    0.98    1.40    0.94    0.40    0.29    0.23    0.19    0.22    0.20    0.15      6.95      0.58
    1931    0.41    0.63    0.57    0.41   24.02   11.48    1.91    1.41    1.36    0.76    0.37    0.40     43.73      3.64
    1932    0.41    0.88    1.37    0.73    0.38    0.30    0.21    0.15    0.12    0.25    0.29    0.20      5.30      0.44
    1933    0.23    3.79    3.61    8.50    3.15    0.97    1.20    1.13    0.74    0.56    1.01    0.84     25.73      2.14
    1934    0.99    1.55   17.53    6.27    0.80    0.75    0.66    0.52    0.49    0.41    0.27    0.19     30.44      2.54
    1935    0.21    0.29    0.26    0.91    6.72    3.28    0.93    1.15    1.04    0.56    0.29    0.32     15.96      1.33
    1936    0.73    4.76    2.05    0.58    1.34    1.21    0.55    0.22    0.15    0.17    0.17    0.20     12.13      1.01
    1937    0.31    0.36    3.16    2.36    4.88    2.22    1.07    0.77    0.54    1.23    1.17    0.61     18.68      1.56
    1938    0.83    0.87    1.24    1.30   16.70    8.48    1.72    0.69    0.51    0.45    0.51    0.93     34.23      2.85
    1939    1.17    5.21    3.05    1.30    0.67    0.51    0.50   22.16    9.40    1.88    0.76    0.96     47.57      3.96
    1940    0.95    1.33    8.63    3.42    0.84    0.78    1.35    1.05    0.46    0.25    0.21    0.26     19.52      1.63
    1941    0.49    0.48    0.50    0.96    2.63    2.24    1.19    0.58    0.39    0.32    0.38    0.66     10.82      0.90
    1942    1.33    1.89   12.60    5.30    1.63    1.03    8.62    4.16    1.24    1.72   17.18    6.46     63.16      5.26
    1943   10.62   15.00    4.70    0.64    1.00    1.08    0.58    0.25    0.39    0.49    0.35    1.02     36.12      3.01
    1944    1.86    1.21    0.72    0.65    0.63    5.21    2.40    0.60    0.35    0.24    0.18    0.16     14.22      1.19
    1945    0.21    0.13    0.26    1.08    0.82    0.60    0.45    0.27    0.18    0.15    0.14    0.18      4.48      0.37
    1946    1.24    1.92    1.27    1.03    1.38    1.25    0.81    0.49    0.67    0.71    0.46    0.44     11.68      0.97
    1947    0.67    3.59    2.62    1.21    1.03    1.74    1.55    0.84    0.40    0.24    0.19    0.20     14.27      1.19
    1948    0.71    0.95    1.23    2.80    4.17    2.58    1.73    1.03    0.49    0.35    0.29    0.29     16.61      1.38
    1949    0.85    6.05    5.99    2.30    0.81    0.88    0.81    0.53    0.32    0.23    0.30    0.30     19.37      1.61
    1950    0.41    0.46    1.33    1.15    0.53    0.42    0.39    0.28    0.21    0.18    1.31    1.77      8.43      0.70
    1951    1.82    0.93    0.79    1.47    1.29    0.91    0.62    0.46    0.36    0.52    0.52    0.31      9.99      0.83
    1952    0.43    1.07    1.38    1.46   11.79    4.60    0.76    0.40    0.32    0.30    0.50    0.62     23.65      1.97
    1953    0.61    2.90    1.85    0.89    0.80    0.70    0.59    1.03    0.98    0.58    0.36    0.73     12.02      1.00
    1954   11.44    6.58    1.49    2.11    1.87    1.78    1.54    0.93    0.48    0.27    0.19    0.19     28.89      2.41
    1955    0.77    1.81    3.32    1.26   13.28    5.20    0.62    0.29    0.25    0.22    0.24    0.46     27.71      2.31
    1956    1.21    3.64   11.52    4.44    1.17    0.81    1.01    0.81    0.43    0.56    0.74   20.14     46.48      3.87
    1957   22.43    6.27    0.89    0.89    1.31    0.92    1.26    1.03    0.47    0.25    0.19    0.22     36.13      3.01
    1958    0.43    0.99    1.55    8.13   10.66    3.27    0.52    0.75    0.68    0.40    0.37    0.39     28.14      2.34
    1959    1.01    1.08    1.65    1.32    1.17    1.18    1.37    0.95    0.43    0.26    0.25    0.37     11.06      0.92
    1960    0.79    1.47   11.08    4.71    1.42    0.97    0.99    0.84    0.55    0.36    0.24    0.42     23.83      1.99
    1961    0.73    1.19    1.07    0.83    0.53    0.85    0.91    0.58    0.31    0.21    0.40    0.39      8.00      0.67
    1962    0.72    1.39    1.71    1.54    0.73    2.43    1.91    0.86    0.52    8.81    4.01    0.75     25.37      2.11
    1963    0.52    1.24    0.79    9.08    3.56    0.40    0.31    0.33    0.32    0.31    0.28    0.41     17.54      1.46
    1964    1.24    1.20    1.02    0.56    0.42    0.25    0.19    0.32    0.72    0.85    0.83    0.89      8.49      0.71
    1965    1.05    1.22    1.13    6.35    3.15    0.71    0.35    0.39    0.31    0.23    0.27    0.32     15.49      1.29
    1966    0.42    0.93    1.19    9.52   10.56    7.20    2.77    0.95    0.42    0.35    0.32    0.27     34.90      2.91
    1967    0.67    1.43    1.03    0.74    0.65    1.13    0.89    0.41    0.21    0.17    0.30    0.48      8.12      0.68
    1968    0.52    0.58    1.43    1.23    0.63    5.97    3.08    1.06    0.62    0.42    0.32    0.38     16.23      1.35
    1969    1.43    1.29    1.12    0.68    0.43    0.32    0.27    0.40    0.41    0.31    0.53    1.30      8.49      0.71
    1970    3.35    2.49    1.14    0.76    0.62    0.51    0.78    6.76    3.16    1.00    1.14    0.88     22.58      1.88
    1971    0.93    0.96    1.27    1.55    1.60    1.47    0.87    0.78    0.75    0.58    0.42    0.27     11.43      0.95
    1972    0.49    0.70    0.53    0.59   10.41    4.73    1.43    0.78    0.34    0.22    0.63    1.82     22.67      1.89
    1973    1.61    1.16    0.84    6.82    3.29    1.26    0.93    0.64    0.57    0.52    0.39    0.25     18.28      1.52
    1974    0.18    0.76    1.41    3.97    2.56    0.96    0.68    0.68    0.46    0.28    0.24    3.66     15.84      1.32
    1975    2.22    1.42    2.60   13.34    9.68    7.57    2.92    1.00    0.59    0.33    0.27    0.31     42.27      3.52
    1976    1.24    1.50    1.17    3.25    3.29    2.09    0.98    0.42    0.24    0.19    0.26    0.61     15.24      1.27
    1977    3.05    2.37    1.38   10.70    4.45    1.10    0.91    0.61    0.32    0.22    0.35    0.65     26.12      2.18
    1978    5.84    2.96    1.43    1.17    1.15    0.79    0.67    0.55    0.33    0.31    0.61    1.05     16.86      1.40
    1979    0.98    0.61    0.64    0.55    0.35    0.18    0.14    0.19    0.17    0.15    0.18    0.53      4.68      0.39
    1980    0.83    0.98    0.82    1.00    0.74    0.31    0.15    0.26    0.42    0.38    0.41    0.77      7.07      0.59
    1981    0.92    1.69    1.07    0.82    1.02    2.88    1.91    0.84    0.41    0.26    0.22    0.24     12.28      1.02
    1982    5.94    3.04    0.92    0.51    0.24    0.24    0.37    0.35    0.25    0.30    0.44    0.33     12.91      1.08
    1983    0.63    8.07    3.76   35.96   13.22    2.26    1.66    0.96    0.53    0.85    1.29    1.01     70.20      5.85
    1984    1.24    1.22    0.67    0.85   14.89    5.47    0.42    0.15    0.15    0.19    0.22    0.24     25.70      2.14
    1985    1.69    1.65    1.34    1.04    0.80    0.87    0.79    0.49    0.33    0.28    0.24    0.27      9.81      0.82
    1986    0.78    1.02    2.74    3.25    1.59    1.13    1.04    0.69    0.58    0.54    0.76   38.07     52.20      4.35
    1987   14.31    2.21    1.73    1.10    1.52    1.64    0.95    0.42    0.32    0.67    0.82    0.84     26.54      2.21
    1988    1.61    3.90    4.49    1.83    6.13    2.59    0.43    0.29    0.43    0.39    0.30    0.25     22.64      1.89
    1989    0.44   12.10    4.89    0.75    0.62    1.01    0.93    0.56    0.31    0.20    0.27    0.29     22.39      1.87
    1990    0.78    1.00    1.45    6.38    3.46    1.94    1.02    0.45    0.33    0.29    0.26    0.51     17.88      1.49
    1991    1.57    1.24    0.76    0.69    0.81    0.55    0.31    0.20    0.14    0.12    0.15    0.19      6.72      0.56
    1992    0.50    0.81    0.75    0.47    0.59    1.11    0.87    0.43    0.23    0.17    0.26    0.40      6.58      0.55
    1993   16.28    6.18    1.18    1.12    0.70    0.88    0.67    0.35    0.23    0.26    0.66    0.64     29.14      2.43
    1994    0.85    0.63    0.48    0.64    0.38    0.47    0.62    0.72    1.13    0.98    0.59    0.34      7.84      0.65
    1995    0.73    7.27    8.99    3.97   26.62    9.89    1.25    0.79    0.54    1.14    1.30    0.76     63.23      5.27
    1996    3.44    2.47    1.11    1.51    1.55    0.80    0.48    0.44    0.89    1.22    1.13    1.17     16.22      1.35
    1997    3.30   14.39    5.18    1.02    1.06    0.97    0.57    0.29    0.20    0.17    0.22    0.23     27.59      2.30
    1998    0.49    0.43    0.61    0.83    0.54    0.25    0.14    0.12    0.15    0.22    0.35    0.39      4.52      0.38
    1999    0.76    0.67    1.27    1.38    1.32    1.39    1.10    0.76    0.47    0.28    0.19    0.27      9.86      0.82
    2000    0.64    2.01    5.58    2.76    1.07    0.64    0.46    0.50    0.41    0.28    0.22    1.28     15.83      1.32
    2001    2.75    2.49    2.98    1.76    1.05    0.54    0.46    0.44    0.32   10.34    5.49    1.99     30.60      2.55
    2002    1.15    0.82    0.79    0.81    0.75    0.66    0.57    0.40    0.30    0.25    0.26    0.39      7.15      0.60
    2003    0.34    0.99    0.89    0.71   14.58    5.67    0.67    0.23    0.17    0.47    0.70    0.83     26.26      2.19
    2004    0.77    0.81    0.95    1.29    0.83    0.78    0.74    0.45    0.24    0.17    0.23    0.23      7.51      0.63
    2005    0.84    1.48    1.01    0.92    1.25    3.35    2.73    1.58    0.77    0.38    0.46    1.06     15.84      1.32
    2006    1.58    1.33    0.97    0.39    0.11    0.16    0.28    0.23    0.36    0.41    0.27    0.20      6.30      0.53
    2007    1.37    2.65    1.32    0.46    0.35    0.30    0.44    0.39    0.24    0.19    0.18    0.19      8.09      0.67
    2008    0.56    0.85    0.63    0.57    0.95    0.64    0.26    0.23    0.27    0.24    0.63    0.89      6.71      0.56
    2009    1.41    1.59    1.26    1.49    1.17    0.67    0.43    0.28    0.18    0.17    0.16    0.12      8.95      0.75
  
 AVERAGE    1.94    2.58    2.38    2.66    3.21    2.25    1.13    0.92    0.56    0.62    0.71    1.28     20.24      1.69
