    1920    0.85    0.71    0.83    0.60    1.52    1.92    0.93    0.21    0.01    0.00    0.00    0.59      8.18      0.68
    1921    0.78   10.60   16.19    5.66    2.35    1.65    0.65    0.29    0.47    0.44    1.00    1.04     41.12      3.43
    1922    1.55    5.29    3.30    2.15    3.21    1.60    0.33    0.21    0.23    0.28    0.28    0.20     18.63      1.55
    1923    0.25    0.35    0.53    3.46    2.57    1.62    0.98    0.50    0.31    0.26    0.27    0.46     11.55      0.96
    1924    0.69    1.39    3.09    2.87    3.96   48.42   16.79    0.94    0.46    0.42    0.35    0.51     79.90      6.66
    1925    1.02    1.08    0.73    1.42    1.23    0.84    0.51    0.35    0.54    0.52    0.29    1.00      9.53      0.79
    1926    1.70    1.75    1.46    1.12    4.11    3.19    1.31    0.35    0.25    0.32    0.41    0.30     16.29      1.36
    1927    0.63    0.62    1.51    2.35    2.01    1.54    0.86    0.38    0.27    0.24    0.25    0.45     11.09      0.92
    1928    0.64    0.35    0.39    0.48    0.50    7.44    3.33    0.60    0.54    0.88    0.64    1.44     17.23      1.44
    1929    1.36    1.89    1.98    2.26    1.79    1.02    0.65    0.40    0.26    0.28    0.30    0.36     12.56      1.05
    1930    0.39    0.24    0.69    2.49    2.41    1.37    0.55    0.23    0.19    0.23    0.22    0.15      9.17      0.76
    1931    0.27    0.30    0.28    0.52    9.42    4.66    1.11    0.70    0.66    0.44    0.29    0.26     18.89      1.57
    1932    0.26    0.36    0.86    0.62    0.65    0.76    0.56    0.29    0.19    0.29    0.28    0.16      5.28      0.44
    1933    0.16    4.91    6.22   26.41    9.34    1.53    0.94    0.73    0.57    0.64    0.95    0.55     52.96      4.41
    1934    0.55    0.96    3.27    1.96    1.21    1.34    1.37    0.84    0.40    0.32    0.25    0.25     12.72      1.06
    1935    0.26    0.22    0.34    1.61    5.13    3.67    1.51    1.64    1.40    0.61    0.30    0.25     16.94      1.41
    1936    0.49    9.45    3.84    6.33    6.36    2.81    0.91    0.39    0.32    0.30    0.27    0.30     31.78      2.65
    1937    0.31    0.28    3.05    2.56    2.18    1.32    0.67    0.40    0.60    1.17    0.86    0.45     13.83      1.15
    1938    1.32    1.31    3.64    2.36    3.96    2.40    0.76    0.51    0.45    0.55    0.51    0.49     18.27      1.52
    1939    0.58   11.60    8.61    2.79    1.29    0.83    0.54    1.38    1.95    1.17    0.45    0.55     31.73      2.64
    1940    0.69    0.89    8.20    4.38    2.25    1.39    1.73    1.24    0.45    0.35    0.29    0.27     22.14      1.85
    1941    0.32    0.32    0.75    7.47    8.40    3.51    1.21    0.56    0.42    0.35    0.39    0.59     24.29      2.02
    1942    0.84    6.02    3.87   11.76    4.66    1.15    5.23    3.32    1.20    1.67   12.78    5.12     57.63      4.80
    1943    5.44    3.96    2.35    1.60    6.48    3.05    0.52    0.37    0.55    0.61    0.40    1.15     26.48      2.21
    1944    1.58    0.77    0.44    0.49    0.56    6.15    2.98    0.60    0.36    0.31    0.26    0.22     14.73      1.23
    1945    0.20    0.16    0.13    0.69    0.76    1.19    0.82    0.29    0.20    0.19    0.17    0.15      4.93      0.41
    1946    0.75    1.94    1.39    0.57    1.85    1.89    0.99    0.37    0.42    0.44    0.26    0.27     11.14      0.93
    1947    0.49    1.79    2.07    2.15    1.67    1.49    1.09    0.53    0.28    0.24    0.20    0.24     12.25      1.02
    1948    0.72    1.01    0.80    1.74    3.54    2.55    1.68    0.87    0.34    0.29    0.23    0.28     14.05      1.17
    1949    0.66    1.06    3.44    1.95    0.80    0.92    0.95    0.75    0.46    0.30    0.33    0.26     11.87      0.99
    1950    0.38    0.61    1.25    0.98    0.59    0.75    0.76    0.50    0.29    0.29    0.81    0.88      8.09      0.67
    1951    0.70    0.32    1.10   10.11    3.99    0.85    0.76    0.53    0.35    0.52    0.47    0.25     19.96      1.66
    1952    0.30    0.79    0.84    1.73   17.22    6.57    1.11    0.57    0.34    0.31    0.63    0.59     31.00      2.58
    1953    0.37    1.18    1.05    0.62    9.85    4.92    1.31    0.83    0.68    0.42    0.29    0.47     21.99      1.83
    1954    1.68   13.78    5.27   15.46   10.95    3.09    0.74    0.47    0.38    0.35    0.31    0.28     52.76      4.40
    1955    0.50    0.93    0.76    0.34    1.44    2.14    1.10    0.50    0.44    0.31    0.25    0.29      9.01      0.75
    1956    0.53    3.08   17.41   10.10    2.78    1.38    1.06    0.53    0.40    0.94    1.24    7.88     47.32      3.94
    1957    8.16    2.75    0.55    0.98    1.42    1.34    2.20    1.52    0.52    0.34    0.28    0.34     20.40      1.70
    1958    0.61    1.03    1.27    0.89    1.67    1.23    0.52    0.68    0.54    0.41    0.33    0.25      9.43      0.79
    1959    0.65    1.16    1.06    1.26    1.73    1.49    1.41    0.90    0.36    0.25    0.29    0.36     10.92      0.91
    1960    0.64    1.38    7.51    2.94    0.57    1.60    1.99    1.40    0.70    0.38    0.26    0.34     19.72      1.64
    1961    0.43    0.93    0.86    6.00    3.69    1.40    0.79    0.50    0.30    0.26    0.32    0.35     15.83      1.32
    1962    0.30    0.73    1.92    2.99    1.46    1.32    1.12    0.53    0.52    1.28    1.03    0.37     13.56      1.13
    1963    0.46    1.00    0.71    2.73    1.65    0.70    0.59    0.36    0.39    0.40    0.29    0.50      9.80      0.82
    1964    6.31    3.39    1.60    2.08    1.82    0.76    0.33    0.30    0.52    0.67    0.52    0.50     18.79      1.57
    1965    0.60    0.68    0.47    5.64    2.94    0.65    0.32    0.43    0.34    0.26    0.31    0.32     12.96      1.08
    1966    0.34    0.43    1.13   13.07    6.16    7.30    3.63    1.01    0.42    0.35    0.30    0.26     34.39      2.87
    1967    0.35    0.81    1.19    0.82    0.40    0.55    0.42    0.26    0.22    0.20    0.35    0.31      5.88      0.49
    1968    0.21    0.36    0.89    1.18    1.49   11.04    4.91    1.22    0.57    0.44    0.33    0.26     22.91      1.91
    1969    1.03    0.86    0.91    1.57    2.34    1.40    0.47    0.33    0.31    0.33    0.87    1.20     11.62      0.97
    1970    1.40    1.30    0.60    2.96    1.89    0.99    0.92    1.38    1.06    0.66    0.69    0.44     14.29      1.19
    1971    0.89    1.02    4.70    4.81    3.63    5.06    2.24    0.55    0.47    0.38    0.35    0.28     24.38      2.03
    1972    0.46    0.95    0.75    0.75    6.48    2.93    1.22    0.84    0.35    0.29    0.66    1.23     16.90      1.41
    1973    0.79    1.68    1.45   11.33    5.17    1.48    1.19    0.73    0.49    0.47    0.39    0.27     25.44      2.12
    1974    0.25    0.88    1.77    2.25   16.36    6.15    1.08    0.67    0.38    0.32    0.29    1.28     31.70      2.64
    1975    1.24    1.26    2.19   11.12    8.38    7.64    3.34    1.24    0.73    0.46    0.38    0.36     38.36      3.20
    1976    1.22    1.26    1.38    3.80    1.97    1.58    1.42    0.68    0.35    0.30    0.27    0.55     14.78      1.23
    1977    1.44    1.21    0.93   20.24    8.18    1.78    1.07    0.49    0.33    0.30    0.37    0.70     37.06      3.09
    1978    2.54    2.01    1.12    0.97    4.00    2.05    0.46    0.37    0.36    0.59    1.21    1.46     17.14      1.43
    1979    0.98    0.59    0.83    1.92    2.38    1.70    0.77    0.33    0.25    0.23    0.20    0.58     10.75      0.90
    1980    0.88    1.01    1.81    8.21   10.73    3.48    0.53    0.39    0.48    0.49    0.52    0.71     29.23      2.44
    1981    0.60    0.64    0.49    0.69    0.47    0.87    0.68    0.28    0.21    0.24    0.22    0.28      5.67      0.47
    1982    2.73    1.78    0.61    0.79    0.62    0.48    0.37    0.32    0.29    0.30    0.35    0.23      8.87      0.74
    1983    0.60    7.05   16.09   24.84    7.52    1.93    1.64    0.73    0.44    0.48    0.88    0.78     62.98      5.25
    1984    1.06    0.80    0.45    5.80   17.40    5.77    0.35    0.29    0.28    0.28    0.26    0.28     33.02      2.75
    1985    1.45    2.63    2.37    2.41    2.40    1.89    1.07    0.45    0.40    0.39    0.31    0.27     16.05      1.34
    1986    0.44    0.46    1.47    1.85    3.58    4.81    2.17    0.52    0.31    0.30    0.53   27.52     43.95      3.66
    1987   10.46    1.57    1.26    1.89    9.52    4.64    1.29    0.52    0.48    0.75    0.58    0.47     33.43      2.79
    1988    1.07    1.18    1.93    2.15   15.29    5.91    0.70    0.43    0.44    0.41    0.32    0.25     30.08      2.51
    1989    0.36   14.46    6.64    1.42    0.97    1.22    1.24    0.73    0.37    0.31    0.39    0.30     28.42      2.37
    1990    0.35    0.27    1.13    1.93   10.60    4.42    0.68    0.35    0.41    0.40    0.29    0.29     21.13      1.76
    1991    1.40    1.31    1.92    1.70    1.55    1.03    0.58    0.34    0.23    0.22    0.24    0.20     10.72      0.89
    1992    0.19    0.36    0.43    0.45    1.21    1.82    1.19    0.46    0.21    0.19    0.24    0.31      7.05      0.59
    1993    8.53    4.36    2.19    2.14    2.21    2.44    1.56    0.58    0.30    0.31    0.41    0.33     25.34      2.11
    1994    0.34    0.25    0.36    0.85    0.67    0.67    0.54    0.35    0.28    0.23    0.20    0.17      4.92      0.41
    1995    0.19    0.76    6.28   20.48   37.99   12.27    1.39    0.68    0.54    0.70    0.67    0.37     82.33      6.86
    1996    1.08    1.12    0.83    1.22    0.92    1.29    1.35    1.24    2.09    1.93    1.05    0.66     14.77      1.23
    1997    0.84    3.51    1.97    1.86    2.35    2.42    1.52    0.67    0.37    0.32    0.27    0.24     16.34      1.36
    1998    0.46    1.45    1.76    1.27    0.80    0.52    0.30    0.23    0.23    0.22    0.21    0.16      7.62      0.64
    1999    0.23    0.38    5.06    3.41    7.34    3.41    1.11    1.59    1.31    0.60    0.35    0.53     25.32      2.11
    2000    1.40    2.04    1.68    0.70    1.28    1.55    1.08    0.53    0.29    0.26    0.22    0.97     12.00      1.00
    2001    1.91    4.96    2.72    1.51    0.97    0.54    0.45    0.39    0.33    0.66    1.08    0.85     16.38      1.37
    2002    0.73    0.48    1.31    1.28    1.11    0.75    0.42    0.33    0.29    0.25    0.20    0.21      7.36      0.61
    2003    0.17    0.70    0.61    0.64    1.23    1.96    1.20    0.38    0.23    0.37    0.45    0.38      8.30      0.69
    2004    0.27    1.10    1.68    5.04    3.52    2.40    1.20    0.35    0.25    0.23    0.23    0.18     16.43      1.37
    2005    0.37    3.31    1.62   11.91    5.29    2.45    1.93    0.85    0.36    0.31    0.42    0.46     29.27      2.44
    2006    0.72    1.28    2.16    1.76    0.90    0.43    0.36    0.27    0.29    0.30    0.23    0.21      8.90      0.74
    2007    1.25    1.53    1.16    1.92    1.84    1.98    1.99    1.12    0.41    0.29    0.23    0.21     13.93      1.16
    2008    0.27    0.68    1.07    1.89   14.50    5.60    0.63    0.31    0.33    0.31    0.54    0.57     26.70      2.22
    2009    0.49    0.37    0.51    1.73    1.15    0.97    0.82    0.39    0.22    0.20    0.18    0.14      7.16      0.60
  
 AVERAGE    1.14    2.02    2.41    3.98    4.39    3.06    1.36    0.63    0.45    0.43    0.55    0.89     21.31      1.78
