    1920    1.96    2.38    2.10    1.83    4.40   11.61    8.89    1.53    1.08    0.82    0.65    1.13     38.38      3.20
    1921    1.56   26.25   38.10   13.37    2.52    1.98    1.66    1.16    1.19    1.06    1.22    1.14     91.22      7.60
    1922    1.57    4.42   10.36    9.69    5.88    3.91    1.55    0.84    0.55    0.64    0.61    0.47     40.49      3.37
    1923    0.46    0.93    1.04    3.60    4.14    1.97    1.48    0.95    0.67    0.52    0.59    1.12     17.48      1.46
    1924    1.99   12.55   21.96   13.31    4.72   49.89   53.82    6.20    1.37    0.84    0.64    1.47    168.75     14.06
    1925    2.63    2.11    1.45   15.42   15.77    1.96    1.62    1.06    1.00    0.87    0.64    1.30     45.84      3.82
    1926    2.37    2.23    2.13    2.10    3.67    6.42    4.49    1.10    0.53    0.51    0.78    0.68     27.01      2.25
    1927    1.46    1.47    1.48    4.71    4.71    1.74    1.53    1.00    0.61    0.50    0.48    0.93     20.63      1.72
    1928    1.48    1.31    1.60    8.19    8.34    4.68    4.61    1.53    1.29    1.97    1.73    6.48     43.23      3.60
    1929    6.94    4.22    4.02    7.31    7.48   13.08   12.97    1.58    0.86    0.69    0.63    0.74     60.53      5.04
    1930    0.81    0.87    1.41    5.34    5.68    2.13    1.98    1.51    0.85    0.92    0.85    0.59     22.94      1.91
    1931    0.60    0.69    0.92    1.72   22.88   26.25    4.86    1.34    1.03    0.76    0.51    0.63     62.20      5.18
    1932    0.60    1.19    3.16    3.11    1.77    2.61    2.25    1.39    0.71    0.88    0.84    0.59     19.10      1.59
    1933    0.46   14.27   22.94   25.61   17.89    4.35    4.59    2.67    1.87    1.22    1.77    1.51     99.15      8.26
    1934    1.26   10.12   26.61   17.42    3.85    4.40    2.30    1.50    1.05    0.80    0.64    0.51     70.47      5.87
    1935    0.40    0.56    0.61    1.35    9.35    9.71    1.76    1.63    1.62    1.16    0.63    0.44     29.23      2.44
    1936    0.76    5.36    6.11    2.31    2.82    2.50    1.38    0.79    0.55    0.54    0.43    0.36     23.90      1.99
    1937    0.44    0.79    3.04    4.97    3.72    2.31    3.08    3.00    1.41    1.47    1.41    1.12     26.75      2.23
    1938    1.44    1.53    1.58    3.00   22.94   21.93    2.12    1.44    1.10    0.91    0.90    0.99     59.86      4.99
    1939    1.51    4.67    4.85    1.68    1.57    2.01    1.86    1.93    2.59    2.21    1.36    0.92     27.17      2.26
    1940    0.83    0.78    2.74    4.09   13.69   18.00    6.99    1.75    0.91    0.63    0.52    0.42     51.34      4.28
    1941    0.84    0.98    0.90    1.63    5.73   14.47   10.60    1.91    1.13    0.72    0.78    0.88     40.55      3.38
    1942    0.98   10.40   21.20   24.32   14.20    5.87   26.65   23.18    2.35    2.05   10.85   10.67    152.73     12.73
    1943   20.25   28.56   10.09    2.32    5.09    5.15    1.54    0.79    0.85    0.80    0.58    1.46     77.48      6.46
    1944    1.62    1.45    0.97    0.69    1.36   11.22   11.37    1.36    0.80    0.59    0.45    0.32     32.20      2.68
    1945    0.31    0.33    0.52    1.36    2.10    2.48    2.10    1.29    0.74    0.51    0.41    0.32     12.47      1.04
    1946    0.84    2.05    2.01    1.63    7.70   11.27    5.07    1.46    1.07    1.06    0.80    0.69     35.64      2.97
    1947    1.36    2.71    9.38   12.81    6.61    6.44    6.38    2.01    1.20    0.69    0.51    0.46     50.57      4.21
    1948    0.57    0.78    1.36    2.16    2.56    3.86    3.70    1.72    1.08    0.67    0.48    0.66     19.60      1.63
    1949    0.77    1.40    1.87    1.59    1.30    8.95    9.26    1.66    1.13    0.82    1.01    0.95     30.72      2.56
    1950    0.84    0.86    7.55    8.37    2.32    2.43    2.24    1.52    0.85    0.59    1.06    1.38     30.01      2.50
    1951    1.28    0.90    1.06   24.08   25.74    3.47    2.10    1.23    0.71    0.87    0.91    0.75     63.11      5.26
    1952    0.97    1.40    7.63    8.19    5.92    5.55    1.61    1.15    0.73    0.56    0.81    0.72     35.24      2.94
    1953    0.85    1.56    3.06    3.05    7.61    8.10    2.17    1.55    1.15    0.77    0.50    0.69     31.06      2.59
    1954    1.45    6.45    6.90    9.89   21.92   14.18    2.56    1.77    1.29    0.87    0.58    0.44     68.29      5.69
    1955    0.46    0.55    1.40    1.32    4.76   12.88    9.35    1.34    0.70    0.53    0.49    0.58     34.36      2.86
    1956    0.62    1.56   15.97   25.33   11.10    6.16    6.17    2.08    1.22    1.03    1.45   12.17     84.86      7.07
    1957   18.09    7.23    1.70    9.57   19.11   11.01    2.27    1.74    1.09    0.64    0.49    0.52     73.47      6.12
    1958    0.75    1.45    2.02    2.44    5.90    5.39    1.64    1.96    1.76    1.25    0.84    0.56     25.96      2.16
    1959    1.03    2.09    2.75    2.42    3.27    8.57    7.94    2.84    1.28    0.68    0.61    0.63     34.11      2.84
    1960    0.92    1.82    8.30    7.97    2.49    6.43    5.88    2.11    1.24    0.73    0.61    0.75     39.26      3.27
    1961    0.65    0.97    1.57   10.38   18.97   14.51    6.59    2.24    1.30    0.70    0.64    0.54     59.05      4.92
    1962    0.55    1.53    5.53   14.49   10.58    7.04    7.07    1.54    0.97    1.04    0.80    0.51     51.65      4.30
    1963    0.78    7.18    7.62    5.83    5.89    2.21    2.24    1.64    1.01    0.85    0.64    1.22     37.10      3.09
    1964    8.89    9.56    2.33    1.94    1.71    1.26    1.01    0.93    1.33    1.56    1.73    1.74     33.99      2.83
    1965    1.40    1.01    1.15   16.57   17.20    1.86    1.01    0.89    0.85    0.71    0.69    0.65     43.99      3.67
    1966    0.82    6.66   13.30   22.04   30.94   22.29   12.79    7.24    1.58    0.90    0.65    0.47    119.68      9.97
    1967    0.60    0.90    1.22    1.64    1.73    2.21    2.07    1.40    0.74    0.51    0.56    0.54     14.13      1.18
    1968    0.47    0.67    1.49    1.77    1.81   10.12   10.24    1.92    1.46    0.94    0.60    0.68     32.16      2.68
    1969    1.41    1.40    1.81    2.16    3.73    3.38    1.15    0.63    0.54    0.52    1.31    2.48     20.54      1.71
    1970    2.50    2.20    1.53    4.31    4.98    2.32    1.87    1.53    1.25    0.98    1.10    0.90     25.47      2.12
    1971    0.86    1.38    1.59    1.96    3.58   14.49   12.83    1.77    1.26    0.85    0.63    0.46     41.66      3.47
    1972    0.62    1.81    1.69    1.51    5.57    6.09    3.25    2.76    1.24    0.69    1.32    2.11     28.68      2.39
    1973    1.72    1.69    3.49   18.91   25.35   19.76   14.95    5.01    1.36    0.97    0.75    0.52     94.48      7.87
    1974    0.64    1.33    9.67   18.36   22.60   17.03    4.86    1.71    0.91    0.59    0.51    1.71     79.92      6.66
    1975    1.97    6.78   17.35   25.23   19.48   26.31   21.40    2.15    1.39    0.90    0.56    0.70    124.21     10.35
    1976    1.76    2.00    1.88   10.71   10.78    2.00    2.15    1.71    0.95    0.58    0.51    0.89     35.94      2.99
    1977    6.85    7.44    1.97   10.78   12.25    3.70    2.62    2.00    1.06    0.61    0.63    0.88     50.80      4.23
    1978    1.52    1.71   18.26   18.45    8.69    8.85    2.07    1.48    1.11    0.97    1.52    1.38     66.01      5.50
    1979    1.07    0.93    1.31    2.11    2.45    2.28    2.20    1.66    0.96    0.57    0.48    0.91     16.95      1.41
    1980    0.98    1.42   15.40   23.62   23.51   15.44    1.57    0.91    0.82    0.76    1.05    1.07     86.55      7.21
    1981    0.87    1.39    3.55    3.93    1.85    1.81    1.91    1.47    0.84    0.66    0.53    0.58     19.41      1.62
    1982    1.51    1.47    1.12    1.76    2.05    1.51    1.59    1.47    1.10    0.91    0.91    0.75     16.16      1.35
    1983    1.06    2.15    2.58    2.46    2.14    5.58    5.82    1.85    1.05    0.79    1.13    1.01     27.62      2.30
    1984    1.09    1.17    1.18    1.93   12.11   12.10    1.58    0.75    0.54    0.52    0.42    0.39     33.77      2.81
    1985   12.07   13.20    2.38   11.21   12.58    4.66    3.46    1.95    1.21    0.88    1.02    1.05     65.69      5.47
    1986    1.75    2.30    2.58    2.70    3.16   12.13   11.05    1.26    1.43    1.71    2.22   55.41     97.71      8.14
    1987   55.88    3.30    2.56    2.28   34.02   47.47   15.03    1.94    1.75    1.93    1.67    1.27    169.08     14.09
    1988    1.37    4.44    7.09    4.49    9.87    9.67    1.59    1.19    1.14    0.94    0.69    0.49     42.96      3.58
    1989    0.73    2.28    2.96    1.88    1.68    1.84    1.87    1.52    0.92    0.59    0.84    0.79     17.90      1.49
    1990    0.74    0.70    3.56   21.51   21.45    4.14    1.32    0.62    0.60    0.60    0.47    0.45     56.14      4.68
    1991    6.05    6.96   19.96   19.72    3.47    3.47    1.49    0.93    0.57    0.50    0.48    0.39     63.99      5.33
    1992    0.52    0.77    1.40    1.57    4.67    5.17    2.27    1.52    0.86    0.54    0.44    0.40     20.12      1.68
    1993    1.59    2.32    4.50    4.27    2.08    4.59    4.34    1.24    0.64    0.60    0.71    0.56     27.44      2.29
    1994    0.70    0.66    0.99    1.91    1.67    1.33    1.22    0.95    0.67    0.52    0.44    0.36     11.41      0.95
    1995    0.47    3.11   26.54   59.68   37.02    3.73    3.31    1.77    1.29    1.54    1.76    1.34    141.54     11.79
    1996    3.29    3.67    4.33   17.27   18.56   40.06   36.28    2.41    2.15    2.02    1.59    1.08    132.71     11.06
    1997    1.34    2.14    1.90    3.54    8.31   10.38    5.75    1.52    0.86    0.62    0.55    0.51     37.43      3.12
    1998    0.51    4.56   10.16    6.82    8.55   10.87    4.19    1.16    0.63    0.57    0.53    0.43     48.99      4.08
    1999    1.10    1.43    6.41    8.70    4.13    2.18    1.86    2.03    1.75    1.10    0.66    0.96     32.32      2.69
    2000    1.50    1.51    1.95    2.04    2.07    4.44    4.78    2.30    1.34    0.74    0.74    1.84     25.25      2.10
    2001    6.32   11.06    6.60   11.57   11.52    1.83    1.30    1.17    1.18    1.16    2.10    1.97     57.78      4.82
    2002    1.42    0.97    4.38    5.03    2.14    2.26    2.39    2.17    1.55    0.94    0.66    0.59     24.50      2.04
    2003    0.49    0.97    1.05    1.31   21.78   21.91    1.30    0.70    0.53    0.63    0.61    0.76     52.04      4.34
    2004    1.04    8.05    9.22   14.07   26.37   24.84   11.92    1.59    0.88    0.60    0.75    0.69    100.01      8.33
    2005    1.25    7.04    7.00   13.43   25.33   13.28    2.40    1.61    1.02    0.63    0.91    0.94     74.83      6.24
    2006    1.18    3.39   15.83   13.76    1.33    0.85    0.67    0.48    0.56    0.59    0.48    0.56     39.68      3.31
    2007    9.54   10.39    9.85   21.74   13.95    9.05    9.00    2.04    1.18    0.80    0.57    0.46     88.58      7.38
    2008    0.60    3.55   13.36   21.25   13.22    3.43    1.84    1.13    0.79    0.65    0.82    0.69     61.34      5.11
    2009    1.49    2.02    2.03    1.98    1.72    1.74    1.72    1.27    0.73    0.55    0.45    0.33     16.06      1.34
  
 AVERAGE    2.67    3.76    6.13    8.87    9.61    8.85    5.60    1.93    1.08    0.86    0.93    1.74     52.03      4.34
