    1920    5.37   10.02   10.58    8.67    4.50    6.31    6.38    3.05    2.63    2.32    1.99    2.20     64.03      5.34
    1921    2.30   14.56   10.75    7.66    3.93    4.92    3.05    2.58    2.46    2.26    2.25    1.85     58.57      4.88
    1922    3.52    7.00    5.08    5.14    4.89    2.20    1.92    1.63    1.30    1.04    0.87    0.69     35.28      2.94
    1923    0.90    2.74    5.15    3.18    2.96    4.68    4.51    3.15    2.61    2.24    2.03    2.32     36.49      3.04
    1924    3.42   38.51   21.61   16.99   13.54   95.30   37.20   19.44    5.60    6.57    4.79    4.56    267.53     22.29
    1925    7.93    8.51    5.50    3.04    2.37    3.88    3.94    2.70    3.36    3.32    2.53    3.12     50.18      4.18
    1926    6.48    9.04    7.98    3.57    4.18    7.99    5.42    2.88    2.62    2.92    3.39    3.24     59.72      4.98
    1927    4.70    4.40    4.29    6.80    8.21    6.27    4.35    2.87    2.45    2.21    2.22    2.26     51.03      4.25
    1928    3.27    2.98    1.82    1.80    1.72    5.76    7.41    4.98    4.11    5.39    3.61    4.36     47.21      3.93
    1929   10.05   18.57   10.08   12.16   13.79   10.06    8.81    6.63    3.29    2.88    3.16    3.66    103.15      8.60
    1930    4.10    4.26    4.31    4.32    3.10    2.40    2.18    1.81    1.61    1.66    1.44    1.20     32.39      2.70
    1931    2.39    3.33    2.85    1.64   58.53   26.58   16.64   16.35   17.00    9.05    4.68    3.14    162.17     13.51
    1932    3.05    3.35    4.69    3.71    3.06    2.76    2.31    1.84    1.51    1.57    1.52    1.20     30.56      2.55
    1933    1.24    5.04    8.68   15.47   14.12   11.48   11.85    8.77    5.97    4.94    6.05    4.90     98.51      8.21
    1934    3.94    6.05   33.33   16.63    9.77    7.26    5.46    3.50    3.64    3.36    2.75    2.37     98.06      8.17
    1935    2.22    2.07    1.67    5.07    9.15   11.98    9.21    9.97   10.51    5.27    3.03    3.09     73.24      6.10
    1936    4.44   13.83    9.40    5.70   11.16    9.07    3.68    2.73    2.51    2.38    2.04    2.04     68.97      5.75
    1937    2.37    2.47    6.48    6.93    9.51   10.13    8.87    7.05    4.89    6.62    6.38    3.74     75.45      6.29
    1938    5.38    6.85    6.36    6.65   38.26   35.75   17.33    9.17    8.01    5.13    4.08    5.46    148.41     12.37
    1939    8.23   18.82   16.55   11.46    6.65    3.02    3.92   32.53   20.49   14.64    7.27    6.26    149.85     12.49
    1940    6.32    6.37   10.53    9.12    4.48    3.62    4.40    3.49    2.51    2.20    1.90    1.86     56.80      4.73
    1941    2.22    3.36    3.00    4.53    6.32    8.02    7.98    5.55    5.08    3.95    3.45    4.74     58.21      4.85
    1942    7.40   12.20   20.00   18.38   12.73   12.68   21.07   18.92    8.57   11.34   19.01   11.94    174.24     14.52
    1943   12.86   18.12    9.61    3.20    5.68    8.01    3.39    2.48    3.49    4.26    2.93    5.74     79.75      6.65
    1944    7.99    7.60    3.22    2.91    3.58   21.62   12.91    5.86    3.65    2.79    2.40    1.98     76.52      6.38
    1945    1.93    1.32    1.36    6.32    6.43    3.70    3.38    2.91    2.44    2.09    1.71    1.49     35.07      2.92
    1946    3.44    5.92    5.16    3.79    9.36   13.38    8.59    5.68    5.63    5.14    3.18    3.08     72.34      6.03
    1947    3.62    7.89   14.55   12.17    7.65    8.92    8.32    4.77    2.93    2.53    2.20    2.06     77.60      6.47
    1948    3.09    4.74    4.21    4.54    7.51   10.82   11.81   10.73    7.21    5.10    2.93    2.96     75.65      6.30
    1949    4.70    8.24   17.47   15.93    9.44    8.68    6.74    3.51    3.13    2.68    2.48    2.01     85.02      7.08
    1950    1.88    1.70    3.67    3.33    1.47    1.67    2.07    1.80    1.54    1.37    4.07    5.79     30.34      2.53
    1951    6.75    5.03    4.27    5.04    3.63    3.43    3.05    2.99    2.74    3.51    3.43    2.33     46.20      3.85
    1952    2.75    4.11    7.34   11.42   14.73    9.62    6.34    4.49    2.95    2.63    2.51    2.39     71.28      5.94
    1953    2.81    6.22    5.83    3.98    7.15    8.17    4.78    5.91    6.79    4.36    3.21    4.47     63.69      5.31
    1954   20.83   23.36   11.23    9.09   13.26   11.15    7.93    5.38    3.52    2.71    2.21    1.86    112.54      9.38
    1955    3.46    7.17   10.62    8.22   35.76   18.17    6.98    2.79    2.75    2.42    2.12    2.73    103.18      8.60
    1956    5.38    8.75   17.31   15.26   10.84    8.93    8.03    6.68    3.33    4.28    5.33   37.55    131.68     10.97
    1957   38.50   20.37   12.47    9.82   15.73    7.85    7.49    6.72    3.13    2.68    2.19    2.01    128.97     10.75
    1958    2.89    4.01    4.09    6.67    8.81    6.42    2.86    4.36    4.04    2.82    2.91    2.96     52.85      4.40
    1959    4.30    4.41    6.59    5.36    5.00    8.01   10.56    8.90    5.24    4.05    3.15    3.42     69.00      5.75
    1960    4.90   14.50   49.12   21.28   15.10    9.70    9.41    7.69    5.69    4.54    3.11    4.07    149.12     12.43
    1961    5.97    7.16    6.59    4.56    3.37    4.28    4.95    3.55    2.66    2.32    2.68    2.45     50.52      4.21
    1962    3.79    6.98    8.81   12.23    8.74   10.38   12.52    7.14    6.39   45.68   21.68    9.69    154.03     12.84
    1963    5.42    8.08    3.43    6.80    7.08    3.05    3.53    3.87    3.03    2.75    2.43    2.24     51.73      4.31
    1964    6.18    8.32    8.36    5.18    4.33    2.98    2.43    2.34    2.89    3.45    3.95    4.37     54.79      4.57
    1965    6.43   10.81    8.33   10.50   14.52    7.88    3.88    3.88    3.11    2.60    2.45    2.55     76.94      6.41
    1966    2.70    3.42    4.89    6.80   16.85   18.60   15.85   11.87    6.50    3.71    2.92    2.52     96.62      8.05
    1967    3.89    8.28    7.58    5.27    3.93    6.82    5.63    2.78    2.42    2.18    2.93    3.88     55.59      4.63
    1968    4.05    4.51    7.26    7.88    3.42   10.75   13.10    8.00    6.02    4.73    2.92    3.41     76.07      6.34
    1969    8.34    9.22    5.93    3.85    2.93    2.74    2.53    2.94    2.85    2.28    2.58    4.15     50.34      4.20
    1970    9.06   19.61    9.74   10.41   10.59    5.39    4.92   13.74   13.34    8.42    7.98    6.20    119.41      9.95
    1971    6.86    6.32    5.68   10.18   37.61   18.82    9.69    6.56    6.57    4.30    3.44    2.79    118.81      9.90
    1972    3.19    3.91    3.51    2.93    5.46    5.46    5.52    4.47    2.89    2.66    3.87   15.37     59.25      4.94
    1973   14.28   12.29   10.32   13.75   10.14    5.50    4.94    4.20    3.59    3.27    2.76    2.19     87.23      7.27
    1974    2.00    3.80    7.16   21.67   21.38   14.74   12.11   10.76    3.88    3.01    2.59    7.24    110.36      9.20
    1975    8.95    8.57   11.95   18.42   21.10   21.59   15.46   10.17    5.64    3.22    3.04    2.67    130.78     10.90
    1976    5.80    6.80    7.49   15.78   61.35   27.21   14.74    3.12    2.53    2.23    2.46    4.48    153.99     12.83
    1977    7.68    6.82    8.02   12.69   15.63   12.43   10.08    6.18    2.93    2.97    3.53    4.21     93.17      7.76
    1978    8.55   13.19   10.57    6.73    5.11    3.09    3.84    3.99    2.90    2.75    3.38    4.83     68.95      5.75
    1979    5.17    3.81    4.80    4.91    3.40    2.51    2.00    1.86    1.58    1.29    1.25    3.41     35.99      3.00
    1980    4.49    5.55    4.53    7.31    9.71    5.22    2.78    4.41    7.35    6.31    6.81   12.15     76.62      6.39
    1981   14.69   14.14   10.22    6.86    6.35    6.60    6.67    4.90    3.10    2.71    2.33    2.04     80.62      6.72
    1982    4.31    4.71    2.54    2.07    1.73    1.76    1.76    1.57    1.34    1.45    2.42    2.43     28.09      2.34
    1983    3.01    7.06   12.28  137.60   72.10   28.07   13.79    3.69    3.07    4.95    8.13    6.37    300.12     25.01
    1984    6.64    7.61    4.40    4.03   33.00   15.60    4.47    2.34    2.27    2.09    1.79    1.79     86.04      7.17
    1985   15.05   10.92    8.46    5.08    6.48    4.94    3.62    2.79    2.43    2.18    1.92    1.78     65.64      5.47
    1986    2.73    3.49    5.96    7.81    7.48    5.79    6.41    4.76    4.45    4.61    5.99  104.17    163.65     13.64
    1987   43.13   24.11   14.48    7.51    8.59   15.22   10.89    5.42    3.93    5.15    4.82    4.50    147.74     12.31
    1988    8.18   11.95   12.24    7.94   10.26   10.15    3.99    3.13    3.22    3.04    2.44    2.13     78.67      6.56
    1989    2.43   31.72   16.82    9.63    3.87    6.86    6.07    3.72    2.85    2.48    3.08    2.84     92.37      7.70
    1990    4.12    4.13    4.68    6.56   10.47   12.44    8.71    5.93    6.39    5.84    4.00    3.35     76.62      6.38
    1991    5.04    4.36    3.34    3.09    2.78    2.47    1.98    1.53    1.27    1.17    1.15    1.21     29.38      2.45
    1992    2.04    3.75    4.26    2.70    2.68    3.17    2.85    2.22    1.87    1.71    1.75    1.93     30.91      2.58
    1993   35.67   18.80   13.51   10.63    7.77    5.01    4.04    2.66    2.27    2.12    2.38    2.11    106.97      8.91
    1994    5.28    7.04    4.44    2.92    2.11    2.28    4.07    5.29    5.55    6.88    5.58    3.84     55.28      4.61
    1995    5.99   13.65   26.60   22.88   44.61   27.30    9.39    4.53    3.09    4.14    4.39    2.95    169.55     14.13
    1996    4.68    5.84    4.83    6.59    8.56    6.70    7.08    7.21    7.66    8.41    7.33    8.51     83.41      6.95
    1997   13.43   33.46   15.92    6.89    4.29    4.10    3.97    3.86    2.79    2.39    2.14    2.07     95.32      7.94
    1998    4.44    5.95    6.29    7.43    6.92    5.07    3.36    2.91    2.62    2.20    2.19    2.27     51.66      4.31
    1999    3.41    5.69   21.48   35.36   20.16   13.30    9.31    8.42    7.26    4.71    2.92    3.69    135.71     11.31
    2000    5.74   26.84   16.25    8.65    4.65    4.69    3.42    2.65    2.07    1.88    1.65    3.18     81.65      6.80
    2001    6.18    7.86   11.11   10.76    6.18    3.43    2.67    2.10    1.81   27.48   16.58   11.42    107.58      8.97
    2002    6.58    6.93    3.04    2.29    2.73    2.29    1.68    1.47    1.71    1.80    1.43    1.71     33.67      2.81
    2003    2.02    2.66    2.27    2.30    5.82    7.68    6.81    3.27    2.60    3.59    4.10    3.68     46.80      3.90
    2004    4.24    5.08    4.36    4.03    7.60   11.44    7.10    4.57    3.70    3.15    3.16    3.03     61.46      5.12
    2005    3.18    4.45    2.69    2.02    2.88    2.87    2.81    2.81    2.44    2.10    2.68    3.94     34.87      2.91
    2006    7.98   12.58   11.70    7.03    3.19    2.25    2.26    1.85    2.45    2.99    1.98    1.78     58.04      4.84
    2007    5.58   13.65    9.09    4.33    4.08    3.00    4.43    3.98    3.10    2.79    2.30    2.26     58.61      4.88
    2008    2.38    2.91    4.24    5.48    8.89    4.35    2.55    2.67    2.63    2.24    2.78    3.73     44.84      3.74
    2009    6.33    9.92    7.18   10.72    8.22    4.15    3.25    2.88    2.31    2.04    1.71    1.32     60.03      5.00
  
 AVERAGE    6.56    9.18    8.98    9.62   11.21    9.70    6.92    5.40    4.16    4.35    3.70    5.18     84.97      7.08
