    1920    2.79    2.93    3.04    3.25    3.16    3.29    3.59    3.56    3.40    3.26    3.17    3.32     38.76
    1921    3.72   43.91   32.50    6.89    3.30    4.07    4.13    4.02    3.96    3.63    3.47    3.51    117.11
    1922    3.63    6.18    4.25   16.59    6.92    5.18    4.81    4.64    4.19    3.59    3.23    2.86     66.07
    1923    2.81    2.79    2.88    2.91    2.92    3.11    3.27    3.27    3.28    3.27    3.26    3.44     37.21
    1924    4.60   12.98   19.27    9.88   30.91  214.17   82.02   34.05   10.99    8.34    8.27    7.94    443.42
    1925    9.88    8.03    7.44    6.48    5.72    5.67    5.90    5.22    4.83    4.59    4.08    3.96     71.80
    1926    4.44    4.69    4.66    4.74    4.73   12.78    6.55    5.58    5.77    5.58    5.65    5.38     70.55
    1927    5.41    5.11    4.42    4.62    5.01    5.11    4.98    5.41    5.61    5.49    5.54    5.45     62.16
    1928    5.02    4.67    3.88    3.68    3.69   31.24   11.66    4.99    5.32    6.06    6.83    8.38     95.42
    1929    8.71    8.29    7.53   16.93    7.99    6.48    5.87    5.53    4.96    4.83    4.81    4.98     86.91
    1930    4.97    4.94    5.13    4.83    4.30    4.36    4.20    3.85    3.38    3.31    3.15    3.02     49.44
    1931    3.07    3.11    3.13    3.08   47.29   30.65   51.05   41.76    9.97    6.57    6.45    6.58    212.71
    1932    6.38    6.14    5.93    5.72    5.44    5.27    4.84    4.50    4.11    3.77    3.56    3.28     58.94
    1933    3.05    3.14    3.32    3.60    8.24    4.48    5.62    7.74   10.07   11.11    8.27    8.26     76.90
    1934    7.69    7.42   16.47    7.93    6.70    6.33    5.75    5.85   57.10   20.08   13.78    7.01    162.11
    1935    6.55    6.16    5.47    5.17    9.86    8.05    5.56   20.68    7.97    6.32    6.55    6.72     95.06
    1936    7.09   31.42   11.25    5.61    6.02    7.82    6.63    6.46    5.82    5.72    5.71    5.71    105.26
    1937    5.30    5.04   10.46    5.88   17.79    6.93    4.99    5.12    5.23    5.91    6.32    6.04     85.01
    1938    5.57    5.51    5.12    5.42   16.43   17.05    6.13   12.68    6.66    7.05    7.36   25.15    120.13
    1939    9.38   21.00    8.35    6.53    5.77    5.04    5.48   34.00   47.20   13.15    6.09    6.49    168.48
    1940    6.72   22.00   13.16    7.21    6.00    5.40    5.12    4.43    3.89    3.63    3.13    3.09     83.78
    1941    3.10    3.18    3.27    3.45    3.49    7.43    4.32    4.68    5.01    5.43    6.40    6.77     56.53
    1942    6.98    9.60   31.33   10.67    6.20   28.55   52.12   15.37    6.89    9.78   18.45    7.36    203.30
    1943   13.67    8.89    7.48    6.52    5.73    6.13    5.68    4.98    6.18    6.51    5.64   29.82    107.23
    1944   11.14    8.30    6.69    6.08    6.19   35.55   12.80    5.88    5.36    4.73    4.31    4.06    111.09
    1945    3.57    3.07    2.94    3.06    3.07    3.13    3.31    3.31    3.21    3.08    3.01    2.98     37.74
    1946    3.03    3.03    2.99    3.00    3.28    5.92    5.38    3.85    3.85    4.23    5.39    5.79     49.74
    1947    5.97    6.40    7.62    7.40    7.37    7.25    7.05    6.73    5.92    5.23    4.65    4.23     75.82
    1948    3.89    3.60    3.28    3.01    3.15    3.28   11.00    5.52    4.10    4.23    4.18    4.77     54.01
    1949    5.70    6.39   25.56    9.33    6.51    6.98    7.14    7.15    7.04    6.66    6.04    5.56    100.06
    1950    4.80    4.06    3.28    3.26    2.94    2.96    2.99    2.96    2.99    3.05    3.35    3.76     40.40
    1951    6.76    3.80    3.36    3.32    3.82    3.81    3.73    3.77    3.75    3.69    3.72    3.41     46.94
    1952    3.24    3.26    3.50    3.36    3.27    3.56    3.48    3.18    3.08    2.93    2.94    3.31     39.11
    1953    4.05    7.35    5.32    5.16   16.61    8.12    8.49   16.80    7.83    7.85    7.52    9.43    104.53
    1954   50.86   17.20    6.87    6.41    6.43   18.50    8.26    6.78    6.35    5.80    5.63    5.86    144.95
    1955    6.22    9.65    6.40    5.58   27.78   30.10    8.03    6.67    6.94    6.80    6.67    7.27    128.11
    1956    9.43   13.38  102.04   37.82   12.56    9.72   30.30   10.66    7.35    7.09    6.97   32.19    279.51
    1957   48.28   13.65    6.43   27.95   24.68    6.89    6.46    6.72    5.99    5.96    5.74    5.64    164.39
    1958    6.00    5.87    5.31    5.00    4.69    3.93    3.27    3.11    3.04    2.93    3.04    3.25     49.44
    1959    3.50    3.58    3.54    3.37    3.47    5.20   20.12    8.12    5.33    5.67    6.11    6.21     74.22
    1960    6.29   29.46   82.39   26.03   16.96    7.29   34.48   12.49   20.37   10.26    7.82    7.64    261.48
    1961   11.58   10.45    7.46    6.70    6.18    5.56    5.70    5.49    4.90    4.22    4.09    4.05     76.38
    1962    4.08    4.62    4.73    4.65    4.91    7.24    6.85    5.99   26.61   80.87   25.21    6.59    182.35
    1963    6.42    6.72    6.26    6.89    6.33    5.54    5.48    5.70    5.13    4.99    5.02    4.62     69.10
    1964    5.12    5.46    5.29    4.64    3.95    3.67    3.29    3.31    3.41    3.49    3.67    4.82     50.12
    1965   25.36    9.21    5.27    5.61    6.61    6.41    5.65    5.50    5.03    4.61    4.40    4.52     88.18
    1966    4.26    3.94    3.60    3.49    3.81    9.88   56.07   18.90    5.16    5.34    5.86    5.82    126.13
    1967    5.88    6.18    5.53    4.50    4.72    5.18    5.12    4.59    4.39    4.29    4.23    4.64     59.25
    1968    4.81    4.86    4.94    4.77    3.92   29.35   15.35    6.93    6.47    6.34    5.94    5.86     99.54
    1969    7.49    7.12    6.24    5.41    4.68    4.23    4.02    4.04    3.98    3.50    3.28    3.27     57.26
    1970    5.57    9.90    5.05    4.74    5.43    8.95   10.22   94.15   31.64   12.55    7.91    7.99    204.10
    1971   15.09    8.16    7.48    7.39   60.29   22.01    7.54   20.13    8.46    7.82    7.72    7.03    179.12
    1972    6.31    6.09    5.86    5.51    5.05    4.78    4.53    4.81    4.56    4.28    4.74   36.35     92.87
    1973   13.06    5.96    6.10   10.37    6.61    6.54    6.35    6.22    6.39    6.20    5.83    5.23     84.86
    1974    4.53    4.47    4.70    4.70   29.61   10.80    5.26    5.44    5.45    5.36    5.37    7.06     92.75
    1975    6.16    6.01    5.97   36.23   21.35   75.44   43.74   10.54    7.78    7.30    7.35    7.00    234.87
    1976    6.91    7.08   14.78   10.93  102.99   55.27    8.24    6.55    6.02    5.39    4.96    4.90    234.02
    1977    4.88    4.72    4.67   27.03   10.03    6.03   20.39    7.64    6.64    6.86    7.05    7.10    113.04
    1978   23.31    8.94    6.48    5.49    5.06    4.22    3.66    3.67    3.50    3.31    3.31    3.53     74.48
    1979    3.85    4.06    4.27    4.22    3.97    3.75    3.39    3.20    2.91    2.83    2.83    3.13     42.41
    1980    3.42    3.33    3.22    3.28    3.58    3.51    3.40   14.93    9.98    5.19    5.42   17.49     76.75
    1981    9.27   13.35    7.86    6.96    6.35    5.98    5.90    5.35    4.86    4.07    3.65    3.32     76.92
    1982    3.59    3.62    3.18    2.92    2.86    2.81    2.77    2.76    2.77    2.86    3.11    3.24     36.49
    1983    3.35   10.10    5.20  108.29  123.25   36.53   13.33    6.90    7.81   21.56   14.26    8.16    358.74
    1984    7.48    7.41    6.99    7.44   61.19   20.94    5.81    5.02    4.75    4.78    4.56    4.22    140.59
    1985   36.93   13.34    4.40    4.21    4.31    4.23    4.36    4.21    3.56    3.29    3.01    3.02     88.87
    1986    3.11    3.13    3.37    9.37    4.69    4.42    4.53    4.49   20.08    8.42   28.80  185.66    280.07
    1987   70.74    8.33    8.20    7.54   12.03   31.63   10.30    6.43    6.08    5.86    5.52    5.59    178.25
    1988    5.91    8.78   39.17   13.36   20.03    7.78    5.83    5.71    5.56    5.19    4.67    4.25    126.24
    1989    4.37   45.77   16.29    4.99    4.75    5.99    6.08    6.25    5.98    5.29    5.25    5.60    116.61
    1990    9.70    6.10    5.71    6.13   22.57   35.92   10.56    8.48    7.47    7.38    7.40    7.06    134.48
    1991    6.85    6.52    5.77    4.83    3.72    3.00    2.90    2.80    2.73    2.71    2.71    2.75     47.29
    1992    2.78    2.90    2.97    2.92    2.92    2.93    2.88    2.81    2.77    2.74    2.78    2.87     34.27
    1993    3.31    3.68    3.57    3.61    3.40    3.25    3.16    3.02    2.95    2.93    3.03    3.08     38.99
    1994    3.29    3.57    3.32    2.97    2.84    3.14   17.22    7.07   14.73    6.24    5.45    4.83     74.67
    1995    5.11    5.92   20.09   17.88   44.12   23.99    7.57    7.32    7.00    6.96    7.16    6.35    159.47
    1996    5.84    5.80    5.11    5.20    5.88    5.66    5.31    5.81    6.19    6.48    6.79    7.54     71.61
    1997   10.99   49.79   16.56    6.32    6.07    5.80    4.97    4.70    3.81    3.16    3.05    3.01    118.23
    1998    3.14    3.27    3.32    3.49   18.43    7.06    4.06    4.08    4.07    4.58    4.81    4.91     65.22
    1999   17.08    6.97    4.65    5.08   11.20   17.66   12.75   19.95    7.53    6.93    6.59    6.25    122.64
    2000    6.30   44.93   30.77    7.44    6.47    6.29    5.96    6.07    5.60    4.81    4.08    3.83    132.55
    2001    4.45    8.29    7.26    7.74    5.72    5.76    5.93    5.74    5.15   39.22   19.02    6.19    120.47
    2002    6.02    6.13    6.05    5.55    5.41    4.83    3.81    3.51    3.28    3.35    3.20    3.22     54.36
    2003    3.24    3.18    3.05    3.08    3.50    4.17    4.27    4.10    3.83    3.95    4.25    4.31     44.93
    2004    4.33    4.25    4.26    3.84    4.47    4.93    5.06    4.65    4.99    4.94    4.65    4.39     54.76
    2005    4.17    4.07    3.64    3.23    3.36    3.73    4.24    6.83    6.79    5.93    5.84    6.33     58.16
    2006    6.50    7.04   10.13    6.84    5.86    4.93    4.68    4.61    4.47    4.95    4.38    4.13     68.52
    2007    4.61   12.27    6.33    4.98    4.85    4.81    5.06    5.12    4.65    4.30    3.76    3.94     64.68
    2008    4.33    4.12    3.61    3.48    4.07    4.26    4.30    4.58    4.22    4.00    4.33    5.26     50.56
    2009    5.31    6.02    6.11    5.69    5.37    5.39    5.80    5.51    4.95    4.43    3.97    3.36     61.91
