    1920    1.76    3.26    4.30    2.62    2.09    3.44    2.89    1.77    1.26    0.99    0.79    0.93     26.10      2.18
    1921    1.57    6.93   12.22    6.07    2.98    2.34    1.85    1.46    1.13    0.90    1.25    1.31     40.01      3.33
    1922    1.57    7.31   12.46   21.23    9.28    3.14    2.08    1.39    0.97    0.83    0.71    0.58     61.56      5.13
    1923    0.70    1.06    2.34    2.99    3.15    6.44    4.37    2.34    1.58    1.03    0.80    1.01     27.81      2.32
    1924    1.53    3.52   17.15    8.02    3.38   64.59   23.99    2.72    1.69    1.50    1.18    1.15    130.40     10.87
    1925    1.52    1.49    1.45    1.60    1.58    1.66    1.29    0.95    0.96    0.84    0.58    0.72     14.63      1.22
    1926    1.05    1.35    1.39    1.19    1.59    2.71    2.36    1.27    0.67    0.68    0.63    0.48     15.39      1.28
    1927    1.06    1.51    1.86    3.20    3.26    2.45    1.66    1.03    0.64    0.51    0.50    0.66     18.35      1.53
    1928    0.95    0.99    1.25    1.25    1.09    6.64    4.65    2.14    1.47    1.44    0.95    1.36     24.18      2.02
    1929    2.86    4.06    3.63   10.66    6.70    3.66    2.30    1.32    0.89    0.77    0.72    0.80     38.38      3.20
    1930    0.75    0.77    1.09    1.59    1.69    1.23    1.02    0.77    0.53    0.51    0.44    0.31     10.67      0.89
    1931    0.33    0.38    0.58    0.66    2.27    8.03    4.75    2.93    2.45    1.50    0.83    0.58     25.30      2.11
    1932    0.56    0.63    1.68    2.25    1.83    1.26    0.86    0.62    0.45    0.54    0.52    0.35     11.54      0.96
    1933    0.36    1.64   12.06   24.54    9.28    3.06    2.63    1.83    1.21    1.22    1.63    1.25     60.71      5.06
    1934    0.98    1.88   12.26    6.62    3.15    2.78    2.26    1.65    1.11    0.82    0.62    0.50     34.63      2.89
    1935    0.47    0.42    0.69   14.97    9.35    6.38    3.89    3.49    3.24    1.85    1.03    0.84     46.63      3.89
    1936    1.16    3.37    3.15    6.66   16.40    7.53    2.32    1.29    0.88    0.74    0.61    0.66     44.77      3.73
    1937    0.76    0.70    1.39    2.09    2.25    2.36    2.63    2.06    1.56    1.74    1.26    0.86     19.67      1.64
    1938    1.37    1.71    3.21    4.21   37.23   18.31    4.32    1.97    1.48    1.38    1.30    1.14     77.63      6.47
    1939    1.27    2.74    3.79    3.57    2.65    1.72    1.50    2.33    3.28    2.40    1.30    1.01     27.57      2.30
    1940    0.95    1.28    2.46    2.58    2.31    1.91    2.49    2.22    1.21    0.83    0.63    0.59     19.45      1.62
    1941    0.65    0.96    1.13    2.24    4.08   12.33    5.92    1.86    1.61    1.27    0.97    1.00     34.04      2.84
    1942    1.20    2.34    4.42    4.12    3.51    3.68   17.79    8.45    2.33    2.41    3.97    2.99     57.19      4.77
    1943    3.27    5.86    5.78    4.63   20.78    8.89    1.77    1.17    1.53    1.77    1.07    1.35     57.88      4.82
    1944    2.22    2.03    1.94    2.13    2.21    3.59    3.50    2.09    1.11    0.79    0.59    0.46     22.65      1.89
    1945    0.41    0.35    0.36    1.43    2.65    2.67    2.24    1.33    0.72    0.56    0.43    0.41     13.56      1.13
    1946    0.83    1.87    2.47    2.43    2.69    2.56    2.05    1.40    1.06    0.97    0.64    0.50     19.47      1.62
    1947    0.62    1.74    2.90    2.41    2.95    6.75    4.58    2.15    1.09    0.78    0.58    0.58     27.13      2.26
    1948    1.11    1.98    2.18    2.97    3.82    3.97    3.97    2.97    1.66    1.08    0.74    0.63     27.10      2.26
    1949    1.11    1.67    2.69    2.91    2.20    2.32    2.18    1.61    1.14    0.83    0.67    0.48     19.81      1.65
    1950    0.47    0.88    2.03    2.16    1.47    2.00    2.56    1.87    1.10    0.80    1.43    1.68     18.46      1.54
    1951    2.05    1.62    2.08    2.78    1.99    1.32    1.15    0.86    0.65    0.75    0.67    0.39     16.31      1.36
    1952    0.33    0.69    2.44    2.54    2.97    2.87    2.17    1.48    0.88    0.68    0.56    0.48     18.10      1.51
    1953    0.50    1.19    1.42    1.22    2.06    2.76    2.28    1.76    1.29    0.82    0.61    0.70     16.61      1.38
    1954    1.49    3.13    2.81    5.56    9.37    5.66    2.89    1.59    1.03    0.78    0.60    0.47     35.39      2.95
    1955    0.79    1.82    2.66    1.88   23.70   10.94    2.89    1.75    1.41    0.98    0.72    0.79     50.32      4.19
    1956    1.46    2.86   10.29    6.12    3.76    4.11    4.71    3.49    1.92    2.66    2.75   15.64     59.78      4.98
    1957   37.28   12.96    1.87    2.44    3.90    2.86    2.55    2.05    1.21    0.91    0.69    0.72     69.45      5.79
    1958    1.14    3.04    4.14    3.39    3.44    2.67    1.68    1.79    1.48    0.98    0.76    0.75     25.26      2.11
    1959    1.16    1.67    2.63    2.52    2.68    3.13    3.08    2.35    1.30    0.83    0.73    0.81     22.87      1.91
    1960    1.44    3.40   31.01   12.72    3.47    2.56    2.43    2.33    1.80    1.33    0.88    1.01     64.38      5.36
    1961    1.25    1.35    1.39    1.66    1.83    2.02    1.99    1.31    0.76    0.58    0.60    0.61     15.34      1.28
    1962    0.73    2.02   19.84    8.98    2.31    1.68    2.00    1.42    1.46   23.89   10.22    1.67     76.22      6.35
    1963    1.08    1.79    1.66    1.86    1.99    1.38    1.39    1.17    0.85    0.70    0.56    0.44     14.86      1.24
    1964    1.82    3.76    3.77    2.89    1.82    1.00    0.68    0.60    0.68    0.85    0.91    0.81     19.60      1.63
    1965    0.99    1.39    1.22    1.88    3.16    2.44    1.37    1.14    0.97    0.71    0.65    0.70     16.61      1.38
    1966    0.66    0.75    1.29    2.92   12.48    6.49    2.55    1.47    0.90    0.73    0.56    0.44     31.26      2.60
    1967    0.77    2.47    3.26    3.06    2.32    2.06    1.67    0.95    0.64    0.52    0.59    0.55     18.86      1.57
    1968    0.43    0.68    1.87    2.17    1.90    2.66    3.03    2.27    1.30    0.87    0.62    0.64     18.44      1.54
    1969    1.57    2.06    1.84    1.74    2.17    1.76    0.97    0.71    0.60    0.53    0.57    0.79     15.32      1.28
    1970    1.33    2.01    2.08    2.64    2.43    1.52    1.93    3.59    3.06    1.76    1.00    0.71     24.05      2.00
    1971    1.19    1.72    2.56   13.27   20.15    8.33    2.78    2.00    1.63    1.16    0.85    0.61     56.24      4.69
    1972    0.62    1.04    1.35    1.64   22.60   10.01    3.53    2.67    1.39    0.94    1.24    1.97     49.02      4.08
    1973    1.72    2.16    2.53    6.86    4.69    2.60    2.28    1.62    1.17    1.18    0.96    0.59     28.36      2.36
    1974    0.56    1.45    5.26   10.34    8.01    4.57    3.83    2.91    1.59    1.08    0.78    1.29     41.65      3.47
    1975    1.56    1.99    3.82    9.12    6.25    6.50    4.49    3.32    2.37    1.39    0.94    0.73     42.48      3.54
    1976    1.21    1.75    2.43    6.53    6.59    4.91    3.12    1.53    0.93    0.73    0.62    0.72     31.07      2.59
    1977    1.14    1.36    1.55   10.53    6.75    3.45    2.29    1.66    1.07    0.83    0.82    1.01     32.47      2.71
    1978    2.33    3.36    2.74    2.37    2.31    1.66    1.33    1.10    0.77    0.74    1.17    1.68     21.54      1.80
    1979    1.59    1.40    1.50    2.33    3.28    2.50    1.25    0.72    0.54    0.44    0.37    0.48     16.39      1.37
    1980    0.55    0.99    1.96    3.25    3.80    2.58    1.28    0.98    1.16    1.11    0.98    1.29     19.92      1.66
    1981    1.25    1.18    1.00    1.58    2.04    2.77    2.82    1.70    0.86    0.70    0.54    0.45     16.87      1.41
    1982    1.01    1.33    0.87    0.68    0.53    0.66    0.93    0.98    0.82    0.68    0.75    0.55      9.79      0.82
    1983    0.56   16.43    8.51   99.42   35.72    4.10    3.93    2.46    1.57    1.79    2.15    1.71    178.35     14.86
    1984    2.05    2.80    2.31    2.32   36.68   14.46    2.03    1.06    0.79    0.66    0.56    0.50     66.22      5.52
    1985    1.20    2.12    1.86    3.47    6.71    4.87    2.83    1.57    1.08    0.89    0.68    0.53     27.81      2.32
    1986    0.57    0.72    1.70    3.32    3.00    3.48    3.34    2.05    1.28    0.99    1.27   24.42     46.13      3.84
    1987   13.21    8.90    5.87    4.75    4.34    3.32    2.38    1.53    1.31    1.51    1.28    0.88     49.29      4.11
    1988    1.36    2.60   11.83    5.94    7.03    4.88    2.40    1.29    1.09    0.99    0.73    0.54     40.66      3.39
    1989    0.84   11.82    6.99    3.12    2.23    1.97    2.19    1.74    1.00    0.74    0.70    0.55     33.89      2.82
    1990    0.59    0.90    1.61   21.75   22.60    7.78    2.21    1.52    1.65    1.45    0.97    0.77     63.79      5.32
    1991    1.01    1.13    1.52    2.13    2.94    2.58    1.50    0.82    0.57    0.47    0.40    0.33     15.39      1.28
    1992    0.34    0.71    1.72    1.87    1.70    1.67    1.57    1.15    0.66    0.49    0.46    0.43     12.78      1.06
    1993   14.02    7.65    6.80    4.79    3.43    6.40    4.25    1.82    0.99    0.80    0.71    0.56     52.23      4.35
    1994    0.85    1.33    1.65    1.75    1.17    1.32    1.48    1.18    0.87    0.63    0.46    0.35     13.05      1.09
    1995    0.67    2.22   18.77   15.33   44.31   22.35    5.37    2.08    1.39    1.39    1.27    0.80    115.94      9.66
    1996    1.45    2.03    2.44    2.98    2.13    2.69    3.67    3.02    3.50    3.34    2.25    1.57     31.08      2.59
    1997    1.69    8.45    5.00    2.80    3.82    4.29    3.26    1.99    1.29    0.91    0.69    0.59     34.79      2.90
    1998    0.86    1.80    5.41    4.79    2.74    1.62    1.83    1.57    1.07    0.79    0.72    0.59     23.80      1.98
    1999    0.52    0.71    2.77   10.38   10.99    5.54    3.41    3.53    2.59    1.51    0.94    0.80     43.69      3.64
    2000    1.25   13.19   19.23    6.98    1.88    1.99    1.98    1.53    1.01    0.79    0.62    1.02     51.47      4.29
    2001    2.20    3.23    2.86    2.33    2.31    1.48    1.15    1.03    0.76    1.30    2.09    1.64     22.40      1.87
    2002    1.05    0.83    0.95    1.11    1.46    1.32    0.80    0.47    0.47    0.47    0.36    0.30      9.59      0.80
    2003    0.29    0.85    1.21    1.33    2.37    3.26    2.49    1.27    0.69    1.01    1.06    0.75     16.58      1.38
    2004    0.54    0.93    2.00    2.54    2.82    2.74    1.92    0.99    0.60    0.48    0.45    0.36     16.36      1.36
    2005    0.37    1.69    2.14    2.61    2.85    2.10    1.36    0.90    0.62    0.51    0.59    0.55     16.28      1.36
    2006    0.99    2.59   21.22    9.04    1.99    1.03    0.72    0.55    0.53    0.61    0.53    0.42     40.21      3.35
    2007    1.22    7.75    4.43    1.80    1.19    1.17    1.80    1.51    0.93    0.68    0.48    0.35     23.30      1.94
    2008    0.33    0.98    1.97    7.53    5.32    3.01    1.60    0.95    0.95    0.82    0.90    0.89     25.25      2.10
    2009    1.00    1.09    0.74    4.42    4.66    3.45    2.56    1.69    0.90    0.66    0.50    0.36     22.02      1.84
  
 AVERAGE    1.77    2.69    4.41    5.85    6.28    4.75    2.89    1.77    1.23    1.26    0.98    1.22     35.11      2.93
