    1920    2.35    2.65    3.49    2.77    1.89    6.76    3.89    1.17    0.79    0.65    0.54    0.68     27.62      2.30
    1921    0.82   32.71   13.23    2.45    2.32    2.19    1.22    0.82    0.72    0.62    0.82    0.64     58.54      4.88
    1922    1.09    3.22    2.28    2.71    2.07    0.72    0.37    0.33    0.30    0.32    0.31    0.23     13.96      1.16
    1923    0.23    0.84    2.14    1.49    1.16    1.49    1.21    0.71    0.44    0.35    0.32    0.57     10.96      0.91
    1924    0.80   30.74   16.08    6.59    4.38  137.93   48.90    6.45    3.05    2.27    1.60    1.21    260.01     21.67
    1925    2.18    2.02    1.63    1.16    0.77    1.27    1.26    0.91    1.13    0.95    0.52    0.78     14.56      1.21
    1926    1.71    2.18    1.59    0.96    1.23    2.61    2.05    0.83    0.45    0.60    0.69    0.54     15.45      1.29
    1927    1.35    1.76    2.61    3.58    2.97    2.07    1.31    0.69    0.46    0.42    0.46    0.66     18.33      1.53
    1928    1.23    1.07    0.87    0.97    0.91   10.38    5.52    1.56    0.95    1.03    0.71    1.18     26.38      2.20
    1929    2.25    9.35    4.95   22.06    9.62    3.97    3.99    2.29    1.06    0.90    0.88    0.95     62.27      5.19
    1930    1.06    1.19    1.90    2.61    1.67    0.80    0.66    0.48    0.46    0.55    0.41    0.27     12.07      1.01
    1931    0.52    0.94    1.07    0.81   57.37   26.90    5.12    3.56    2.66    1.25    0.75    0.62    101.55      8.46
    1932    0.54    0.84    2.10    1.88    1.73    1.44    0.93    0.57    0.41    0.53    0.47    0.29     11.72      0.98
    1933    0.29    5.30    6.18   25.81    9.73    2.66    2.64    2.03    1.36    1.16    1.55    1.01     59.71      4.98
    1934    0.79    1.69   32.56   12.51    2.55    2.34    2.02    1.41    1.05    0.84    0.60    0.47     58.83      4.90
    1935    0.42    0.43    0.52    4.74   11.03   15.83    5.90    2.64    2.25    1.15    0.73    0.62     46.25      3.85
    1936    1.00   11.11    5.19    2.93   11.59    5.60    1.39    0.80    0.69    0.71    0.58    0.58     42.16      3.51
    1937    0.68    0.88    8.92    4.61    2.80    2.51    2.27    1.56    1.35    2.30    1.69    0.79     30.36      2.53
    1938    1.67    2.12    4.50    3.84   45.13   28.50    6.45    2.11    1.55    1.43    1.31    1.59    100.21      8.35
    1939    2.29   17.24    8.64    3.37    1.88    1.30    1.51   10.88    7.11    2.95    1.19    1.34     59.68      4.97
    1940    1.36    1.72   15.20    7.04    1.86    1.71    2.34    1.57    0.79    0.66    0.54    0.53     35.32      2.94
    1941    0.62    1.24    1.25    9.02   14.37    9.54    3.81    1.37    1.30    1.10    0.87    1.20     45.70      3.81
    1942    2.00    3.43   25.70   11.41    3.78    3.37   11.74    6.69    2.80    3.34   11.21    5.27     90.74      7.56
    1943    7.15    8.81    4.75    2.05    7.82    4.20    1.29    0.85    1.30    1.51    0.79    1.65     42.17      3.51
    1944    2.68    1.86    1.39    1.77    2.12   22.08    9.11    1.49    0.82    0.63    0.49    0.38     44.83      3.74
    1945    0.38    0.31    0.41    7.35    4.28    1.98    1.50    0.87    0.46    0.39    0.31    0.28     18.52      1.54
    1946    0.93    2.36    2.25    1.90   10.46    5.96    2.33    1.10    1.07    1.00    0.59    0.51     30.47      2.54
    1947    0.73   10.57   11.09    4.24    1.79    2.38    2.40    1.40    0.68    0.53    0.42    0.40     36.64      3.05
    1948    1.25    2.59    2.32    3.24    3.68    2.94    2.76    2.02    1.08    0.80    0.53    0.51     23.72      1.98
    1949    1.41    2.96   15.27    6.78    1.76    2.17    1.72    1.12    0.86    0.67    0.56    0.39     35.66      2.97
    1950    0.43    0.70    2.42    2.37    1.15    1.40    1.80    1.26    0.68    0.48    1.96    2.25     16.90      1.41
    1951    2.07    1.14    1.55    2.33    2.08    1.60    1.10    0.77    0.62    0.99    0.83    0.38     15.47      1.29
    1952    0.44    1.15    2.69    3.05   10.87    5.05    1.63    1.09    0.71    0.58    0.58    0.47     28.32      2.36
    1953    0.55    1.85    1.63    0.98    2.20    2.73    1.97    1.85    1.58    0.91    0.58    0.93     17.75      1.48
    1954    5.66   11.86    4.63    8.71    8.76    5.72    3.37    1.64    1.02    0.79    0.60    0.48     53.24      4.44
    1955    0.99    2.64    3.58    1.95   37.19   14.45    1.70    1.10    0.94    0.72    0.59    0.77     66.61      5.55
    1956    1.59    5.34   24.77    9.98    3.09    2.30    3.96    2.97    1.17    1.97    2.28   36.88     96.29      8.02
    1957   38.12   10.50    1.87    7.19   10.50    4.49    2.81    2.20    1.07    0.80    0.60    0.59     80.72      6.73
    1958    1.21    3.17    3.36    8.18   12.90    5.29    1.25    1.54    1.26    0.81    0.66    0.63     40.24      3.35
    1959    1.20    1.68   15.92    6.71    2.16    2.74    3.02    1.98    0.83    0.62    0.53    0.54     37.92      3.16
    1960    1.09   13.95   32.05   11.97    3.70    2.37    2.28    2.34    1.72    1.15    0.72    0.95     74.30      6.19
    1961    1.31    1.56    1.26    1.03    1.09    2.01    2.41    1.46    0.61    0.45    0.49    0.41     14.08      1.17
    1962    0.76    2.05   19.98    8.88    2.13    2.24    3.17    2.02    1.50   28.03   11.16    1.13     83.04      6.92
    1963    0.90    1.73    1.15    2.36    2.21    1.11    1.43    1.33    0.94    0.80    0.58    0.47     15.01      1.25
    1964    2.48    3.30    3.10    1.92    2.14    1.53    0.73    0.63    0.81    1.03    1.10    0.94     19.71      1.64
    1965    1.41    2.22    1.79    2.49    3.76    2.48    1.11    0.84    0.67    0.53    0.56    0.57     18.44      1.54
    1966    0.55    0.81    2.31    4.03   25.11   11.17    4.06    2.44    1.05    0.86    0.72    0.57     53.68      4.47
    1967    1.31    8.60    4.94    1.78    1.15    2.16    1.89    0.84    0.52    0.46    0.74    0.77     25.18      2.10
    1968    0.65    1.13    2.83    2.56    1.58   13.25    6.58    2.22    1.27    0.79    0.56    0.59     33.99      2.83
    1969    2.54    3.01    1.77    0.92    1.01    0.84    0.80    0.92    0.76    0.55    0.72    1.24     15.07      1.26
    1970    2.49    3.20    2.18    2.16    1.84    1.19    1.71    3.91    3.20    1.72    1.02    0.64     25.26      2.10
    1971    1.15    1.31    2.57   14.02   32.07   11.46    1.84    1.68    1.48    1.04    0.79    0.54     69.94      5.83
    1972    0.67    1.54    1.54    1.17   15.64    7.35    2.85    1.88    0.81    0.65    1.09    2.95     38.15      3.18
    1973    2.60    3.09    3.09    7.49    4.06    1.78    1.83    1.35    1.04    0.91    0.69    0.43     28.36      2.36
    1974    0.39    1.21    9.42   34.73   21.74    6.12    3.19    2.48    1.27    0.89    0.68    1.82     83.96      7.00
    1975    1.95    1.59    3.23   12.23   14.06    8.03    4.80    4.16    2.53    1.13    0.79    0.61     55.11      4.59
    1976    1.48    1.72    2.23   16.55   45.09   16.69    4.07    1.27    0.78    0.67    0.70    1.01     92.25      7.69
    1977    1.61    1.26    1.10    4.97    4.77    3.47    2.28    1.25    0.74    0.71    0.86    1.07     24.09      2.01
    1978    2.77    3.59    2.56    1.69    1.61    1.36    1.69    1.51    0.84    0.73    1.11    1.67     21.12      1.76
    1979    1.43    0.96    1.31    1.89    2.02    1.29    0.57    0.42    0.35    0.32    0.33    0.79     11.67      0.97
    1980    0.91    1.68    1.98    2.36    2.55    1.49    0.64    1.11    2.06    1.81    1.46    1.92     19.97      1.66
    1981    1.57    1.53    1.13    1.56    2.24    3.38    3.07    1.63    0.68    0.53    0.40    0.37     18.09      1.51
    1982    1.11    1.21    0.76    0.68    0.46    0.63    0.71    0.51    0.39    0.40    0.59    0.42      7.88      0.66
    1983    0.59   13.19    6.92  110.94   39.61   10.49    5.36    1.83    0.99    1.59    2.50    1.55    195.56     16.30
    1984    1.71    2.15    1.43    1.75   36.65   13.61    1.09    0.65    0.56    0.53    0.46    0.44     61.02      5.09
    1985   12.51    6.76    2.76    2.83    3.73    3.20    1.84    0.89    0.70    0.64    0.52    0.44     36.80      3.07
    1986    0.76    1.05    2.64    3.82    3.04    2.47    1.92    1.25    1.17    1.03    1.73   80.66    101.52      8.46
    1987   33.28    7.70    4.26    2.87   16.59    8.31    3.68    2.02    1.43    1.62    1.56    1.10     84.43      7.04
    1988    2.01    5.10   14.72    5.85   10.55    5.14    1.37    1.02    0.89    0.80    0.61    0.57     48.63      4.05
    1989    0.76   28.43   12.53    2.45    2.06    2.85    2.96    1.95    0.90    0.66    0.62    0.45     56.61      4.72
    1990    0.92    1.84    2.33    9.28    6.14    4.36    2.49    1.11    1.34    1.62    1.05    0.62     33.10      2.76
    1991    0.77    0.65    0.83    0.96    1.94    2.07    1.10    0.44    0.33    0.32    0.31    0.26      9.98      0.83
    1992    0.67    1.61    2.12    1.50    1.14    1.28    1.33    0.92    0.49    0.40    0.50    0.52     12.50      1.04
    1993   50.33   18.81   17.07    7.75    2.11    2.05    1.79    1.00    0.67    0.59    0.62    0.48    103.27      8.61
    1994    1.33    2.35    2.81    1.75    0.59    0.78    2.00    2.23    1.70    1.09    0.63    0.38     17.64      1.47
    1995    1.66   15.00   57.10   40.29   66.19   29.33    5.62    2.40    1.23    1.54    1.51    0.76    222.63     18.55
    1996    1.80    2.40    2.05    3.30    3.95    3.80    4.26    3.40    6.50    4.39    2.08    2.38     40.31      3.36
    1997    9.87   47.41   16.56    2.61    2.27    2.18    1.72    1.32    0.88    0.70    0.57    0.52     86.60      7.22
    1998    2.02    3.18    3.76    5.47    2.87    1.65    1.59    1.00    0.75    0.61    0.60    0.49     23.98      2.00
    1999    0.59    1.10   31.62   28.28    9.16    4.13    3.51    3.87    2.74    1.36    0.80    0.85     88.03      7.34
    2000    2.05   30.96   39.40   11.60    2.17    1.44    1.21    0.92    0.67    0.58    0.48    0.98     92.47      7.71
    2001    2.53    3.10    2.56    1.69    1.38    0.89    0.80    0.64    0.57   13.11    6.93    2.12     36.32      3.03
    2002    1.01    0.97    0.93    0.61    2.34    2.53    1.23    0.52    0.63    0.63    0.38    0.35     12.15      1.01
    2003    0.36    0.77    1.01    1.31   17.80    8.47    2.14    0.76    0.46    0.94    1.04    0.70     35.75      2.98
    2004    0.70    1.54    1.76    2.43    3.56    4.16    2.88    1.23    0.73    0.61    0.68    0.56     20.84      1.74
    2005    0.64    2.17    1.88    1.41    1.28    0.97    1.19    1.09    0.68    0.45    0.72    0.89     13.38      1.11
    2006    1.48    2.83   20.80    7.63    0.55    0.42    0.43    0.37    0.85    1.26    0.71    0.40     37.76      3.15
    2007    1.69    3.71    2.27    1.11    0.81    0.91    2.18    2.04    1.10    0.68    0.41    0.29     17.21      1.43
    2008    0.31    0.59    1.13    2.26    2.66    1.91    0.90    0.60    0.73    0.61    0.96    1.08     13.73      1.14
    2009    1.77    2.28    1.66   15.05    6.91    1.83    1.36    0.87    0.57    0.53    0.42    0.28     33.54      2.79
  
 AVERAGE    2.90    5.27    6.91    7.00    8.40    6.49    3.02    1.68    1.17    1.39    1.10    2.13     47.47      3.96
