    1920    2.36    2.48    3.28    2.72    1.96    3.21    2.38    1.04    0.72    0.61    0.52    0.64     21.91      1.83
    1921    0.95   20.26    9.09    1.84    1.47    1.58    0.97    0.82    0.77    0.65    1.06    0.87     40.33      3.36
    1922    1.17    3.10    2.42    2.84    2.27    0.90    0.46    0.39    0.34    0.37    0.36    0.27     14.91      1.24
    1923    0.23    0.54    1.76    1.28    0.81    0.80    0.67    0.48    0.36    0.30    0.28    0.51      8.02      0.67
    1924    0.62    2.79    3.97    4.21    4.04  211.96   73.49    4.82    1.91    1.71    1.31    1.08    311.91     25.99
    1925    1.76    1.68    1.47    0.96    0.56    1.46    1.53    0.86    0.93    0.80    0.46    0.77     13.24      1.10
    1926    1.70    1.88    1.46    0.97    1.20    2.28    1.79    0.87    0.51    0.72    0.77    0.58     14.75      1.23
    1927    1.34    1.85    2.15    2.34    2.34    1.85    1.23    0.76    0.48    0.43    0.43    0.43     15.63      1.30
    1928    0.58    0.53    0.37    1.04    1.19    9.80    5.38    1.71    1.17    1.33    0.89    1.30     25.30      2.11
    1929    1.83    2.14    1.48   31.24   12.00    2.03    2.26    1.59    0.94    0.74    0.82    1.07     58.12      4.84
    1930    0.93    1.11    1.59    1.39    0.81    0.53    0.46    0.35    0.29    0.36    0.31    0.25      8.37      0.70
    1931    0.47    0.70    0.67    0.46   56.84   23.07    7.70    5.79    3.38    1.58    1.13    0.68    102.48      8.54
    1932    0.62    1.15    2.64    2.53    2.99    2.22    1.00    0.57    0.44    0.52    0.52    0.43     15.62      1.30
    1933    0.47    1.50    3.06    7.59    4.27    2.26    1.82    1.55    1.41    1.29    1.46    0.95     27.63      2.30
    1934    0.70    1.16    2.98    3.22    2.55    1.97    1.27    0.86    1.13    1.05    0.69    0.42     18.00      1.50
    1935    0.40    0.42    0.31    1.28    2.43   39.95   14.65    2.30    1.74    1.01    0.65    0.55     65.70      5.47
    1936    0.75    2.50    2.43    2.90   16.53    6.87    1.10    0.65    0.67    0.78    0.69    0.72     36.59      3.05
    1937    0.82    1.19    5.67    3.69    2.91    2.19    1.57    1.07    1.32    1.97    1.25    0.62     24.28      2.02
    1938    1.27    1.26    2.20    2.05   21.57   10.48    3.04    1.82    1.35    1.29    1.22    1.89     49.44      4.12
    1939    3.33   11.02    5.53    2.35    1.25    0.88    1.06    7.29    6.63    3.86    1.59    1.26     46.06      3.84
    1940    1.06    1.87   22.11    8.78    1.03    1.06    1.52    1.03    0.64    0.58    0.51    0.60     40.77      3.40
    1941    0.71    0.85    0.70    1.37    2.41    9.25    4.68    1.29    1.11    1.07    0.91    1.21     25.55      2.13
    1942    2.31    3.67   31.73   12.36    2.82    3.63   16.15    7.70    2.55    3.11    4.90    2.54     93.49      7.79
    1943    3.05    4.91    3.34    1.28    1.67    1.79    0.83    0.56    1.18    1.58    0.82    1.87     22.88      1.91
    1944    2.25    1.79    0.98    0.67    0.91   10.72    5.43    1.44    0.70    0.52    0.39    0.29     26.09      2.17
    1945    0.43    0.43    0.85    2.44    2.49    1.63    1.33    0.94    0.47    0.38    0.29    0.23     11.92      0.99
    1946    0.40    0.94    0.85    0.97   20.95    9.09    1.93    0.97    1.01    0.89    0.50    0.45     38.96      3.25
    1947    0.81    4.74    3.49    1.85    1.35    1.63    1.53    0.90    0.47    0.38    0.32    0.22     17.68      1.47
    1948    0.47    1.32    0.97    0.83    1.25    1.32    1.92    1.73    1.08    0.68    0.40    0.41     12.38      1.03
    1949    1.47    3.39    4.04    3.33    1.88    1.80    1.35    0.79    0.73    0.63    0.50    0.32     20.24      1.69
    1950    0.32    0.29    0.51    1.83    1.48    0.92    1.68    1.63    0.93    0.49    1.18    1.42     12.67      1.06
    1951    1.94    1.24    1.42    1.69    3.69    2.66    1.12    0.73    0.60    0.67    0.51    0.33     16.60      1.38
    1952    0.35    0.78    1.00    0.87    1.58    1.55    1.15    0.78    0.45    0.34    0.33    0.28      9.46      0.79
    1953    0.52    0.97    0.53    0.36    0.97    1.34    1.40    2.48    2.25    1.22    0.66    1.32     14.03      1.17
    1954   12.12    6.18    1.51    2.55    3.11    9.36    5.98    2.70    1.24    0.83    0.59    0.46     46.62      3.89
    1955    0.71    1.74    1.71    0.72    9.09    4.85    1.32    0.84    0.72    0.60    0.61    0.83     23.75      1.98
    1956    1.25    3.04    8.63   12.12    5.63    2.33   15.58    7.13    1.45    1.62    1.59   38.02     98.39      8.20
    1957   15.65    3.22    1.70    8.93   14.45    5.39    1.45    1.37    0.92    0.73    0.52    0.54     54.88      4.57
    1958    1.54    2.73    1.75   19.50    7.91    0.92    0.51    1.03    1.07    0.64    0.71    0.74     39.06      3.25
    1959    1.23    1.27    1.52    0.94    2.57    3.40    3.73    2.68    1.12    0.61    0.47    0.45     19.99      1.67
    1960    0.80   28.50   52.64   17.27    3.19    2.93    3.88    3.33    3.09    2.36    1.05    1.38    120.41     10.03
    1961    1.93    2.56    1.82    0.86    0.55    1.57    2.58    1.56    0.65    0.47    0.57    0.45     15.58      1.30
    1962    0.68    1.71    4.95    4.11    3.25    3.86    3.59    1.91    1.88   84.18   29.82    2.11    142.04     11.84
    1963    1.12    1.53    0.90   10.73    5.49    1.34    1.54    1.50    0.96    0.79    0.60    0.44     26.95      2.25
    1964    2.50    2.99    2.04    0.93    0.65    0.50    0.48    0.53    0.81    1.15    1.33    1.19     15.10      1.26
    1965    1.53    2.48    1.73    2.75    3.02    1.82    0.95    0.71    0.72    0.63    0.53    0.49     17.37      1.45
    1966    0.47    0.75    2.52    2.89   18.20    8.03    3.71    2.92    1.31    0.87    0.68    0.52     42.87      3.57
    1967    1.02    4.94    3.15    0.99    0.75    2.38    2.33    1.00    0.50    0.46    0.88    1.14     19.53      1.63
    1968    1.09    1.10    2.17    1.71    0.72   23.31    9.92    2.52    1.61    0.90    0.58    0.70     46.32      3.86
    1969    2.72    2.85    1.25    0.60    0.66    0.89    0.99    1.42    1.37    0.86    0.60    0.84     15.04      1.25
    1970    2.15    3.51    2.24    2.77    2.42    1.58    1.92    6.05    3.97    1.91    1.29    0.87     30.67      2.56
    1971    1.37    1.48    1.77    7.23   46.22   16.20    1.45    1.58    1.60    1.10    0.78    0.51     81.28      6.77
    1972    0.66    1.10    1.08    0.73    1.78    1.72    1.19    0.78    0.45    0.45    0.81    2.81     13.55      1.13
    1973    2.59    1.49    1.19    1.64    1.10    0.81    0.96    0.96    0.85    0.63    0.44    0.29     12.95      1.08
    1974    0.30    1.05    2.36   10.70   38.53   13.73    3.06    2.33    1.21    0.85    0.67    2.82     77.61      6.47
    1975    2.86    1.79    6.30   10.75   12.94   13.63    6.94    5.29    3.13    1.59    1.01    0.61     66.82      5.57
    1976    1.54    1.74    2.49    4.04   95.76   35.85    4.30    1.27    0.80    0.67    0.78    1.79    151.03     12.59
    1977    2.07    1.19    1.01   11.47    6.01    2.27    1.61    1.01    0.74    0.80    0.96    0.87     30.01      2.50
    1978    1.98    2.53    1.81    1.02    0.60    0.71    0.85    0.78    0.55    0.47    0.58    0.94     12.82      1.07
    1979    1.11    0.89    0.98    0.86    1.12    1.07    0.59    0.33    0.28    0.32    0.42    1.18      9.16      0.76
    1980    1.24    1.66    1.25    1.06    1.71    1.33    0.82    7.53    5.52    2.77    1.98    3.03     29.91      2.49
    1981    2.76    2.73    1.83    0.98    0.88    1.73    2.14    1.50    0.88    0.59    0.40    0.35     16.77      1.40
    1982    0.98    1.11    0.59    0.50    0.45    0.62    0.71    0.64    0.49    0.51    1.02    0.83      8.45      0.70
    1983    1.28   10.17    5.32   86.77   39.28   12.15    5.16    1.86    1.09    2.11    3.22    1.74    170.15     14.18
    1984    1.30    1.12    0.80    1.16   20.83    8.31    0.89    0.51    0.57    0.64    0.51    0.46     37.11      3.09
    1985   36.51   13.67    1.26    1.24    1.69    1.32    0.77    0.47    0.44    0.44    0.38    0.34     58.54      4.88
    1986    0.43    0.63   13.27    7.17    2.23    2.37    2.20    1.41    1.82    1.81    1.90  125.79    161.03     13.42
    1987   45.26    4.92    3.75    2.21   11.59    7.58    3.67    1.43    1.12    1.48    1.71    1.27     86.00      7.17
    1988    2.25    3.07    4.06    2.54   13.72    6.27    1.30    0.81    0.67    0.63    0.49    0.48     36.28      3.02
    1989    0.61   32.67   13.84    2.35    1.51    2.76    2.98    1.96    0.93    0.65    0.82    0.61     61.67      5.14
    1990    1.13    1.42    1.28    2.44    3.52    3.79    2.31    1.65    1.97    1.99    1.31    0.64     23.43      1.95
    1991    0.76    0.76    0.65    0.54    0.73    0.72    0.43    0.29    0.23    0.23    0.22    0.21      5.77      0.48
    1992    0.46    0.97    1.27    0.94    0.60    0.68    0.70    0.54    0.36    0.32    0.39    0.45      7.67      0.64
    1993   41.10   15.41    2.73    2.52    1.51    1.54    1.44    0.76    0.47    0.45    0.51    0.37     68.81      5.73
    1994    1.62    2.87    1.89    0.71    0.33    0.65    2.36    2.70    2.15    1.54    0.86    0.44     18.12      1.51
    1995    1.33    3.15   30.06   24.79   45.63   16.50    4.32    1.94    1.13    0.96    0.82    0.51    131.13     10.93
    1996    1.04    2.00    1.61    1.83    3.13    2.74    2.58    2.17    2.34    2.07    1.37    1.79     24.66      2.06
    1997    3.02   29.51   10.88    1.11    1.51    1.21    1.24    1.15    0.70    0.55    0.43    0.35     51.66      4.30
    1998    1.05    2.19    2.24    2.51    2.08    1.74    1.32    0.94    0.75    0.60    0.54    0.46     16.42      1.37
    1999    0.85    0.98    4.80   17.63    9.36    4.97    4.01    3.65    3.01    1.41    0.74    0.76     52.16      4.35
    2000    1.34   25.60   10.99    2.77    1.83    1.30    1.11    0.83    0.58    0.50    0.41    0.82     48.08      4.01
    2001    1.46    1.97    2.62    2.29    1.48    1.07    0.95    0.59    0.47   63.88   23.58    2.02    102.37      8.53
    2002    0.96    0.87    1.03    0.69    1.38    1.40    0.75    0.51    0.59    0.57    0.36    0.34      9.47      0.79
    2003    0.33    0.39    0.52    0.86   10.29    5.91    2.11    0.85    0.42    0.69    0.68    0.58     23.63      1.97
    2004    0.62    0.84    0.57    0.79    1.59    2.86    2.58    1.73    1.26    0.91    0.71    0.56     15.02      1.25
    2005    0.52    0.94    0.76    0.63    0.92    0.83    1.04    1.03    0.70    0.45    0.71    0.80      9.33      0.78
    2006    1.01    1.55    2.36    1.55    0.52    0.27    0.42    0.40    1.46    1.84    0.99    0.42     12.77      1.06
    2007    1.21    1.92    1.17    0.60    0.45    0.66    1.89    1.88    1.23    0.81    0.47    0.38     12.67      1.06
    2008    0.36    0.52    1.13    1.77    2.17    1.69    0.87    0.56    0.59    0.51    0.72    0.77     11.66      0.97
    2009    1.52    2.91    3.16    5.27    3.29    1.50    0.99    0.67    0.52    0.50    0.39    0.26     21.00      1.75
  
 AVERAGE    2.84    3.77    4.07    4.81    7.29    7.02    3.35    1.72    1.20    2.59    1.40    2.64     42.69      3.56
