    1920    1.95    5.84    4.89    2.15    1.15    2.17    1.45    0.65    0.40    0.31    0.23    0.36     21.56      1.80
    1921    0.75    9.08    9.06    2.86    1.03    0.91    0.66    0.50    0.39    0.29    0.46    0.45     26.44      2.20
    1922    0.75    7.36    7.30   12.84    4.79    1.09    0.58    0.33    0.23    0.20    0.18    0.13     35.77      2.98
    1923    0.15    0.28    1.26    1.19    1.14    3.16    1.79    0.79    0.46    0.25    0.20    0.30     10.98      0.91
    1924    0.55    2.87    7.66    3.18    1.39   26.30    9.58    1.04    0.58    0.49    0.35    0.41     54.40      4.53
    1925    0.64    0.62    0.54    0.53    0.50    0.65    0.53    0.32    0.30    0.24    0.15    0.25      5.28      0.44
    1926    0.38    0.40    0.40    0.36    0.51    0.91    0.75    0.41    0.20    0.27    0.28    0.19      5.05      0.42
    1927    0.60    0.91    1.07    3.39    2.02    0.95    0.66    0.43    0.23    0.17    0.18    0.27     10.86      0.90
    1928    0.39    0.35    0.34    0.37    0.36    7.57    3.34    0.72    0.53    0.55    0.35    0.59     15.47      1.29
    1929    1.33    1.40    1.06    9.23    4.10    1.34    0.89    0.46    0.25    0.20    0.21    0.26     20.71      1.73
    1930    0.22    0.30    0.38    0.35    0.38    0.39    0.34    0.24    0.14    0.15    0.13    0.09      3.13      0.26
    1931    0.11    0.14    0.21    0.23    2.67    3.53    1.80    1.33    1.16    0.67    0.31    0.17     12.32      1.03
    1932    0.18    0.27    0.82    0.99    0.81    0.55    0.34    0.21    0.14    0.19    0.18    0.11      4.78      0.40
    1933    0.13    1.10    6.69    9.43    3.32    1.17    0.98    0.69    0.43    0.43    0.60    0.44     25.42      2.12
    1934    0.27    0.51    1.17    1.24    1.03    0.83    0.62    0.47    0.37    0.25    0.17    0.12      7.04      0.59
    1935    0.11    0.10    0.14    0.71    3.21    2.12    1.00    0.99    0.91    0.52    0.25    0.18     10.25      0.85
    1936    0.34    6.02    2.53    1.74    8.19    3.39    0.77    0.39    0.25    0.23    0.19    0.26     24.31      2.03
    1937    0.32    0.22    0.77    1.15    1.32    1.23    1.19    0.90    0.64    0.63    0.45    0.26      9.09      0.76
    1938    0.47    0.71    1.01    1.11   13.32   11.76    3.17    0.72    0.50    0.48    0.41    0.38     34.02      2.84
    1939    0.51    4.01    3.13    2.05    1.15    0.72    0.83    0.93    1.03    0.80    0.42    0.36     15.94      1.33
    1940    0.38    0.53    2.54    1.78    0.91    0.53    0.64    0.57    0.31    0.21    0.16    0.17      8.74      0.73
    1941    0.20    0.34    0.34    0.54    1.14    5.24    2.35    0.62    0.52    0.43    0.31    0.38     12.39      1.03
    1942    0.54    0.98    6.20    2.98    1.24    1.32    8.27    3.59    0.83    0.86    1.32    0.92     29.06      2.42
    1943    0.90    1.72    2.98    1.60    5.40    2.45    0.63    0.38    0.60    0.74    0.41    0.48     18.29      1.52
    1944    0.72    0.72    0.79    0.83    0.84    5.11    2.48    0.69    0.31    0.21    0.16    0.12     12.99      1.08
    1945    0.11    0.09    0.17    6.00    2.99    1.15    0.80    0.44    0.22    0.17    0.13    0.14     12.42      1.03
    1946    0.35    0.77    1.04    1.03    1.28    1.22    0.90    0.57    0.37    0.31    0.20    0.17      8.20      0.68
    1947    0.27    0.75    1.09    0.81    0.70    1.09    1.07    0.65    0.29    0.17    0.12    0.14      7.16      0.60
    1948    0.42    0.84    0.89    1.17    1.29    1.20    1.28    1.01    0.60    0.35    0.20    0.18      9.43      0.79
    1949    0.39    0.73    2.24    1.67    0.97    0.88    0.74    0.49    0.31    0.23    0.20    0.13      8.98      0.75
    1950    0.12    0.18    0.74    0.89    0.51    0.51    0.68    0.53    0.32    0.22    0.54    0.61      5.85      0.49
    1951    0.83    0.63    0.84    0.84    0.59    0.42    0.30    0.22    0.17    0.20    0.17    0.09      5.30      0.44
    1952    0.09    0.35    3.49    1.81    1.04    0.95    0.74    0.51    0.30    0.21    0.16    0.14      9.77      0.81
    1953    0.19    0.52    0.59    0.47    0.73    0.80    0.64    0.68    0.57    0.34    0.21    0.29      6.02      0.50
    1954    0.78    1.32    1.01    1.15    1.55    1.63    1.22    0.66    0.32    0.21    0.14    0.11     10.10      0.84
    1955    0.31    0.81    1.24    0.84   13.75    5.62    1.01    0.55    0.41    0.29    0.21    0.28     25.31      2.11
    1956    0.62    1.02    2.54    1.67    1.23    1.12    1.08    0.81    0.43    0.60    0.62    8.07     19.81      1.65
    1957   20.95    6.72    0.64    0.85    1.77    1.22    0.82    0.66    0.37    0.24    0.16    0.18     34.57      2.88
    1958    0.39    5.29    2.84    1.22    1.06    0.75    0.44    0.50    0.42    0.26    0.22    0.30     13.68      1.14
    1959    0.53    0.59    0.92    0.85    1.03    1.35    1.45    1.05    0.50    0.24    0.22    0.27      9.01      0.75
    1960    0.61    3.92   12.39    4.57    1.17    0.85    0.75    0.66    0.51    0.38    0.23    0.34     26.39      2.20
    1961    0.52    0.56    0.50    0.49    0.39    0.43    0.58    0.44    0.24    0.15    0.18    0.17      4.65      0.39
    1962    0.29    1.06    7.52    3.45    1.08    0.91    0.90    0.61    0.57   15.96    6.03    0.54     38.92      3.24
    1963    0.30    0.53    0.44    0.63    0.64    0.38    0.47    0.50    0.35    0.26    0.18    0.12      4.79      0.40
    1964    0.81    1.50    1.44    0.88    0.53    0.33    0.23    0.24    0.28    0.31    0.36    0.33      7.24      0.60
    1965    0.36    0.48    0.43    0.91    3.96    1.87    0.57    0.48    0.39    0.27    0.24    0.25     10.21      0.85
    1966    0.24    0.32    0.57    1.18    5.64    2.67    1.05    0.72    0.36    0.24    0.18    0.14     13.31      1.11
    1967    0.32    2.77    1.67    0.76    0.57    0.80    0.72    0.37    0.18    0.15    0.22    0.24      8.76      0.73
    1968    0.19    0.37    1.05    1.06    0.71    1.11    1.30    0.92    0.52    0.30    0.18    0.20      7.91      0.66
    1969    0.74    1.04    0.77    0.50    0.45    0.35    0.24    0.25    0.24    0.19    0.18    0.27      5.21      0.43
    1970    0.52    0.93    0.77    1.01    0.83    0.47    0.66    1.33    1.06    0.62    0.36    0.24      8.81      0.73
    1971    0.52    0.74    1.11    8.75   21.17    7.05    0.97    0.75    0.62    0.41    0.28    0.17     42.53      3.54
    1972    0.17    0.35    0.47    0.62    9.17    3.76    1.01    0.73    0.37    0.23    0.35    0.92     18.15      1.51
    1973    1.01    1.36    1.39    1.50    1.16    0.82    0.67    0.47    0.29    0.29    0.22    0.12      9.31      0.78
    1974    0.12    0.59    1.35    5.59    4.74    2.01    1.20    0.82    0.41    0.26    0.18    0.48     17.75      1.48
    1975    0.60    0.75    2.19    4.76    7.02    4.31    1.92    1.35    0.92    0.45    0.27    0.20     24.76      2.06
    1976    0.42    0.69    0.99    5.37   17.63    6.46    1.20    0.56    0.29    0.22    0.21    0.33     34.36      2.86
    1977    0.53    0.43    0.45    8.79    4.13    1.28    0.83    0.52    0.29    0.26    0.29    0.33     18.12      1.51
    1978    0.80    1.28    0.98    0.88    0.77    0.52    0.45    0.43    0.30    0.22    0.30    0.43      7.36      0.61
    1979    0.45    0.44    0.61    0.97    1.08    0.70    0.32    0.18    0.14    0.11    0.10    0.20      5.31      0.44
    1980    0.23    0.43    0.55    0.68    0.90    0.62    0.30    0.30    0.59    0.59    0.49    0.59      6.26      0.52
    1981    0.55    0.51    0.42    0.68    0.79    0.91    0.85    0.53    0.27    0.16    0.12    0.09      5.86      0.49
    1982    0.28    0.38    0.25    0.18    0.15    0.20    0.27    0.24    0.18    0.16    0.22    0.18      2.70      0.23
    1983    0.18    9.72    4.15   56.60   19.75    1.80    1.47    0.78    0.43    0.71    0.92    0.64     97.16      8.10
    1984    0.87    1.01    0.70    0.84   16.14    6.16    0.78    0.34    0.24    0.19    0.15    0.12     27.55      2.30
    1985    0.35    0.51    0.41    0.73    1.24    1.19    0.85    0.47    0.26    0.21    0.16    0.12      6.50      0.54
    1986    0.18    0.25    0.71    1.24    1.05    1.13    1.10    0.73    0.51    0.40    0.57   16.80     24.66      2.06
    1987    8.71    4.21    2.00    0.99    1.36    1.80    1.48    0.84    0.53    0.56    0.51    0.37     23.35      1.95
    1988    0.90    3.03   13.29    4.56    4.39    2.24    0.65    0.37    0.38    0.37    0.25    0.18     30.63      2.55
    1989    0.29    6.99    3.43    1.33    1.07    0.77    0.86    0.76    0.42    0.24    0.33    0.32     16.81      1.40
    1990    0.38    0.58    0.92    5.09    4.73    2.30    1.09    0.63    0.64    0.52    0.32    0.22     17.42      1.45
    1991    0.31    0.37    0.55    0.64    0.81    0.75    0.47    0.23    0.13    0.11    0.10    0.09      4.58      0.38
    1992    0.14    0.37    0.65    0.64    0.57    0.56    0.57    0.43    0.25    0.16    0.16    0.18      4.67      0.39
    1993   12.73    5.13    7.61    3.34    0.90    0.94    0.85    0.47    0.24    0.20    0.19    0.15     32.73      2.73
    1994    0.30    0.50    0.79    0.72    0.37    0.26    0.39    0.42    0.32    0.21    0.14    0.10      4.53      0.38
    1995    0.33    1.15   14.05   12.24   24.23   12.61    2.66    0.75    0.44    0.49    0.47    0.25     69.68      5.81
    1996    0.49    0.63    0.67    1.06    1.04    1.98    1.69    1.11    1.19    1.14    0.74    0.50     12.24      1.02
    1997    0.80    8.87    3.58    0.87    1.21    1.56    1.28    0.80    0.44    0.27    0.20    0.17     20.06      1.67
    1998    0.44    0.99    6.02    3.10    1.04    0.63    0.58    0.42    0.30    0.23    0.22    0.18     14.16      1.18
    1999    0.20    0.28   10.03    5.44    1.98    1.39    1.17    1.20    0.92    0.49    0.24    0.23     23.57      1.96
    2000    0.53   11.67   17.76    5.28    0.79    0.78    0.81    0.60    0.34    0.23    0.16    0.32     39.28      3.27
    2001    0.82    1.17    0.95    0.83    1.02    0.75    0.51    0.39    0.26    0.88    1.22    0.80      9.60      0.80
    2002    0.48    0.39    0.30    0.30    0.73    0.79    0.45    0.20    0.20    0.22    0.14    0.13      4.31      0.36
    2003    0.14    0.44    0.51    0.51    1.07    1.66    1.13    0.49    0.21    0.38    0.45    0.32      7.32      0.61
    2004    0.21    0.56    0.83    1.15    1.59    1.52    0.95    0.43    0.20    0.15    0.15    0.11      7.84      0.65
    2005    0.14    0.46    0.59    0.81    0.73    0.44    0.31    0.24    0.16    0.12    0.17    0.17      4.32      0.36
    2006    0.41    0.94    9.46    3.62    0.43    0.19    0.14    0.11    0.15    0.24    0.18    0.11     15.98      1.33
    2007    0.51    3.24    1.70    0.60    0.34    0.33    0.65    0.59    0.35    0.21    0.13    0.09      8.73      0.73
    2008    0.10    0.28    0.55    0.92    1.20    0.82    0.37    0.21    0.26    0.23    0.26    0.27      5.47      0.46
    2009    0.43    0.46    0.26    6.32    3.03    0.93    0.68    0.44    0.22    0.17    0.13    0.08     13.17      1.10
  
 AVERAGE    0.90    1.70    2.49    2.87    3.00    2.11    1.11    0.62    0.41    0.50    0.35    0.54     16.61      1.38
