    1920    2.04    6.12    4.44    2.52    1.68    2.15    1.83    0.99    0.59    0.45    0.34    0.51     23.66      1.97
    1921    1.03    9.69    9.96    3.59    1.50    1.25    0.90    0.69    0.55    0.42    0.65    0.63     30.86      2.57
    1922    1.02    7.10    7.37   16.18    6.49    1.62    0.85    0.48    0.34    0.30    0.26    0.19     42.20      3.52
    1923    0.22    0.38    1.33    1.53    1.55    2.37    1.98    1.23    0.71    0.39    0.30    0.43     12.41      1.03
    1924    0.75    1.79    8.41    4.09    1.97   35.97   13.31    1.61    0.89    0.73    0.53    0.60     70.64      5.89
    1925    0.89    0.84    0.71    0.69    0.66    0.85    0.71    0.44    0.42    0.35    0.22    0.36      7.16      0.60
    1926    0.53    0.54    0.52    0.47    0.66    1.18    0.99    0.56    0.29    0.39    0.41    0.29      6.83      0.57
    1927    0.81    1.21    1.40    2.15    2.13    1.40    0.94    0.62    0.34    0.24    0.25    0.39     11.87      0.99
    1928    0.54    0.48    0.45    0.48    0.46    7.40    3.84    1.14    0.82    0.80    0.53    0.84     17.76      1.48
    1929    1.80    1.88    1.41    9.55    4.82    1.94    1.26    0.66    0.36    0.29    0.30    0.37     24.64      2.05
    1930    0.32    0.41    0.49    0.46    0.50    0.51    0.46    0.33    0.21    0.23    0.20    0.14      4.25      0.35
    1931    0.15    0.20    0.28    0.30    1.43    2.91    2.19    1.99    1.68    0.99    0.47    0.24     12.81      1.07
    1932    0.25    0.36    1.07    1.27    1.05    0.71    0.46    0.30    0.20    0.28    0.27    0.17      6.38      0.53
    1933    0.19    1.22    6.53   10.67    4.29    1.71    1.39    0.98    0.61    0.63    0.85    0.62     29.69      2.47
    1934    0.39    0.69    1.52    1.61    1.34    1.09    0.83    0.65    0.52    0.37    0.25    0.17      9.42      0.78
    1935    0.16    0.14    0.19    0.91    2.24    2.34    1.49    1.41    1.28    0.76    0.37    0.26     11.56      0.96
    1936    0.47    5.29    2.66    1.69    9.33    4.31    1.19    0.60    0.36    0.34    0.28    0.37     26.88      2.24
    1937    0.44    0.30    1.01    1.48    1.71    1.61    1.58    1.22    0.90    0.89    0.64    0.38     12.17      1.01
    1938    0.64    0.95    1.32    1.43   15.97   14.48    4.28    1.14    0.76    0.72    0.61    0.56     42.85      3.57
    1939    0.72    2.45    2.81    2.61    1.65    1.05    1.13    1.27    1.43    1.13    0.61    0.51     17.36      1.45
    1940    0.52    0.71    1.75    1.98    1.30    0.74    0.86    0.79    0.45    0.30    0.23    0.24      9.87      0.82
    1941    0.27    0.46    0.45    0.69    1.46    3.88    2.35    0.99    0.76    0.65    0.47    0.54     12.98      1.08
    1942    0.74    1.31    5.17    3.17    1.77    1.80    8.94    4.40    1.34    1.27    1.88    1.32     33.11      2.76
    1943    1.25    2.09    2.54    1.85    4.98    2.73    0.99    0.55    0.85    1.04    0.60    0.67     20.14      1.68
    1944    0.99    0.97    1.04    1.07    1.08    3.79    2.57    1.11    0.50    0.31    0.22    0.16     13.81      1.15
    1945    0.16    0.12    0.23    4.91    3.21    1.67    1.12    0.62    0.33    0.25    0.19    0.19     13.01      1.08
    1946    0.48    1.03    1.35    1.33    1.65    1.59    1.20    0.79    0.53    0.44    0.29    0.24     10.92      0.91
    1947    0.38    1.01    1.42    1.05    0.90    1.43    1.42    0.88    0.42    0.25    0.18    0.21      9.55      0.80
    1948    0.58    1.12    1.17    1.51    1.67    1.57    1.69    1.37    0.84    0.51    0.31    0.26     12.59      1.05
    1949    0.53    0.98    1.77    1.94    1.36    1.18    1.00    0.68    0.45    0.34    0.29    0.18     10.70      0.89
    1950    0.17    0.25    0.96    1.15    0.67    0.66    0.91    0.71    0.46    0.33    0.76    0.85      7.88      0.66
    1951    1.13    0.85    1.10    1.09    0.77    0.56    0.41    0.31    0.24    0.29    0.25    0.14      7.14      0.59
    1952    0.13    0.47    1.77    1.68    1.51    1.31    1.00    0.71    0.43    0.30    0.23    0.20      9.74      0.81
    1953    0.26    0.69    0.77    0.60    0.94    1.04    0.85    0.92    0.79    0.50    0.31    0.42      8.09      0.67
    1954    1.07    1.75    1.33    1.58    2.11    2.20    1.65    0.91    0.46    0.31    0.21    0.16     13.74      1.14
    1955    0.42    1.08    1.62    1.10   16.49    7.16    1.53    0.82    0.60    0.43    0.31    0.41     31.97      2.66
    1956    0.85    1.36    2.05    1.90    1.71    1.52    1.46    1.11    0.61    0.85    0.88    8.80     23.10      1.93
    1957   28.67    9.60    0.97    1.15    2.10    1.58    1.16    0.93    0.53    0.36    0.25    0.26     47.56      3.96
    1958    0.55    4.22    3.07    1.73    1.43    1.01    0.60    0.69    0.59    0.38    0.32    0.42     15.01      1.25
    1959    0.73    0.79    1.20    1.11    1.34    1.77    1.92    1.42    0.70    0.35    0.32    0.39     12.04      1.00
    1960    0.83    2.24   15.03    6.15    1.68    1.18    1.03    0.92    0.72    0.55    0.34    0.48     31.15      2.60
    1961    0.71    0.75    0.67    0.63    0.50    0.56    0.78    0.60    0.34    0.22    0.27    0.25      6.28      0.52
    1962    0.41    1.40    6.98    3.82    1.56    1.25    1.22    0.85    0.80   20.92    8.20    0.90     48.31      4.03
    1963    0.44    0.74    0.59    0.82    0.83    0.50    0.63    0.68    0.50    0.38    0.26    0.18      6.56      0.55
    1964    1.09    1.99    1.89    1.14    0.69    0.44    0.32    0.34    0.39    0.45    0.51    0.47      9.74      0.81
    1965    0.51    0.65    0.57    1.17    2.46    1.76    0.91    0.70    0.58    0.41    0.35    0.35     10.42      0.87
    1966    0.34    0.43    0.74    1.51    4.33    2.76    1.56    1.04    0.54    0.36    0.26    0.20     14.07      1.17
    1967    0.44    1.69    1.73    1.10    0.78    1.05    0.95    0.51    0.26    0.21    0.32    0.34      9.38      0.78
    1968    0.27    0.49    1.36    1.37    0.92    1.44    1.73    1.25    0.73    0.43    0.27    0.29     10.57      0.88
    1969    1.00    1.39    1.01    0.65    0.58    0.46    0.32    0.35    0.34    0.28    0.26    0.38      7.04      0.59
    1970    0.71    1.24    1.02    1.30    1.08    0.61    0.89    1.79    1.45    0.88    0.53    0.35     11.85      0.99
    1971    0.71    0.99    1.45    8.67   28.44   10.03    1.47    1.09    0.90    0.62    0.42    0.26     55.04      4.59
    1972    0.25    0.49    0.62    0.80    9.53    4.38    1.52    1.07    0.54    0.34    0.51    1.28     21.35      1.78
    1973    1.38    1.79    1.90    2.00    1.54    1.09    0.90    0.64    0.42    0.42    0.32    0.17     12.59      1.05
    1974    0.17    0.79    1.75    4.18    3.81    2.44    1.76    1.19    0.61    0.37    0.26    0.68     18.01      1.50
    1975    0.83    1.00    1.90    3.82    7.55    4.39    2.53    2.07    1.39    0.69    0.40    0.29     26.85      2.24
    1976    0.59    0.93    1.29    3.90   23.13    9.11    1.80    0.83    0.43    0.32    0.31    0.47     43.10      3.59
    1977    0.73    0.58    0.59    8.91    4.84    1.88    1.18    0.74    0.42    0.38    0.42    0.47     21.14      1.76
    1978    1.10    1.70    1.29    1.14    1.00    0.69    0.60    0.60    0.42    0.32    0.43    0.60      9.89      0.82
    1979    0.62    0.59    0.80    1.25    1.40    0.91    0.43    0.26    0.20    0.17    0.15    0.29      7.08      0.59
    1980    0.32    0.57    0.72    0.87    1.16    0.81    0.40    0.42    0.82    0.82    0.70    0.82      8.45      0.70
    1981    0.76    0.69    0.55    0.88    1.02    1.19    1.12    0.72    0.38    0.24    0.17    0.14      7.86      0.65
    1982    0.39    0.52    0.33    0.24    0.20    0.27    0.36    0.33    0.26    0.24    0.33    0.27      3.73      0.31
    1983    0.26   10.74    5.03   82.62   28.86    2.39    2.07    1.16    0.65    1.04    1.32    0.92    137.05     11.42
    1984    1.20    1.37    0.93    1.09   19.93    7.94    1.20    0.52    0.36    0.30    0.23    0.19     35.26      2.94
    1985    0.49    0.69    0.55    0.95    1.61    1.55    1.14    0.65    0.38    0.31    0.23    0.17      8.71      0.73
    1986    0.26    0.34    0.92    1.60    1.37    1.47    1.45    0.99    0.71    0.58    0.81   21.85     32.34      2.70
    1987   10.10    3.80    2.41    1.44    1.83    2.39    1.99    1.16    0.74    0.80    0.72    0.52     27.90      2.33
    1988    1.23    2.45   16.71    6.12    3.63    2.46    1.02    0.53    0.55    0.54    0.36    0.25     35.86      2.99
    1989    0.40    6.71    3.94    1.89    1.45    1.04    1.15    1.05    0.59    0.34    0.47    0.45     19.48      1.62
    1990    0.52    0.78    1.20    3.49    3.80    2.85    1.62    0.93    0.90    0.75    0.48    0.31     17.63      1.47
    1991    0.43    0.49    0.72    0.83    1.04    0.98    0.63    0.33    0.19    0.17    0.15    0.14      6.09      0.51
    1992    0.20    0.50    0.85    0.83    0.74    0.73    0.76    0.59    0.35    0.23    0.24    0.26      6.27      0.52
    1993   15.53    6.60    8.09    3.97    1.32    1.30    1.17    0.65    0.35    0.29    0.28    0.22     39.77      3.31
    1994    0.43    0.68    1.03    0.94    0.48    0.34    0.53    0.57    0.45    0.31    0.22    0.16      6.13      0.51
    1995    0.46    1.53   16.65   14.53   33.82   16.31    3.48    1.19    0.68    0.75    0.70    0.38     90.47      7.54
    1996    0.70    0.86    0.88    1.37    1.36    1.88    2.16    1.61    1.69    1.62    1.07    0.72     15.91      1.33
    1997    1.10    9.34    4.16    1.27    1.62    2.08    1.72    1.10    0.63    0.40    0.29    0.24     23.95      2.00
    1998    0.61    1.32    4.94    3.35    1.50    0.88    0.79    0.59    0.42    0.34    0.32    0.26     15.32      1.28
    1999    0.28    0.38   10.91    5.64    2.62    2.02    1.64    1.66    1.29    0.71    0.35    0.33     27.84      2.32
    2000    0.74   13.77   23.11    7.24    1.17    1.09    1.12    0.83    0.48    0.34    0.25    0.46     50.60      4.22
    2001    1.13    1.56    1.26    1.09    1.32    0.99    0.69    0.53    0.37    1.22    1.69    1.12     12.97      1.08
    2002    0.67    0.53    0.40    0.39    0.94    1.03    0.60    0.28    0.28    0.31    0.21    0.20      5.84      0.49
    2003    0.20    0.59    0.67    0.66    1.38    2.17    1.51    0.67    0.30    0.55    0.64    0.46      9.80      0.82
    2004    0.30    0.76    1.09    1.48    2.06    1.99    1.26    0.59    0.29    0.22    0.22    0.16     10.41      0.87
    2005    0.20    0.62    0.77    1.04    0.95    0.58    0.41    0.33    0.23    0.18    0.25    0.25      5.80      0.48
    2006    0.57    1.24    9.88    4.12    0.67    0.27    0.20    0.16    0.22    0.35    0.26    0.17     18.11      1.51
    2007    0.69    2.13    1.68    0.88    0.48    0.45    0.87    0.80    0.49    0.31    0.20    0.14      9.12      0.76
    2008    0.14    0.38    0.71    1.18    1.55    1.07    0.50    0.29    0.37    0.34    0.38    0.39      7.31      0.61
    2009    0.60    0.63    0.35    5.43    3.29    1.38    0.96    0.63    0.33    0.25    0.19    0.12     14.17      1.18
  
 AVERAGE    1.19    1.86    2.78    3.42    3.66    2.61    1.47    0.87    0.59    0.71    0.50    0.72     20.39      1.70
