    1920    1.78    2.22    2.18    2.04    1.75    2.21    1.64    0.89    0.64    0.54    0.46    0.58     16.92      1.41
    1921    1.02   20.53    8.75    1.79    1.76    1.80    0.92    0.74    0.72    0.59    0.71    0.62     39.94      3.33
    1922    0.75    1.51    1.44    5.15    2.74    0.65    0.37    0.30    0.28    0.29    0.28    0.22     13.99      1.17
    1923    0.19    0.28    0.95    0.90    0.69    1.01    0.89    0.60    0.40    0.29    0.26    0.42      6.89      0.57
    1924    0.57    1.08    1.80    1.85    1.86   42.01   15.30    1.65    1.05    0.92    0.71    0.69     69.49      5.79
    1925    1.11    0.95    0.76    0.63    0.45    0.62    0.58    0.44    0.47    0.41    0.29    0.36      7.07      0.59
    1926    0.47    0.46    0.36    0.36    0.54    1.10    1.02    0.56    0.30    0.42    0.43    0.31      6.32      0.53
    1927    0.75    1.20    1.44    1.50    1.19    0.75    0.63    0.51    0.32    0.28    0.27    0.33      9.16      0.76
    1928    0.41    0.34    0.26    0.41    0.48    2.73    2.31    1.12    0.72    0.76    0.51    0.74     10.79      0.90
    1929    1.11    0.89    0.68   13.60    5.97    1.90    1.50    0.87    0.52    0.42    0.43    0.49     28.38      2.37
    1930    0.43    0.57    0.73    0.51    0.38    0.38    0.36    0.27    0.21    0.22    0.19    0.16      4.40      0.37
    1931    0.18    0.25    0.24    0.21    1.32    2.64    2.34    2.19    1.64    0.87    0.50    0.35     12.74      1.06
    1932    0.31    0.35    0.91    1.30    1.27    1.06    0.70    0.42    0.29    0.34    0.32    0.24      7.51      0.63
    1933    0.25    1.08    2.03    2.40    2.14    1.64    1.17    0.88    0.69    0.65    0.77    0.55     14.26      1.19
    1934    0.42    0.56    1.13    1.26    1.08    0.82    0.58    0.48    0.44    0.39    0.29    0.21      7.66      0.64
    1935    0.18    0.16    0.14    0.61    1.54    6.99    3.43    1.53    1.19    0.68    0.44    0.35     17.25      1.44
    1936    0.51    1.72    1.59    1.48    3.47    2.32    0.96    0.55    0.44    0.46    0.42    0.47     14.40      1.20
    1937    0.49    0.38    1.04    1.28    1.20    0.97    0.84    0.67    0.68    0.84    0.57    0.36      9.34      0.78
    1938    0.62    0.84    1.33    1.34    2.79    8.96    4.04    1.26    0.94    0.90    0.75    0.78     24.54      2.05
    1939    1.03    2.01    2.12    1.74    1.07    0.77    0.99    1.02    1.15    0.95    0.57    0.58     14.00      1.17
    1940    0.61    0.83    5.98    3.40    1.19    0.72    0.66    0.51    0.38    0.34    0.30    0.33     15.25      1.27
    1941    0.35    0.39    0.32    0.59    1.07    1.53    1.27    0.73    0.70    0.64    0.48    0.61      8.68      0.72
    1942    0.91    1.42   10.57    4.84    1.68    2.08    4.38    2.91    1.30    1.48    1.99    1.23     34.80      2.90
    1943    1.06    1.59    1.75    1.05    1.50    1.44    0.84    0.57    0.80    0.92    0.54    0.70     12.76      1.06
    1944    0.84    0.65    0.56    0.61    0.84    4.93    3.07    1.19    0.55    0.41    0.32    0.25     14.21      1.18
    1945    0.27    0.25    0.39    1.55    2.04    1.53    0.97    0.57    0.37    0.31    0.24    0.21      8.70      0.73
    1946    0.32    0.55    0.60    0.67    1.72    2.28    1.62    0.87    0.62    0.55    0.38    0.33     10.50      0.88
    1947    0.43    0.96    1.42    1.12    0.77    0.95    0.96    0.61    0.33    0.27    0.21    0.22      8.25      0.69
    1948    0.42    0.74    0.63    0.94    1.48    1.37    1.30    1.01    0.68    0.53    0.35    0.33      9.79      0.82
    1949    0.55    1.09    1.97    2.12    1.58    1.24    0.89    0.61    0.50    0.43    0.37    0.26     11.61      0.97
    1950    0.22    0.23    0.53    0.86    0.54    0.45    0.74    0.65    0.42    0.30    0.60    0.67      6.22      0.52
    1951    0.84    0.60    0.63    0.67    0.84    0.83    0.56    0.39    0.31    0.34    0.28    0.17      6.45      0.54
    1952    0.18    0.47    0.98    0.82    0.71    0.67    0.54    0.39    0.30    0.26    0.22    0.21      5.75      0.48
    1953    0.29    0.60    0.57    0.42    0.72    0.85    0.74    1.00    0.94    0.59    0.36    0.53      7.64      0.64
    1954    1.52    1.85    1.07    0.98    1.49    1.97    1.74    1.02    0.57    0.42    0.31    0.26     13.20      1.10
    1955    0.41    0.81    1.15    0.71    1.91    2.21    1.34    0.69    0.53    0.44    0.37    0.45     11.02      0.92
    1956    0.68    0.87    1.32    1.47    1.45    1.19    1.15    0.89    0.51    0.70    0.69    5.69     16.60      1.38
    1957   12.46    4.78    0.95    1.15    2.02    1.27    0.90    0.88    0.61    0.48    0.35    0.35     26.20      2.18
    1958    0.66    1.33    1.35    1.93    1.64    0.73    0.40    0.55    0.53    0.37    0.41    0.48     10.37      0.86
    1959    0.69    0.73    0.70    0.47    1.05    1.58    1.66    1.25    0.61    0.39    0.36    0.37      9.86      0.82
    1960    0.54    1.59   14.49    6.15    1.56    1.22    1.33    1.12    1.00    0.83    0.54    0.68     31.06      2.59
    1961    0.93    1.02    0.75    0.53    0.40    0.59    0.96    0.69    0.38    0.30    0.33    0.28      7.17      0.60
    1962    0.38    0.96    1.65    1.75    1.45    1.47    1.42    0.89    0.84   27.44   10.40    0.94     49.61      4.13
    1963    0.60    0.77    0.59    0.96    1.02    0.51    0.66    0.71    0.51    0.43    0.33    0.25      7.32      0.61
    1964    0.96    1.51    1.27    0.70    0.51    0.42    0.34    0.35    0.41    0.47    0.55    0.50      7.98      0.66
    1965    0.52    0.77    0.61    1.40    2.40    1.64    0.84    0.56    0.49    0.43    0.37    0.34     10.36      0.86
    1966    0.33    0.43    0.84    1.11    1.90    1.96    1.93    1.56    0.80    0.54    0.42    0.33     12.15      1.01
    1967    0.51    1.21    1.04    0.55    0.42    0.89    0.92    0.49    0.30    0.26    0.36    0.42      7.37      0.61
    1968    0.39    0.48    0.73    0.72    0.46    1.52    2.03    1.41    0.78    0.47    0.33    0.33      9.64      0.80
    1969    1.01    1.26    0.72    0.39    0.38    0.38    0.39    0.53    0.52    0.37    0.33    0.40      6.67      0.56
    1970    0.70    1.19    0.93    1.28    1.14    0.71    0.86    1.31    1.06    0.72    0.54    0.43     10.86      0.90
    1971    0.72    0.82    1.02    1.92   24.81    9.32    1.09    1.04    0.98    0.76    0.56    0.38     43.41      3.62
    1972    0.37    0.55    0.66    0.60    0.98    0.83    0.59    0.47    0.32    0.29    0.47    1.67      7.80      0.65
    1973    1.88    1.63    1.41    1.30    0.86    0.58    0.62    0.58    0.50    0.44    0.33    0.23     10.37      0.86
    1974    0.26    0.67    1.45    3.04   11.35    5.04    1.67    1.11    0.68    0.52    0.42    0.91     27.11      2.26
    1975    1.12    0.81    1.61    2.46    4.77    3.72    2.81    2.40    1.47    0.89    0.67    0.50     23.23      1.94
    1976    0.87    1.17    1.21    1.85   34.12   13.22    2.12    1.13    0.72    0.56    0.55    0.74     58.27      4.86
    1977    0.88    0.66    0.58    1.51    2.28    1.67    1.07    0.68    0.46    0.48    0.58    0.53     11.36      0.95
    1978    0.87    1.31    0.94    0.63    0.54    0.45    0.50    0.53    0.40    0.32    0.37    0.47      7.33      0.61
    1979    0.54    0.48    0.61    0.79    0.98    0.76    0.40    0.26    0.21    0.19    0.19    0.34      5.75      0.48
    1980    0.41    0.64    0.59    0.68    0.95    0.67    0.37    0.89    1.69    1.34    0.96    1.06     10.25      0.85
    1981    1.00    1.05    0.78    0.44    0.37    0.60    0.82    0.62    0.40    0.29    0.22    0.18      6.76      0.56
    1982    0.37    0.46    0.25    0.17    0.18    0.22    0.24    0.21    0.20    0.24    0.38    0.32      3.23      0.27
    1983    0.37    1.46    1.62   52.99   19.15    3.81    2.52    1.05    0.72    1.16    1.55    0.93     87.32      7.28
    1984    0.84    0.77    0.57    0.69    1.85    1.71    0.76    0.42    0.41    0.43    0.33    0.31      9.08      0.76
    1985    1.42    1.57    0.85    0.69    0.93    1.00    0.78    0.47    0.38    0.35    0.28    0.26      8.99      0.75
    1986    0.36    0.40    0.97    1.44    1.05    0.94    0.93    0.77    0.87    0.87    1.10   38.51     48.20      4.02
    1987   14.91    2.68    1.80    1.24    3.06    2.97    1.85    0.95    0.98    1.08    1.02    0.88     33.43      2.79
    1988    1.76    3.20    9.90    4.17    9.89    4.56    0.89    0.67    0.68    0.65    0.51    0.47     37.34      3.11
    1989    0.55    3.93    3.18    1.72    1.28    1.35    1.32    1.03    0.65    0.47    0.64    0.65     16.77      1.40
    1990    0.76    0.93    0.99    1.34    2.06    2.57    1.71    1.18    1.25    0.90    0.57    0.39     14.66      1.22
    1991    0.45    0.43    0.34    0.31    0.46    0.48    0.30    0.21    0.17    0.16    0.15    0.15      3.60      0.30
    1992    0.29    0.50    0.65    0.58    0.48    0.49    0.47    0.36    0.25    0.23    0.24    0.23      4.79      0.40
    1993   19.21    7.68    2.19    1.94    1.06    0.88    0.79    0.48    0.34    0.30    0.30    0.24     35.42      2.95
    1994    0.56    1.02    0.86    0.46    0.21    0.31    0.61    0.64    0.48    0.36    0.27    0.18      5.94      0.50
    1995    0.54    1.71   19.40   15.48   23.33    8.73    2.03    1.30    0.88    0.76    0.65    0.46     75.27      6.27
    1996    0.64    0.83    0.73    1.10    1.85    1.75    1.61    1.30    1.45    1.33    0.84    0.89     14.33      1.19
    1997    1.58   16.02    6.35    1.06    1.24    1.09    0.86    0.69    0.48    0.39    0.32    0.30     30.39      2.53
    1998    0.79    1.41    1.44    1.60    1.17    0.78    0.68    0.53    0.42    0.34    0.34    0.32      9.82      0.82
    1999    0.44    0.49    5.62    4.85    2.91    2.25    1.74    1.56    1.12    0.69    0.45    0.41     22.51      1.88
    2000    0.71   11.53    5.89    2.37    1.57    1.01    0.73    0.59    0.46    0.40    0.33    0.47     26.06      2.17
    2001    0.84    1.12    0.96    0.63    0.54    0.47    0.38    0.29    0.30    0.84    0.99    0.62      7.98      0.67
    2002    0.41    0.40    0.32    0.23    0.52    0.58    0.34    0.21    0.24    0.27    0.19    0.19      3.91      0.33
    2003    0.17    0.25    0.33    0.43    1.61    2.19    1.41    0.65    0.32    0.47    0.51    0.36      8.70      0.73
    2004    0.28    0.36    0.35    0.47    0.83    1.21    1.02    0.57    0.32    0.26    0.22    0.17      6.05      0.50
    2005    0.20    0.48    0.57    0.52    0.36    0.19    0.19    0.19    0.15    0.13    0.19    0.22      3.39      0.28
    2006    0.30    0.60    1.19    0.86    0.30    0.13    0.16    0.16    0.45    0.65    0.42    0.23      5.45      0.45
    2007    0.66    1.22    0.79    0.40    0.25    0.25    0.64    0.75    0.54    0.37    0.23    0.17      6.26      0.52
    2008    0.16    0.20    0.44    0.76    0.93    0.78    0.47    0.31    0.34    0.30    0.37    0.36      5.42      0.45
    2009    0.64    1.29    1.38    2.01    1.79    1.05    0.64    0.43    0.33    0.31    0.25    0.18     10.30      0.86
  
 AVERAGE    1.14    1.58    1.86    2.20    2.61    2.26    1.29    0.79    0.61    0.83    0.58    0.92     16.66      1.39
