    1920    1.25    1.75    2.26    1.43    0.94    1.59    0.76    0.67    0.60    0.55    0.49    0.47     12.74      1.06
    1921    1.02    8.81    6.64    1.99    1.50    1.03    0.63    0.57    0.55    0.52    0.52    0.48     24.25      2.02
    1922    0.43    2.12    1.88    5.05    1.88    0.45    0.39    0.34    0.31    0.29    0.26    0.22     13.62      1.14
    1923    0.20    0.39    3.98    1.52    1.45    1.93    0.73    0.34    0.28    0.23    0.21    0.39     11.67      0.97
    1924    0.37    1.68    3.63    1.75    0.92    7.56    3.09    0.66    0.54    0.51    0.46    0.43     21.58      1.80
    1925    0.92    0.50    0.63    0.49    0.34    1.00    0.41    0.30    0.28    0.26    0.22    0.20      5.54      0.46
    1926    0.20    0.40    0.35    0.43    0.68    2.17    0.88    0.22    0.18    0.18    0.18    0.15      6.02      0.50
    1927    1.40    0.99    1.73    2.30    0.91    0.26    0.24    0.22    0.19    0.18    0.17    0.18      8.76      0.73
    1928    0.26    0.23    0.26    0.55    0.32    5.50    2.27    0.36    0.31    0.32    0.26    0.68     11.31      0.94
    1929    1.06    0.62    0.71    8.17    3.70    0.89    0.50    0.41    0.35    0.32    0.31    0.30     17.33      1.44
    1930    0.27    0.81    0.71    0.36    0.21    0.34    0.20    0.18    0.15    0.14    0.13    0.11      3.60      0.30
    1931    0.10    0.20    0.38    0.30    4.83    2.33    0.65    0.76    0.44    0.29    0.23    0.20     10.69      0.89
    1932    0.21    0.69    2.35    1.48    0.98    0.65    0.31    0.25    0.21    0.20    0.19    0.16      7.69      0.64
    1933    0.14    4.34    5.58    3.55    1.41    0.82    0.45    0.40    0.36    0.37    0.38    0.34     18.14      1.51
    1934    0.28    0.49    1.14    0.90    0.55    0.26    0.23    0.22    0.21    0.19    0.16    0.13      4.78      0.40
    1935    0.11    0.10    0.10    4.71    3.02    1.69    0.62    0.62    0.36    0.27    0.22    0.20     12.03      1.00
    1936    0.53    7.19    2.72    2.97    4.00    1.50    0.50    0.40    0.35    0.34    0.32    0.30     21.11      1.76
    1937    0.30    0.27    3.23    1.46    1.21    0.69    0.36    0.32    0.32    0.36    0.30    0.24      9.06      0.76
    1938    0.62    0.42    3.47    1.93   10.55    7.08    1.78    0.72    0.62    0.61    0.59    0.58     28.96      2.41
    1939    0.62    4.75    2.12    1.51    0.62    0.85    0.73    0.61    0.81    0.66    0.53    0.46     14.26      1.19
    1940    0.41    0.79    6.61    3.00    0.62    0.52    0.47    0.42    0.36    0.34    0.32    0.29     14.15      1.18
    1941    0.27    0.23    0.36    1.65    0.94    2.32    0.95    0.32    0.40    0.34    0.29    0.26      8.33      0.69
    1942    0.41    2.36    3.66    1.54    1.06    1.26    3.38    1.49    0.60    0.60    0.70    0.61     17.67      1.47
    1943    0.52    1.55    2.45    1.76    2.17    0.87    0.56    0.48    0.49    0.50    0.42    0.39     12.15      1.01
    1944    0.39    0.38    0.50    0.85    1.12    4.43    1.87    0.49    0.37    0.32    0.27    0.24     11.23      0.94
    1945    0.22    0.19    0.68    3.19    2.74    1.11    0.36    0.28    0.23    0.20    0.18    0.16      9.55      0.80
    1946    0.48    0.96    1.00    0.93    1.56    0.66    0.25    0.22    0.19    0.17    0.15    0.14      6.70      0.56
    1947    0.35    1.01    0.83    0.38    1.04    1.35    0.57    0.23    0.18    0.15    0.13    0.16      6.39      0.53
    1948    1.04    1.60    0.77    6.22    2.99    0.75    0.51    0.40    0.37    0.33    0.29    0.26     15.54      1.30
    1949    0.31    0.81    3.72    2.74    1.01    0.95    0.45    0.34    0.29    0.27    0.25    0.22     11.35      0.95
    1950    0.19    0.20    3.22    3.01    0.82    0.93    0.71    0.32    0.26    0.23    0.83    0.41     11.14      0.93
    1951    1.52    0.61    1.82    0.76    0.62    0.32    0.21    0.18    0.17    0.16    0.15    0.12      6.63      0.55
    1952    0.13    1.68    5.06    1.76    0.44    0.29    0.23    0.20    0.17    0.16    0.14    0.13     10.37      0.86
    1953    0.15    1.58    0.71    0.68    2.01    0.88    0.28    0.54    0.31    0.22    0.18    0.43      8.00      0.67
    1954    1.30    0.85    0.48    2.47    1.51    2.78    1.19    0.45    0.39    0.32    0.28    0.25     12.26      1.02
    1955    0.48    2.27    3.91    1.31   15.43    5.85    0.64    0.52    0.46    0.43    0.39    0.37     32.06      2.67
    1956    0.58    0.53    1.80    1.00    1.54    0.77    0.39    0.34    0.29    0.36    0.33    4.73     12.68      1.06
    1957   22.30    7.57    0.60    3.10    2.54    0.70    0.56    0.56    0.51    0.47    0.42    0.38     39.69      3.31
    1958    0.70    6.27    4.39    2.38    0.98    0.49    0.41    0.40    0.40    0.36    0.34    0.32     17.44      1.45
    1959    0.46    0.65    1.28    0.49    2.20    1.45    0.64    0.36    0.28    0.24    0.23    0.22      8.49      0.71
    1960    0.35    2.22    5.36    3.31    1.21    0.52    0.52    0.41    0.40    0.38    0.35    0.42     15.47      1.29
    1961    0.40    1.06    0.53    0.27    0.23    0.57    0.51    0.26    0.21    0.18    0.17    0.15      4.53      0.38
    1962    0.34    2.07    2.08    1.77    1.11    0.98    0.48    0.29    0.28   10.96    4.22    0.52     25.09      2.09
    1963    0.42    1.27    0.57    1.52    0.64    0.36    0.35    0.36    0.33    0.29    0.25    0.20      6.55      0.55
    1964    2.12    1.31    1.56    0.57    0.46    0.21    0.18    0.17    0.16    0.16    0.16    0.14      7.21      0.60
    1965    0.22    0.40    0.34    8.46    4.35    0.79    0.29    0.27    0.26    0.23    0.21    0.19     16.01      1.33
    1966    0.18    0.25    1.75    3.12    4.08    1.82    0.99    0.51    0.38    0.33    0.29    0.27     13.99      1.17
    1967    0.27    1.45    0.59    0.34    0.35    1.06    0.42    0.21    0.18    0.16    0.16    0.14      5.34      0.44
    1968    0.12    0.34    0.63    1.22    0.55    3.36    1.59    0.41    0.30    0.24    0.19    0.18      9.13      0.76
    1969    1.76    0.92    0.50    0.23    0.20    0.16    0.15    0.16    0.16    0.15    0.14    0.14      4.68      0.39
    1970    0.38    0.88    0.55    4.31    1.62    0.68    1.22    0.60    0.32    0.27    0.24    0.21     11.30      0.94
    1971    0.55    2.46    3.32    4.37   13.61    5.05    0.74    0.68    0.64    0.59    0.54    0.49     33.04      2.75
    1972    0.46    0.79    0.56    1.36    3.50    1.24    0.46    0.40    0.33    0.30    0.29    1.57     11.25      0.94
    1973    0.74    5.23    3.62    4.70    1.72    0.66    0.50    0.47    0.43    0.41    0.38    0.33     19.18      1.60
    1974    0.29    3.20    2.73    2.55    3.81    1.77    0.64    0.52    0.43    0.38    0.35    1.71     18.37      1.53
    1975    0.71    0.76    5.87    4.14    2.32    2.20    1.02    0.72    0.63    0.54    0.49    0.44     19.86      1.65
    1976    1.40    1.02    0.89    2.74    7.86    3.20    0.74    0.59    0.49    0.44    0.42    0.41     20.20      1.68
    1977    0.41    0.37    1.07    4.71    2.56    0.82    0.50    0.45    0.38    0.35    0.33    0.31     12.24      1.02
    1978    2.83    1.97    0.81    0.94    0.39    0.28    0.41    0.30    0.26    0.24    0.23    0.25      8.92      0.74
    1979    0.51    0.63    0.87    2.49    2.27    0.73    0.28    0.24    0.21    0.19    0.18    0.27      8.88      0.74
    1980    0.17    1.87    1.61    1.29    1.18    0.47    0.21    0.28    0.25    0.25    0.23    0.41      8.22      0.68
    1981    0.41    0.96    0.63    0.81    0.45    1.27    0.58    0.24    0.19    0.18    0.16    0.13      6.02      0.50
    1982    1.07    0.69    0.25    0.12    0.10    0.16    0.11    0.11    0.11    0.10    0.12    0.09      3.01      0.25
    1983    0.24    9.86    3.71   82.15   27.35    1.46    0.73    0.57    0.54    0.62    0.71    0.64    128.57     10.71
    1984    1.04    0.68    0.50    1.37   10.21    3.92    0.66    0.53    0.47    0.43    0.38    0.35     20.54      1.71
    1985    0.61    0.32    1.05    1.81    1.42    0.81    0.37    0.30    0.27    0.25    0.22    0.18      7.61      0.63
    1986    0.16    0.23    2.83    1.69    0.42    0.93    0.58    0.30    0.29    0.26    0.34    7.45     15.47      1.29
    1987    4.06    2.26    1.38    1.20    2.55    2.53    0.92    0.67    0.65    0.66    0.62    0.57     18.08      1.51
    1988    5.19    3.47    4.83    1.72    6.51    2.72    0.76    0.65    0.62    0.60    0.54    0.48     28.09      2.34
    1989    0.44   13.01    5.91    1.01    0.58    0.57    0.54    0.50    0.43    0.39    0.52    0.40     24.30      2.03
    1990    0.37    0.44    0.87    3.99    4.08    1.66    0.49    1.03    0.68    0.53    0.42    0.35     14.90      1.24
    1991    0.33    0.31    0.27    0.40    0.63    0.24    0.20    0.18    0.15    0.14    0.12    0.11      3.09      0.26
    1992    0.15    0.66    1.12    0.51    0.65    0.79    0.34    0.17    0.14    0.12    0.11    0.10      4.86      0.40
    1993    5.45    2.32    3.30    1.64    0.44    1.56    0.65    0.26    0.23    0.22    0.20    0.17     16.43      1.37
    1994    1.03    0.80    2.89    1.30    0.22    0.29    0.43    0.30    0.24    0.20    0.17    0.13      8.00      0.67
    1995    0.74    2.77    7.84    6.52   20.77    7.43    0.81    0.72    0.66    0.62    0.59    0.54     50.01      4.17
    1996    1.43    0.72    1.25    1.56    1.19    2.00    1.33    0.71    0.68    0.63    0.54    0.49     12.54      1.04
    1997    0.86    2.78    1.18    1.07    1.08    0.61    0.44    0.40    0.35    0.31    0.27    0.24      9.57      0.80
    1998    0.58    1.25    4.64    3.86    1.17    0.38    0.34    0.32    0.28    0.26    0.25    0.23     13.55      1.13
    1999    0.20    0.27    9.38    5.81    8.58    4.99    1.52    0.86    0.71    0.61    0.54    0.53     34.02      2.83
    2000    1.32    8.67    5.57    1.67    0.84    0.70    0.67    0.62    0.54    0.50    0.45    0.41     21.95      1.83
    2001    0.68    3.13    1.43    0.85    0.54    0.33    0.28    0.24    0.22    0.39    0.26    0.22      8.56      0.71
    2002    0.19    0.19    0.48    0.49    0.66    0.25    0.12    0.10    0.10    0.10    0.09    0.08      2.84      0.24
    2003    0.07    0.85    0.40    1.20    4.44    2.88    0.88    0.32    0.24    0.24    0.23    0.20     11.96      1.00
    2004    0.17    0.18    0.57    0.59    0.90    1.03    0.38    0.18    0.14    0.12    0.11    0.10      4.47      0.37
    2005    0.22    0.60    0.75    0.46    0.40    0.17    0.10    0.09    0.08    0.07    0.07    0.06      3.07      0.26
    2006    1.71    1.44    6.11    2.34    2.18    0.93    0.25    0.20    1.40    0.63    0.27    0.22     17.69      1.47
    2007    2.87   28.85   10.41    0.77    0.43    0.38    0.40    0.40    0.38    0.35    0.31    0.27     45.83      3.82
    2008    0.24    4.31    2.16    1.59   24.96    8.47    0.51    0.42    0.37    0.34    0.31    0.27     43.93      3.66
    2009    2.86    1.77    0.48    6.68    2.57    0.37    0.29    0.24    0.22    0.21    0.19    0.16     16.03      1.34
  
 AVERAGE    1.02    2.15    2.29    3.02    2.93    1.60    0.65    0.41    0.36    0.44    0.35    0.45     15.66      1.31
