    1920    0.92    1.27    1.62    1.03    0.76    1.13    0.73    0.66    0.60    0.56    0.51    0.49     10.27      0.86
    1921    0.73    6.44    4.86    1.43    1.07    0.74    0.54    0.49    0.47    0.45    0.44    0.42     18.09      1.51
    1922    0.38    1.52    1.34    3.67    1.35    0.38    0.33    0.30    0.27    0.25    0.23    0.20     10.22      0.85
    1923    0.18    0.28    2.87    1.09    1.04    1.39    0.52    0.27    0.23    0.19    0.17    0.29      8.53      0.71
    1924    0.27    1.22    2.60    1.25    0.66    5.40    2.23    0.50    0.41    0.38    0.35    0.32     15.57      1.30
    1925    0.67    0.36    0.46    0.35    0.27    0.71    0.30    0.25    0.23    0.21    0.18    0.17      4.16      0.35
    1926    0.17    0.29    0.25    0.31    0.48    1.57    0.63    0.18    0.15    0.15    0.15    0.13      4.44      0.37
    1927    1.01    0.71    1.25    1.65    0.65    0.20    0.18    0.17    0.15    0.14    0.13    0.13      6.38      0.53
    1928    0.19    0.17    0.18    0.39    0.23    3.92    1.64    0.27    0.24    0.25    0.20    0.49      8.19      0.68
    1929    0.76    0.45    0.51    5.82    2.66    0.64    0.38    0.31    0.27    0.25    0.24    0.24     12.53      1.04
    1930    0.22    0.58    0.51    0.26    0.17    0.25    0.17    0.15    0.13    0.12    0.11    0.10      2.75      0.23
    1931    0.09    0.14    0.27    0.22    3.45    1.67    0.47    0.55    0.32    0.22    0.17    0.15      7.73      0.64
    1932    0.15    0.50    1.69    1.06    0.70    0.46    0.24    0.20    0.17    0.16    0.15    0.13      5.61      0.47
    1933    0.12    3.11    3.99    2.55    1.01    0.58    0.34    0.30    0.27    0.27    0.28    0.26     13.08      1.09
    1934    0.22    0.36    0.82    0.65    0.39    0.20    0.19    0.18    0.17    0.16    0.14    0.11      3.58      0.30
    1935    0.10    0.09    0.07    3.36    2.17    1.22    0.45    0.45    0.27    0.21    0.17    0.15      8.71      0.73
    1936    0.38    5.13    1.96    2.14    2.87    1.08    0.38    0.31    0.27    0.26    0.25    0.24     15.25      1.27
    1937    0.24    0.21    2.33    1.04    0.87    0.49    0.26    0.25    0.25    0.28    0.24    0.19      6.66      0.56
    1938    0.45    0.30    2.49    1.39    7.51    4.34    1.04    0.55    0.47    0.46    0.45    0.44     19.90      1.66
    1939    0.46    3.40    1.52    1.08    0.47    0.61    0.53    0.49    0.59    0.52    0.43    0.37     10.45      0.87
    1940    0.34    0.57    4.75    2.15    0.44    0.38    0.37    0.34    0.30    0.28    0.26    0.24     10.43      0.87
    1941    0.23    0.20    0.26    1.17    0.67    1.68    0.68    0.26    0.29    0.27    0.23    0.21      6.15      0.51
    1942    0.30    1.70    2.62    1.10    0.76    0.90    2.43    1.08    0.45    0.45    0.52    0.46     12.77      1.06
    1943    0.40    1.11    1.75    1.25    1.55    0.63    0.43    0.38    0.37    0.40    0.34    0.32      8.93      0.74
    1944    0.32    0.29    0.36    0.60    0.80    3.18    1.34    0.38    0.30    0.26    0.22    0.20      8.25      0.69
    1945    0.18    0.16    0.49    2.30    1.98    0.80    0.28    0.23    0.19    0.17    0.15    0.14      7.05      0.59
    1946    0.35    0.69    0.72    0.66    1.13    0.47    0.19    0.17    0.15    0.14    0.12    0.11      4.91      0.41
    1947    0.26    0.74    0.60    0.27    0.75    0.98    0.41    0.18    0.14    0.12    0.11    0.12      4.67      0.39
    1948    0.76    1.16    0.56    4.44    2.15    0.54    0.37    0.30    0.28    0.25    0.22    0.20     11.21      0.93
    1949    0.22    0.58    2.67    1.97    0.73    0.68    0.32    0.26    0.23    0.21    0.20    0.17      8.24      0.69
    1950    0.15    0.15    2.32    2.16    0.59    0.67    0.51    0.25    0.20    0.18    0.60    0.30      8.09      0.67
    1951    1.10    0.44    1.31    0.54    0.44    0.23    0.16    0.15    0.14    0.14    0.12    0.10      4.87      0.41
    1952    0.10    1.21    3.61    1.27    0.32    0.21    0.17    0.16    0.14    0.13    0.11    0.10      7.52      0.63
    1953    0.11    1.14    0.51    0.49    1.45    0.63    0.21    0.39    0.23    0.17    0.14    0.32      5.79      0.48
    1954    0.94    0.61    0.35    1.77    1.08    1.99    0.86    0.33    0.29    0.25    0.22    0.19      8.88      0.74
    1955    0.35    1.63    2.80    0.94   10.99    4.21    0.49    0.41    0.36    0.33    0.31    0.29     23.12      1.93
    1956    0.42    0.38    1.29    0.71    1.10    0.55    0.31    0.28    0.24    0.27    0.27    3.40      9.22      0.77
    1957   10.90    3.92    0.47    2.23    1.82    0.51    0.43    0.44    0.41    0.39    0.36    0.33     22.22      1.85
    1958    0.51    4.52    3.18    1.71    0.70    0.39    0.33    0.32    0.32    0.29    0.28    0.27     12.82      1.07
    1959    0.33    0.47    0.91    0.35    1.59    1.04    0.46    0.28    0.22    0.20    0.19    0.18      6.23      0.52
    1960    0.26    1.60    3.84    2.38    0.87    0.38    0.38    0.31    0.30    0.29    0.26    0.31     11.18      0.93
    1961    0.30    0.76    0.38    0.21    0.18    0.41    0.36    0.21    0.17    0.15    0.15    0.13      3.41      0.28
    1962    0.25    1.49    1.50    1.28    0.79    0.70    0.35    0.22    0.21    5.83    2.44    0.41     15.47      1.29
    1963    0.32    0.92    0.42    1.09    0.46    0.29    0.28    0.30    0.28    0.25    0.22    0.18      5.00      0.42
    1964    1.55    0.94    1.12    0.41    0.33    0.16    0.15    0.15    0.14    0.14    0.14    0.12      5.34      0.44
    1965    0.16    0.29    0.24    6.02    3.12    0.57    0.23    0.21    0.20    0.18    0.17    0.15     11.55      0.96
    1966    0.14    0.18    1.27    2.24    2.92    1.31    0.72    0.37    0.29    0.25    0.22    0.20     10.11      0.84
    1967    0.20    1.04    0.43    0.24    0.25    0.75    0.30    0.17    0.15    0.14    0.13    0.12      3.93      0.33
    1968    0.10    0.25    0.45    0.88    0.40    2.40    1.15    0.30    0.23    0.19    0.15    0.14      6.64      0.55
    1969    1.27    0.67    0.36    0.17    0.14    0.13    0.13    0.13    0.13    0.12    0.12    0.12      3.48      0.29
    1970    0.28    0.64    0.40    3.08    1.17    0.49    0.88    0.44    0.24    0.21    0.18    0.16      8.17      0.68
    1971    0.40    1.77    2.38    3.13    5.38    2.24    0.57    0.51    0.48    0.44    0.41    0.38     18.10      1.51
    1972    0.36    0.56    0.40    0.97    2.50    0.89    0.38    0.33    0.28    0.26    0.25    1.13      8.32      0.69
    1973    0.54    3.76    2.62    3.38    1.23    0.47    0.38    0.36    0.33    0.32    0.30    0.26     13.95      1.16
    1974    0.24    2.32    1.95    1.82    2.74    1.26    0.47    0.40    0.33    0.30    0.27    1.23     13.32      1.11
    1975    0.52    0.55    4.21    2.98    1.66    1.57    0.74    0.54    0.48    0.41    0.37    0.34     14.36      1.20
    1976    1.00    0.74    0.64    1.96    5.63    2.29    0.57    0.46    0.39    0.35    0.33    0.33     14.67      1.22
    1977    0.33    0.30    0.76    3.39    1.83    0.59    0.39    0.36    0.30    0.28    0.27    0.25      9.02      0.75
    1978    2.05    1.41    0.58    0.67    0.28    0.22    0.30    0.24    0.21    0.19    0.19    0.20      6.56      0.55
    1979    0.37    0.45    0.63    1.79    1.64    0.52    0.22    0.19    0.17    0.15    0.14    0.20      6.48      0.54
    1980    0.14    1.35    1.17    0.92    0.84    0.34    0.17    0.20    0.20    0.20    0.18    0.30      6.00      0.50
    1981    0.30    0.69    0.45    0.58    0.32    0.91    0.42    0.19    0.15    0.14    0.13    0.11      4.40      0.37
    1982    0.78    0.50    0.18    0.10    0.08    0.11    0.09    0.09    0.09    0.09    0.09    0.08      2.27      0.19
    1983    0.18    7.02    2.67   59.27   19.76    1.10    0.57    0.47    0.44    0.51    0.57    0.52     93.06      7.76
    1984    0.75    0.49    0.43    0.98    7.33    2.81    0.54    0.45    0.40    0.37    0.34    0.30     15.20      1.27
    1985    0.44    0.29    0.75    1.29    1.02    0.58    0.31    0.26    0.23    0.21    0.19    0.16      5.71      0.48
    1986    0.15    0.16    2.04    1.23    0.30    0.66    0.42    0.23    0.23    0.21    0.25    5.33     11.21      0.93
    1987    2.93    1.63    1.00    0.86    1.82    1.81    0.66    0.49    0.49    0.51    0.48    0.45     13.13      1.09
    1988    3.71    2.49    3.46    1.23    4.69    1.95    0.59    0.51    0.49    0.47    0.43    0.39     20.41      1.70
    1989    0.36    9.31    4.29    0.73    0.46    0.43    0.43    0.41    0.35    0.32    0.38    0.33     17.80      1.48
    1990    0.30    0.32    0.62    2.88    2.94    1.19    0.38    0.74    0.50    0.42    0.33    0.28     10.90      0.91
    1991    0.26    0.25    0.22    0.29    0.45    0.20    0.18    0.16    0.14    0.13    0.11    0.10      2.48      0.21
    1992    0.11    0.47    0.82    0.37    0.47    0.57    0.24    0.13    0.11    0.10    0.09    0.09      3.58      0.30
    1993    3.89    1.67    2.37    1.18    0.32    1.11    0.47    0.20    0.18    0.17    0.16    0.14     11.85      0.99
    1994    0.74    0.58    2.08    0.93    0.17    0.21    0.31    0.22    0.19    0.16    0.14    0.11      5.83      0.49
    1995    0.53    1.99    5.59    4.66    8.73    3.46    0.63    0.55    0.50    0.48    0.46    0.42     28.01      2.33
    1996    1.02    0.52    0.90    1.12    0.85    1.43    0.96    0.56    0.54    0.50    0.44    0.40      9.24      0.77
    1997    0.62    1.99    0.85    0.76    0.77    0.44    0.36    0.32    0.29    0.26    0.23    0.21      7.09      0.59
    1998    0.42    0.90    3.33    2.78    0.84    0.30    0.27    0.26    0.23    0.21    0.20    0.19      9.91      0.83
    1999    0.17    0.20    6.69    4.17    4.69    3.15    1.14    0.65    0.53    0.46    0.41    0.40     22.67      1.89
    2000    0.95    6.22    3.99    1.20    0.61    0.56    0.54    0.50    0.44    0.41    0.38    0.35     16.15      1.35
    2001    0.49    2.24    1.02    0.61    0.39    0.28    0.24    0.21    0.19    0.28    0.22    0.19      6.37      0.53
    2002    0.17    0.14    0.34    0.35    0.47    0.18    0.11    0.09    0.09    0.09    0.08    0.07      2.18      0.18
    2003    0.06    0.62    0.29    0.87    3.17    2.07    0.64    0.24    0.18    0.18    0.18    0.15      8.66      0.72
    2004    0.13    0.13    0.41    0.42    0.64    0.74    0.27    0.14    0.12    0.10    0.09    0.08      3.29      0.27
    2005    0.16    0.43    0.55    0.33    0.28    0.12    0.08    0.08    0.06    0.06    0.06    0.05      2.27      0.19
    2006    1.23    1.04    4.35    1.68    1.56    0.66    0.19    0.15    1.01    0.46    0.21    0.17     12.73      1.06
    2007    2.06   16.06    6.08    0.60    0.35    0.31    0.32    0.33    0.31    0.29    0.26    0.24     27.20      2.27
    2008    0.21    3.11    1.55    1.13   13.10    4.67    0.43    0.35    0.31    0.28    0.26    0.23     25.63      2.14
    2009    2.06    1.27    0.35    4.80    1.84    0.30    0.25    0.21    0.19    0.18    0.17    0.14     11.75      0.98
  
 AVERAGE    0.69    1.48    1.63    2.17    1.92    1.09    0.48    0.32    0.29    0.32    0.27    0.34     10.99      0.92
