    1920    4.07    2.36    2.72    3.25    1.37    1.35    1.31    1.24    1.22    1.20    1.19    1.24     22.52      1.88
    1921    1.40   21.12   10.82    1.76    2.65    1.41    1.27    1.24    1.26    1.24    1.27    1.27     46.69      3.89
    1922    1.31    2.77    1.92    6.71    2.45    1.23    1.18    1.16    1.15    1.15    1.15    1.14     23.32      1.94
    1923    1.15    1.18    2.48    1.21    1.16    1.21    1.21    1.20    1.20    1.18    1.18    1.53     15.88      1.32
    1924    1.36    1.31    3.93    1.75    1.26  102.06   34.86    1.47    1.33    1.27    1.22    1.23    153.05     12.75
    1925    1.57    1.33    1.17    1.10    1.08    1.08    1.07    1.07    1.08    1.07    1.05    1.05     13.74      1.15
    1926    1.06    1.03    1.00    0.97    0.95    1.01    0.96    0.92    0.90    0.91    0.91    0.87     11.49      0.96
    1927    1.50    0.93    1.47    2.45    0.83    0.73    0.69    0.67    0.64    0.62    0.60    0.60     11.72      0.98
    1928    0.59    0.55    0.49    0.55    2.00    3.16    1.12    0.54    0.50    0.50    0.46    0.94     11.41      0.95
    1929    0.71    0.46    0.68    8.53    3.36    0.99    0.47    0.40    0.35    0.32    0.32    0.32     16.91      1.41
    1930    0.29    0.44    1.10    0.39    0.21    0.30    0.21    0.21    0.20    0.20    0.20    0.19      3.93      0.33
    1931    0.18    0.57    0.38    0.15    3.43    1.44    0.84    0.76    0.41    0.33    0.28    0.25      9.02      0.75
    1932    0.25    0.93    1.74    1.53    1.45    0.67    0.26    0.23    0.21    0.21    0.20    0.19      7.88      0.66
    1933    0.20    2.63    3.16    2.07    0.94    0.51    0.29    0.27    0.26    0.26    0.28    0.26     11.11      0.93
    1934    0.22    0.20    0.86    0.53    0.16    0.15    0.14    0.15    0.16    0.16    0.16    0.15      3.02      0.25
    1935    0.14    0.12    0.11    3.08    2.53    1.56    0.49    0.44    0.31    0.28    0.24    0.21      9.51      0.79
    1936    0.33    6.42    2.41    2.71    4.36    1.76    0.40    0.32    0.28    0.27    0.26    0.26     19.78      1.65
    1937    0.26    0.22    6.24    2.37    0.49    0.40    0.27    0.27    0.34    0.37    0.34    0.27     11.86      0.99
    1938    0.33    0.22    7.50    2.95    9.05    4.69    0.85    0.50    0.46    0.44    0.42    0.54     27.96      2.33
    1939    0.49    3.65    1.45    0.77    0.30    2.61    1.12    0.45    1.28    0.73    0.53    0.46     13.83      1.15
    1940    0.42    1.26    3.55    1.52    0.36    0.49    0.35    0.35    0.33    0.33    0.32    0.31      9.61      0.80
    1941    0.30    0.27    0.59    2.15    0.75    1.32    0.53    0.33    0.35    0.39    0.37    0.37      7.72      0.64
    1942    0.36    1.83    2.19    0.77    0.62    3.27    5.64    2.24    0.74    0.92    0.91    0.73     20.23      1.69
    1943    0.99    1.73    0.87    0.63    1.90    0.71    0.39    0.36    0.38    0.43    0.39    0.39      9.16      0.76
    1944    0.40    0.37    0.33    0.81    1.09    4.05    1.66    0.51    0.43    0.39    0.36    0.33     10.73      0.89
    1945    0.32    0.30    0.27    7.40    3.56    0.67    0.43    0.39    0.36    0.35    0.34    0.34     14.73      1.23
    1946    0.35    0.36    0.50    0.60    2.27    0.93    0.37    0.34    0.32    0.32    0.30    0.30      6.96      0.58
    1947    0.31    0.78    0.68    0.24    0.51    0.50    0.24    0.22    0.20    0.19    0.18    0.18      4.24      0.35
    1948    0.45    1.02    0.48    5.46    2.56    0.47    0.79    0.47    0.36    0.31    0.26    0.24     12.86      1.07
    1949    0.24    0.52    5.15    2.22    0.54    0.67    0.30    0.25    0.23    0.22    0.21    0.19     10.71      0.89
    1950    0.18    0.17    4.25    2.31    0.36    0.24    0.22    0.21    0.20    0.20    1.16    0.55     10.06      0.84
    1951    0.81    0.37    1.92    0.77    0.31    0.18    0.17    0.17    0.17    0.19    0.19    0.16      5.40      0.45
    1952    0.16    1.95    4.73    1.64    0.22    0.20    0.20    0.20    0.20    0.19    0.18    0.18     10.04      0.84
    1953    0.20    2.75    1.09    0.30    0.87    0.36    0.18    0.54    0.30    0.23    0.21    0.61      7.66      0.64
    1954    1.43    1.07    0.37    2.72    1.53    2.54    1.02    0.34    0.31    0.27    0.24    0.21     12.06      1.00
    1955    1.15    2.50    1.80    0.45    8.93    3.34    0.36    0.33    0.32    0.30    0.28    0.28     20.04      1.67
    1956    0.52    0.52    2.33    0.95    1.73    0.76    0.30    0.28    0.26    0.52    0.37    5.46     13.99      1.17
    1957   27.23    8.79    0.51    4.69    3.58    0.82    0.45    0.44    0.43    0.41    0.39    0.38     48.12      4.01
    1958    0.67    1.74    2.11    1.69    0.86    0.38    0.33    0.33    0.34    0.33    0.33    0.34      9.46      0.79
    1959    1.09    0.65    0.62    0.29    3.29    1.83    0.51    0.40    0.35    0.33    0.33    0.34     10.03      0.84
    1960    0.34    1.46    5.32    2.36    0.65    0.55    0.59    0.42    0.46    0.48    0.42    0.53     13.57      1.13
    1961    0.74    1.08    0.42    0.27    0.25    0.42    0.36    0.28    0.26    0.25    0.26    0.27      4.86      0.41
    1962    0.26    1.45    0.74    0.50    0.63    1.48    0.60    0.29    0.28    2.77    1.32    0.43     10.74      0.90
    1963    0.49    0.78    0.46    5.53    2.12    0.31    0.43    0.34    0.33    0.31    0.29    0.26     11.67      0.97
    1964    1.66    0.94    1.01    0.36    0.22    0.21    0.21    0.21    0.21    0.22    0.24    0.25      5.76      0.48
    1965    0.37    0.36    0.23   12.17    4.66    0.35    0.29    0.27    0.27    0.26    0.25    0.24     19.70      1.64
    1966    0.22    0.20    0.51    0.97    4.85    1.98    0.74    0.44    0.37    0.33    0.29    0.26     11.16      0.93
    1967    0.25    0.65    0.27    0.17    0.43    0.63    0.23    0.18    0.17    0.16    0.17    0.17      3.49      0.29
    1968    0.17    0.20    0.17    1.10    0.55    2.35    1.10    0.35    0.29    0.25    0.22    0.20      6.95      0.58
    1969    1.67    0.81    0.34    0.16    0.13    0.13    0.13    0.14    0.16    0.15    0.15    0.16      4.14      0.35
    1970    0.41    0.42    0.19    1.85    0.74    0.29    0.54    0.25    0.20    0.18    0.17    0.16      5.41      0.45
    1971    0.43    0.79    1.80    3.03   21.39    8.72    1.07    0.67    0.55    0.47    0.39    0.32     39.62      3.30
    1972    0.28    0.75    0.38    0.29    1.41    0.50    0.24    0.25    0.24    0.23    0.24    6.99     11.81      0.98
    1973    2.83    4.88    2.80    1.31    0.42    0.75    0.36    0.35    0.34    0.32    0.30    0.28     14.94      1.25
    1974    0.27    0.94    1.34    4.11    9.64    3.68    0.74    0.57    0.48    0.44    0.40    1.45     24.06      2.01
    1975    0.75    0.47    5.74    7.56    4.03    1.53    0.67    0.62    0.55    0.50    0.47    0.43     23.30      1.94
    1976    0.86    0.68    0.53    0.79   13.82    5.55    0.69    0.59    0.52    0.48    0.47    1.15     26.14      2.18
    1977    0.57    0.48    1.09    3.02    1.28    2.57    1.08    0.54    0.50    0.50    0.50    0.49     12.61      1.05
    1978    5.42    4.15    1.14    0.49    0.42    0.40    0.54    0.44    0.43    0.41    0.42    0.44     14.70      1.22
    1979    0.44    0.41    0.42    0.61    2.42    0.85    0.36    0.34    0.33    0.32    0.31    0.32      7.12      0.59
    1980    0.32    1.11    0.71    1.02    0.72    0.41    0.28    3.45    1.52    0.53    0.47    0.76     11.31      0.94
    1981    0.75    1.94    0.81    0.29    0.26    0.46    0.27    0.27    0.25    0.24    0.23    0.22      5.98      0.50
    1982    0.65    0.41    0.22    0.18    0.16    0.16    0.16    0.16    0.17    0.17    0.19    0.19      2.82      0.24
    1983    0.18    6.47    2.69   45.18   15.26    1.15    0.52    0.45    0.45    0.54    0.62    0.55     74.08      6.17
    1984    0.51    0.43    0.33    2.45   13.68    4.77    0.50    0.43    0.41    0.41    0.39    0.36     24.66      2.06
    1985    0.65    0.37    0.31    0.42    0.53    0.35    0.29    0.28    0.28    0.28    0.26    0.25      4.27      0.36
    1986    0.25    0.24    1.92    2.86    0.90    1.03    0.66    0.37    0.36    0.35    0.43   16.43     25.80      2.15
    1987    7.23    1.84    1.28    0.84    3.81    4.88    1.58    0.58    0.57    0.61    0.57    0.54     24.33      2.03
    1988    3.33    2.16    3.68    1.30    7.94    3.51    0.62    0.54    0.53    0.53    0.49    0.46     25.09      2.09
    1989    0.45   10.70    5.18    1.75    0.69    0.90    0.61    0.57    0.52    0.50    0.53    0.57     22.99      1.92
    1990    0.56    0.54    0.89    6.50    3.60    1.44    0.63    4.26    1.91    0.93    0.78    0.66     22.71      1.89
    1991    0.65    0.60    0.64    0.50    0.98    0.49    0.48    0.47    0.45    0.45    0.44    0.42      6.57      0.55
    1992    0.42    0.40    1.72    0.63    2.17    1.60    0.47    0.43    0.39    0.38    0.38    0.37      9.36      0.78
    1993    8.92    3.48    1.46    0.80    0.38    0.35    0.34    0.33    0.31    0.31    0.31    0.29     17.28      1.44
    1994    2.28    2.62    1.60    0.44    0.28    0.27    1.28    0.83    0.46    0.40    0.35    0.30     11.12      0.93
    1995    0.44    1.55    6.25    6.26    6.55    2.50    0.64    0.54    0.46    0.41    0.39    0.34     26.32      2.19
    1996    1.35    0.81    0.72    1.25    0.89    1.11    0.58    0.42    0.44    0.45    0.46    0.49      8.97      0.75
    1997    0.87    4.41    1.91    1.16    0.90    0.36    0.33    0.33    0.32    0.32    0.31    0.32     11.54      0.96
    1998    0.39    0.42    1.96    3.05    1.54    0.44    0.39    0.38    0.36    0.35    0.35    0.37      9.99      0.83
    1999    0.47    0.71    8.66    4.66    5.65    5.38    1.91    0.85    0.72    0.60    0.51    0.48     30.60      2.55
    2000    0.80   10.21    4.34    1.06    1.06    0.52    0.51    0.51    0.49    0.49    0.47    0.46     20.93      1.74
    2001    0.47    2.03    1.36    0.44    0.38    0.35    0.33    0.33    0.32    0.34    0.37    0.36      7.09      0.59
    2002    0.34    0.32    0.80    0.33    0.28    0.27    0.27    0.27    0.28    0.28    0.27    0.27      3.99      0.33
    2003    0.26    0.42    0.24    0.62    4.78    2.45    0.59    0.40    0.35    0.36    0.35    0.31     11.11      0.93
    2004    0.27    0.59    0.29    0.19    0.57    0.95    0.33    0.20    0.20    0.19    0.18    0.17      4.14      0.35
    2005    0.16    1.00    0.43    0.37    0.16    0.11    0.11    0.12    0.11    0.11    0.34    0.20      3.22      0.27
    2006    0.30    1.48    5.29    1.96    0.21    0.16    0.15    0.15    0.40    0.23    0.20    0.17     10.68      0.89
    2007    0.39    1.43    0.98    0.26    0.13    0.33    0.46    0.19    0.18    0.17    0.16    0.15      4.82      0.40
    2008    0.13    0.63    0.41    1.20    1.82    0.61    0.16    0.16    0.16    0.16    0.16    0.18      5.78      0.48
    2009    0.69    0.63    0.39    0.64    0.97    0.36    0.27    0.17    0.15    0.15    0.14    0.13      4.70      0.39
  
 AVERAGE    1.20    1.77    1.87    2.42    2.48    2.48    1.00    0.54    0.45    0.44    0.42    0.74     15.81      1.32
