    1920    6.16    3.57    4.11    4.92    1.82    2.05    1.35    1.25    1.19    1.14    1.08    1.09     29.72      2.48
    1921    2.12   29.94   15.86    2.66    4.01    2.13    1.14    1.08    1.10    1.06    1.08    1.05     63.24      5.27
    1922    1.68    4.19    2.90   10.08    3.70    0.88    0.77    0.72    0.68    0.66    0.62    0.57     27.45      2.29
    1923    0.53    1.28    3.74    1.27    0.61    1.75    0.66    0.43    0.41    0.37    0.35    2.32     13.72      1.14
    1924    1.15    1.32    5.62    2.64    1.48  155.00   51.36    1.19    0.99    0.93    0.86    0.87    223.41     18.62
    1925    2.38    1.15    0.79    0.67    0.61    0.57    0.55    0.53    0.53    0.50    0.45    0.43      9.14      0.76
    1926    0.41    0.36    0.45    0.38    0.36    1.53    0.57    0.24    0.22    0.24    0.27    0.24      5.29      0.44
    1927    2.16    1.18    2.14    3.49    1.25    0.26    0.25    0.25    0.23    0.23    0.23    0.25     11.92      0.99
    1928    0.30    0.24    0.45    0.84    2.83    4.45    1.69    0.42    0.39    0.41    0.39    1.43     13.83      1.15
    1929    1.08    0.56    1.03   12.79    4.94    1.50    0.71    0.55    0.49    0.46    0.46    0.47     25.04      2.09
    1930    0.42    0.67    1.66    0.59    0.26    0.45    0.26    0.24    0.22    0.22    0.21    0.20      5.40      0.45
    1931    0.18    0.86    0.57    0.20    5.09    2.09    1.27    1.14    0.59    0.43    0.35    0.33     13.11      1.09
    1932    0.33    1.41    2.60    2.30    2.19    1.02    0.39    0.34    0.31    0.30    0.29    0.27     11.75      0.98
    1933    0.27    3.94    4.75    3.09    1.42    0.77    0.41    0.39    0.37    0.38    0.42    0.39     16.60      1.38
    1934    0.33    0.30    1.29    0.80    0.22    0.19    0.18    0.18    0.19    0.19    0.18    0.16      4.22      0.35
    1935    0.14    0.11    0.08    4.59    3.75    2.27    0.74    0.66    0.43    0.35    0.30    0.27     13.70      1.14
    1936    0.49    9.68    3.61    4.09    6.59    2.66    0.63    0.53    0.47    0.46    0.46    0.47     30.13      2.51
    1937    0.46    0.38    9.45    3.62    0.74    0.61    0.41    0.41    0.52    0.55    0.51    0.41     18.06      1.50
    1938    0.50    0.33   11.32    4.44   13.67    7.09    1.29    0.81    0.75    0.74    0.73    0.81     42.49      3.54
    1939    0.81    5.69    2.19    1.16    0.56    3.94    1.69    0.76    1.94    1.10    0.88    0.78     21.50      1.79
    1940    0.70    1.91    5.44    2.30    0.60    0.75    0.58    0.56    0.52    0.49    0.47    0.44     14.76      1.23
    1941    0.40    0.34    0.90    3.17    1.13    2.00    0.80    0.34    0.49    0.43    0.40    0.39     10.78      0.90
    1942    0.53    2.67    3.20    1.16    0.93    4.81    8.42    3.38    1.09    1.40    1.39    1.26     30.24      2.52
    1943    1.50    2.61    1.31    0.95    2.86    1.07    0.89    0.83    0.84    0.88    0.80    0.76     15.31      1.28
    1944    0.74    0.65    0.56    1.22    1.65    6.09    2.50    0.72    0.59    0.52    0.46    0.41     16.11      1.34
    1945    0.38    0.33    0.40   11.07    5.20    1.01    0.47    0.40    0.35    0.33    0.30    0.29     20.52      1.71
    1946    0.35    0.55    0.76    0.90    3.26    1.41    0.32    0.28    0.26    0.25    0.23    0.23      8.80      0.73
    1947    0.48    1.19    1.03    0.35    0.76    0.75    0.29    0.20    0.18    0.17    0.16    0.20      5.74      0.48
    1948    0.68    1.47    0.72    8.17    3.78    0.71    1.20    0.71    0.49    0.44    0.38    0.36     19.12      1.59
    1949    0.36    0.78    7.78    3.37    0.82    1.01    0.45    0.39    0.36    0.34    0.32    0.29     16.27      1.36
    1950    0.27    0.25    6.41    3.46    0.55    0.36    0.34    0.28    0.26    0.25    1.73    0.84     14.98      1.25
    1951    1.23    0.55    2.85    1.17    0.47    0.24    0.21    0.20    0.21    0.23    0.23    0.19      7.78      0.65
    1952    0.17    2.88    7.09    2.40    0.34    0.24    0.23    0.24    0.23    0.23    0.21    0.22     14.48      1.21
    1953    0.30    4.11    1.63    0.45    1.32    0.55    0.23    0.82    0.46    0.31    0.29    0.93     11.40      0.95
    1954    2.15    1.62    0.57    4.12    2.33    3.87    1.55    0.58    0.54    0.49    0.44    0.39     18.65      1.55
    1955    1.74    3.86    2.74    0.68   13.52    5.11    0.59    0.55    0.53    0.50    0.47    0.46     30.75      2.56
    1956    0.79    0.78    3.53    1.44    2.61    1.15    0.43    0.40    0.37    0.78    0.54    8.23     21.05      1.75
    1957   40.50   13.12    0.80    7.16    5.42    1.24    0.80    0.80    0.79    0.77    0.71    0.67     72.77      6.06
    1958    1.01    2.63    3.19    2.55    1.30    0.54    0.46    0.45    0.46    0.43    0.42    0.44     13.88      1.16
    1959    1.65    0.99    0.94    0.36    4.83    2.75    0.78    0.48    0.41    0.37    0.37    0.39     14.31      1.19
    1960    0.39    2.20    7.94    3.51    0.98    0.83    0.90    0.54    0.70    0.65    0.57    0.80     20.01      1.67
    1961    1.13    1.63    0.64    0.38    0.34    0.64    0.54    0.39    0.35    0.33    0.34    0.35      7.05      0.59
    1962    0.35    2.16    1.12    0.76    0.95    2.19    0.90    0.34    0.34    4.10    2.00    0.60     15.81      1.32
    1963    0.74    1.18    0.70    8.36    3.20    0.49    0.66    0.55    0.52    0.48    0.44    0.39     17.71      1.48
    1964    2.51    1.42    1.53    0.54    0.27    0.24    0.22    0.23    0.23    0.24    0.26    0.28      7.96      0.66
    1965    0.57    0.55    0.34   18.33    6.94    0.47    0.33    0.32    0.31    0.30    0.29    0.27     29.04      2.42
    1966    0.25    0.23    0.77    1.46    7.25    2.89    1.12    0.66    0.48    0.43    0.38    0.34     16.28      1.36
    1967    0.35    0.98    0.41    0.26    0.64    0.95    0.34    0.24    0.22    0.21    0.21    0.21      5.04      0.42
    1968    0.23    0.30    0.26    1.61    0.83    3.50    1.62    0.54    0.40    0.34    0.29    0.28     10.20      0.85
    1969    2.51    1.23    0.51    0.24    0.20    0.19    0.19    0.20    0.23    0.22    0.22    0.22      6.16      0.51
    1970    0.62    0.63    0.29    2.76    1.12    0.44    0.81    0.38    0.25    0.24    0.23    0.21      7.99      0.67
    1971    0.64    1.18    2.69    4.56   31.32   12.89    1.63    1.01    0.99    0.91    0.83    0.75     59.41      4.95
    1972    0.71    1.13    0.68    0.61    2.13    0.76    0.54    0.52    0.47    0.44    0.43   10.60     19.02      1.58
    1973    4.33    7.42    4.23    1.97    0.63    1.13    0.61    0.62    0.62    0.60    0.56    0.50     23.23      1.94
    1974    0.46    1.42    2.03    6.20   14.54    5.51    1.12    0.84    0.71    0.65    0.60    2.19     36.27      3.02
    1975    1.13    0.73    8.71   11.45    6.08    2.31    1.05    0.99    0.90    0.84    0.80    0.73     35.71      2.98
    1976    1.31    1.02    0.81    1.19   20.88    8.38    1.02    0.86    0.75    0.68    0.64    1.74     39.28      3.27
    1977    0.87    0.63    1.64    4.56    1.93    3.88    1.63    0.68    0.61    0.62    0.62    0.59     18.26      1.52
    1978    8.04    6.14    1.73    0.63    0.52    0.48    0.82    0.55    0.53    0.50    0.51    0.52     20.97      1.75
    1979    0.51    0.45    0.63    0.93    3.55    1.28    0.32    0.30    0.28    0.26    0.25    0.42      9.19      0.77
    1980    0.28    1.66    1.07    1.54    1.09    0.63    0.23    5.03    2.26    0.65    0.58    1.15     16.15      1.35
    1981    1.14    2.93    1.22    0.43    0.39    0.69    0.42    0.42    0.40    0.38    0.35    0.31      9.08      0.76
    1982    0.98    0.62    0.26    0.19    0.22    0.16    0.15    0.15    0.16    0.17    0.20    0.19      3.43      0.29
    1983    0.24    9.71    3.97   67.81   22.90    1.75    0.76    0.68    0.71    0.89    1.04    0.97    111.42      9.29
    1984    0.88    0.80    0.65    3.70   20.72    7.37    0.87    0.77    0.74    0.72    0.67    0.61     38.52      3.21
    1985    0.99    0.60    0.49    0.63    0.81    0.54    0.40    0.37    0.35    0.34    0.31    0.28      6.11      0.51
    1986    0.27    0.30    2.78    4.20    1.36    1.55    1.00    0.43    0.42    0.40    0.65   24.02     37.39      3.12
    1987   10.25    2.66    1.94    1.27    5.76    7.49    2.39    1.10    1.14    1.22    1.17    1.10     37.49      3.12
    1988    5.03    3.27    5.55    1.97   12.26    5.30    1.12    0.98    0.97    0.96    0.88    0.81     39.10      3.26
    1989    0.78   16.21    7.85    2.65    1.04    1.37    0.92    0.80    0.71    0.66    0.70    0.74     34.43      2.87
    1990    0.75    0.67    1.34    9.59    5.41    2.18    0.72    6.31    2.88    1.20    0.98    0.81     32.86      2.74
    1991    0.84    0.73    0.97    0.56    1.47    0.56    0.49    0.45    0.42    0.39    0.36    0.33      7.58      0.63
    1992    0.30    0.52    2.55    0.95    3.15    2.38    0.65    0.34    0.29    0.27    0.28    0.27     11.95      1.00
    1993   13.30    5.00    2.20    1.21    0.35    0.47    0.31    0.29    0.28    0.28    0.28    0.25     24.22      2.02
    1994    3.28    3.76    2.39    0.67    0.25    0.40    1.92    1.26    0.56    0.49    0.43    0.36     15.78      1.31
    1995    0.67    2.31    9.39    9.42    9.90    3.77    1.00    0.92    0.82    0.78    0.76    0.71     40.46      3.37
    1996    2.04    1.22    1.09    1.89    1.35    1.68    0.87    0.68    0.69    0.69    0.70    0.73     13.63      1.14
    1997    1.31    6.65    2.89    1.75    1.36    0.54    0.49    0.48    0.46    0.44    0.41    0.40     17.17      1.43
    1998    0.58    0.64    2.93    4.43    2.33    0.66    0.40    0.38    0.34    0.32    0.32    0.35     13.70      1.14
    1999    0.72    1.07   12.94    6.83    8.34    7.95    2.89    1.23    1.09    0.95    0.86    0.83     45.69      3.81
    2000    1.22   15.58    6.56    1.61    1.61    0.89    0.87    0.84    0.79    0.78    0.72    0.69     32.15      2.68
    2001    0.68    3.06    2.05    0.62    0.45    0.38    0.34    0.31    0.30    0.31    0.35    0.32      9.17      0.76
    2002    0.29    0.24    1.20    0.50    0.27    0.15    0.14    0.14    0.16    0.16    0.14    0.14      3.51      0.29
    2003    0.12    0.63    0.35    0.89    7.01    3.46    0.89    0.38    0.32    0.35    0.35    0.31     15.06      1.25
    2004    0.26    0.90    0.44    0.28    0.86    1.43    0.50    0.21    0.21    0.21    0.20    0.18      5.68      0.47
    2005    0.17    1.44    0.65    0.56    0.25    0.10    0.12    0.12    0.11    0.11    0.52    0.30      4.46      0.37
    2006    0.45    2.19    7.95    2.92    0.32    0.21    0.19    0.20    0.60    0.36    0.29    0.25     15.95      1.33
    2007    0.60    2.15    1.47    0.39    0.17    0.49    0.69    0.29    0.24    0.24    0.21    0.20      7.15      0.60
    2008    0.17    0.94    0.62    1.78    2.72    0.93    0.21    0.21    0.22    0.21    0.21    0.26      8.47      0.71
    2009    1.03    0.95    0.59    0.97    1.44    0.55    0.41    0.24    0.21    0.21    0.20    0.17      6.98      0.58
  
 AVERAGE    1.72    2.58    2.78    3.60    3.66    3.69    1.41    0.68    0.56    0.54    0.51    1.00     22.74      1.90
