    1920    2.83    0.89    0.51    0.32    0.20    1.86    0.72    0.25    0.22    0.20    0.18    0.52      8.70      0.72
    1921    0.42    0.98    1.49    0.47    0.12    0.81    0.32    0.14    0.13    0.13    0.11    0.09      5.21      0.43
    1922    0.57    0.47    0.16    5.95    2.06    0.12    0.10    5.04    1.93    0.49    0.35    0.23     17.47      1.46
    1923    0.18    0.37    2.01    0.74    1.78    1.05    0.23    0.20    0.20    0.18    0.17    0.90      8.01      0.67
    1924    0.50    1.37    1.57    1.58   27.64   43.47   11.41    0.65    0.75    0.50    0.49    0.39     90.32      7.53
    1925    0.39    0.35    0.27    0.22    0.19    0.45    0.18    0.17    0.16    0.15    0.13    0.12      2.78      0.23
    1926    0.12    0.18    0.15    0.16    0.19    0.46    0.17    0.19    0.11    0.24    0.16    0.11      2.24      0.19
    1927    0.33    0.32    0.32    0.69    0.30    0.15    0.10    0.41    0.22    0.12    0.11    0.21      3.28      0.27
    1928    0.15    0.17    0.54    0.40    0.15    5.35    1.98    0.23    0.24    0.25    0.25    0.99     10.70      0.89
    1929    0.75    0.28    0.18   11.37    3.97    1.35    0.56    0.29    0.27    0.27    0.27    0.28     19.86      1.65
    1930    0.23    0.57    0.50    0.14    0.12    0.48    0.19    0.11    0.11    0.11    0.10    0.08      2.73      0.23
    1931    0.08    1.21    0.80    0.20    7.42    2.89   14.83   11.16    2.44    0.44    0.36    0.33     42.15      3.51
    1932    0.32    0.46    1.99    0.97    1.42    0.57    0.25    0.22    0.20    0.20    0.18    0.17      6.95      0.58
    1933    0.16    0.35    0.53    1.27    1.14    0.49    0.36    0.26    0.23    0.24    0.25    0.22      5.50      0.46
    1934    0.17    0.15    1.41    0.62    0.11    0.11    0.09    0.09    0.12    0.13    0.12    0.10      3.22      0.27
    1935    0.08    0.06    0.04    0.41    1.48    1.03    0.28    0.54    0.32    0.21    0.19    0.15      4.80      0.40
    1936    0.40    8.54    3.00    5.66    7.83    2.44    0.37    0.31    0.28    0.28    0.28    0.28     29.66      2.47
    1937    0.24    0.20    3.36    1.65    0.37    0.22    0.18    0.17    0.17    0.26    0.24    0.18      7.23      0.60
    1938    0.39    0.18    4.79    1.81    9.72    4.69    0.69    0.46    0.38    0.38    0.35    0.85     24.68      2.06
    1939    0.46    2.76    1.02    0.53    0.21    5.77    2.17    2.31   21.55    7.09    0.53    0.50     44.88      3.74
    1940    0.54    6.65    3.20    0.47    0.30    0.28    0.27    0.26    0.24    0.22    0.21    0.20     12.82      1.07
    1941    0.18    0.16    0.63    3.92    1.47    1.71    0.83    0.28    0.30    0.28    0.26    0.27     10.29      0.86
    1942    0.25    0.93    3.06    1.06    1.66   30.33   23.67    4.93    0.53    0.82    1.93    1.12     70.28      5.86
    1943    0.72    1.02    0.75    0.32    2.17    0.91    0.30    0.26    1.45    0.70    0.37    0.98      9.95      0.83
    1944    0.63    0.53    0.28    0.56    2.11    5.24    1.79    0.31    0.30    0.28    0.24    0.20     12.46      1.04
    1945    0.19    0.15    0.22    2.88    1.16    0.95    0.48    0.18    0.15    0.13    0.12    0.12      6.74      0.56
    1946    0.13    0.10    0.32    0.33    2.65    1.86    0.50    0.17    0.17    0.19    0.17    0.16      6.74      0.56
    1947    0.19    0.37    0.31    0.19    0.55    0.88    0.48    0.15    0.12    0.10    0.09    0.13      3.58      0.30
    1948    0.12    0.37    0.20    4.21    2.31    0.48   18.60    6.28    0.36    0.31    0.26    0.24     33.72      2.81
    1949    0.25    0.36    3.55    1.51    0.53    0.67    0.25    0.20    0.19    0.17    0.16    0.14      7.99      0.67
    1950    0.12    0.10    2.12    0.93    0.12    0.86    0.44    0.14    0.13    0.12    0.72    0.37      6.17      0.51
    1951    0.32    0.15    0.19    0.13    0.11    0.12    0.07    0.13    0.09    0.24    0.16    0.09      1.80      0.15
    1952    0.07    0.69    2.54    0.93    0.22    0.14    0.08    0.08    0.08    0.07    0.07    0.11      5.07      0.42
    1953    0.22    0.69    0.30    0.09    0.93    0.40    0.16    0.60    0.31    0.14    0.13    0.50      4.46      0.37
    1954    5.95    2.31    0.21    2.27    1.30    3.97    1.53    0.32    0.27    0.24    0.21    0.20     18.78      1.57
    1955    0.46    1.00    0.48    0.13    2.52    1.55    0.31    0.18    0.18    0.16    0.15    0.15      7.28      0.61
    1956    0.62    0.43    9.38    3.95    1.76    0.73    0.44    0.28    0.25    0.26    0.29    7.43     25.81      2.15
    1957   22.16    6.64    0.37   10.69    5.29    0.88    0.36    0.34    0.32    0.32    0.29    0.27     47.92      3.99
    1958    0.64    0.44    0.55    0.61    0.20    0.14    0.13    0.21    0.14    0.13    0.13    0.14      3.47      0.29
    1959    0.54    0.44    0.24    0.09    0.86    1.01    0.73    0.29    0.17    0.14    0.13    0.16      4.80      0.40
    1960    0.20    2.68   11.99    4.45    0.61    0.48    0.42    0.28    0.98    0.54    0.36    0.33     23.32      1.94
    1961    0.43    0.51    0.24    0.22    0.16    1.31    0.61    0.21    0.17    0.15    0.16    0.15      4.33      0.36
    1962    0.22    2.54    1.27    0.47    0.41    0.59    0.29    0.15    0.46   30.34   10.07    0.31     47.13      3.93
    1963    0.39    0.47    0.62    3.16    1.21    0.24    0.89    0.39    0.25    0.23    0.21    0.17      8.23      0.69
    1964    3.17    1.32    0.23    0.14    0.11    0.10    0.10    0.10    0.11    0.12    0.69    0.42      6.60      0.55
    1965    0.54    0.52    0.19    3.72    2.30    0.46    0.16    0.15    0.14    0.13    0.13    0.13      8.58      0.71
    1966    0.12    0.20    0.41    0.29    2.71    1.19    1.19    0.54    0.20    0.19    0.18    0.17      7.38      0.62
    1967    0.35    0.76    0.29    0.12    0.24    0.49    0.18    0.10    0.09    0.09    0.11    0.12      2.96      0.25
    1968    0.24    0.34    0.39    0.16    0.09    9.72    3.52    0.31    0.25    0.21    0.18    0.17     15.56      1.30
    1969    1.47    0.61    0.16    0.11    0.10    0.09    0.09    0.27    0.15    0.12    0.10    0.10      3.38      0.28
    1970    0.41    0.89    0.34    1.29    0.75    0.76    0.47    0.87    0.44    0.26    0.23    0.20      6.91      0.58
    1971    0.54    0.40    1.24    2.45   28.53    9.62    0.38    0.62    0.43    0.41    0.36    0.30     45.30      3.77
    1972    0.27    0.50    0.36    0.20    0.64    0.24    0.16    0.15    0.13    0.13    0.80   17.38     20.96      1.75
    1973    5.80    1.81    1.09    0.82    0.32    0.44    0.24    0.26    0.28    0.26    0.22    0.18     11.71      0.98
    1974    0.16    1.54    1.08    3.17   15.68    5.23    0.51    0.35    0.30    0.28    0.26    1.24     29.80      2.48
    1975    0.56    0.27    3.83   24.35    8.37    1.87    1.29    0.58    0.53    0.53    0.51    0.37     43.05      3.59
    1976    0.90    0.48    0.39    1.51   30.48   15.90    2.26    0.40    0.35    0.33    0.32    0.35     53.66      4.47
    1977    0.34    0.28    0.81    3.01    1.07    0.37    0.41    0.24    0.22    0.29    0.30    0.26      7.60      0.63
    1978    1.34    0.90    0.29    0.15    0.13    0.12    0.15    0.14    0.15    0.14    0.15    0.15      3.82      0.32
    1979    0.22    0.14    0.84    0.44    0.45    0.17    0.08    0.09    0.09    0.08    0.09    0.34      3.02      0.25
    1980    0.20    0.48    0.27    0.84    0.48    0.12    0.06    3.85    1.70    0.38    0.32    1.36     10.07      0.84
    1981    0.83    1.43    0.53    0.23    0.21    0.70    0.44    0.26    0.24    0.21    0.18    0.16      5.41      0.45
    1982    0.43    0.27    0.12    0.09    0.15    0.08    0.07    0.07    0.07    0.17    0.43    0.25      2.19      0.18
    1983    0.46    3.28    1.56   45.71   20.29    2.50    0.52    0.41    0.42    1.57    1.57    0.59     78.89      6.57
    1984    0.47    0.42    0.34    2.29   16.36    5.40    0.35    0.31    0.54    0.54    0.45    0.41     27.88      2.32
    1985   12.53    4.43    0.34    0.28    0.44    0.25    0.25    0.24    0.23    0.23    0.20    0.19     19.62      1.63
    1986    0.19    0.16    0.94    1.86    0.60    2.58    1.04    0.20    0.27    0.26    1.14   53.01     62.24      5.19
    1987   17.87    0.71    0.52    0.29    8.38    4.18    0.65    0.42    0.42    0.44    0.39    0.36     34.64      2.89
    1988    1.89    0.83    2.41    0.92    8.63    3.16    0.31    0.28    0.29    0.28    0.25    0.23     19.50      1.62
    1989    0.25   15.15    5.58    1.02    0.63    1.28    0.57    0.28    0.24    0.21    0.22    0.21     25.63      2.14
    1990    0.63    0.40    0.57    3.08    2.75    5.53    1.92   13.82    4.90    0.56    0.46    0.38     35.01      2.92
    1991    0.37    0.33    0.28    0.24    0.21    0.19    0.18    0.16    0.15    0.14    0.13    0.12      2.48      0.21
    1992    0.12    0.30    0.48    0.24    0.74    0.56    0.17    0.09    0.08    0.07    0.08    0.08      3.00      0.25
    1993   13.18    4.54    0.78    0.51    0.13    0.24    0.11    0.11    0.10    0.10    0.10    0.10     19.99      1.67
    1994    3.07    1.62    0.30    0.09    0.08    0.55    0.61    0.30    0.26    0.21    0.17    0.13      7.40      0.62
    1995    0.55    1.24    2.26    4.02    8.05    3.07    0.45    0.35    0.31    0.31    0.31    0.26     21.19      1.77
    1996    0.69    0.37    0.31    1.39    1.09    0.42    0.50    0.29    0.27    0.28    0.28    0.47      6.37      0.53
    1997    0.63   13.65    4.60    0.27    1.34    0.48    0.23    0.23    0.20    0.19    0.18    0.16     22.17      1.85
    1998    0.82    0.62    0.42    0.69    1.05    0.38    0.18    0.14    0.13    0.13    0.14    0.15      4.84      0.40
    1999    1.66    0.84    5.18    3.63    2.19    8.42    3.13    0.78    0.56    0.47    0.39    0.39     27.63      2.30
    2000    0.41   20.72    7.26    0.75    0.59    0.31    0.28    0.26    0.24    0.23    0.22    0.76     32.05      2.67
    2001    0.44    1.50    0.87    0.28    0.14    0.12    0.11    0.10    0.10    0.32    0.25    0.18      4.42      0.37
    2002    0.14    0.16    0.27    0.16    0.30    0.13    0.06    0.06    0.12    0.11    0.09    0.08      1.69      0.14
    2003    0.07    0.24    0.13    0.61    1.23    0.67    0.21    0.10    0.08    0.16    0.12    0.12      3.73      0.31
    2004    0.10    0.29    0.18    0.39    0.77    1.06    0.37    0.11    0.13    0.13    0.11    0.09      3.73      0.31
    2005    0.10    0.51    0.23    0.97    0.49    0.14    0.24    0.12    0.10    0.09    0.75    0.39      4.12      0.34
    2006    0.31    0.80    1.57    0.67    0.12    0.09    0.46    0.20    1.02    0.50    0.19    0.15      6.08      0.51
    2007    0.93    0.69    0.50    0.23    0.10    0.39    0.73    0.29    0.27    0.20    0.15    0.14      4.62      0.38
    2008    0.12    0.21    0.23    0.87    1.27    0.42    0.11    0.11    0.11    0.10    0.10    0.11      3.76      0.31
    2009    1.01    0.81    0.67    1.22    1.09    0.44    0.18    0.14    0.13    0.12    0.11    0.09      6.00      0.50
  
 AVERAGE    1.35    1.53    1.33    2.16    2.99    2.45    1.27    0.77    0.61    0.67    0.40    1.15     16.67      1.39
