    1920    2.40    3.58    3.85    2.77    2.21    3.34    2.83    1.83    1.29    1.02    0.84    1.12     27.09      2.26
    1921    2.10   30.79   23.24    6.68    2.81    2.29    1.75    1.47    1.37    1.15    1.79    1.90     77.36      6.45
    1922    2.82   20.32   17.09   13.27    5.91    2.57    1.63    1.20    0.92    0.89    0.81    0.63     68.08      5.67
    1923    1.05    1.83    5.06    4.17    3.66    7.47    4.33    2.12    1.42    1.00    0.82    1.24     34.17      2.85
    1924    1.88    6.27    9.26    4.61    2.78   45.26   17.24    2.48    1.52    1.32    1.08    1.24     94.97      7.91
    1925    1.74    1.82    2.09    2.33    2.01    2.33    1.98    1.40    1.38    1.15    0.80    1.41     20.44      1.70
    1926    1.86    1.59    1.56    1.57    2.19    5.77    3.67    1.66    0.93    1.10    1.10    0.83     23.83      1.99
    1927    1.78    2.17    2.23    3.10    3.00    2.34    1.68    1.11    0.75    0.64    0.67    1.03     20.49      1.71
    1928    1.52    1.72    2.05    1.88    1.84   10.98    6.11    2.71    2.17    1.97    1.39    1.96     36.31      3.03
    1929    5.79    4.58    3.33   10.37    5.94    3.15    2.00    1.11    0.83    0.83    0.89    0.97     39.80      3.32
    1930    0.88    0.91    1.46    1.98    2.01    1.54    1.25    1.04    0.72    0.74    0.68    0.48     13.70      1.14
    1931    0.53    0.79    1.21    1.23    2.45    3.76    2.92    2.32    2.13    1.54    0.96    0.75     20.58      1.71
    1932    1.00    1.32   12.71    5.88    1.82    1.36    1.33    1.07    0.76    0.91    0.88    0.62     29.68      2.47
    1933    0.79    2.38   28.03   26.19    7.59    2.77    2.72    2.08    1.35    1.30    1.83    1.59     78.60      6.55
    1934    1.34    2.36   12.58    6.42    3.02    2.65    2.14    1.67    1.32    0.99    0.78    0.68     35.95      3.00
    1935    0.86    0.78    1.29   24.59   10.82    5.39    3.34    2.89    2.88    1.84    1.05    0.90     56.63      4.72
    1936    1.26    7.66    4.46   10.74   13.60    5.56    1.95    1.09    0.82    0.73    0.65    0.82     49.35      4.11
    1937    1.15    1.06    2.05    2.69    2.81    3.09    3.27    2.57    1.79    1.74    1.38    1.00     24.60      2.05
    1938    2.23    3.07    7.26    5.36   33.32   20.14    5.02    1.95    1.57    1.51    1.53    1.44     84.41      7.03
    1939    2.02    9.87    5.64    3.27    2.53    1.82    1.67    2.37    3.34    2.76    1.66    1.12     38.09      3.17
    1940    1.24    2.29    9.23    5.08    3.05    2.73    2.58    2.06    1.23    1.00    0.86    0.86     32.21      2.68
    1941    1.00    1.23    1.54    2.61    3.53   11.26    5.37    2.03    1.96    1.59    1.20    1.15     34.46      2.87
    1942    1.68    9.35    8.37    4.14    3.00    3.52   13.89    6.76    2.35    2.47    3.71    3.03     62.28      5.19
    1943    2.97    3.72    7.72    5.05   16.90    7.30    1.74    1.07    1.68    1.93    1.18    1.50     52.77      4.40
    1944    2.48    2.25    1.72    1.64    1.82    3.27    3.05    1.88    1.09    0.82    0.66    0.56     21.23      1.77
    1945    0.55    0.51    0.48    1.46    2.31    2.35    1.97    1.25    0.77    0.63    0.55    0.59     13.42      1.12
    1946    1.30    2.83    3.37    2.83    2.81    2.73    2.31    1.67    1.22    1.08    0.79    0.65     23.59      1.97
    1947    0.93    2.44    3.46    2.97    4.11    4.68    3.26    1.95    1.21    0.86    0.67    0.82     27.36      2.28
    1948    1.42    2.17    2.37    4.54    4.04    3.60    3.44    2.72    1.71    1.08    0.80    0.76     28.66      2.39
    1949    1.61    2.35    2.85    2.93    2.46    2.86    2.92    2.29    1.56    1.08    0.96    0.73     24.60      2.05
    1950    0.84    1.47    3.32    3.16    2.25    4.15    3.73    2.63    1.71    1.30    2.11    2.15     28.83      2.40
    1951    2.74    2.27    2.36    3.08    2.55    2.00    1.70    1.28    0.91    1.08    1.01    0.66     21.62      1.80
    1952    0.66    1.48    6.79    3.86    2.78    2.81    2.31    1.61    1.03    0.80    0.72    0.74     25.59      2.13
    1953    0.87    2.24    2.30    1.86    3.30    3.07    2.26    1.90    1.50    1.02    0.80    1.05     22.18      1.85
    1954    1.99    3.32    2.88    2.95    7.31    4.95    2.94    1.91    1.27    0.92    0.77    0.61     31.83      2.65
    1955    1.26    2.36    6.29    3.53   16.47    7.92    2.60    1.76    1.44    1.08    0.84    1.03     46.60      3.88
    1956    2.25    3.50   11.59    6.10    3.54    3.60    3.83    3.18    2.08    2.51    2.51   12.73     57.41      4.78
    1957   28.46   10.08    1.78    2.09    3.04    2.28    2.15    1.89    1.21    0.98    0.78    0.99     55.71      4.64
    1958    1.59   13.84    9.08    3.73    2.27    1.67    1.23    1.41    1.34    0.97    0.84    1.03     39.00      3.25
    1959    1.70    2.36    3.07    2.55    2.69    3.00    2.75    2.13    1.33    0.89    1.05    1.34     24.86      2.07
    1960    1.94    9.39   25.69    9.84    3.09    2.45    2.48    2.55    2.06    1.51    1.11    1.45     63.56      5.30
    1961    1.78    2.17    2.34    2.30    2.15    2.05    1.94    1.45    0.91    0.72    0.76    0.80     19.37      1.61
    1962    1.00    3.08    9.51    5.22    2.41    1.90    2.00    1.59    1.87   15.80    7.16    1.64     53.18      4.43
    1963    1.27    2.11    1.70    2.83    3.04    2.09    1.39    1.10    0.86    0.75    0.66    0.55     18.34      1.53
    1964    2.69    6.11    4.88    2.97    2.20    1.56    0.99    0.90    1.02    1.10    1.10    1.02     26.52      2.21
    1965    1.18    1.66    1.75    8.91    5.85    2.70    1.49    1.44    1.38    1.04    0.98    1.12     29.49      2.46
    1966    1.28    1.50    2.14   10.10   11.34    5.25    2.83    1.88    1.17    0.92    0.75    0.63     39.78      3.32
    1967    1.19    5.20    4.02    2.96    2.38    2.53    2.22    1.30    0.80    0.69    0.83    0.76     24.88      2.07
    1968    0.70    1.22    2.11    2.41    2.14    2.87    3.37    2.59    1.59    1.03    0.78    0.91     21.73      1.81
    1969    2.15    2.61    2.51    2.17    1.93    1.51    1.02    0.83    0.76    0.73    0.82    0.98     18.03      1.50
    1970    1.60    2.21    2.28    4.76    3.23    1.83    2.31    3.18    2.55    1.59    1.02    0.85     27.42      2.28
    1971    1.64    2.84    4.94    9.05    8.83    4.49    2.34    1.82    1.58    1.13    0.86    0.62     40.14      3.34
    1972    0.70    1.39    1.68    1.99   14.15    6.99    3.35    2.67    1.59    1.00    1.47    2.31     39.29      3.27
    1973    2.20    2.29    2.50    5.90    3.90    2.24    1.99    1.72    1.41    1.52    1.30    0.80     27.77      2.31
    1974    0.89    3.36   13.07   10.77    4.86    3.20    2.97    2.31    1.42    1.00    0.77    1.48     46.09      3.84
    1975    1.87    2.52   10.15    5.87    5.43    6.43    4.09    2.85    2.10    1.31    0.96    0.77     44.35      3.70
    1976    1.64    2.34    3.23    9.79    5.69    3.36    2.54    1.65    1.06    0.84    0.74    1.07     33.95      2.83
    1977    1.77    2.12    2.14   19.79   11.25    3.77    2.33    1.78    1.20    0.97    1.07    1.33     49.51      4.13
    1978    4.24    4.03    3.15    2.60    2.25    1.81    1.39    1.08    0.84    0.90    1.54    1.99     25.80      2.15
    1979    2.24    2.55    2.54    3.08    9.50    4.70    1.53    0.97    0.77    0.66    0.61    0.82     29.97      2.50
    1980    0.93    1.77    3.22    7.16    4.63    2.94    2.05    1.34    1.35    1.24    1.18    1.53     29.36      2.45
    1981    1.55    1.52    1.44    1.95    1.91    2.28    2.25    1.49    0.89    0.79    0.69    0.59     17.35      1.45
    1982    1.45    1.67    1.22    0.98    0.75    0.94    1.28    1.54    1.46    1.16    1.14    0.93     14.52      1.21
    1983    1.20   10.24    5.90   67.16   24.35    3.40    3.19    2.07    1.35    1.84    2.42    2.01    125.14     10.43
    1984    2.25    2.55    2.16    2.07   17.28    7.59    1.80    0.97    0.79    0.70    0.61    0.56     39.34      3.28
    1985    1.66    2.40    2.36    8.29    5.31    3.57    2.99    1.99    1.29    1.01    0.79    0.65     32.30      2.69
    1986    0.87    1.33    4.32    4.54    3.15    2.96    2.77    1.90    1.27    1.00    1.43   14.74     40.28      3.36
    1987   10.11    4.67    3.21    4.38    3.98    3.23    2.31    1.42    1.20    1.35    1.28    0.99     38.14      3.18
    1988    1.97    2.82    7.47    4.46    7.24    4.62    2.68    1.83    1.67    1.55    1.08    0.74     38.14      3.18
    1989    1.09    8.48    5.51    3.17    2.45    2.35    2.49    1.89    1.14    0.83    0.87    0.72     30.99      2.58
    1990    0.97    1.39    2.10   18.89   15.26    5.30    2.06    1.33    1.59    1.45    1.01    0.83     52.19      4.35
    1991    1.45    1.86    2.23    2.52    3.01    2.50    1.58    1.01    0.72    0.62    0.56    0.48     18.53      1.54
    1992    0.58    1.22    2.36    2.37    2.26    2.32    2.03    1.45    0.95    0.70    0.76    0.80     17.79      1.48
    1993   10.98    5.98    3.12    3.13    2.96    4.80    3.27    1.56    0.89    0.76    0.69    0.57     38.72      3.23
    1994    1.28    1.82    2.37    2.72    2.08    1.85    1.77    1.38    1.00    0.79    0.65    0.53     18.24      1.52
    1995    1.33    3.29   21.28   16.16   31.85   15.51    4.15    2.25    1.63    1.41    1.23    0.81    100.91      8.41
    1996    1.72    2.10    2.20    3.03    2.64    4.27    3.80    2.92    2.68    2.36    1.82    1.54     31.07      2.59
    1997    1.89    9.98    5.20    4.70    4.14    3.53    2.54    1.57    1.10    0.85    0.69    0.68     36.89      3.07
    1998    1.16    2.07    7.76    4.45    2.01    1.68    1.71    1.43    1.09    0.88    0.92    0.81     25.97      2.16
    1999    0.99    1.39   14.42   14.58   16.90    6.93    3.24    3.22    2.52    1.59    1.02    0.89     67.68      5.64
    2000    1.56   15.71    7.85    2.98    2.44    2.86    2.94    2.22    1.35    0.99    0.78    1.34     43.04      3.59
    2001    2.45    3.88    3.04    2.29    2.47    1.89    1.50    1.32    1.02    1.61    2.13    1.80     25.40      2.12
    2002    1.49    1.26    1.65    1.91    2.01    1.66    0.98    0.62    0.66    0.67    0.58    0.53     14.01      1.17
    2003    0.92    2.04    2.22    2.30    9.31    8.23    3.60    1.51    0.92    1.14    1.22    1.01     34.42      2.87
    2004    0.82    1.39    2.18    2.65    3.05    3.25    2.57    1.49    0.85    0.69    0.71    0.58     20.22      1.69
    2005    0.70    1.99    2.19    1.95    1.66    1.28    1.03    0.79    0.64    0.61    0.69    0.60     14.13      1.18
    2006    1.32    7.30   21.55    8.38    2.19    1.40    0.97    0.75    0.82    0.85    0.74    0.66     46.93      3.91
    2007    1.98   17.49    7.21    1.69    1.10    1.33    2.45    2.20    1.42    0.93    0.69    0.52     39.01      3.25
    2008    0.56    3.07    3.17   13.64    6.81    2.91    1.80    1.05    1.05    0.94    1.04    0.91     36.95      3.08
    2009    1.06    1.52    1.67    2.77    3.61    3.19    2.61    1.84    1.09    0.77    0.62    0.46     21.20      1.77
  
 AVERAGE    2.05    4.02    5.47    6.07    5.52    4.31    2.78    1.82    1.35    1.30    1.11    1.29     37.07      3.09
