    1920    6.46   14.66    9.13    4.77    3.42   21.59   11.06    3.63    2.47    1.85    1.49    1.94     82.48      6.87
    1921    3.77   28.94   23.63    8.53    4.06    4.08    2.97    1.99    1.73    1.56    2.30    4.12     87.67      7.31
    1922   23.46   23.82   16.04   27.33   18.96    7.28    3.13    2.08    1.61    1.47    1.37    1.12    127.68     10.64
    1923    1.65    2.35    3.59    4.95    5.51   18.79    9.73    3.71    2.47    1.80    1.59    2.77     58.90      4.91
    1924    4.12   15.11   41.28   16.36    5.17   76.49   29.54    5.42    2.95    2.63    2.15    3.08    204.29     17.02
    1925    4.22    3.64    3.51   12.04    8.25   15.34    8.05    3.07    2.65    2.05    1.55    2.20     66.57      5.55
    1926    2.70    2.21    3.21    4.23    5.65    9.13    6.15    2.98    1.85    2.66    2.74    1.82     45.34      3.78
    1927    3.20    4.11    4.45   15.70    8.44    3.26    2.28    1.65    1.28    1.16    1.42    2.12     49.08      4.09
    1928    2.54    3.42    4.05    3.88    3.97   27.57   13.49    4.68    3.53    3.07    2.05    3.33     75.57      6.30
    1929    9.76   16.64    9.09   18.90   11.01    4.87    2.81    2.04    1.65    1.66    1.84    1.67     81.95      6.83
    1930    1.33    1.79    2.88    3.78    4.90    4.01    3.27    2.61    1.73    1.83    1.65    1.09     30.88      2.57
    1931    1.20    2.05    3.00    2.64    6.08    8.33    6.14    4.80    3.97    2.66    1.73    1.57     44.17      3.68
    1932    2.39    4.61   19.08   10.72    6.28    5.40    3.95    2.48    1.71    1.77    1.62    1.26     61.26      5.11
    1933    1.67   17.79   34.16   44.76   15.63    6.06    7.43    6.29    4.08    3.29    4.05    3.33    148.53     12.38
    1934    2.55    4.43   23.42   12.08    5.10    3.99    2.89    2.66    2.35    1.81    1.54    1.33     64.15      5.35
    1935    1.61    1.70    2.42   17.20    9.94    7.75    5.47    5.40    5.14    3.25    2.01    1.82     63.70      5.31
    1936    2.62   29.38   13.93   36.77   43.93   14.85    4.55    2.78    1.95    1.62    1.37    1.75    155.50     12.96
    1937    2.80    2.60    4.22    5.96    5.23    4.58    9.44    6.46    3.45    2.95    2.39    2.02     52.12      4.34
    1938   14.02    9.44   23.23   21.21   73.25   41.33    9.79    3.58    2.82    2.85    2.61    2.58    206.72     17.23
    1939    3.75   23.27   14.56    7.37    5.09    4.28    4.86    5.66    6.84    5.39    3.15    2.90     87.11      7.26
    1940    3.30    5.40   22.37   11.43    5.45    5.03    5.19    3.83    2.28    1.77    1.47    1.39     68.91      5.74
    1941    1.80    2.71    4.01    5.31    4.64    5.49    4.73    3.42    3.61    2.93    2.17    2.36     43.19      3.60
    1942    3.98   15.32   17.72    8.18    4.26    5.56   38.96   17.09    4.85    5.78    7.23    5.52    134.44     11.20
    1943    5.93    8.60   10.99   28.20   47.48   16.87    3.53    1.97    2.55    2.77    1.88    2.58    133.35     11.11
    1944    4.37    5.23    4.39    4.69    4.61   18.34    9.82    3.57    2.17    1.68    1.36    1.12     61.34      5.11
    1945    1.33    1.75    1.71   17.27   10.74    7.47    5.41    3.02    1.92    1.52    1.27    1.28     54.68      4.56
    1946    2.26    5.03    6.49    6.69    6.94    5.80    4.56    3.28    2.24    1.90    1.54    1.47     48.20      4.02
    1947    2.34    5.18   21.27   11.07   14.77    9.37    5.04    3.21    2.12    1.65    1.35    1.61     78.99      6.58
    1948    2.42    7.92    6.79   21.86   16.79   10.94    7.93    5.84    3.68    2.44    1.78    1.93     90.31      7.53
    1949    3.08    5.27   19.47   10.25    5.13    7.75    6.53    4.32    2.80    2.15    2.08    1.73     70.54      5.88
    1950    1.90    2.99    6.13    6.25    6.29    7.34    7.22    5.93    3.97    2.87    4.14    4.20     59.23      4.94
    1951   13.42    7.47    5.71    5.83    4.19    3.48    3.59    2.97    2.22    2.49    2.23    1.43     55.05      4.59
    1952    1.41    3.45    9.92    6.37    4.37    4.74    4.60    3.58    2.28    1.72    1.45    1.36     45.25      3.77
    1953    1.62    7.14    5.74    4.03    8.04    6.69    4.79    3.65    2.45    1.75    1.47    1.98     49.35      4.11
    1954    3.55    7.10    5.71   23.54   28.94   21.28    8.92    4.18    2.92    2.05    1.62    1.25    111.04      9.25
    1955    2.85    5.62   21.39    9.73   38.81   17.79    5.06    3.68    3.21    2.45    1.89    2.14    114.62      9.55
    1956    4.76    6.66   21.35   11.31   10.06    7.98    7.90    5.73    3.73    4.71    4.86   21.21    110.27      9.19
    1957   23.38    9.65    3.79   19.70   11.12    4.35    4.32    3.87    2.46    1.97    1.56    2.25     88.41      7.37
    1958    3.52   17.25   17.50    9.21    6.05    4.94    3.30    3.10    2.80    2.01    1.58    1.78     73.06      6.09
    1959    3.06    5.00    6.06    5.03    5.61    6.15    6.30    5.07    3.04    2.11    2.25    2.47     52.14      4.35
    1960    3.67   19.63   53.36   19.10    4.46    4.69    5.51    5.44    4.40    3.20    2.32    2.77    128.55     10.71
    1961    3.81    5.18    5.98    5.56    4.26    3.77    4.30    3.22    2.04    1.61    1.50    1.61     42.84      3.57
    1962    2.15    6.50    7.06    6.77    4.96    3.59    3.68    2.88    3.82   17.84    9.54    2.97     71.75      5.98
    1963    2.80    4.98    4.45   12.36    7.76    3.41    2.32    1.85    1.47    1.31    1.21    1.07     44.97      3.75
    1964    7.99    7.86   13.38    8.48    5.46    3.84    2.71    2.25    2.09    2.14    2.17    2.16     60.54      5.04
    1965    2.49    3.59    4.68   14.77   15.35    6.93    2.72    2.29    2.12    1.74    1.73    1.92     60.32      5.03
    1966    2.59    3.12    5.11   20.27   40.50   16.46    6.25    4.35    2.61    2.07    1.69    1.48    106.50      8.88
    1967    2.90   14.73    9.44    5.37    4.15    6.50    5.44    3.03    1.91    1.59    1.89    1.74     58.69      4.89
    1968    1.66    3.73    5.47    5.60    4.75   13.18    9.33    6.05    4.01    2.52    1.84    2.61     60.75      5.06
    1969   13.92    9.30    6.49    5.67    5.09    4.02    2.86    2.34    1.96    1.72    1.78    2.00     57.16      4.76
    1970    3.56    5.28    5.14   16.56    9.23    5.02    6.89    6.98    5.00    2.99    2.12    2.06     70.82      5.90
    1971    3.94   14.03   27.58   42.16   35.83   13.54    5.90    4.49    3.65    2.45    1.89    1.53    156.99     13.08
    1972    1.68    4.02    5.08    4.80   37.42   16.71    7.04    5.52    3.21    2.14    2.77    4.90     95.29      7.94
    1973    5.65    5.77    6.60   25.78   12.06    4.16    4.52    4.02    2.92    3.16    2.72    1.65     78.99      6.58
    1974    1.90   16.88   34.63   31.23   18.45    7.89    5.37    4.12    2.60    2.01    1.56    2.54    129.18     10.76
    1975    3.58    6.47   33.31   20.43   16.73   13.29    7.50    6.09    4.42    2.73    1.96    1.48    117.99      9.83
    1976    3.18    4.95    9.23   14.39   12.82    7.87    4.92    3.12    2.23    1.72    1.48    2.10     68.01      5.67
    1977    2.94    4.01    4.84   26.80   24.05    9.85    7.77    5.98    3.42    2.45    2.43    2.76     97.30      8.11
    1978   11.76   11.25    7.86    6.37    5.43    4.89    4.86    3.59    2.31    2.01    2.66    3.29     66.26      5.52
    1979    4.75    6.41    6.36   11.61   21.72    9.73    3.11    2.44    1.88    1.54    1.47    1.99     73.01      6.08
    1980    2.17    4.24    6.14    8.35   14.91    9.34    4.86    3.46    3.36    2.73    2.54    3.07     65.18      5.43
    1981    3.75    4.35    4.55    5.85    5.00    4.72    4.56    3.03    1.95    1.64    1.35    1.19     41.94      3.50
    1982    2.53    2.94    2.20    2.41    1.88    2.17    3.01    3.52    3.00    2.13    2.34    1.87     30.00      2.50
    1983    2.30   29.65   21.30  132.89   47.35    6.05    4.92    3.01    2.64    3.97    4.80    3.63    262.52     21.88
    1984    5.11    6.52    6.02    5.49   24.54   11.77    3.59    2.31    1.75    1.49    1.29    1.41     71.29      5.94
    1985    3.29    4.77    4.92   19.98   12.77    7.17    6.09    4.14    2.51    1.98    1.51    1.36     70.49      5.87
    1986    1.77    2.65    7.52    7.07    5.74    6.34    5.97    4.08    2.57    2.07    3.02   22.58     71.38      5.95
    1987   27.87   24.74    9.97   11.74    9.61    6.22    4.01    2.56    2.16    2.29    2.38    2.19    105.75      8.81
    1988    5.85    6.01   30.30   14.09   35.94   15.77    4.48    2.83    3.51    3.41    2.28    1.61    126.09     10.51
    1989    2.73   26.62   19.92    7.69    4.63    4.86    4.66    3.30    2.13    1.67    1.69    1.43     81.32      6.78
    1990    1.85    2.59    6.70   39.89   24.32    9.60    5.00    3.42    3.67    2.93    2.04    1.78    103.79      8.65
    1991    2.58    3.07    7.02    6.30    5.73    4.41    2.90    2.14    1.56    1.36    1.20    1.01     39.28      3.27
    1992    1.18    2.29    9.31    7.18    5.57    9.06    6.51    3.58    2.24    1.69    1.58    1.51     51.71      4.31
    1993   13.01    8.89   13.57    8.86    5.96    6.32    4.69    2.56    1.70    1.46    1.35    1.24     69.59      5.80
    1994    2.59    3.64    4.92    5.86    4.32    3.87    3.85    2.78    2.01    1.59    1.33    1.11     37.86      3.15
    1995    2.85    7.59   49.32   29.36   59.60   38.27   11.06    5.01    3.50    2.87    2.44    1.62    213.50     17.79
    1996    3.75    4.76    5.13   10.35    7.08   15.18    9.09    4.53    4.27    3.87    3.11    2.93     74.04      6.17
    1997    4.53   22.39   10.97    5.44    6.28    5.33    3.82    2.70    1.98    1.64    1.44    1.51     68.03      5.67
    1998    2.99    5.01   22.17   10.72    3.76    3.34    3.00    2.53    2.11    1.78    1.74    1.53     60.68      5.06
    1999    2.49    4.15   58.18   46.56   31.18   12.27    6.11    5.87    4.52    2.95    2.01    1.92    178.21     14.85
    2000    3.95   36.25   24.18    7.54    4.53    5.26    5.25    4.02    2.66    2.04    1.59    2.01     99.28      8.27
    2001    4.15   17.10    9.88    6.30    6.47    5.17    3.98    2.87    2.31    2.87    3.22    2.65     66.99      5.58
    2002    2.64    2.31    3.74    5.70    5.99    4.28    2.20    1.41    1.57    1.67    1.48    1.35     34.34      2.86
    2003    1.98    4.06    4.74    5.17   26.71   15.43    5.89    2.87    1.95    2.18    2.25    1.93     75.16      6.26
    2004    1.82    2.91    4.23    8.18    6.11    4.11    3.13    2.01    1.58    1.40    1.49    1.28     38.25      3.19
    2005    1.46    3.75    4.11    3.19    2.45    2.57    2.42    1.73    1.26    1.09    1.32    1.24     26.59      2.22
    2006    1.02    2.15   15.65    9.10    5.22    3.67    2.26    1.71    1.66    1.66    1.27    1.05     46.42      3.87
    2007    3.10   15.03    8.35    3.88    2.85    4.24    4.69    3.53    2.35    1.66    1.28    1.13     52.10      4.34
    2008    1.27    2.34    2.96   23.96   11.30    5.32    4.38    2.65    2.67    2.48    2.53    2.25     64.12      5.34
    2009   14.57   12.28   21.42   36.09   14.33    3.69    1.55    1.20    1.10    1.04    0.98    0.86    109.09      9.09
  
 AVERAGE    4.49    8.66   12.59   14.49   13.19    9.57    5.95    3.74    2.71    2.43    2.13    2.46     82.41      6.87
