    1920    3.21    4.38    3.78    2.40    1.62    4.05    3.66    2.17    1.41    1.08    0.87    1.04     29.68      2.47
    1921    1.82    7.68    5.81    3.37    2.16    1.94    1.43    1.01    0.91    0.84    1.19    1.98     30.13      2.51
    1922    5.43    6.19    4.74    8.61    5.92    3.49    1.82    1.17    0.93    0.86    0.80    0.65     40.61      3.38
    1923    0.86    1.12    1.58    2.10    2.34    3.53    3.30    2.20    1.38    1.01    0.89    1.40     21.73      1.81
    1924    1.94    3.12   14.47    6.98    2.64   32.14   13.16    2.70    1.67    1.48    1.22    1.60     83.13      6.93
    1925    2.05    1.71    1.57    2.73    3.07    3.58    2.94    1.83    1.45    1.14    0.87    1.14     24.09      2.01
    1926    1.31    1.03    1.39    1.77    2.37    3.14    2.57    1.53    0.96    1.35    1.38    0.94     19.75      1.65
    1927    1.52    1.84    1.92    3.08    2.79    1.76    1.11    0.83    0.67    0.61    0.73    1.05     17.92      1.49
    1928    1.21    1.53    1.73    1.66    1.67    6.54    4.83    2.69    1.91    1.63    1.12    1.67     28.19      2.35
    1929    3.18    4.06    3.53    3.74    3.95    2.67    1.48    1.06    0.88    0.89    0.98    0.87     27.29      2.27
    1930    0.68    0.84    1.24    1.57    2.04    1.74    1.46    1.22    0.86    0.93    0.86    0.57     14.03      1.17
    1931    0.61    0.94    1.29    1.14    2.02    3.26    2.74    2.35    1.99    1.40    0.93    0.83     19.48      1.62
    1932    1.17    2.07    3.48    3.57    3.15    2.55    1.86    1.22    0.88    0.93    0.86    0.67     22.39      1.87
    1933    0.83    2.74   10.89   16.98    6.84    3.02    3.55    3.04    2.08    1.73    2.06    1.69     55.47      4.62
    1934    1.28    2.04    4.50    3.96    2.63    1.88    1.38    1.30    1.18    0.95    0.82    0.70     22.62      1.88
    1935    0.80    0.79    1.05    2.79    3.31    3.28    2.60    2.61    2.51    1.69    1.07    0.95     23.45      1.95
    1936    1.27    8.00    5.09   12.33   16.23    6.64    2.40    1.52    1.10    0.94    0.80    0.96     57.29      4.77
    1937    1.40    1.24    1.86    2.54    2.24    2.00    2.94    2.69    1.86    1.55    1.27    1.05     22.62      1.88
    1938    2.70    3.65    5.82    4.98   32.99   16.34    4.20    2.11    1.61    1.59    1.43    1.37     78.78      6.56
    1939    1.84    4.90    4.55    3.54    2.48    1.98    2.23    2.61    3.18    2.61    1.62    1.47     32.99      2.75
    1940    1.59    2.46    4.39    3.77    2.72    2.32    2.36    1.81    1.15    0.93    0.79    0.73     25.03      2.09
    1941    0.89    1.23    1.71    2.20    1.98    2.33    2.11    1.61    1.71    1.44    1.11    1.17     19.48      1.62
    1942    1.85    3.29    4.10    3.23    2.23    2.53   12.95    6.94    2.86    3.03    3.60    2.76     49.37      4.11
    1943    2.82    3.43    3.53    7.62   18.20    7.74    1.99    1.13    1.39    1.49    1.05    1.34     51.73      4.31
    1944    2.09    2.38    1.94    2.01    1.98    3.23    3.34    2.15    1.24    0.96    0.77    0.62     22.69      1.89
    1945    0.68    0.82    0.75    2.38    3.82    3.56    2.68    1.57    1.01    0.83    0.70    0.68     19.49      1.62
    1946    1.10    2.24    2.78    2.82    2.93    2.53    2.05    1.54    1.11    0.98    0.81    0.76     21.64      1.80
    1947    1.13    2.30    3.79    3.56    3.62    3.63    2.70    1.69    1.12    0.90    0.75    0.84     26.03      2.17
    1948    1.18    2.45    2.74    3.96    4.29    4.14    3.91    3.05    1.95    1.33    0.99    1.02     31.00      2.58
    1949    1.50    2.37    3.64    3.31    2.59    3.07    2.95    2.16    1.43    1.13    1.09    0.90     26.14      2.18
    1950    0.94    1.36    2.39    2.65    2.74    3.11    3.25    2.80    1.96    1.46    2.03    2.02     26.71      2.23
    1951    3.04    2.70    2.56    2.69    1.93    1.55    1.62    1.40    1.10    1.25    1.14    0.74     21.71      1.81
    1952    0.70    1.55    2.88    2.37    2.04    2.08    2.04    1.68    1.15    0.89    0.77    0.71     18.88      1.57
    1953    0.80    2.14    2.28    1.87    2.63    2.73    2.30    1.77    1.25    0.92    0.79    1.00     20.50      1.71
    1954    1.67    2.71    2.39    4.58    8.49    6.13    3.78    2.44    1.63    1.17    0.93    0.71     36.63      3.05
    1955    1.41    2.53    3.67    2.75   14.02    7.45    2.76    1.90    1.67    1.31    1.04    1.12     41.62      3.47
    1956    2.24    2.97    3.76    3.68    3.52    3.56    3.50    2.74    1.87    2.34    2.40    4.92     37.50      3.13
    1957    6.98    4.27    2.07    3.21    3.69    2.37    2.12    1.91    1.29    1.07    0.87    1.16     31.03      2.59
    1958    1.69    3.20    4.30    3.93    3.05    2.31    1.57    1.50    1.39    1.05    0.85    0.92     25.76      2.15
    1959    1.46    2.22    2.58    2.16    2.36    2.63    2.75    2.33    1.49    1.09    1.15    1.23     23.45      1.95
    1960    1.72    3.43   20.56    8.60    2.29    2.18    2.52    2.53    2.12    1.62    1.22    1.39     50.18      4.18
    1961    1.81    2.32    2.57    2.36    1.83    1.64    1.90    1.50    1.01    0.84    0.79    0.82     19.39      1.62
    1962    1.04    2.29    3.08    3.00    2.26    1.63    1.65    1.35    1.81    3.83    3.45    1.92     27.31      2.28
    1963    1.48    2.31    2.00    2.66    2.77    1.75    1.12    0.92    0.76    0.69    0.65    0.56     17.67      1.47
    1964    2.02    3.49    3.52    3.21    2.64    1.80    1.26    1.08    1.04    1.09    1.10    1.08     23.32      1.94
    1965    1.20    1.61    2.00    3.02    3.92    2.91    1.56    1.19    1.10    0.93    0.92    0.98     21.33      1.78
    1966    1.25    1.42    2.18    3.64   14.51    7.45    3.32    2.25    1.40    1.14    0.94    0.81     40.31      3.36
    1967    1.42    3.18    3.38    2.67    1.91    2.59    2.42    1.53    1.00    0.86    1.00    0.90     22.85      1.90
    1968    0.83    1.68    2.34    2.38    2.04    2.86    3.70    3.15    2.11    1.35    1.00    1.32     24.73      2.06
    1969    3.14    3.53    3.20    2.59    2.21    1.77    1.31    1.12    0.98    0.89    0.92    1.00     22.66      1.89
    1970    1.67    2.34    2.26    3.10    3.09    2.57    3.06    3.35    2.52    1.58    1.14    1.07     27.73      2.31
    1971    1.87    3.34    7.59   15.37   13.01    6.00    3.14    2.32    1.91    1.35    1.07    0.86     57.81      4.82
    1972    0.89    1.86    2.23    2.06   11.16    6.31    3.55    2.78    1.68    1.18    1.46    2.38     37.54      3.13
    1973    2.65    2.61    2.87    5.26    3.89    2.24    2.18    1.95    1.47    1.60    1.39    0.87     28.97      2.41
    1974    0.95    2.83   11.65   10.41    5.61    3.51    2.80    2.13    1.41    1.13    0.90    1.33     44.64      3.72
    1975    1.74    2.59    9.68    6.15    4.38    4.45    3.77    3.25    2.33    1.52    1.12    0.85     41.84      3.49
    1976    1.59    2.28    2.84    3.67    3.91    3.56    2.53    1.59    1.18    0.94    0.82    1.08     25.99      2.17
    1977    1.41    1.81    2.08    5.79    5.90    4.07    3.52    2.96    1.87    1.34    1.31    1.41     33.48      2.79
    1978    2.90    3.96    3.62    3.04    2.45    2.17    2.18    1.68    1.15    1.04    1.34    1.59     27.12      2.26
    1979    2.19    2.82    2.76    3.08    4.36    3.35    1.83    1.28    1.00    0.83    0.79    1.01     25.30      2.11
    1980    1.05    1.88    2.60    2.82    3.57    3.57    2.54    1.73    1.67    1.39    1.30    1.50     25.65      2.14
    1981    1.76    1.94    1.95    2.44    2.14    2.03    2.01    1.43    0.97    0.85    0.71    0.62     18.84      1.57
    1982    1.21    1.33    1.00    1.01    0.80    0.93    1.32    1.60    1.45    1.11    1.18    0.99     13.92      1.16
    1983    1.12    8.06    5.76   63.51   23.25    3.11    2.40    1.51    1.39    2.01    2.38    1.82    116.31      9.69
    1984    2.42    2.95    2.64    2.35    5.00    3.90    2.06    1.24    0.96    0.83    0.72    0.75     25.84      2.15
    1985    1.57    2.13    2.11    3.35    4.02    3.63    3.02    2.07    1.30    1.06    0.83    0.72     25.82      2.15
    1986    0.89    1.21    2.36    2.89    2.61    2.75    2.66    1.91    1.27    1.06    1.50    5.35     26.47      2.21
    1987    9.09    7.82    4.11    3.24    3.83    3.03    2.02    1.33    1.16    1.23    1.26    1.14     39.25      3.27
    1988    2.36    2.79    8.24    5.11   12.27    6.41    2.32    1.54    1.83    1.78    1.24    0.89     46.79      3.90
    1989    1.36    6.62    5.34    3.28    2.32    2.26    2.16    1.60    1.10    0.90    0.91    0.76     28.60      2.38
    1990    0.92    1.20    2.23   12.74    7.29    4.20    2.78    1.82    1.90    1.55    1.11    0.95     38.71      3.23
    1991    1.28    1.43    2.34    2.61    2.55    1.98    1.34    1.03    0.80    0.72    0.65    0.54     17.26      1.44
    1992    0.60    1.05    2.42    2.72    2.53    3.03    2.73    1.84    1.18    0.90    0.85    0.79     20.64      1.72
    1993    2.44    3.44    3.49    3.39    2.90    2.83    2.16    1.25    0.88    0.78    0.72    0.65     24.94      2.08
    1994    1.24    1.63    2.10    2.45    1.86    1.66    1.70    1.31    0.99    0.82    0.70    0.58     17.05      1.42
    1995    1.35    2.82   17.58    8.82   25.74   14.72    4.85    2.82    1.94    1.60    1.36    0.92     84.51      7.04
    1996    1.84    2.20    2.26    3.12    2.74    3.39    3.42    2.54    2.21    2.00    1.62    1.48     28.81      2.40
    1997    2.14    4.37    3.54    2.65    2.79    2.36    1.74    1.29    1.00    0.86    0.76    0.78     24.29      2.02
    1998    1.41    2.21    3.69    3.24    2.02    1.54    1.38    1.20    1.04    0.91    0.90    0.78     20.35      1.70
    1999    1.18    1.84   21.54   16.64   10.69    5.39    3.19    2.93    2.30    1.58    1.12    1.04     69.45      5.79
    2000    1.91   11.19    6.87    3.09    2.27    2.46    2.43    1.93    1.35    1.09    0.87    1.04     36.50      3.04
    2001    1.96    3.52    3.41    3.04    2.87    2.32    1.81    1.37    1.15    1.43    1.59    1.31     25.79      2.15
    2002    1.27    1.06    1.61    2.37    2.51    1.87    1.01    0.68    0.78    0.85    0.77    0.69     15.47      1.29
    2003    0.96    1.81    2.03    2.17    5.81    4.84    3.06    1.65    1.08    1.18    1.19    1.00     26.78      2.23
    2004    0.92    1.34    1.83    2.59    2.42    1.92    1.47    0.99    0.81    0.74    0.79    0.67     16.48      1.37
    2005    0.73    1.68    1.79    1.38    1.06    1.11    1.08    0.84    0.64    0.58    0.70    0.65     12.24      1.02
    2006    0.53    1.00    2.77    3.01    2.57    1.76    1.10    0.85    0.85    0.87    0.69    0.57     16.54      1.38
    2007    1.48    3.34    2.88    1.98    1.34    1.87    2.09    1.66    1.18    0.87    0.70    0.60     19.99      1.67
    2008    0.65    1.08    1.28    4.34    3.52    2.74    2.16    1.34    1.35    1.28    1.30    1.14     22.19      1.85
    2009    2.65    4.12    5.42   12.40    6.25    2.06    0.86    0.67    0.62    0.58    0.54    0.47     36.66      3.06
  
 AVERAGE    1.72    2.77    3.98    4.79    4.85    3.72    2.65    1.87    1.40    1.22    1.11    1.14     31.23      2.60
