    1920    0.21    0.20    0.11    0.00    0.00    1.22    0.37    0.00    0.00    0.00    0.00    0.00      2.11      0.18
    1921    0.12    1.07    1.83    0.64    0.14    0.16    0.07    0.06    0.06    0.06    0.06    0.06      4.34      0.36
    1922    0.97    1.08    0.46    1.15    0.85    0.33    0.17    0.14    0.12    0.11    0.10    0.08      5.56      0.46
    1923    0.07    0.07    2.50    0.94    0.16    0.37    0.16    0.11    0.10    0.08    0.07    0.16      4.80      0.40
    1924    0.17    0.35    3.59    1.49    0.29   53.59   17.82    0.47    0.38    0.34    0.31    0.29     79.09      6.59
    1925    0.29    0.26    0.22    0.42    0.24    0.20    0.18    0.17    0.16    0.14    0.12    0.12      2.51      0.21
    1926    0.11    0.10    0.14    0.20    0.35    0.43    0.15    0.08    0.07    0.07    0.08    0.06      1.85      0.15
    1927    0.54    0.32    0.34    0.41    0.16    0.07    0.06    0.06    0.05    0.04    0.04    0.05      2.14      0.18
    1928    0.04    0.15    0.17    0.44    0.25    0.70    0.30    0.08    0.08    0.08    0.07    0.20      2.57      0.21
    1929    0.30    0.23    0.26    1.21    0.64    0.17    0.10    0.09    0.08    0.07    0.06    0.06      3.26      0.27
    1930    0.05    0.28    1.01    0.42    0.10    0.11    0.10    0.07    0.06    0.06    0.06    0.04      2.35      0.20
    1931    0.04    0.06    0.49    0.29    0.18    0.13    0.18    0.19    0.11    0.09    0.07    0.06      1.88      0.16
    1932    0.06    0.48    1.22    0.73    0.33    0.12    0.09    0.08    0.07    0.07    0.06    0.05      3.37      0.28
    1933    0.06    1.36    1.29    0.85    0.31    0.21    0.15    0.14    0.12    0.12    0.12    0.11      4.83      0.40
    1934    0.09    0.12    0.69    0.45    0.13    0.07    0.07    0.07    0.08    0.08    0.07    0.05      1.95      0.16
    1935    0.04    0.04    0.04    1.82    0.83    0.61    0.25    0.18    0.14    0.12    0.10    0.08      4.26      0.35
    1936    0.16    4.74    1.85    1.74   11.84    4.10    0.38    0.32    0.29    0.27    0.24    0.23     26.16      2.18
    1937    0.23    0.20    0.82    0.59    0.25    0.17    0.54    0.24    0.18    0.17    0.15    0.13      3.65      0.30
    1938    0.27    0.17    2.26    1.25   14.21    5.64    0.51    0.35    0.31    0.30    0.27    0.25     25.77      2.15
    1939    0.24    2.64    1.14    1.36    0.55    0.74    0.74    0.36    0.40    0.36    0.27    0.23      9.02      0.75
    1940    0.21    0.54    0.35    0.16    0.14    0.12    0.12    0.11    0.10    0.09    0.08    0.08      2.10      0.18
    1941    0.07    0.12    0.10    0.98    0.38    0.29    0.13    0.08    0.58    0.30    0.15    0.14      3.32      0.28
    1942    0.17    1.29    1.14    0.34    0.13    0.47    2.03    0.84    0.26    0.42    0.39    0.31      7.79      0.65
    1943    0.54    0.53    0.26    0.98    2.72    1.00    0.26    0.21    0.20    0.19    0.16    0.15      7.20      0.60
    1944    0.21    0.19    0.21    0.31    0.20    1.88    0.76    0.17    0.14    0.12    0.10    0.08      4.36      0.36
    1945    0.08    0.07    0.12    2.40    1.58    0.42    0.15    0.12    0.10    0.09    0.08    0.07      5.27      0.44
    1946    0.08    0.36    0.55    0.56    0.61    0.27    0.12    0.10    0.09    0.08    0.07    0.06      2.95      0.25
    1947    0.10    0.42    0.56    0.22    1.52    0.76    0.17    0.13    0.10    0.09    0.07    0.08      4.21      0.35
    1948    0.11    0.51    0.26    1.15    0.54    0.28    0.26    0.15    0.15    0.13    0.10    0.09      3.72      0.31
    1949    0.09    0.45    1.60    0.64    0.13    0.28    0.13    0.10    0.08    0.08    0.07    0.06      3.73      0.31
    1950    0.05    0.09    2.99    1.14    0.10    0.14    0.21    0.10    0.09    0.09    0.27    0.14      5.41      0.45
    1951    0.61    0.25    0.35    0.19    0.09    0.06    0.07    0.06    0.06    0.06    0.06    0.04      1.89      0.16
    1952    0.08    1.08    1.32    0.58    0.32    0.19    0.11    0.09    0.08    0.07    0.06    0.06      4.05      0.34
    1953    0.06    0.55    0.24    0.14    0.71    0.30    0.08    0.13    0.09    0.07    0.07    0.39      2.84      0.24
    1954    0.36    0.78    0.38    2.15    1.02    0.85    0.36    0.23    0.21    0.18    0.15    0.13      6.82      0.57
    1955    0.89    1.26    1.75    0.57    4.61    1.98    0.33    0.28    0.26    0.23    0.20    0.19     12.54      1.05
    1956    0.18    0.31    0.85    0.40    1.23    0.65    0.36    0.23    0.19    0.23    0.23    1.78      6.64      0.55
    1957    1.57    0.62    0.28    2.22    1.09    0.26    0.22    0.21    0.18    0.17    0.15    0.14      7.10      0.59
    1958    0.15    1.52    0.92    1.22    0.84    0.38    0.20    0.17    0.16    0.14    0.12    0.11      5.92      0.49
    1959    0.24    0.27    0.34    0.14    1.02    0.54    0.29    0.15    0.12    0.10    0.09    0.09      3.39      0.28
    1960    0.16    1.13    1.73    0.59    0.13    0.11    0.11    0.11    0.11    0.11    0.09    0.08      4.49      0.37
    1961    0.18    0.25    0.20    0.16    0.06    0.07    0.20    0.09    0.06    0.05    0.05    0.04      1.41      0.12
    1962    0.04    0.77    0.59    0.20    0.09    0.17    0.10    0.06    0.37    0.43    0.22    0.13      3.17      0.26
    1963    0.10    0.12    0.07    0.72    0.39    0.08    0.07    0.07    0.06    0.05    0.05    0.04      1.82      0.15
    1964    0.48    0.38    0.60    0.23    0.10    0.05    0.05    0.05    0.05    0.04    0.05    0.05      2.13      0.18
    1965    0.08    0.12    0.15    3.84    2.07    0.43    0.19    0.16    0.14    0.13    0.12    0.10      7.52      0.63
    1966    0.09    0.08    0.23    0.40    2.20    1.06    0.34    0.22    0.17    0.15    0.13    0.11      5.16      0.43
    1967    0.10    0.46    0.21    0.22    0.23    0.92    0.39    0.13    0.10    0.09    0.08    0.07      2.99      0.25
    1968    0.06    0.31    0.21    0.37    0.14    0.88    0.66    0.28    0.18    0.14    0.12    0.16      3.51      0.29
    1969    1.28    0.73    0.37    0.14    0.17    0.11    0.10    0.10    0.09    0.08    0.08    0.08      3.33      0.28
    1970    0.29    0.29    0.17    0.81    0.36    0.29    0.26    0.15    0.12    0.10    0.09    0.07      3.00      0.25
    1971    0.41    0.48    0.56    1.41    5.46    2.83    0.53    0.39    0.36    0.30    0.26    0.22     13.20      1.10
    1972    0.20    0.46    0.23    0.16    2.65    1.00    0.20    0.19    0.16    0.14    0.13    0.63      6.12      0.51
    1973    0.45    0.81    0.90    2.30    0.86    0.33    0.23    0.20    0.17    0.16    0.15    0.12      6.69      0.56
    1974    0.11    0.98    1.19    2.16    2.29    0.80    0.39    0.28    0.23    0.20    0.17    0.16      8.93      0.74
    1975    0.15    0.26    2.15    2.09    1.26    0.55    0.28    0.26    0.22    0.19    0.16    0.13      7.72      0.64
    1976    0.26    0.39    0.17    0.54    1.41    0.61    0.17    0.14    0.12    0.10    0.09    0.11      4.13      0.34
    1977    0.09    0.13    0.21    1.65    1.17    0.60    0.26    0.18    0.14    0.13    0.12    0.10      4.77      0.40
    1978    0.58    0.59    0.26    0.17    0.09    0.22    0.22    0.10    0.08    0.07    0.07    0.07      2.54      0.21
    1979    0.19    0.24    0.38    0.70    0.77    0.27    0.09    0.08    0.07    0.06    0.06    0.19      3.11      0.26
    1980    0.09    0.58    0.63    0.79    0.68    0.25    0.11    0.16    0.13    0.11    0.10    0.14      3.76      0.31
    1981    0.16    0.55    0.26    0.18    0.13    0.12    0.16    0.08    0.07    0.06    0.05    0.04      1.86      0.16
    1982    0.37    0.23    0.08    0.10    0.04    0.12    0.12    0.07    0.06    0.06    0.08    0.06      1.40      0.12
    1983    0.08    5.14    2.07   72.80   24.18    0.77    0.44    0.36    0.34    0.39    0.43    0.35    107.36      8.95
    1984    0.76    0.62    0.32    0.54    7.91    2.89    0.32    0.26    0.23    0.21    0.19    0.18     14.42      1.20
    1985    0.17    0.16    0.14    0.64    0.30    0.28    0.15    0.13    0.11    0.10    0.09    0.07      2.35      0.20
    1986    0.07    0.07    0.40    0.29    0.13    0.73    0.35    0.11    0.09    0.08    0.17    1.00      3.49      0.29
    1987    0.87    0.63    0.28    0.30    1.28    0.67    0.21    0.18    0.16    0.15    0.14    0.12      4.99      0.42
    1988    2.57    1.04    1.23    0.54    4.61    1.89    0.30    0.24    0.24    0.24    0.20    0.17     13.27      1.11
    1989    0.43    3.77    2.90    1.42    0.44    0.27    0.24    0.21    0.18    0.16    0.15    0.14     10.31      0.86
    1990    0.13    0.12    0.69    2.96    1.36    1.34    0.53    0.26    0.27    0.25    0.20    0.17      8.28      0.69
    1991    0.15    0.19    0.50    0.30    0.15    0.10    0.09    0.09    0.08    0.07    0.07    0.06      1.85      0.15
    1992    0.06    0.16    0.69    0.36    1.88    1.25    0.33    0.17    0.13    0.12    0.10    0.09      5.34      0.44
    1993    0.63    0.28    1.02    0.65    0.24    0.81    0.32    0.11    0.09    0.08    0.08    0.06      4.38      0.37
    1994    0.44    0.25    0.13    0.15    0.08    0.13    0.07    0.06    0.05    0.05    0.04    0.03      1.48      0.12
    1995    0.36    0.74    4.43    2.47    2.04    0.86    0.32    0.28    0.24    0.21    0.19    0.16     12.31      1.03
    1996    0.16    0.14    0.45    0.44    0.19    0.94    0.39    0.15    0.14    0.14    0.13    0.12      3.40      0.28
    1997    0.37    1.13    0.47    0.39    0.29    0.26    0.12    0.11    0.10    0.08    0.07    0.07      3.47      0.29
    1998    0.19    0.28    1.68    0.68    0.23    0.16    0.10    0.09    0.08    0.07    0.07    0.06      3.70      0.31
    1999    0.22    0.49    3.63    3.14   27.18   11.39    1.46    0.52    0.40    0.34    0.29    0.26     49.33      4.11
    2000    0.25    1.85    1.18    0.37    0.95    0.45    0.27    0.25    0.21    0.19    0.17    0.15      6.27      0.52
    2001    0.14    2.98    1.58    0.37    0.18    0.15    0.13    0.12    0.11    0.11    0.11    0.10      6.08      0.51
    2002    0.09    0.07    0.45    0.29    0.50    0.19    0.07    0.06    0.06    0.06    0.05    0.05      1.94      0.16
    2003    0.04    0.19    0.15    0.52    0.68    0.59    0.27    0.12    0.10    0.10    0.09    0.07      2.94      0.24
    2004    0.06    0.11    0.31    0.70    0.25    0.06    0.06    0.05    0.05    0.04    0.04    0.04      1.77      0.15
    2005    0.03    0.18    0.07    0.38    1.29    1.81    0.74    0.23    0.17    0.15    0.21    0.16      5.43      0.45
    2006    0.13    0.28    2.03    1.03    0.50    0.18    0.19    0.14    0.13    0.12    0.10    0.09      4.91      0.41
    2007    0.12    1.06    0.78    0.23    0.09    0.10    0.13    0.10    0.08    0.07    0.06    0.05      2.88      0.24
    2008    0.05    0.22    0.23    1.65    0.70    0.47    0.20    0.10    0.09    0.08    0.23    0.12      4.14      0.35
    2009    0.25    0.83    0.33   14.90    5.08    0.28    0.86    0.38    0.25    0.22    0.18    0.16     23.71      1.98
  
 AVERAGE    0.27    0.65    0.83    1.79    1.74    1.35    0.47    0.17    0.15    0.14    0.13    0.15      7.84      0.65
