    1920    0.43    0.43    0.38    0.33    0.30    2.27    0.85    0.33    0.29    0.25    0.22    0.20      6.28      0.52
    1921    0.20    1.30    2.48    0.93    0.20    0.20    0.15    0.13    0.12    0.12    0.11    0.11      6.06      0.50
    1922    1.12    1.87    0.79    1.55    0.88    0.30    0.14    0.10    0.08    0.07    0.06    0.05      7.00      0.58
    1923    0.05    0.12    3.80    1.38    0.18    0.51    0.21    0.10    0.08    0.07    0.06    0.27      6.83      0.57
    1924    0.20    0.33    3.16    1.40    0.59   77.09   25.54    0.27    0.20    0.16    0.14    0.16    109.24      9.10
    1925    0.31    0.16    0.09    0.18    0.13    0.10    0.06    0.06    0.06    0.06    0.05    0.07      1.35      0.11
    1926    0.06    0.11    0.14    0.29    0.34    0.47    0.18    0.05    0.04    0.06    0.05    0.04      1.83      0.15
    1927    0.89    0.45    0.54    0.99    0.38    0.07    0.07    0.05    0.04    0.04    0.04    0.06      3.60      0.30
    1928    0.06    0.15    0.19    0.35    0.96    1.46    0.56    0.13    0.09    0.08    0.07    0.43      4.53      0.38
    1929    0.34    0.15    0.21    3.85    1.49    0.34    0.16    0.10    0.08    0.07    0.06    0.05      6.89      0.57
    1930    0.04    0.27    0.88    0.33    0.09    0.11    0.09    0.05    0.04    0.04    0.04    0.03      2.02      0.17
    1931    0.03    0.10    0.25    0.13    0.33    0.20    0.25    0.27    0.15    0.08    0.05    0.06      1.90      0.16
    1932    0.07    0.58    0.87    0.75    0.74    0.29    0.09    0.06    0.05    0.05    0.04    0.03      3.61      0.30
    1933    0.06    1.55    1.61    0.59    0.25    0.21    0.18    0.10    0.08    0.07    0.07    0.06      4.82      0.40
    1934    0.04    0.13    1.04    0.59    0.14    0.04    0.04    0.04    0.05    0.05    0.04    0.03      2.22      0.19
    1935    0.02    0.02    0.01    1.79    0.87    0.38    0.16    0.13    0.09    0.06    0.05    0.04      3.62      0.30
    1936    0.11    5.13    1.82    1.01   14.88    5.04    0.23    0.17    0.14    0.12    0.11    0.14     28.90      2.41
    1937    0.11    0.08    3.81    1.56    0.35    0.15    0.23    0.12    0.10    0.11    0.09    0.07      6.77      0.56
    1938    0.27    0.17    5.66    2.32   14.77    5.63    0.47    0.22    0.19    0.18    0.15    0.13     30.16      2.51
    1939    0.25    3.35    1.39    1.15    0.44    1.87    1.01    0.32    0.63    0.37    0.18    0.13     11.09      0.92
    1940    0.11    0.45    0.24    0.14    0.06    0.06    0.13    0.07    0.05    0.05    0.05    0.04      1.45      0.12
    1941    0.03    0.06    0.43    1.58    0.55    0.46    0.20    0.07    0.43    0.24    0.11    0.11      4.28      0.36
    1942    0.23    1.06    0.67    0.22    0.23    0.92    2.16    0.88    0.20    0.54    0.51    0.27      7.89      0.66
    1943    0.28    0.29    0.26    0.74    1.62    0.62    0.12    0.09    0.10    0.09    0.07    0.06      4.34      0.36
    1944    0.09    0.13    0.13    0.31    0.31    1.53    0.67    0.14    0.09    0.07    0.05    0.04      3.56      0.30
    1945    0.06    0.03    0.11    3.11    1.45    0.27    0.09    0.07    0.06    0.05    0.04    0.04      5.38      0.45
    1946    0.06    0.29    0.40    0.37    0.88    0.47    0.14    0.07    0.06    0.05    0.04    0.04      2.89      0.24
    1947    0.11    0.33    0.43    0.16    1.11    0.62    0.16    0.07    0.05    0.04    0.04    0.06      3.17      0.26
    1948    0.12    0.40    0.26    1.91    0.95    0.28    0.28    0.19    0.12    0.09    0.07    0.08      4.75      0.40
    1949    0.07    0.35    3.85    1.46    0.31    0.33    0.16    0.09    0.07    0.06    0.06    0.04      6.86      0.57
    1950    0.06    0.07    3.09    1.24    0.11    0.10    0.16    0.08    0.06    0.06    0.52    0.25      5.81      0.48
    1951    0.54    0.23    0.37    0.20    0.19    0.08    0.04    0.04    0.04    0.05    0.04    0.03      1.85      0.15
    1952    0.08    0.96    2.81    1.03    0.16    0.11    0.07    0.06    0.05    0.04    0.04    0.04      5.46      0.45
    1953    0.10    1.19    0.47    0.23    1.06    0.44    0.09    0.27    0.15    0.08    0.06    0.63      4.77      0.40
    1954    0.62    0.70    0.33    1.44    0.91    2.15    0.89    0.26    0.17    0.12    0.09    0.07      7.76      0.65
    1955    0.58    1.62    1.49    0.44    6.78    2.52    0.21    0.17    0.15    0.13    0.11    0.09     14.30      1.19
    1956    0.20    0.27    1.18    0.62    1.56    0.74    0.20    0.12    0.09    0.26    0.17    2.70      8.10      0.67
    1957   12.14    3.94    0.18    1.99    1.15    0.22    0.14    0.13    0.11    0.10    0.08    0.08     20.25      1.69
    1958    0.23    1.06    0.91    0.90    0.61    0.23    0.09    0.11    0.08    0.07    0.06    0.06      4.41      0.37
    1959    0.47    0.38    0.29    0.10    1.09    0.74    0.34    0.14    0.08    0.06    0.06    0.06      3.81      0.32
    1960    0.09    0.96    3.32    1.33    0.44    0.26    0.21    0.13    0.22    0.14    0.10    0.17      7.37      0.61
    1961    0.31    0.39    0.15    0.12    0.06    0.11    0.17    0.07    0.04    0.04    0.05    0.04      1.55      0.13
    1962    0.06    0.52    0.31    0.17    0.33    0.44    0.19    0.06    0.13    0.45    0.25    0.08      3.00      0.25
    1963    0.19    0.31    0.14    2.12    0.86    0.11    0.17    0.09    0.06    0.05    0.04    0.03      4.19      0.35
    1964    0.49    0.33    0.63    0.25    0.10    0.05    0.04    0.04    0.04    0.04    0.07    0.05      2.11      0.18
    1965    0.12    0.15    0.12    7.53    3.33    0.45    0.12    0.10    0.09    0.07    0.06    0.05     12.20      1.02
    1966    0.05    0.10    0.52    0.77    4.36    1.82    0.59    0.29    0.16    0.12    0.09    0.07      8.95      0.75
    1967    0.12    0.61    0.24    0.12    0.20    0.36    0.15    0.06    0.05    0.04    0.04    0.03      2.00      0.17
    1968    0.03    0.11    0.07    0.59    0.29    1.33    0.77    0.34    0.17    0.10    0.07    0.09      3.97      0.33
    1969    0.91    0.50    0.27    0.10    0.08    0.04    0.04    0.04    0.04    0.04    0.03    0.03      2.13      0.18
    1970    0.27    0.24    0.12    0.86    0.36    0.46    0.37    0.15    0.07    0.06    0.05    0.04      3.04      0.25
    1971    0.27    0.47    0.56    2.00   19.23   10.26    1.60    0.40    0.25    0.19    0.14    0.11     35.50      2.96
    1972    0.09    0.38    0.20    0.20    1.22    0.46    0.09    0.08    0.06    0.06    0.06    2.31      5.21      0.43
    1973    0.98    3.32    1.59    1.32    0.48    0.57    0.26    0.12    0.10    0.09    0.08    0.06      8.97      0.75
    1974    0.05    0.57    0.73    3.27   12.60    4.11    0.47    0.23    0.17    0.14    0.11    0.58     23.05      1.92
    1975    0.28    0.16    2.47    3.41    1.94    0.87    0.33    0.21    0.17    0.13    0.11    0.08     10.16      0.85
    1976    0.26    0.31    0.12    0.40    4.10    1.65    0.21    0.13    0.10    0.08    0.07    0.43      7.89      0.66
    1977    0.20    0.08    0.35    2.14    0.91    0.63    0.31    0.12    0.10    0.09    0.09    0.08      5.10      0.42
    1978    2.89    2.43    0.69    0.24    0.10    0.19    0.29    0.13    0.08    0.06    0.06    0.07      7.24      0.60
    1979    0.16    0.11    0.19    0.76    1.22    0.43    0.07    0.06    0.05    0.04    0.04    0.26      3.41      0.28
    1980    0.12    0.46    0.42    0.57    0.52    0.32    0.11    0.82    0.41    0.14    0.12    0.31      4.32      0.36
    1981    0.32    0.75    0.35    0.14    0.06    0.13    0.13    0.06    0.04    0.04    0.03    0.03      2.08      0.17
    1982    0.56    0.25    0.03    0.02    0.04    0.04    0.02    0.07    0.05    0.04    0.07    0.05      1.23      0.10
    1983    0.11    6.63    2.46   50.03   16.64    0.73    0.33    0.19    0.21    0.37    0.42    0.23     78.36      6.53
    1984    0.35    0.33    0.21    1.17   14.78    4.87    0.20    0.15    0.13    0.12    0.10    0.09     22.50      1.88
    1985    0.10    0.11    0.14    0.63    0.48    0.31    0.16    0.08    0.07    0.06    0.05    0.04      2.23      0.19
    1986    0.04    0.08    0.83    0.64    0.22    0.60    0.40    0.14    0.08    0.06    0.20    2.63      5.92      0.49
    1987    1.34    0.62    0.36    0.49    1.43    1.34    0.46    0.14    0.13    0.13    0.11    0.09      6.61      0.55
    1988    1.43    0.61    0.62    0.27    4.39    2.11    0.36    0.15    0.16    0.14    0.10    0.08     10.43      0.87
    1989    0.30   16.33    6.41    0.83    0.27    0.31    0.21    0.14    0.11    0.09    0.08    0.07     25.15      2.10
    1990    0.15    0.18    1.09    5.00    2.16    1.17    0.46    0.85    0.47    0.24    0.16    0.12     12.07      1.01
    1991    0.10    0.08    0.29    0.29    0.16    0.06    0.05    0.05    0.04    0.04    0.03    0.03      1.20      0.10
    1992    0.03    0.12    0.50    0.28    0.96    1.38    0.51    0.11    0.08    0.07    0.06    0.06      4.16      0.35
    1993    1.85    0.74    0.45    0.44    0.18    0.80    0.33    0.07    0.05    0.05    0.05    0.04      5.05      0.42
    1994    0.78    0.45    0.36    0.19    0.07    0.13    0.12    0.08    0.06    0.05    0.04    0.03      2.36      0.20
    1995    0.29    1.04    5.37    3.88    5.14    1.79    0.22    0.18    0.15    0.13    0.11    0.09     18.39      1.53
    1996    0.25    0.23    0.46    0.32    0.24    0.88    0.43    0.13    0.12    0.11    0.11    0.11      3.38      0.28
    1997    0.33    1.55    0.62    0.28    0.22    0.16    0.07    0.06    0.05    0.04    0.04    0.03      3.46      0.29
    1998    0.20    0.27    0.80    0.54    0.25    0.12    0.07    0.05    0.05    0.04    0.04    0.03      2.46      0.21
    1999    0.14    0.51    3.42    1.87   16.13    6.10    0.62    0.26    0.18    0.14    0.12    0.10     29.61      2.47
    2000    0.43    2.15    1.19    0.46    0.48    0.27    0.12    0.10    0.08    0.08    0.07    0.06      5.48      0.46
    2001    0.19    2.74    1.39    0.64    0.22    0.08    0.06    0.06    0.05    0.06    0.06    0.05      5.61      0.47
    2002    0.05    0.08    0.52    0.24    0.24    0.10    0.03    0.03    0.03    0.03    0.03    0.03      1.40      0.12
    2003    0.02    0.16    0.09    0.55    1.29    0.66    0.26    0.11    0.07    0.09    0.07    0.05      3.41      0.28
    2004    0.04    0.16    0.35    0.40    0.30    0.29    0.11    0.04    0.04    0.04    0.04    0.03      1.83      0.15
    2005    0.03    0.36    0.17    0.23    0.27    0.12    0.08    0.04    0.03    0.03    0.06    0.04      1.46      0.12
    2006    0.14    0.36    1.71    0.65    0.71    0.29    0.06    0.05    0.19    0.11    0.05    0.04      4.37      0.36
    2007    0.87    3.72    1.56    0.23    0.07    0.12    0.12    0.07    0.06    0.05    0.04    0.04      6.96      0.58
    2008    0.03    0.98    0.49    0.66    1.46    0.62    0.12    0.08    0.06    0.05    0.06    0.05      4.66      0.39
    2009    1.17    0.76    0.23    2.81    1.04    0.10    0.07    0.06    0.05    0.05    0.04    0.03      6.40      0.53
  
 AVERAGE    0.45    0.95    1.03    1.58    2.02    1.78    0.55    0.15    0.11    0.10    0.09    0.18      8.99      0.75
