    1920    0.41    0.39    0.35    0.31    0.29    1.17    0.44    0.29    0.26    0.23    0.21    0.19      4.56      0.38
    1921    0.19    0.67    1.32    0.48    0.16    0.14    0.12    0.11    0.10    0.10    0.09    0.09      3.57      0.30
    1922    0.61    0.98    0.41    0.81    0.45    0.16    0.08    0.07    0.05    0.05    0.04    0.04      3.75      0.31
    1923    0.03    0.07    1.94    0.72    0.10    0.26    0.11    0.06    0.05    0.04    0.04    0.15      3.56      0.30
    1924    0.11    0.18    1.61    0.72    0.30   48.84   16.17    0.22    0.16    0.13    0.11    0.10     68.66      5.72
    1925    0.17    0.09    0.07    0.10    0.07    0.05    0.05    0.04    0.05    0.04    0.04    0.04      0.81      0.07
    1926    0.04    0.06    0.07    0.15    0.18    0.24    0.10    0.03    0.03    0.04    0.03    0.03      1.00      0.08
    1927    0.46    0.24    0.28    0.51    0.20    0.04    0.04    0.03    0.03    0.02    0.02    0.04      1.90      0.16
    1928    0.04    0.08    0.10    0.18    0.49    0.75    0.29    0.07    0.06    0.05    0.04    0.23      2.38      0.20
    1929    0.18    0.09    0.11    1.96    0.77    0.18    0.08    0.06    0.05    0.04    0.04    0.03      3.59      0.30
    1930    0.03    0.14    0.45    0.17    0.05    0.06    0.05    0.03    0.02    0.03    0.03    0.02      1.08      0.09
    1931    0.02    0.06    0.13    0.07    0.17    0.11    0.13    0.15    0.09    0.05    0.03    0.04      1.03      0.09
    1932    0.04    0.30    0.45    0.38    0.38    0.15    0.05    0.04    0.03    0.03    0.03    0.02      1.89      0.16
    1933    0.03    0.79    0.83    0.31    0.13    0.11    0.09    0.05    0.05    0.05    0.05    0.04      2.53      0.21
    1934    0.03    0.07    0.53    0.31    0.07    0.02    0.02    0.03    0.03    0.03    0.03    0.02      1.18      0.10
    1935    0.01    0.01    0.01    0.91    0.45    0.20    0.08    0.07    0.05    0.04    0.03    0.03      1.89      0.16
    1936    0.06    2.61    0.95    0.52    4.01    1.51    0.16    0.10    0.08    0.07    0.06    0.08     10.23      0.85
    1937    0.06    0.05    1.94    0.81    0.18    0.08    0.12    0.06    0.06    0.07    0.05    0.04      3.53      0.29
    1938    0.14    0.09    2.88    1.20    3.50    1.67    0.31    0.14    0.11    0.11    0.09    0.08     10.33      0.86
    1939    0.14    1.72    0.73    0.59    0.23    0.96    0.52    0.18    0.34    0.21    0.11    0.08      5.81      0.48
    1940    0.06    0.24    0.13    0.07    0.03    0.03    0.07    0.04    0.03    0.03    0.03    0.03      0.80      0.07
    1941    0.02    0.04    0.22    0.81    0.29    0.24    0.10    0.04    0.23    0.14    0.07    0.07      2.26      0.19
    1942    0.13    0.55    0.35    0.12    0.12    0.47    1.06    0.45    0.12    0.30    0.29    0.16      4.11      0.34
    1943    0.16    0.16    0.14    0.38    0.83    0.32    0.07    0.05    0.06    0.06    0.04    0.04      2.30      0.19
    1944    0.05    0.07    0.07    0.16    0.16    0.78    0.35    0.08    0.05    0.04    0.03    0.02      1.88      0.16
    1945    0.03    0.02    0.06    1.58    0.75    0.14    0.05    0.04    0.03    0.03    0.03    0.02      2.79      0.23
    1946    0.03    0.16    0.21    0.19    0.45    0.24    0.08    0.04    0.04    0.03    0.03    0.03      1.53      0.13
    1947    0.06    0.17    0.22    0.08    0.57    0.32    0.09    0.04    0.03    0.03    0.02    0.03      1.67      0.14
    1948    0.07    0.21    0.14    0.97    0.49    0.15    0.15    0.10    0.07    0.06    0.04    0.05      2.49      0.21
    1949    0.04    0.18    1.96    0.76    0.16    0.17    0.09    0.05    0.04    0.04    0.04    0.03      3.57      0.30
    1950    0.03    0.04    1.57    0.64    0.06    0.05    0.08    0.04    0.04    0.04    0.28    0.14      3.03      0.25
    1951    0.29    0.13    0.19    0.11    0.10    0.04    0.02    0.02    0.02    0.03    0.03    0.02      1.00      0.08
    1952    0.05    0.50    1.43    0.53    0.09    0.06    0.04    0.04    0.03    0.03    0.03    0.03      2.84      0.24
    1953    0.05    0.61    0.25    0.12    0.54    0.23    0.05    0.14    0.09    0.05    0.04    0.33      2.51      0.21
    1954    0.33    0.37    0.18    0.74    0.47    1.10    0.46    0.14    0.10    0.07    0.05    0.04      4.06      0.34
    1955    0.31    0.84    0.77    0.23    3.45    1.31    0.12    0.10    0.09    0.08    0.07    0.06      7.43      0.62
    1956    0.11    0.14    0.61    0.32    0.80    0.38    0.11    0.07    0.06    0.14    0.10    1.39      4.23      0.35
    1957    2.21    0.81    0.13    1.02    0.59    0.12    0.07    0.07    0.06    0.05    0.05    0.04      5.22      0.43
    1958    0.12    0.55    0.47    0.46    0.31    0.12    0.05    0.06    0.05    0.04    0.04    0.04      2.31      0.19
    1959    0.25    0.20    0.15    0.05    0.56    0.38    0.18    0.08    0.05    0.04    0.04    0.04      2.01      0.17
    1960    0.05    0.49    1.69    0.69    0.23    0.14    0.11    0.07    0.12    0.09    0.06    0.10      3.84      0.32
    1961    0.17    0.21    0.08    0.06    0.03    0.06    0.09    0.04    0.03    0.02    0.03    0.03      0.85      0.07
    1962    0.04    0.27    0.16    0.09    0.17    0.23    0.10    0.04    0.07    0.24    0.15    0.05      1.61      0.13
    1963    0.10    0.16    0.07    1.08    0.44    0.06    0.09    0.05    0.04    0.03    0.03    0.02      2.19      0.18
    1964    0.26    0.17    0.33    0.13    0.05    0.03    0.02    0.02    0.02    0.02    0.05    0.03      1.13      0.09
    1965    0.07    0.08    0.06    3.82    1.72    0.24    0.08    0.06    0.05    0.05    0.04    0.04      6.31      0.53
    1966    0.03    0.05    0.27    0.40    2.22    0.95    0.31    0.16    0.09    0.07    0.06    0.05      4.66      0.39
    1967    0.07    0.32    0.12    0.06    0.10    0.18    0.08    0.03    0.03    0.03    0.03    0.02      1.07      0.09
    1968    0.02    0.06    0.04    0.30    0.15    0.68    0.40    0.18    0.10    0.06    0.05    0.06      2.10      0.17
    1969    0.48    0.26    0.15    0.05    0.04    0.02    0.02    0.02    0.03    0.02    0.02    0.02      1.14      0.10
    1970    0.14    0.13    0.06    0.44    0.19    0.24    0.19    0.08    0.04    0.04    0.03    0.02      1.61      0.13
    1971    0.14    0.25    0.29    1.02    6.15    2.73    0.45    0.27    0.16    0.12    0.09    0.07     11.74      0.98
    1972    0.05    0.20    0.11    0.10    0.63    0.24    0.05    0.05    0.04    0.04    0.04    1.19      2.74      0.23
    1973    0.53    1.58    0.79    0.68    0.25    0.29    0.14    0.07    0.06    0.06    0.05    0.04      4.53      0.38
    1974    0.03    0.29    0.38    1.67    2.59    0.94    0.30    0.15    0.10    0.08    0.06    0.31      6.90      0.57
    1975    0.16    0.09    1.26    1.74    1.00    0.45    0.17    0.12    0.10    0.08    0.06    0.05      5.28      0.44
    1976    0.14    0.16    0.07    0.20    2.09    0.86    0.12    0.08    0.06    0.05    0.05    0.23      4.10      0.34
    1977    0.11    0.05    0.18    1.09    0.47    0.33    0.16    0.07    0.06    0.06    0.06    0.05      2.68      0.22
    1978    1.49    1.26    0.37    0.13    0.05    0.10    0.15    0.07    0.05    0.04    0.04    0.04      3.78      0.32
    1979    0.09    0.06    0.10    0.39    0.62    0.22    0.04    0.04    0.03    0.03    0.03    0.14      1.80      0.15
    1980    0.07    0.24    0.22    0.30    0.27    0.16    0.06    0.43    0.22    0.08    0.08    0.17      2.29      0.19
    1981    0.18    0.39    0.18    0.07    0.03    0.07    0.07    0.03    0.03    0.03    0.02    0.02      1.12      0.09
    1982    0.29    0.13    0.02    0.01    0.02    0.02    0.01    0.04    0.03    0.03    0.05    0.03      0.67      0.06
    1983    0.06    3.37    1.28   29.44    9.77    0.42    0.19    0.14    0.14    0.21    0.24    0.16     45.42      3.79
    1984    0.19    0.18    0.11    0.62    4.19    1.50    0.14    0.10    0.08    0.08    0.07    0.06      7.31      0.61
    1985    0.06    0.06    0.07    0.33    0.25    0.16    0.09    0.05    0.04    0.04    0.03    0.03      1.20      0.10
    1986    0.02    0.05    0.43    0.33    0.11    0.31    0.21    0.08    0.05    0.04    0.11    1.36      3.09      0.26
    1987    0.71    0.34    0.19    0.25    0.73    0.69    0.24    0.08    0.07    0.08    0.07    0.05      3.50      0.29
    1988    0.74    0.33    0.32    0.14    2.23    1.09    0.19    0.09    0.09    0.09    0.06    0.05      5.43      0.45
    1989    0.16    5.97    2.58    0.47    0.16    0.17    0.11    0.08    0.07    0.06    0.05    0.05      9.93      0.83
    1990    0.08    0.10    0.57    2.55    1.12    0.61    0.25    0.45    0.26    0.14    0.10    0.07      6.29      0.52
    1991    0.06    0.05    0.15    0.15    0.08    0.03    0.03    0.03    0.03    0.03    0.02    0.02      0.67      0.06
    1992    0.02    0.06    0.26    0.14    0.49    0.71    0.27    0.07    0.05    0.04    0.04    0.03      2.18      0.18
    1993    0.95    0.39    0.24    0.23    0.09    0.41    0.17    0.04    0.03    0.03    0.03    0.02      2.64      0.22
    1994    0.40    0.24    0.19    0.10    0.04    0.07    0.06    0.04    0.04    0.03    0.03    0.02      1.26      0.10
    1995    0.15    0.54    2.40    1.65    1.24    0.52    0.14    0.10    0.08    0.07    0.06    0.05      6.99      0.58
    1996    0.13    0.12    0.24    0.17    0.12    0.45    0.22    0.07    0.07    0.07    0.06    0.07      1.80      0.15
    1997    0.18    0.80    0.33    0.15    0.11    0.08    0.04    0.03    0.03    0.03    0.03    0.02      1.83      0.15
    1998    0.11    0.14    0.41    0.28    0.13    0.06    0.04    0.03    0.03    0.03    0.03    0.02      1.31      0.11
    1999    0.08    0.27    1.74    0.96    4.08    1.86    0.39    0.16    0.11    0.09    0.07    0.06      9.88      0.82
    2000    0.23    1.11    0.62    0.24    0.25    0.14    0.07    0.06    0.05    0.05    0.04    0.04      2.88      0.24
    2001    0.10    1.40    0.72    0.33    0.12    0.04    0.04    0.03    0.03    0.04    0.04    0.04      2.93      0.24
    2002    0.03    0.04    0.27    0.13    0.12    0.05    0.02    0.02    0.02    0.02    0.02    0.02      0.76      0.06
    2003    0.02    0.08    0.05    0.28    0.66    0.34    0.14    0.06    0.04    0.06    0.04    0.03      1.80      0.15
    2004    0.02    0.08    0.18    0.21    0.16    0.15    0.06    0.02    0.02    0.03    0.02    0.02      0.98      0.08
    2005    0.02    0.19    0.09    0.12    0.14    0.06    0.04    0.03    0.02    0.02    0.04    0.03      0.79      0.07
    2006    0.08    0.19    0.88    0.34    0.37    0.15    0.03    0.03    0.10    0.06    0.04    0.03      2.29      0.19
    2007    0.45    1.90    0.81    0.12    0.04    0.06    0.06    0.04    0.04    0.03    0.03    0.02      3.63      0.30
    2008    0.02    0.50    0.26    0.34    0.75    0.32    0.07    0.04    0.04    0.03    0.04    0.03      2.44      0.20
    2009    0.60    0.40    0.12    1.43    0.54    0.06    0.04    0.03    0.03    0.03    0.03    0.02      3.33      0.28
  
 AVERAGE    0.20    0.45    0.52    0.85    0.78    0.92    0.32    0.09    0.07    0.06    0.06    0.10      4.42      0.37
