    1920   12.49    8.96    9.40    8.64    2.96    8.44    9.75    3.26    1.35    0.88    0.74    0.74     67.63      5.64
    1921    1.46   17.63   25.34   11.80    4.09    1.90    1.08    0.77    0.77    0.74    0.84    0.96     67.38      5.61
    1922   10.28   15.67    8.97   15.12   14.98    3.67    0.99    0.65    0.62    0.61    0.59    0.53     72.67      6.06
    1923    0.56    0.68    0.99    1.80    1.99    2.60    2.45    1.14    0.58    0.49    0.44    0.73     14.45      1.20
    1924    1.44    4.21    5.63    3.92    3.04   14.16   15.81    4.07    1.44    0.94    0.68    1.16     56.49      4.71
    1925    1.63    1.65    1.50    1.45    2.25    2.89    2.27    1.11    0.75    0.68    0.51    0.89     17.60      1.47
    1926    1.40    1.42    1.47    2.38    3.08    2.64    1.76    0.87    0.46    0.71    0.72    0.47     17.38      1.45
    1927    1.88    2.62    3.45    4.98    3.65    1.99    1.48    0.92    0.51    0.42    0.38    0.46     22.71      1.89
    1928    0.45    0.85    2.04    2.22    1.65    3.16    3.54    1.59    0.71    0.59    0.44    0.80     18.04      1.50
    1929    7.54   14.56    9.98    5.35    4.50    2.45    1.04    0.59    0.50    0.61    0.69    0.58     48.37      4.03
    1930    0.45    0.50    1.25    2.93    3.30    2.13    1.46    1.09    0.63    0.73    0.67    0.40     15.53      1.29
    1931    0.40    1.03    1.94    1.74    1.35    1.93    1.89    1.28    1.09    0.77    0.44    0.33     14.18      1.18
    1932    0.55    1.39    5.77    6.51    3.02    2.38    1.81    1.02    0.50    0.54    0.50    0.34     24.32      2.03
    1933    0.36    3.56   12.71   31.61   26.84    6.35    2.52    1.63    1.01    1.17    1.55    1.08     90.38      7.53
    1934    0.88    2.41   13.26   14.92    5.21    2.45    1.35    0.62    0.56    0.53    0.47    0.43     43.10      3.59
    1935    0.58    0.53    1.34    6.45    7.29    3.49    2.19    2.11    2.31    1.38    0.66    0.53     28.85      2.40
    1936    0.83   10.32   12.54   21.04   28.90   12.88    3.56    1.28    0.69    0.61    0.54    0.55     93.74      7.81
    1937    0.80    0.75    4.32    6.03    3.76    2.70    3.05    3.11    1.71    1.06    0.83    0.66     28.77      2.40
    1938    5.24    6.94    4.51    4.18   21.73   25.36    6.91    2.17    0.95    1.08    1.03    0.92     81.01      6.75
    1939    1.53   12.76   15.96    6.16    3.06    1.93    1.39    1.46    2.16    1.77    1.13    0.94     50.26      4.19
    1940    1.06    2.51   13.47   14.77    5.82    4.66    3.69    2.15    0.99    0.66    0.56    0.58     50.93      4.24
    1941    0.82    1.12    2.57    4.91    4.16    2.93    2.60    1.22    1.12    0.92    0.65    0.72     23.74      1.98
    1942    1.37    6.52    8.08    4.13    2.82    2.75   11.95   13.30    3.77    2.07    2.78    2.17     61.70      5.14
    1943    2.16    2.87    3.21    4.39   19.07   19.99    4.60    1.15    0.84    0.92    0.67    0.73     60.60      5.05
    1944    1.71    3.09    2.61    2.46    2.43    2.89    2.93    1.35    0.58    0.49    0.42    0.36     21.32      1.78
    1945    0.50    0.62    0.48    8.74   11.95    8.25    6.44    1.95    0.64    0.50    0.44    0.39     40.90      3.41
    1946    0.48    1.56    2.94    3.92    4.12    2.63    1.46    0.88    0.55    0.53    0.46    0.39     19.91      1.66
    1947    0.65    2.60    9.41   10.65    5.91    5.07    3.78    1.87    0.82    0.58    0.49    0.53     42.37      3.53
    1948    0.72    1.89    3.02    4.89    5.21    3.31    3.18    2.52    1.41    0.72    0.53    0.58     27.98      2.33
    1949    0.87    1.18    4.41    6.00    3.88    2.63    2.00    1.36    0.91    0.60    0.61    0.52     24.96      2.08
    1950    0.54    0.69    2.09    2.76    2.26    2.42    2.39    2.00    1.40    0.84    1.11    1.18     19.67      1.64
    1951    1.61    1.78    2.58    2.94    1.57    1.00    1.00    0.94    0.73    0.79    0.66    0.43     16.04      1.34
    1952    0.31    2.35    4.67    3.58    4.87    5.94    3.35    1.68    0.81    0.52    0.46    0.41     28.97      2.41
    1953    0.46    3.45    4.67    3.35    9.31    9.77    3.56    1.89    1.05    0.63    0.50    0.64     39.28      3.27
    1954    1.11    1.68    1.70   13.88   20.55   12.71    7.61    2.76    1.29    0.75    0.60    0.47     65.10      5.43
    1955    0.79    1.83   10.20   11.14    4.98    4.95    3.04    1.64    1.21    0.81    0.61    0.70     41.91      3.49
    1956    2.03    3.45    7.51    7.79    3.01    3.12    4.72    3.95    1.93    1.66    1.71    2.83     43.72      3.64
    1957    3.83    2.87    1.83    3.98    4.67    1.96    1.47    1.50    0.89    0.57    0.46    0.66     24.70      2.06
    1958    0.96    1.95    7.87    9.01    4.09    2.21    1.22    0.95    0.88    0.64    0.51    0.53     30.81      2.57
    1959    0.78    2.03    3.64    2.98    2.40    2.68    2.67    2.35    1.24    0.57    0.53    0.52     22.37      1.86
    1960    0.92    2.86   18.03   19.18    5.41    3.84    3.03    2.16    1.38    0.84    0.62    0.86     59.13      4.93
    1961    1.33    1.97    6.95   11.39    7.76    3.06    1.77    1.19    0.70    0.57    0.56    0.67     37.93      3.16
    1962    1.09    8.45   10.62    5.08    3.14    1.54    1.21    1.03    1.51    3.08    2.66    1.50     40.90      3.41
    1963    1.24    4.21    4.60    4.21    4.27    1.80    0.83    0.63    0.49    0.45    0.41    0.35     23.49      1.96
    1964    7.23   10.31    5.36    4.36    3.12    1.41    0.66    0.61    0.52    0.50    0.60    0.67     35.37      2.95
    1965    0.75    1.17    3.16    4.42    3.61    2.01    0.75    0.42    0.52    0.54    0.45    0.43     18.23      1.52
    1966    1.02    1.71    5.48    6.75   10.42   10.81    3.84    2.03    1.03    0.73    0.64    0.49     44.95      3.75
    1967    0.81    5.75    8.18    4.75    2.31    3.30    3.94    1.87    0.79    0.56    0.60    0.50     33.34      2.78
    1968    0.53    4.08    5.76    3.59    3.27    5.93    6.37    3.36    1.89    0.98    0.65    1.06     37.48      3.12
    1969    3.56    4.51    4.91    5.49    4.76    3.59    1.64    1.00    0.86    0.70    0.65    0.66     32.35      2.70
    1970    1.38    2.63    2.95    5.68    5.68    2.12    1.42    1.30    0.91    0.66    0.55    0.61     25.88      2.16
    1971    1.38    8.51   14.38   15.64   11.86    4.54    1.96    1.46    1.28    0.85    0.69    0.59     63.14      5.26
    1972    0.59    2.95    4.39    4.45   15.26   17.18    7.99    4.63    1.89    0.81    0.89    1.19     62.22      5.19
    1973    1.37    2.68    5.97    9.11    7.91    3.82    2.38    1.90    1.14    1.00    0.82    0.55     38.64      3.22
    1974    0.64    3.06   14.19   19.30   13.26    7.51    2.62    1.21    0.71    0.61    0.54    0.59     64.24      5.35
    1975    0.88    6.85   19.67   19.57    8.87    4.03    2.71    2.00    1.39    0.84    0.65    0.51     67.95      5.66
    1976    0.75    1.33    3.04    4.27    4.02    3.41    2.13    0.98    0.55    0.48    0.44    0.53     21.93      1.83
    1977    0.60    1.90    3.27   11.26   12.83    4.99    3.39    2.60    1.49    0.82    0.71    0.79     44.64      3.72
    1978    1.88    3.23    3.19    3.05    2.45    1.59    1.28    1.01    0.61    0.52    0.66    0.83     20.29      1.69
    1979    1.37    3.33    3.85    4.30    9.81    8.95    2.47    0.82    0.54    0.48    0.46    0.63     37.01      3.08
    1980    0.85    1.71    2.56    3.23    4.41    4.10    2.41    1.11    0.79    0.69    0.61    0.69     23.16      1.93
    1981    1.05    1.47    2.20    3.38    2.92    1.22    0.63    0.41    0.34    0.32    0.29    0.26     14.48      1.21
    1982    0.48    0.73    0.92    1.76    1.90    1.44    1.32    1.01    0.78    0.55    0.78    0.73     12.37      1.03
    1983    0.68   13.49   17.55   32.67   33.73    7.28    2.62    1.05    0.75    1.14    1.32    0.98    113.26      9.44
    1984    2.38    3.72    2.85    1.77    4.60    5.43    2.09    0.74    0.49    0.44    0.40    0.55     25.47      2.12
    1985    1.91    3.46    3.90    4.70    4.58    3.27    2.31    1.47    0.78    0.61    0.50    0.45     27.96      2.33
    1986    0.59    0.80    2.74    4.53    4.04    3.18    2.38    1.40    0.70    0.52    0.84    6.53     28.25      2.35
    1987   16.86   18.38    9.81    4.04    3.56    2.73    1.57    0.85    0.72    0.77    0.69    0.62     60.62      5.05
    1988    2.13    3.23    4.75    5.18    7.26    7.22    2.16    0.80    1.24    1.21    0.77    0.52     36.48      3.04
    1989    0.85    6.06    8.28    4.23    2.89    3.08    2.46    1.58    0.80    0.54    0.47    0.38     31.63      2.64
    1990    0.50    0.92    2.96   17.21   18.95    9.22    6.91    2.06    1.00    0.89    0.66    0.54     61.80      5.15
    1991    0.63    1.16    2.64    3.14    2.27    1.24    0.60    0.43    0.36    0.34    0.32    0.32     13.45      1.12
    1992    0.48    0.55    5.45    7.54    4.62    4.21    2.97    1.54    0.76    0.51    0.46    0.44     29.53      2.46
    1993    1.61    3.86   10.48   11.64    5.41    3.39    2.37    1.04    0.54    0.49    0.46    0.44     41.74      3.48
    1994    0.73    1.43    2.30    3.41    2.90    1.77    1.63    1.08    0.58    0.43    0.41    0.32     16.98      1.42
    1995    0.69    2.55   17.40   23.78   21.24   19.48    8.65    3.04    1.32    0.96    0.86    0.58    100.55      8.38
    1996    2.36    3.55    3.17    3.45    3.03    4.49    4.43    2.09    1.19    0.90    0.73    0.78     30.17      2.51
    1997    1.93    4.94    4.91    3.22    3.02    2.10    1.09    0.62    0.48    0.44    0.41    0.56     23.73      1.98
    1998    1.23    2.61    6.97    7.75    3.42    1.24    0.56    0.51    0.47    0.43    0.43    0.44     26.06      2.17
    1999    1.26    2.29   23.68   34.28   21.94   13.62    5.01    2.79    1.72    1.00    0.73    0.64    108.94      9.08
    2000    1.23    8.67   15.23    9.43    2.86    1.59    1.38    1.15    0.79    0.65    0.55    0.50     44.04      3.67
    2001    1.13    4.68    5.26    3.54    3.22    2.03    1.12    0.67    0.54    0.58    0.79    0.71     24.26      2.02
    2002    0.84    0.86    1.82    7.96    8.80    3.08    1.06    0.44    0.53    0.56    0.50    0.44     26.89      2.24
    2003    0.57    2.76    4.25    3.52    3.82    4.92    4.02    1.65    0.72    0.83    0.85    0.60     28.50      2.37
    2004    0.72    2.55    5.91    8.33    7.13    4.21    2.62    1.61    0.83    0.58    0.55    0.45     35.48      2.96
    2005    0.65    2.73    3.62   13.02   21.27   22.37   16.02    4.18    1.30    0.70    0.77    0.71     87.33      7.28
    2006    0.70    0.95   11.37   13.87    4.14    1.55    0.92    0.68    0.61    0.58    0.47    0.40     36.23      3.02
    2007    1.19    3.00    2.89    2.43    2.25    4.20    4.75    2.05    0.98    0.58    0.45    0.39     25.17      2.10
    2008    0.50    0.84    1.35    9.13   12.57    6.12    2.89    1.12    0.86    0.98    0.63    0.40     37.40      3.12
    2009    2.21    5.79   11.02   20.56   16.44    4.21    1.05    0.48    0.46    0.44    0.41    0.37     63.42      5.29
  
 AVERAGE    1.69    3.84    6.51    8.05    7.21    5.08    3.14    1.67    0.96    0.75    0.68    0.72     40.27      3.36
