    1920    3.80    2.86    4.55    4.16    1.05    3.89    4.09    1.07    0.72    0.54    0.43    0.40     27.56      2.30
    1921    0.70    9.84   13.48    5.18    1.40    0.82    0.56    0.41    0.38    0.35    0.36    0.39     33.87      2.82
    1922    3.57    6.17    4.10    9.67    8.91    0.79    0.41    0.32    0.28    0.26    0.24    0.21     34.93      2.91
    1923    0.21    0.23    0.55    0.95    0.92    1.23    1.11    0.42    0.26    0.21    0.17    0.30      6.55      0.55
    1924    0.61    1.85    2.47    1.69    1.43    8.59    8.47    0.92    0.57    0.46    0.32    0.64     28.01      2.33
    1925    0.80    0.75    0.73    0.75    1.19    1.35    0.97    0.44    0.34    0.30    0.22    0.47      8.32      0.69
    1926    0.66    0.61    0.71    1.26    1.52    1.12    0.74    0.38    0.22    0.28    0.29    0.20      8.00      0.67
    1927    1.04    1.26    1.76    2.63    1.56    0.83    0.70    0.41    0.25    0.19    0.16    0.17     10.96      0.91
    1928    0.17    0.48    1.07    1.03    0.70    1.65    1.70    0.58    0.32    0.28    0.20    0.42      8.60      0.72
    1929    2.25    6.64    5.46    2.30    2.21    1.05    0.46    0.28    0.21    0.23    0.25    0.22     21.56      1.80
    1930    0.17    0.21    0.72    1.56    1.52    0.82    0.62    0.49    0.28    0.30    0.27    0.18      7.14      0.60
    1931    0.16    0.58    0.98    0.76    0.60    0.93    0.83    0.52    0.48    0.34    0.21    0.15      6.55      0.55
    1932    0.25    0.72    2.49    2.52    1.15    1.12    0.84    0.45    0.25    0.24    0.21    0.14     10.37      0.86
    1933    0.14    2.27    6.17   19.79   16.37    1.17    0.93    0.74    0.48    0.50    0.60    0.49     49.66      4.14
    1934    0.39    1.38    6.97    6.90    1.70    1.03    0.64    0.30    0.25    0.22    0.18    0.16     20.11      1.68
    1935    0.19    0.19    0.80    2.86    2.78    1.29    0.98    1.03    1.09    0.58    0.31    0.23     12.33      1.03
    1936    0.34    4.12    4.53   13.29   17.98    5.71    0.92    0.52    0.35    0.28    0.23    0.22     48.48      4.04
    1937    0.28    0.28    2.60    3.23    1.50    1.18    1.47    1.45    0.70    0.50    0.38    0.29     13.86      1.16
    1938    2.23    2.75    1.96    2.07   14.58   14.95    1.61    0.73    0.48    0.48    0.44    0.38     42.67      3.56
    1939    0.65    6.38    7.25    2.18    1.33    0.92    0.67    0.61    0.80    0.77    0.49    0.39     22.44      1.87
    1940    0.41    1.42    7.14    6.82    2.06    2.20    1.70    0.95    0.48    0.31    0.24    0.23     23.98      2.00
    1941    0.28    0.50    1.40    2.46    1.79    1.38    1.30    0.48    0.47    0.40    0.29    0.29     11.03      0.92
    1942    0.65    2.38    2.87    1.70    1.35    1.37    6.95    6.85    0.99    0.94    1.18    0.97     28.20      2.35
    1943    1.07    1.48    1.61    2.33   12.84   11.85    0.82    0.37    0.38    0.39    0.29    0.29     33.71      2.81
    1944    0.91    1.49    1.10    1.24    1.24    1.44    1.41    0.51    0.28    0.22    0.18    0.14     10.15      0.85
    1945    0.17    0.25    0.21    4.41    5.42    3.18    2.58    0.66    0.31    0.24    0.19    0.16     17.79      1.48
    1946    0.17    0.91    1.47    1.91    1.91    1.07    0.62    0.41    0.25    0.23    0.19    0.16      9.31      0.78
    1947    0.29    1.41    3.66    3.80    2.50    2.34    1.75    0.86    0.43    0.28    0.21    0.20     17.74      1.48
    1948    0.25    1.07    1.49    2.25    2.30    1.41    1.48    1.13    0.63    0.36    0.25    0.24     12.86      1.07
    1949    0.31    0.60    2.22    2.86    1.61    1.18    0.94    0.62    0.43    0.28    0.26    0.22     11.54      0.96
    1950    0.21    0.31    1.17    1.38    0.97    1.10    1.03    0.84    0.61    0.39    0.51    0.56      9.08      0.76
    1951    0.80    0.85    1.36    1.51    0.62    0.46    0.47    0.41    0.32    0.32    0.29    0.19      7.61      0.63
    1952    0.14    1.44    2.53    1.51    2.16    2.65    1.33    0.73    0.40    0.26    0.21    0.17     13.52      1.13
    1953    0.17    2.12    2.45    1.41    4.10    3.77    1.19    0.85    0.51    0.31    0.23    0.25     17.39      1.45
    1954    0.43    0.83    0.79    7.10   10.28    6.24    3.53    0.98    0.61    0.39    0.29    0.21     31.68      2.64
    1955    0.43    0.97    4.16    4.02    2.04    2.47    1.26    0.71    0.58    0.39    0.28    0.28     17.60      1.47
    1956    1.12    1.63    2.75    2.72    1.17    1.64    2.12    1.56    0.85    0.74    0.73    1.47     18.51      1.54
    1957    1.84    1.27    0.88    2.37    2.49    0.72    0.72    0.73    0.38    0.26    0.20    0.24     12.09      1.01
    1958    0.36    1.02    2.98    3.15    1.60    1.00    0.58    0.42    0.38    0.28    0.22    0.21     12.20      1.02
    1959    0.28    1.08    1.84    1.28    1.13    1.29    1.16    1.03    0.52    0.27    0.24    0.22     10.34      0.86
    1960    0.46    1.50   10.69    9.94    1.48    1.79    1.34    0.94    0.63    0.42    0.29    0.36     29.83      2.49
    1961    0.55    0.98    2.75    5.25    3.79    1.14    0.83    0.58    0.34    0.26    0.23    0.25     16.95      1.41
    1962    0.42    2.99    3.63    2.04    1.50    0.69    0.58    0.46    0.58    1.05    1.07    0.59     15.60      1.30
    1963    0.64    2.00    1.96    2.16    2.20    0.65    0.37    0.28    0.21    0.18    0.16    0.13     10.95      0.91
    1964    3.19    4.21    2.04    2.04    1.48    0.60    0.31    0.26    0.21    0.20    0.22    0.24     14.99      1.25
    1965    0.26    0.59    1.70    2.22    1.53    0.82    0.30    0.19    0.20    0.21    0.17    0.16      8.37      0.70
    1966    0.54    0.79    2.44    2.88    5.33    5.23    1.25    0.90    0.50    0.35    0.29    0.21     20.71      1.73
    1967    0.39    2.37    3.33    1.95    0.98    1.84    1.99    0.68    0.35    0.26    0.25    0.20     14.59      1.22
    1968    0.20    2.24    2.82    1.44    1.55    2.24    2.25    1.42    0.90    0.52    0.32    0.57     16.47      1.37
    1969    1.57    1.81    2.28    2.67    2.29    1.70    0.69    0.46    0.38    0.30    0.26    0.25     14.68      1.22
    1970    0.73    1.26    1.33    2.49    2.29    0.78    0.68    0.62    0.42    0.30    0.24    0.24     11.37      0.95
    1971    0.73    2.95    6.31    9.34    6.39    1.58    0.81    0.65    0.57    0.40    0.31    0.25     30.27      2.52
    1972    0.23    1.79    2.25    2.08    9.01    8.96    2.97    2.08    0.81    0.44    0.42    0.48     31.52      2.63
    1973    0.52    1.47    2.67    4.14    3.65    1.57    1.11    0.93    0.54    0.45    0.37    0.24     17.66      1.47
    1974    0.24    1.81    7.36    9.77    6.75    3.33    0.93    0.56    0.36    0.29    0.24    0.24     31.89      2.66
    1975    0.31    2.76   10.94   11.08    3.57    1.59    1.26    0.93    0.66    0.42    0.31    0.22     34.05      2.84
    1976    0.33    0.68    1.62    2.11    1.81    1.53    0.91    0.43    0.26    0.21    0.18    0.19     10.26      0.85
    1977    0.21    1.09    1.66    5.22    5.46    1.70    1.54    1.21    0.69    0.41    0.33    0.33     19.84      1.65
    1978    1.03    1.54    1.42    1.47    1.17    0.71    0.60    0.47    0.28    0.23    0.26    0.30      9.49      0.79
    1979    0.66    1.67    1.78    2.14    4.99    3.90    0.69    0.35    0.25    0.21    0.18    0.22     17.04      1.42
    1980    0.29    0.91    1.24    1.57    2.19    1.82    1.02    0.50    0.36    0.31    0.26    0.27     10.73      0.89
    1981    0.43    0.71    1.08    1.74    1.34    0.45    0.29    0.18    0.14    0.13    0.11    0.10      6.72      0.56
    1982    0.20    0.34    0.43    0.93    0.90    0.59    0.58    0.41    0.34    0.25    0.31    0.33      5.63      0.47
    1983    0.32    6.44    7.62   22.45   21.56    1.14    0.92    0.42    0.35    0.45    0.51    0.41     62.59      5.22
    1984    1.29    1.78    1.21    0.80    2.19    2.38    0.73    0.32    0.23    0.19    0.16    0.19     11.47      0.96
    1985    1.01    1.60    1.74    2.31    2.13    1.42    1.05    0.68    0.38    0.28    0.21    0.17     12.98      1.08
    1986    0.20    0.35    1.53    2.36    1.74    1.34    1.05    0.61    0.34    0.24    0.32    1.94     12.01      1.00
    1987    8.89   11.38    4.70    1.60    1.84    1.27    0.68    0.40    0.32    0.32    0.28    0.24     31.93      2.66
    1988    1.22    1.54    2.18    2.40    2.92    2.74    0.69    0.39    0.50    0.50    0.34    0.23     15.65      1.30
    1989    0.45    2.42    3.25    1.69    1.39    1.55    1.10    0.70    0.38    0.25    0.20    0.15     13.53      1.13
    1990    0.17    0.49    1.60    9.78    9.38    3.52    3.10    0.67    0.49    0.42    0.30    0.23     30.16      2.51
    1991    0.24    0.65    1.40    1.50    0.98    0.51    0.26    0.19    0.15    0.14    0.12    0.12      6.26      0.52
    1992    0.16    0.24    2.88    3.58    1.88    1.90    1.27    0.67    0.38    0.24    0.20    0.18     13.57      1.13
    1993    0.92    1.96    4.82    5.06    2.09    1.55    1.15    0.47    0.26    0.21    0.18    0.16     18.83      1.57
    1994    0.31    0.73    1.11    1.68    1.32    0.77    0.78    0.45    0.26    0.20    0.17    0.13      7.91      0.66
    1995    0.39    1.35    9.81   12.72   12.60   11.54    3.48    1.04    0.61    0.48    0.41    0.27     54.70      4.56
    1996    1.47    1.82    1.44    1.73    1.42    1.97    1.84    0.86    0.58    0.44    0.34    0.33     14.23      1.19
    1997    1.07    2.16    1.90    1.50    1.53    0.96    0.48    0.29    0.21    0.18    0.16    0.19     10.63      0.89
    1998    0.55    1.24    2.66    2.83    1.35    0.51    0.27    0.22    0.19    0.17    0.16    0.16     10.29      0.86
    1999    0.68    1.05   14.79   20.09   11.76    6.99    1.63    1.20    0.81    0.52    0.36    0.29     60.16      5.01
    2000    0.66    3.05    6.87    4.78    0.90    0.75    0.60    0.51    0.36    0.29    0.23    0.20     19.20      1.60
    2001    0.64    2.04    2.05    1.59    1.58    0.88    0.50    0.31    0.24    0.24    0.29    0.27     10.64      0.89
    2002    0.35    0.40    1.00    3.19    3.06    1.03    0.44    0.22    0.23    0.23    0.20    0.17     10.51      0.88
    2003    0.21    1.58    2.15    1.50    1.82    2.18    1.60    0.69    0.36    0.36    0.35    0.25     13.08      1.09
    2004    0.30    1.41    2.68    3.32    2.95    1.81    1.19    0.77    0.42    0.27    0.23    0.17     15.53      1.29
    2005    0.30    1.51    1.72    6.64   11.59   13.84    9.04    0.96    0.49    0.36    0.35    0.31     47.09      3.92
    2006    0.28    0.41    4.73    5.23    1.18    0.62    0.43    0.31    0.26    0.24    0.19    0.16     14.04      1.17
    2007    0.69    1.50    1.23    1.13    1.11    1.89    2.03    0.75    0.45    0.29    0.21    0.17     11.45      0.95
    2008    0.19    0.46    0.68    3.69    4.96    2.39    1.20    0.51    0.40    0.42    0.28    0.18     15.36      1.28
    2009    1.32    2.55    5.06   12.82    9.60    0.94    0.31    0.22    0.19    0.18    0.16    0.13     33.49      2.79
  
 AVERAGE    0.75    1.81    3.11    4.06    3.65    2.36    1.36    0.71    0.43    0.34    0.29    0.29     19.17      1.60
