    1920    5.48    7.07   10.38    7.86    2.89    2.74    2.16    1.04    0.80    0.64    0.53    0.48     42.06      3.51
    1921    1.65    6.88    7.01    3.04    2.17    2.10    1.77    0.74    0.64    0.53    0.47    0.46     27.45      2.29
    1922    2.42    6.39    7.40   17.88   17.55    3.73    0.99    0.50    0.42    0.38    0.35    0.31     58.32      4.86
    1923    0.32    0.37    1.32    2.46    2.14    3.58    3.73    1.30    0.63    0.41    0.32    0.35     16.92      1.41
    1924    0.84    3.85    4.78    2.40    1.35    2.09    2.26    1.16    0.77    0.58    0.39    0.60     21.07      1.76
    1925    0.70    0.67    0.72    1.15    1.86    1.56    0.77    0.46    0.39    0.31    0.24    0.63      9.45      0.79
    1926    0.82    0.65    0.91    1.14    1.68    1.71    1.06    0.71    0.46    0.46    0.49    0.34     10.43      0.87
    1927    2.20    2.77    1.64    2.67    2.37    1.40    1.17    0.61    0.35    0.26    0.22    0.21     15.87      1.32
    1928    0.20    1.12    2.25    1.93    1.21    2.48    2.64    0.93    0.45    0.35    0.26    0.34     14.15      1.18
    1929    1.68    3.43    3.27    4.61    4.64    1.88    0.85    0.50    0.35    0.33    0.32    0.26     22.13      1.84
    1930    0.21    0.29    1.54    2.75    2.52    1.66    1.22    0.98    0.53    0.47    0.43    0.29     12.90      1.07
    1931    0.24    0.67    1.00    0.91    1.11    1.49    1.21    0.70    0.56    0.40    0.26    0.21      8.77      0.73
    1932    0.46    1.44    2.59    2.37    1.34    0.92    0.70    0.41    0.25    0.24    0.22    0.17     11.11      0.93
    1933    0.18    2.00    3.49   10.20   10.42    2.82    1.59    0.92    0.58    0.61    0.70    0.59     34.09      2.84
    1934    0.50    1.85    4.52    4.66    2.60    1.38    0.72    0.34    0.28    0.25    0.21    0.18     17.49      1.46
    1935    0.21    0.20    0.59    3.34    3.80    1.62    1.01    1.18    1.30    0.72    0.40    0.26     14.64      1.22
    1936    0.52    2.81    3.18   19.61   24.93    7.17    1.87    0.75    0.42    0.35    0.29    0.28     62.16      5.18
    1937    0.37    0.52    5.62    7.03    2.79    1.89    1.75    1.52    0.78    0.52    0.46    0.42     23.69      1.97
    1938    1.92    2.61    3.27    4.00   14.28   15.21    3.39    1.14    0.62    0.64    0.59    0.52     48.18      4.02
    1939    0.84    4.26    7.77    5.35    2.07    1.20    0.74    0.68    0.88    0.90    0.59    0.73     26.00      2.17
    1940    0.88    1.89    5.61    5.28    1.94    1.91    2.10    1.46    0.75    0.42    0.32    0.29     22.85      1.90
    1941    0.32    0.38    1.46    4.21    3.82    1.85    1.42    0.79    0.75    0.62    0.44    0.39     16.45      1.37
    1942    0.89    2.47    2.85    2.13    1.64    1.57    6.95    7.33    1.92    1.18    1.39    1.30     31.63      2.64
    1943    1.23    2.11    2.33    3.82    9.83    8.21    1.78    0.57    0.44    0.42    0.33    0.32     31.38      2.62
    1944    0.60    1.87    1.92    1.42    1.29    1.25    1.18    0.54    0.32    0.26    0.21    0.16     11.01      0.92
    1945    0.28    0.51    0.39   11.24   13.47    3.90    2.38    0.99    0.46    0.33    0.26    0.20     34.40      2.87
    1946    0.20    1.44    2.37    3.10    3.03    1.51    0.90    0.60    0.35    0.30    0.24    0.20     14.25      1.19
    1947    0.33    1.59    4.76    5.50    3.09    2.07    1.55    0.81    0.46    0.32    0.25    0.23     20.97      1.75
    1948    0.30    1.68    2.22    2.95    3.08    2.23    2.12    1.26    0.72    0.43    0.30    0.31     17.62      1.47
    1949    0.48    1.71    3.54    4.12    2.79    1.63    1.49    1.14    0.72    0.44    0.39    0.30     18.74      1.56
    1950    0.28    0.55    1.51    1.64    1.25    1.43    1.45    1.25    0.87    0.57    0.59    0.61     12.00      1.00
    1951    1.17    1.34    3.62    3.98    1.18    0.81    0.71    0.52    0.43    0.45    0.39    0.26     14.86      1.24
    1952    0.20    3.88    6.34    3.47    2.59    2.77    1.82    1.02    0.60    0.38    0.29    0.23     23.57      1.96
    1953    0.26    4.83    5.91    4.50    9.83    8.27    2.71    1.40    0.79    0.50    0.38    0.38     39.76      3.31
    1954    0.49    1.52    1.76    6.95   10.92    9.09    5.93    1.89    1.00    0.58    0.43    0.31     40.86      3.41
    1955    0.40    1.52    8.72    8.71    4.18    4.32    1.82    1.04    0.89    0.64    0.45    0.57     33.28      2.77
    1956    1.24    1.73    2.93    3.18    2.04    1.83    1.53    0.93    0.65    0.69    0.69    0.92     18.35      1.53
    1957    1.26    1.30    1.24    4.02    4.30    1.55    1.51    1.32    0.73    0.42    0.30    0.38     18.33      1.53
    1958    0.56    1.60    4.25    4.05    1.92    1.23    0.69    0.57    0.49    0.36    0.28    0.28     16.29      1.36
    1959    0.31    1.76    2.81    1.76    1.58    1.71    1.55    1.36    0.70    0.37    0.30    0.25     14.47      1.21
    1960    0.55    1.64    7.09    7.20    2.76    2.79    2.34    1.56    0.91    0.55    0.36    0.38     28.12      2.34
    1961    0.65    1.47    3.73    3.88    1.71    1.01    0.96    0.72    0.41    0.29    0.27    0.27     15.36      1.28
    1962    0.71    4.36    5.41    2.88    1.86    1.00    0.84    0.67    0.70    0.95    0.84    0.52     20.74      1.73
    1963    1.26    2.34    1.97    2.52    2.53    1.00    0.56    0.37    0.27    0.23    0.21    0.17     13.43      1.12
    1964    4.53    6.16    3.31    4.23    3.57    1.45    0.66    0.38    0.30    0.27    0.29    0.27     25.42      2.12
    1965    0.27    0.84    2.69    3.82    2.81    1.40    0.52    0.28    0.26    0.24    0.23    0.22     13.57      1.13
    1966    0.76    1.29    2.88    3.42    5.97    6.12    2.17    1.25    0.68    0.50    0.45    0.35     25.84      2.15
    1967    1.12    2.90   13.36   13.43    2.82    2.42    2.47    1.18    0.64    0.45    0.42    0.35     41.55      3.46
    1968    0.29    2.82    3.62    1.64    2.54    5.30    4.88    2.22    1.18    0.65    0.44    1.12     26.68      2.22
    1969    3.17    3.79    3.88    3.53    2.46    1.86    0.97    0.53    0.39    0.35    0.35    0.31     21.58      1.80
    1970    0.95    2.75    2.96    3.28    2.99    1.18    1.07    1.03    0.63    0.41    0.31    0.34     17.89      1.49
    1971    1.00    3.10    4.22    7.48    7.56    2.91    1.45    1.00    0.80    0.51    0.40    0.35     30.78      2.56
    1972    0.32    4.10    5.72    4.27    9.86    9.29    3.50    2.20    1.08    0.55    0.45    0.54     41.87      3.49
    1973    1.05    3.25    5.59    5.98    4.15    1.66    1.29    1.26    0.72    0.60    0.48    0.34     26.37      2.20
    1974    0.36    2.33    6.06   11.35   12.48    6.18    1.57    0.80    0.49    0.41    0.34    0.33     42.69      3.56
    1975    0.47    5.41   15.11   13.64    5.06    2.32    1.56    1.07    0.72    0.50    0.38    0.28     46.54      3.88
    1976    0.36    0.97    2.38    3.26    2.94    3.00    2.45    1.19    0.59    0.37    0.31    0.29     18.12      1.51
    1977    0.31    1.73    2.41    5.71    6.43    2.42    1.74    1.42    0.79    0.46    0.40    0.36     24.18      2.01
    1978    1.55    2.16    1.79    2.65    2.34    1.21    0.90    0.56    0.34    0.29    0.30    0.33     14.42      1.20
    1979    0.77    2.52    2.76    6.59    7.64    2.59    1.08    0.59    0.38    0.30    0.27    0.25     25.75      2.15
    1980    0.26    1.58    2.34    3.75    7.38    5.74    1.79    0.74    0.46    0.41    0.35    0.32     25.10      2.09
    1981    0.38    0.72    1.66    3.02    2.41    0.91    0.50    0.26    0.21    0.20    0.17    0.15     10.57      0.88
    1982    0.44    0.76    1.11    2.35    2.10    0.86    0.57    0.44    0.37    0.28    0.33    0.31      9.92      0.83
    1983    0.38   12.08   16.97   14.17   10.43    2.60    1.67    0.66    0.47    0.56    0.55    0.44     60.98      5.08
    1984    1.64    2.18    1.38    1.14    3.13    3.37    1.07    0.43    0.34    0.28    0.24    0.57     15.77      1.31
    1985    1.35    1.62    1.76    2.15    2.14    1.46    0.84    0.62    0.38    0.29    0.23    0.19     13.03      1.09
    1986    0.34    0.63    1.41    3.50    3.40    2.21    1.88    0.93    0.48    0.32    0.40    2.15     17.66      1.47
    1987    6.58   12.55    9.41    3.14    2.04    0.91    0.53    0.38    0.33    0.33    0.29    0.27     36.76      3.06
    1988    1.56    2.06    3.68    4.10    2.89    2.48    0.87    0.40    0.48    0.48    0.36    0.27     19.63      1.64
    1989    0.38    3.84    5.13    2.22    1.47    1.38    1.02    0.76    0.44    0.29    0.24    0.18     17.36      1.45
    1990    0.29    1.60    3.08    5.86    5.61    4.30    3.65    1.24    0.73    0.59    0.40    0.31     27.67      2.31
    1991    0.35    0.90    1.43    1.31    0.93    0.57    0.31    0.23    0.18    0.17    0.16    0.15      6.68      0.56
    1992    0.27    0.37    4.64    5.70    1.92    1.71    1.45    0.68    0.37    0.26    0.23    0.22     17.81      1.48
    1993    0.77    1.91    4.29    6.86    5.00    2.42    1.70    0.72    0.35    0.29    0.24    0.21     24.75      2.06
    1994    0.34    1.21    1.81    3.16    2.93    1.44    1.32    0.89    0.50    0.31    0.27    0.21     14.39      1.20
    1995    0.47    1.65    4.57    6.99   17.25   18.05    5.60    1.72    0.83    0.55    0.46    0.33     58.45      4.87
    1996    2.42    2.89    1.85    1.83    0.91    1.46    1.63    0.82    0.54    0.47    0.38    0.68     15.88      1.32
    1997    2.27    4.66    4.15    2.19    1.80    1.21    0.59    0.38    0.28    0.24    0.21    0.27     18.27      1.52
    1998    1.08    3.70    5.89    4.22    1.75    0.96    0.73    0.43    0.35    0.29    0.25    0.26     19.92      1.66
    1999    0.49    0.97   14.81   23.85   16.52    9.10    3.54    2.26    1.30    0.76    0.50    0.40     74.50      6.21
    2000    1.17    3.68    6.22    4.47    1.47    0.89    0.83    0.84    0.49    0.37    0.30    0.24     20.97      1.75
    2001    0.44    1.68    2.14    2.29    2.22    1.39    0.90    0.50    0.32    0.29    0.30    0.30     12.78      1.06
    2002    0.48    0.56    1.53    2.27    1.66    1.00    0.40    0.22    0.24    0.24    0.20    0.16      8.95      0.75
    2003    0.28    1.93    2.45    1.84    3.01    3.24    1.98    1.03    0.59    0.49    0.45    0.33     17.61      1.47
    2004    0.32    2.87    4.98    4.28    3.26    2.33    1.68    0.97    0.53    0.34    0.28    0.23     22.07      1.84
    2005    0.43    1.97    2.40    9.37   13.30   12.47    9.26    2.10    0.84    0.51    0.49    0.41     53.55      4.46
    2006    0.43    0.89    3.77    4.20    1.42    0.65    0.49    0.40    0.33    0.30    0.24    0.18     13.30      1.11
    2007    0.29    1.66    1.86    1.63    1.67    1.49    1.46    0.76    0.50    0.33    0.24    0.19     12.07      1.01
    2008    0.24    0.61    1.06    9.01   13.58    6.26    1.71    0.61    0.51    0.55    0.38    0.25     34.78      2.90
    2009    2.22    2.74    3.48    7.70    5.80    1.50    0.88    0.67    0.44    0.34    0.27    0.20     26.25      2.19
  
 AVERAGE    0.91    2.42    3.98    5.01    4.64    2.99    1.74    0.96    0.58    0.43    0.37    0.37     24.40      2.03
