    1920    4.04    9.60   11.92    4.71    2.05    2.42    1.61    1.11    0.86    0.68    0.57    0.51     40.09      3.34
    1921    1.81   11.45    5.54    2.19    1.55    1.92    1.15    0.68    0.62    0.51    0.45    0.44     28.32      2.36
    1922    2.64    9.03    6.15   27.41   10.92    1.60    0.59    0.45    0.38    0.35    0.32    0.27     60.09      5.01
    1923    0.29    0.36    1.32    1.97    1.53    4.64    2.56    0.88    0.50    0.35    0.27    0.32     14.99      1.25
    1924    0.94    5.15    3.47    1.64    0.96    1.99    1.62    0.99    0.72    0.55    0.35    0.65     19.04      1.59
    1925    0.57    0.65    0.53    1.03    1.54    1.11    0.58    0.41    0.37    0.29    0.22    0.71      8.02      0.67
    1926    0.67    0.63    0.80    0.91    1.52    1.26    0.88    0.62    0.39    0.51    0.48    0.31      8.97      0.75
    1927    2.38    1.75    1.43    2.36    1.43    1.20    0.86    0.48    0.29    0.23    0.19    0.20     12.80      1.07
    1928    0.18    1.14    1.79    1.35    0.93    2.51    1.64    0.65    0.38    0.33    0.24    0.38     11.53      0.96
    1929    1.86    3.15    2.52    4.96    3.04    1.22    0.61    0.43    0.30    0.30    0.31    0.24     18.94      1.58
    1930    0.18    0.30    1.48    2.14    1.93    1.26    1.14    0.80    0.41    0.47    0.43    0.24     10.79      0.90
    1931    0.22    0.69    0.77    0.71    0.98    1.32    0.89    0.64    0.53    0.37    0.23    0.20      7.53      0.63
    1932    0.53    1.45    2.24    1.67    0.96    0.76    0.55    0.33    0.21    0.23    0.21    0.15      9.29      0.77
    1933    0.17    2.08    2.56   16.83    6.93    1.84    1.21    0.72    0.54    0.61    0.75    0.56     34.81      2.90
    1934    0.48    1.89    4.43    3.31    1.81    0.99    0.47    0.28    0.24    0.22    0.18    0.16     14.46      1.21
    1935    0.21    0.18    0.58    3.16    2.20    1.31    0.80    1.27    1.10    0.61    0.33    0.23     11.99      1.00
    1936    0.58    2.88    1.89   36.69   17.94    3.37    1.09    0.55    0.37    0.31    0.25    0.25     66.16      5.51
    1937    0.42    0.48    6.77    4.01    2.07    1.49    1.71    1.20    0.61    0.48    0.43    0.40     20.07      1.67
    1938    2.09    1.90    3.14    2.90   23.39    9.58    1.67    0.77    0.57    0.63    0.58    0.51     47.72      3.98
    1939    0.93    6.96    6.75    2.94    1.42    0.84    0.63    0.65    0.95    0.89    0.51    0.79     24.24      2.02
    1940    0.78    1.92    7.58    3.56    1.33    1.72    1.83    1.18    0.55    0.37    0.28    0.26     21.37      1.78
    1941    0.30    0.37    1.41    3.76    2.14    1.59    0.95    0.72    0.79    0.61    0.41    0.38     13.44      1.12
    1942    1.00    2.44    2.09    1.71    1.16    1.43   11.15    5.02    1.24    1.17    1.55    1.26     31.22      2.60
    1943    1.22    2.03    1.74    3.59   12.58    5.03    0.86    0.41    0.40    0.39    0.29    0.29     28.83      2.40
    1944    0.70    1.85    1.29    1.23    0.86    1.18    0.83    0.42    0.28    0.22    0.18    0.13      9.17      0.76
    1945    0.32    0.46    0.28   18.66    8.12    2.82    1.68    0.68    0.37    0.29    0.23    0.17     34.09      2.84
    1946    0.18    1.48    1.73    2.80    2.07    1.14    0.75    0.47    0.31    0.27    0.21    0.17     11.59      0.97
    1947    0.38    1.63    6.26    4.28    2.13    1.73    1.14    0.62    0.38    0.28    0.22    0.21     19.25      1.60
    1948    0.35    1.74    1.54    2.77    1.99    2.04    1.70    1.06    0.58    0.37    0.26    0.29     14.69      1.22
    1949    0.52    1.77    3.08    3.24    1.87    1.37    1.31    0.99    0.59    0.40    0.36    0.28     15.78      1.31
    1950    0.26    0.57    1.39    1.08    1.06    1.22    1.33    1.15    0.80    0.50    0.65    0.56     10.57      0.88
    1951    1.23    0.97    3.59    2.02    0.76    0.69    0.57    0.51    0.42    0.47    0.40    0.22     11.84      0.99
    1952    0.18    3.94    4.53    2.28    2.32    2.16    1.43    0.82    0.47    0.33    0.25    0.20     18.90      1.57
    1953    0.24    4.98    3.06    4.90   11.33    5.11    1.87    1.12    0.64    0.45    0.33    0.36     34.38      2.86
    1954    0.50    1.58    1.15   12.10    9.24    8.17    3.65    1.41    0.82    0.53    0.38    0.27     39.79      3.32
    1955    0.43    1.53   15.30    5.64    3.45    2.77    1.27    0.96    0.88    0.62    0.41    0.61     33.86      2.82
    1956    1.32    1.60    2.76    2.21    1.58    1.60    1.22    0.78    0.62    0.70    0.72    1.05     16.13      1.34
    1957    1.26    1.19    1.01    3.89    2.25    1.19    1.45    1.11    0.59    0.37    0.26    0.42     14.97      1.25
    1958    0.54    1.66    3.93    2.46    1.43    0.88    0.52    0.54    0.47    0.33    0.25    0.26     13.28      1.11
    1959    0.31    1.83    2.06    1.17    1.43    1.28    1.49    1.10    0.54    0.31    0.27    0.23     12.03      1.00
    1960    0.62    1.61   11.64    4.88    2.12    2.29    1.99    1.31    0.73    0.48    0.32    0.36     28.37      2.36
    1961    0.69    1.47    3.51    2.49    1.14    0.83    0.84    0.59    0.32    0.25    0.25    0.25     12.65      1.05
    1962    0.81    6.86    4.06    2.13    1.21    0.76    0.73    0.58    0.77    1.09    0.84    0.42     20.26      1.69
    1963    1.32    2.05    1.42    2.34    1.52    0.69    0.44    0.32    0.23    0.20    0.19    0.14     10.87      0.91
    1964    4.67    3.73    2.88    3.74    2.25    0.93    0.44    0.32    0.25    0.23    0.27    0.26     19.97      1.66
    1965    0.26    0.87    2.50    2.92    2.04    0.91    0.31    0.23    0.23    0.21    0.22    0.21     10.92      0.91
    1966    0.85    1.11    2.82    2.29    8.37    4.08    1.61    0.98    0.51    0.48    0.43    0.32     23.86      1.99
    1967    1.23    2.74   22.14    8.49    1.34    2.25    1.75    0.93    0.54    0.41    0.40    0.32     42.55      3.55
    1968    0.26    2.87    2.07    1.24    2.42    6.10    3.68    1.80    0.93    0.54    0.39    1.23     23.54      1.96
    1969    4.51    3.44    3.42    2.41    2.00    1.31    0.70    0.46    0.34    0.31    0.32    0.29     19.49      1.62
    1970    1.07    2.64    2.13    3.02    1.79    0.84    1.03    0.88    0.54    0.38    0.28    0.36     14.94      1.25
    1971    1.10    3.14    3.29    9.56    5.04    1.94    1.10    0.93    0.71    0.45    0.36    0.32     27.96      2.33
    1972    0.29    4.17    3.49    3.74   13.44    6.14    2.75    1.74    0.78    0.49    0.40    0.56     37.99      3.17
    1973    1.11    3.34    5.38    4.60    2.56    1.07    1.20    1.00    0.66    0.57    0.44    0.29     22.24      1.85
    1974    0.36    2.38    8.29   13.92   10.48    3.32    0.98    0.67    0.45    0.37    0.30    0.31     41.80      3.48
    1975    0.55    9.87   19.48    8.60    2.81    1.77    1.27    1.00    0.67    0.46    0.34    0.24     47.06      3.92
    1976    0.39    0.94    2.22    2.53    2.39    2.70    1.86    0.90    0.44    0.32    0.26    0.25     15.19      1.27
    1977    0.29    1.78    1.62    9.15    4.65    1.68    1.59    1.15    0.60    0.42    0.37    0.33     23.62      1.97
    1978    1.67    1.62    1.56    2.32    1.48    0.97    0.72    0.45    0.30    0.26    0.28    0.34     11.99      1.00
    1979    0.88    2.57    1.85   10.25    5.27    1.59    0.75    0.49    0.34    0.27    0.24    0.23     24.73      2.06
    1980    0.25    1.63    1.64    3.56    8.64    3.92    1.11    0.50    0.42    0.38    0.33    0.30     22.68      1.89
    1981    0.43    0.71    1.56    2.56    1.43    0.65    0.34    0.22    0.18    0.17    0.15    0.13      8.52      0.71
    1982    0.51    0.63    1.04    2.11    1.23    0.65    0.46    0.42    0.36    0.27    0.35    0.30      8.34      0.69
    1983    0.40   24.46   13.34   16.72    5.79    1.66    1.02    0.51    0.45    0.58    0.59    0.45     65.98      5.50
    1984    1.80    1.63    1.12    0.88    3.08    1.97    0.68    0.35    0.30    0.26    0.22    0.67     12.96      1.08
    1985    1.39    1.46    1.57    1.77    1.68    1.02    0.71    0.50    0.33    0.27    0.21    0.17     11.06      0.92
    1986    0.39    0.59    1.35    3.14    2.17    2.01    1.41    0.71    0.36    0.29    0.44    2.48     15.34      1.28
    1987    9.85   15.48    5.57    2.17    1.25    0.63    0.46    0.34    0.30    0.32    0.27    0.26     36.91      3.08
    1988    1.71    1.46    3.67    2.42    2.61    1.56    0.56    0.35    0.46    0.49    0.34    0.25     15.87      1.32
    1989    0.43    3.97    3.25    1.48    1.26    1.04    0.91    0.64    0.35    0.26    0.21    0.15     13.94      1.16
    1990    0.33    1.62    2.57    7.74    4.08    3.46    2.04    0.89    0.72    0.57    0.36    0.27     24.65      2.05
    1991    0.36    0.92    1.18    0.98    0.70    0.40    0.25    0.20    0.16    0.14    0.15    0.14      5.56      0.46
    1992    0.32    0.32    4.64    2.89    1.42    1.58    1.05    0.52    0.31    0.23    0.20    0.20     13.68      1.14
    1993    0.86    1.82    5.08    6.03    2.91    1.97    1.15    0.47    0.30    0.25    0.21    0.18     21.24      1.77
    1994    0.40    1.19    1.48    2.92    1.71    1.21    1.12    0.74    0.39    0.27    0.24    0.18     11.87      0.99
    1995    0.52    1.62    5.74    6.05   25.54   12.15    2.89    1.21    0.68    0.52    0.44    0.30     57.65      4.80
    1996    2.51    1.63    1.69    1.18    0.64    1.45    1.17    0.71    0.53    0.45    0.36    0.79     13.11      1.09
    1997    2.45    5.52    3.06    1.63    1.41    0.80    0.44    0.34    0.24    0.21    0.19    0.32     16.61      1.38
    1998    1.19    4.83    4.93    2.61    1.07    0.75    0.53    0.40    0.32    0.27    0.23    0.25     17.37      1.45
    1999    0.57    0.93   28.45   22.88   14.62    5.54    2.77    1.91    1.07    0.69    0.46    0.38     80.27      6.69
    2000    1.30    3.56    6.67    2.85    0.97    0.60    0.81    0.72    0.46    0.34    0.26    0.21     18.75      1.56
    2001    0.51    1.66    1.60    2.02    1.58    1.12    0.69    0.38    0.28    0.26    0.29    0.30     10.69      0.89
    2002    0.55    0.45    1.50    1.58    1.27    0.66    0.26    0.19    0.22    0.24    0.19    0.15      7.27      0.61
    2003    0.33    2.00    1.58    1.59    2.73    2.55    1.53    0.81    0.47    0.47    0.44    0.31     14.82      1.24
    2004    0.33    2.97    3.70    3.39    2.50    1.93    1.34    0.75    0.40    0.30    0.25    0.20     18.05      1.50
    2005    0.49    1.98    1.65   16.32   10.66   14.31    5.57    1.21    0.65    0.47    0.48    0.39     54.18      4.52
    2006    0.46    0.86    3.72    2.41    0.91    0.47    0.45    0.36    0.30    0.28    0.21    0.15     10.58      0.88
    2007    0.33    1.69    1.10    1.48    1.06    1.40    1.06    0.66    0.44    0.30    0.21    0.16      9.89      0.82
    2008    0.27    0.61    0.93   16.67   11.71    3.42    0.96    0.40    0.50    0.57    0.37    0.22     36.63      3.05
    2009    2.31    1.60    3.41    9.43    3.75    0.88    0.73    0.61    0.41    0.31    0.24    0.17     23.85      1.99
  
 AVERAGE    1.00    2.74    3.96    5.07    3.88    2.24    1.33    0.77    0.50    0.41    0.35    0.36     22.59      1.88
