    1920    9.64   10.16   12.61   11.42    7.37   10.47   10.69    6.01    4.49    3.41    2.72    2.37     91.37      7.61
    1921    3.03    6.32    9.16    8.10    5.66    5.17    4.73    3.35    3.20    2.87    2.72    2.89     57.19      4.77
    1922    7.13   12.35   11.09   19.81   23.04   11.51    6.34    4.27    3.05    2.56    2.25    1.91    105.33      8.78
    1923    1.94    2.17    3.48    4.63    4.73    6.75    6.38    3.87    2.88    2.39    2.05    2.27     43.53      3.63
    1924    3.04    5.88   10.73    9.86    6.74   24.93   25.69    7.45    5.62    4.33    3.28    3.75    111.30      9.28
    1925    4.23    3.61    3.29    5.25    6.86    6.33    5.23    3.81    3.37    2.85    2.38    2.53     49.74      4.14
    1926    2.97    2.99    3.74    3.82    3.83    4.38    3.76    2.88    2.26    2.52    2.58    2.15     37.89      3.16
    1927    5.13    6.37    5.04    9.78    9.73    4.76    3.66    2.90    2.30    1.99    1.80    1.80     55.26      4.60
    1928    1.94    2.15    2.99    3.28    3.22    6.45    7.04    4.17    3.24    2.72    2.25    2.46     41.91      3.49
    1929    5.73    9.66    8.81   10.73   10.75    6.19    5.10    4.22    3.24    2.77    2.52    2.18     71.90      5.99
    1930    1.81    1.93    2.98    4.84    5.74    5.20    4.46    3.58    2.71    2.71    2.58    1.96     40.49      3.37
    1931    1.82    2.63    4.71    4.83    6.05    7.24    5.53    4.28    3.67    3.09    2.42    2.01     48.29      4.02
    1932    2.24    2.89    5.61    6.28    4.38    4.07    3.76    2.80    2.15    2.10    1.93    1.61     39.81      3.32
    1933    1.65    7.95   11.88   16.37   15.92    8.19    7.43    6.28    4.83    4.23    4.12    3.62     92.47      7.71
    1934    3.09    5.66   12.60   12.48    6.98    5.06    3.71    2.85    2.66    2.46    2.12    1.86     61.51      5.13
    1935    1.98    1.92    2.90   11.34   12.20    6.68    6.16    5.29    5.10    4.00    3.03    2.61     63.21      5.27
    1936    2.94    6.56    7.61   14.84   34.58   26.36    7.61    5.40    3.80    2.94    2.41    2.33    117.38      9.78
    1937    2.52    2.46    6.26    8.69    6.37    5.08    5.40    5.40    3.95    3.45    2.92    2.74     55.25      4.60
    1938    3.16    3.79    4.84    6.88   22.70   23.16    7.61    5.25    4.04    4.06    3.88    3.64     93.01      7.75
    1939    4.17   12.25   16.58   11.14    7.23    5.78    5.39    4.68    4.91    4.59    3.56    3.44     83.72      6.98
    1940    3.91    7.34   13.06   11.98    7.20    5.72    5.30    4.57    3.38    2.68    2.27    2.10     69.51      5.79
    1941    2.56    3.08    3.92    8.82    9.14    7.24    7.07    5.09    5.50    4.87    3.86    3.17     64.31      5.36
    1942    3.69    6.98    8.23    6.47    5.17    6.12   11.11   11.16    6.59    5.65    6.55    6.26     83.97      7.00
    1943    5.47    6.51    7.07    9.19   14.13   12.79    7.49    4.86    3.72    3.39    2.74    2.60     79.96      6.66
    1944    4.71    6.24    5.10    5.36    5.54    5.58    4.98    3.48    2.59    2.19    1.87    1.58     49.23      4.10
    1945    1.92    2.38    2.34   17.53   22.29   10.36    7.50    5.13    3.64    2.78    2.27    1.87     80.02      6.67
    1946    2.07    5.02    6.84   10.13   11.92    9.19    8.22    6.41    4.57    3.50    2.87    2.47     73.21      6.10
    1947    3.41    8.07   18.43   17.42    9.62   10.56    9.00    5.88    4.08    3.06    2.48    2.33     94.34      7.86
    1948    2.93    4.47    5.80    9.12   11.54   10.52    8.60    6.28    5.07    4.10    3.13    2.98     74.53      6.21
    1949    3.27    4.48    6.72    8.52    7.66    5.02    4.01    3.66    3.04    2.57    2.41    2.07     53.44      4.45
    1950    1.93    2.32    5.73    6.84    4.50    5.68    6.96    5.96    4.62    3.53    3.78    3.86     55.70      4.64
    1951    4.26    4.30    4.31    4.42    3.62    3.25    2.85    2.77    2.69    2.75    2.54    1.95     39.73      3.31
    1952    1.72    4.18    8.23    7.81    6.98    7.52    6.13    4.64    3.41    2.56    2.12    1.91     57.19      4.77
    1953    2.09    5.15    6.11    4.23    7.28    7.81    5.26    4.49    3.69    2.87    2.28    2.37     53.63      4.47
    1954    3.17    7.06    7.71   12.05   15.28    9.81    6.83    5.30    4.30    3.33    2.59    2.01     79.44      6.62
    1955    2.37    5.70   10.70    9.32    9.77   11.63    7.42    5.01    4.32    3.60    2.84    2.93     75.61      6.30
    1956    3.88    4.70    6.02    6.21    5.22    5.27    5.14    4.43    3.56    3.91    4.05    4.24     56.62      4.72
    1957    4.93    5.13    5.27   15.88   17.00    6.85    5.89    5.11    3.81    3.02    2.44    2.57     77.90      6.49
    1958    2.80    3.78    7.48    9.48    7.98    6.10    4.69    4.18    4.09    3.30    2.70    2.51     59.09      4.92
    1959    2.66    2.87    5.74    6.57    6.89    7.32    5.71    5.06    3.73    2.77    2.37    2.18     53.87      4.49
    1960    2.59    4.30   16.63   17.11    6.31    5.79    5.62    5.02    4.06    3.44    2.86    2.68     76.39      6.37
    1961    3.24    6.42   10.24    9.07    5.34    4.00    3.76    3.27    2.55    2.17    2.10    2.06     54.22      4.52
    1962    2.50    5.76    7.95    9.50    9.28    6.23    5.16    4.37    4.47    5.19    4.53    3.40     68.36      5.70
    1963    3.41    4.46    4.41    6.86    7.36    4.28    3.42    3.09    2.52    2.16    1.85    1.55     45.37      3.78
    1964    3.26    5.07    6.36    7.07    5.15    3.59    2.95    2.53    2.14    1.91    2.04    2.23     44.31      3.69
    1965    2.30    3.49    4.51    9.92   12.89    7.82    4.47    3.25    2.95    2.58    2.47    2.38     59.03      4.92
    1966    2.69    3.17    5.11    6.82   18.02   18.89    8.58    7.48    5.35    3.91    3.12    2.40     85.53      7.13
    1967    2.52    4.30    5.95    5.79    4.81    5.80    6.45    4.67    3.61    3.03    2.79    2.46     52.17      4.35
    1968    2.20    5.05    6.33    5.31    5.87    8.71    9.93    7.24    5.59    4.15    3.13    3.49     67.00      5.58
    1969    9.13   11.41   11.06    9.83    6.77    5.84    4.02    3.21    2.85    2.42    2.45    2.37     71.36      5.95
    1970    2.84    4.84    5.23   12.07   13.25    7.35    7.56    6.51    5.08    3.88    3.06    2.65     74.34      6.20
    1971    3.58    4.84    7.51   14.83   27.16   22.98    9.36    6.94    6.05    4.58    3.47    2.85    114.14      9.51
    1972    2.54    4.26    5.06    4.22    6.53    6.65    5.23    4.80    3.64    2.89    2.62    3.95     52.38      4.37
    1973    5.55    6.43    9.37   12.40   10.55    6.24    5.48    5.01    3.78    3.53    3.23    2.47     74.03      6.17
    1974    2.35    5.48    9.13    9.81   10.92    9.37    6.29    4.74    3.45    2.81    2.34    2.20     68.89      5.74
    1975    2.46    5.82   13.20   14.62   13.15   12.18    8.77    6.89    5.51    4.12    3.16    2.41     92.30      7.69
    1976    2.62    4.44    5.75    6.26    8.83    9.23    6.71    4.83    3.51    2.74    2.39    2.86     60.17      5.01
    1977    3.18    4.15    5.21   13.23   15.25    9.71    8.58    5.89    4.26    3.44    3.09    2.86     78.83      6.57
    1978    3.52    6.32    6.94    5.41    4.52    3.92    3.76    3.16    2.50    2.18    2.18    2.36     46.78      3.90
    1979    2.98    5.01    6.02    8.52   11.78    9.29    5.62    4.52    3.51    2.69    2.50    2.90     65.32      5.44
    1980    2.97    4.67    5.59    5.58   10.46   11.23    6.80    4.68    3.68    3.07    2.71    2.92     64.35      5.36
    1981    3.62    4.87    5.39    6.98    6.70    3.89    3.16    2.80    2.24    1.97    1.74    1.47     44.83      3.74
    1982    1.92    2.73    2.68    2.78    2.59    2.52    2.70    2.65    2.41    2.13    2.41    2.37     29.89      2.49
    1983    2.26    8.87   11.26   43.18   43.20    7.75    6.76    4.43    3.31    4.00    4.24    3.55    142.79     11.90
    1984    4.09    5.55    5.85    5.25   20.54   21.81    6.14    4.15    3.12    2.60    2.17    2.07     83.34      6.95
    1985    2.50    3.25    4.81    6.32    6.72    5.96    6.57    6.40    4.39    3.21    2.62    2.23     54.98      4.58
    1986    2.10    2.02    4.51    5.96    4.04    4.31    4.47    3.35    2.56    2.18    2.28    3.33     41.10      3.43
    1987    5.26    6.25    5.77    4.34   10.91   12.76    6.77    5.25    3.98    3.39    2.91    2.64     70.23      5.85
    1988    7.58    8.92    9.77   10.14   14.40   15.30    6.41    4.45    4.01    3.82    2.97    2.40     90.17      7.51
    1989    2.84    7.67    9.16    7.01    7.00    6.34    5.81    4.80    3.56    2.73    2.37    2.00     61.28      5.11
    1990    2.03    2.41    4.11   17.66   20.98   15.64   13.13    5.91    5.07    4.51    3.53    2.81     97.79      8.15
    1991    2.64    3.51    4.90    4.42    3.47    3.04    2.78    2.36    2.02    1.85    1.63    1.58     34.20      2.85
    1992    1.83    2.11    8.40    9.71    6.69    8.63    7.27    4.97    3.78    2.89    2.79    2.70     61.76      5.15
    1993    3.08    3.89    4.87    6.37    6.23    6.05    5.56    3.83    2.75    2.25    1.98    1.73     48.59      4.05
    1994    1.97    2.71    4.65    5.50    4.26    3.62    3.55    2.96    2.35    2.01    1.76    1.48     36.82      3.07
    1995    1.78    3.68   11.52   17.22   29.19   25.91    8.83    6.73    5.32    4.15    3.67    2.83    120.81     10.07
    1996    3.75    4.24    4.01    4.93    4.94    6.41    6.51    4.38    3.87    3.53    3.10    3.02     52.70      4.39
    1997    4.07    6.87    6.94    8.36    9.35    6.84    5.37    3.95    2.89    2.47    2.20    2.32     61.64      5.14
    1998    4.54    8.63   15.82   14.67    7.73    6.74    5.27    4.09    3.17    2.68    2.51    2.39     78.22      6.52
    1999    2.70    3.85   10.70   18.00   37.39   33.61   10.82    8.46    6.94    5.24    3.78    3.22    144.73     12.06
    2000    3.58    9.35   12.81    7.96    6.91    6.84    5.14    4.46    3.45    2.93    2.48    2.16     68.06      5.67
    2001    2.40    7.97    9.82    5.91    5.18    4.23    3.60    2.83    2.35    2.27    2.21    2.11     50.89      4.24
    2002    2.23    2.27    3.64    5.06    5.03    4.36    3.01    2.18    2.10    2.06    1.81    1.73     35.48      2.96
    2003    1.80    2.84    3.73    6.23    8.94    8.41    6.96    5.02    3.72    3.07    2.59    2.20     55.51      4.63
    2004    2.22    3.26    5.93    8.73    8.77    7.42    6.66    5.06    3.72    2.76    2.33    1.92     58.77      4.90
    2005    1.85    2.41    2.81    9.13   14.70   13.24   10.49    6.68    4.64    3.32    2.83    2.52     74.61      6.22
    2006    2.58    2.97    6.54    6.91    3.67    3.33    3.95    4.05    3.33    3.13    2.54    2.21     45.21      3.77
    2007    2.41    4.56    6.75    6.28    5.00    5.55    6.42    5.45    4.32    3.40    2.66    2.40     55.20      4.60
    2008    2.32    2.52    2.73    4.61    6.56    5.43    3.79    2.86    2.75    2.44    2.72    2.69     41.42      3.45
    2009    3.15   11.11   13.05    9.99    9.36    5.96    6.01    5.64    4.22    3.29    2.73    2.17     76.69      6.39
  
 AVERAGE    3.19    5.12    7.25    9.28   10.31    8.66    6.31    4.72    3.73    3.13    2.73    2.53     66.94      5.58
