    1920    3.47    2.86    1.90    1.13    0.92    5.48    3.36    1.74    1.25    0.81    0.56    0.64     24.13      2.01
    1921    1.21    4.00    8.28    3.87    1.43    1.33    1.07    0.88    0.95    0.88    1.05    1.02     25.99      2.17
    1922    3.41    6.65    3.76    4.19    6.55    4.43    2.03    0.97    0.76    0.74    0.67    0.51     34.67      2.89
    1923    0.69    0.82    3.13    2.23    2.75    4.11    2.81    1.45    0.94    0.76    0.70    1.16     21.55      1.80
    1924    1.77    2.19   10.59    6.06    4.79   50.55   18.53    1.89    1.10    1.05    0.90    1.47    100.89      8.41
    1925    2.31    1.92    1.33    1.82    1.63    1.35    0.95    0.84    0.81    0.74    0.64    0.90     15.24      1.27
    1926    1.06    0.84    1.11    1.05    3.37    3.15    1.73    0.84    0.65    1.18    1.29    0.89     17.16      1.43
    1927    2.95    2.31    2.43   16.73    6.69    1.06    1.03    0.92    0.67    0.62    0.61    1.02     37.03      3.09
    1928    1.09    1.15    2.09    2.03    2.10    3.78    2.86    1.44    0.88    0.76    0.67    1.61     20.47      1.71
    1929    2.61    2.08    1.85    2.16    1.71    1.97    1.85    1.25    0.87    0.88    0.81    0.63     18.67      1.56
    1930    0.48    0.82    2.38    2.04    1.63    1.42    1.13    0.78    0.59    0.94    0.92    0.56     13.68      1.14
    1931    0.57    0.61    1.10    1.26    1.57    1.60    1.52    1.61    1.69    1.34    0.82    0.68     14.37      1.20
    1932    0.78    1.64    4.13    3.17    2.20    1.76    1.18    0.72    0.62    0.79    0.81    0.62     18.42      1.54
    1933    0.77    7.35    5.78    3.37    1.68    3.32    2.63    1.51    1.17    1.19    1.42    1.20     31.39      2.62
    1934    0.84    0.79    4.99    4.33    2.06    1.13    1.00    1.29    1.65    1.45    0.98    0.68     21.17      1.76
    1935    0.62    0.43    0.53    9.83    5.17    2.70    1.91    1.85    1.53    0.99    0.74    0.76     27.06      2.25
    1936    1.84   28.69   10.82    5.50   17.76    8.65    2.92    1.59    1.11    0.94    0.79    1.14     81.75      6.81
    1937    1.38    0.94    4.38    3.73    2.74    1.73    4.28    3.10    1.60    1.48    1.14    0.96     27.46      2.29
    1938    1.00    0.78   47.76   20.99   36.60   14.64    2.63    1.34    1.08    1.41    1.30    1.39    130.89     10.91
    1939    1.78    9.30    5.72    4.88    2.82    3.94    3.34    2.71    3.93    3.16    1.55    1.09     44.24      3.69
    1940    1.32    2.89    2.30    1.64    0.96    0.83    1.15    1.00    0.71    0.71    0.66    0.64     14.80      1.23
    1941    0.83    1.40    4.59    8.35    3.69    2.37    1.61    1.98    3.66    3.49    2.14    1.41     35.51      2.96
    1942    1.45   11.21    5.94    3.58    2.62    2.98   18.56    8.16    1.92    2.99    4.30    3.29     66.98      5.58
    1943    3.84    3.51    2.11    4.71   13.42    6.20    1.78    1.34    1.29    1.12    0.83    0.84     41.00      3.42
    1944    1.06    1.37    1.12    2.12    2.34    2.49    2.01    1.31    0.88    0.72    0.62    0.54     16.58      1.38
    1945    0.84    0.87    0.55   25.93   15.85    4.16    1.51    0.98    0.73    0.64    0.57    0.53     53.16      4.43
    1946    0.65    0.87    1.31    2.95    2.58    1.87    1.66    1.24    0.89    0.88    0.71    0.72     16.33      1.36
    1947    1.19    4.91    5.58    4.25    4.06    3.50    2.16    1.14    0.78    0.68    0.60    0.77     29.63      2.47
    1948    0.89    1.35    1.13    2.79    3.33    2.85    2.05    2.07    1.86    1.26    0.80    1.04     21.41      1.78
    1949    1.08    2.40    5.86    3.35    1.39    1.32    1.17    0.89    0.73    0.71    0.77    0.58     20.25      1.69
    1950    0.52    0.61    3.71    2.41    1.11    1.65    2.66    2.25    1.36    1.04    2.87    2.47     22.67      1.89
    1951    2.48    1.47    1.03    1.46    1.23    0.92    0.77    0.69    0.86    1.19    0.97    0.57     13.63      1.14
    1952    0.79    3.43    4.13    2.97    2.16    2.09    1.63    1.06    0.76    0.67    0.63    0.74     21.09      1.76
    1953    0.88    2.66    1.67    0.91    2.84    2.15    1.20    2.34    2.13    1.21    0.91    1.44     20.33      1.69
    1954    2.93   26.58   10.39   16.87   18.97   11.89    4.54    2.45    1.93    1.27    0.91    0.70     99.42      8.29
    1955    1.97    3.72    3.55    1.62    5.20    3.67    1.47    1.02    0.98    0.99    0.89    1.03     26.14      2.18
    1956    1.44    1.08    1.44    0.92    2.27    2.22    5.92    3.67    1.51    1.78    1.61   12.28     36.15      3.01
    1957    6.67    2.01    0.69    6.21    4.00    1.65    1.22    0.96    0.91    0.87    0.68    0.63     26.48      2.21
    1958    0.87    2.27    2.91    2.71    2.21    1.61    0.92    1.05    1.06    0.90    0.74    0.68     17.91      1.49
    1959    0.91    1.01    1.42    1.28    3.49    3.21    3.40    2.49    1.27    0.82    0.74    0.94     20.97      1.75
    1960    1.55    2.66    6.76    3.30    1.11    1.04    1.41    1.56    1.36    1.07    0.86    1.19     23.88      1.99
    1961    2.01    2.03    1.64    1.63    0.96    0.93    1.60    1.34    0.80    0.70    0.97    0.89     15.50      1.29
    1962    0.75    4.58    4.21    2.42    1.69    1.76    1.59    1.18    2.24    3.13    2.32    1.06     26.92      2.24
    1963    1.07    1.09    0.79    3.54    2.87    1.41    1.09    0.98    0.75    0.67    0.56    0.44     15.25      1.27
    1964    1.60    2.01    3.29    1.94    0.95    0.84    0.80    0.73    0.70    0.67    0.98    1.11     15.60      1.30
    1965    1.25    1.76    1.66   18.54    9.17    2.83    1.48    1.17    1.10    0.90    0.95    0.91     41.73      3.48
    1966    0.90    0.85    1.49    1.55   13.77    7.17    3.92    2.74    1.47    1.10    0.87    0.59     36.41      3.03
    1967    0.88    1.59    1.10    0.74    1.11    4.48    3.60    1.88    1.01    0.87    0.88    0.72     18.87      1.57
    1968    0.75    1.39    1.35    3.13    1.99    2.23    3.13    3.24    2.22    1.28    0.89    1.60     23.20      1.93
    1969    8.67    6.01    3.01    1.24    1.07    1.04    0.82    1.01    1.02    0.82    1.08    1.06     26.86      2.24
    1970    1.71    2.12    1.53    2.82    2.04    1.60    2.18    1.99    1.34    0.92    0.70    0.62     19.56      1.63
    1971    1.90    2.46    3.78    5.34   25.71   16.30    4.36    2.26    2.03    1.39    1.05    0.74     67.33      5.61
    1972    0.67    1.55    1.26    0.80    6.09    3.44    1.56    1.35    0.97    0.80    0.85    3.51     22.86      1.90
    1973    3.40    4.35    5.15   12.13    5.26    1.73    1.71    1.31    0.95    1.27    1.17    0.70     39.13      3.26
    1974    0.75    2.65    4.69    8.78   19.72    7.58    2.57    1.85    1.28    1.09    0.85    0.96     52.75      4.40
    1975    1.03    1.75   11.01   12.86    9.40    4.85    2.93    2.19    1.44    1.04    0.85    0.63     49.99      4.17
    1976    1.21    3.47    2.63    2.63    9.94    5.46    1.82    1.06    0.88    0.75    0.73    1.05     31.62      2.63
    1977    1.05    1.10    1.58    5.29    5.44    8.56    4.85    2.19    1.28    1.08    0.94    0.84     34.20      2.85
    1978    1.80    3.02    2.47    2.13    1.27    1.67    1.99    1.44    0.84    0.73    0.88    1.09     19.34      1.61
    1979    1.74    1.87    2.06    2.05    3.81    2.60    1.18    0.89    0.76    0.64    0.82    1.47     19.88      1.66
    1980    1.31    4.10    5.36    4.05    4.07    3.62    1.99    1.76    1.70    1.13    1.02    1.20     31.28      2.61
    1981    1.54    2.81    1.96    1.41    1.54    1.37    1.86    1.50    0.85    0.71    0.60    0.48     16.62      1.38
    1982    1.28    2.47    2.00    1.45    0.87    0.90    1.34    1.50    1.30    1.05    1.20    0.94     16.30      1.36
    1983    0.77    6.67    3.97   61.34   22.32    3.29    2.35    1.30    1.10    2.28    2.60    1.65    109.65      9.14
    1984    2.43    2.61    2.00    2.09   17.49    7.34    1.33    0.87    0.80    0.75    0.65    0.63     38.98      3.25
    1985    1.56    1.77    1.20    2.89    2.47    2.36    1.80    1.07    0.83    0.76    0.64    0.53     17.88      1.49
    1986    0.53    0.50    1.40    1.91    1.38    2.30    2.09    1.26    0.72    0.62    0.92    3.77     17.42      1.45
    1987    5.87    4.14    2.11    1.47    9.71    5.78    2.74    1.72    1.36    1.28    0.98    0.85     38.02      3.17
    1988    8.05    4.12    3.71    2.34    7.10    3.88    1.34    1.04    1.54    1.57    1.06    0.80     36.55      3.05
    1989    2.42    5.02   18.29   14.94    4.92    1.44    1.33    1.10    0.81    0.72    0.84    0.71     52.54      4.38
    1990    0.84    0.83    0.91    5.19    4.03    3.93    2.37    2.38    2.65    2.17    1.38    0.93     27.62      2.30
    1991    0.80    1.22    3.98    2.73    1.58    1.08    1.05    0.87    0.77    0.74    0.99    0.85     16.67      1.39
    1992    0.82    1.54    3.60    2.50   13.33    6.34    1.70    0.84    0.66    0.63    0.70    0.64     33.30      2.78
    1993    0.84    0.91    6.86    3.89    1.71    2.23    1.70    0.94    0.67    0.66    0.71    0.61     21.73      1.81
    1994    1.66    1.63    1.79    1.86    1.15    1.65    1.75    1.32    0.99    0.81    0.74    0.55     15.90      1.33
    1995    1.85    3.67   23.06   11.38   12.52    6.11    2.05    1.54    1.21    1.09    0.96    0.71     66.15      5.51
    1996    1.56    1.27    1.91    2.90    1.97    3.52    2.63    1.52    1.60    1.78    1.82    1.69     24.17      2.01
    1997    3.24    5.06    3.17    3.34    4.28    6.18    3.32    1.35    1.00    0.83    0.71    0.68     33.17      2.76
    1998    1.14    2.86    9.88    5.34    2.41    2.32    1.98    1.47    1.09    0.87    1.30    1.41     32.07      2.67
    1999    2.66    3.01   17.93   18.75   51.64   37.96   11.06    3.73    2.19    1.32    0.94    1.04    152.22     12.69
    2000    1.62    7.56    5.97    2.72    9.96    5.09    2.52    1.75    1.07    0.92    0.79    0.75     40.72      3.39
    2001    1.12   11.69    8.09    3.58    1.41    0.67    0.82    0.92    0.88    1.09    1.38    1.17     32.82      2.73
    2002    1.06    0.95    2.48    2.51    4.22    2.49    0.89    0.66    0.82    0.98    1.26    0.99     19.31      1.61
    2003    0.83    1.39    1.87    2.55    2.77    4.00    3.19    1.72    1.18    1.28    0.96    0.81     22.54      1.88
    2004    0.70    0.73    1.27    1.48    1.00    0.74    0.79    0.67    0.55    0.51    0.48    0.38      9.28      0.77
    2005    0.35    0.90    0.61    0.93    4.17   23.52    9.42    1.79    0.90    0.75    1.44    1.44     46.22      3.85
    2006    1.15    2.41   12.54    6.32    3.46    2.17    2.95    2.21    1.52    1.35    0.88    0.90     37.86      3.15
    2007    1.03    3.46    7.66    3.84    1.45    1.16    1.56    1.63    1.41    1.11    0.76    0.72     25.80      2.15
    2008    0.64    1.05    1.43    4.62    5.02    3.27    1.64    1.07    0.95    0.82    2.08    1.81     24.40      2.03
    2009    2.53    3.87    2.27    6.65    3.82    1.49    1.92    1.75    1.24    1.13    1.05    0.86     28.59      2.38
  
 AVERAGE    1.67    3.23    4.51    5.30    5.86    4.48    2.60    1.58    1.21    1.10    1.03    1.14     33.70      2.81
