    1920    1.39    0.81    0.47    0.39    0.34    3.08    1.18    0.42    0.37    0.31    0.27    0.24      9.28      0.77
    1921    0.25    1.98    3.35    1.20    0.27    0.26    0.22    0.20    0.19    0.19    0.18    0.17      8.44      0.70
    1922    1.52    2.42    1.03    1.92    2.54    1.24    0.34    0.27    0.24    0.23    0.22    0.19     12.16      1.01
    1923    0.17    0.16    1.66    0.71    1.00    1.50    0.56    0.21    0.17    0.15    0.13    0.25      6.68      0.56
    1924    0.31    0.51    4.91    2.43    1.91   68.42   22.56    0.63    0.51    0.49    0.46    0.46    103.60      8.63
    1925    0.51    0.47    0.40    0.63    0.36    0.31    0.27    0.25    0.23    0.20    0.18    0.17      3.98      0.33
    1926    0.16    0.13    0.30    0.23    1.62    0.92    0.21    0.12    0.11    0.17    0.14    0.11      4.21      0.35
    1927    1.23    0.56    0.85    8.10    2.87    0.23    0.20    0.18    0.16    0.15    0.14    0.19     14.87      1.24
    1928    0.14    0.22    0.78    0.57    0.54    1.41    0.61    0.18    0.14    0.13    0.11    0.47      5.31      0.44
    1929    0.62    0.33    0.49    0.70    0.35    0.47    0.28    0.14    0.12    0.12    0.11    0.09      3.85      0.32
    1930    0.07    0.24    1.02    0.57    0.32    0.22    0.11    0.08    0.07    0.09    0.09    0.06      2.93      0.24
    1931    0.06    0.07    0.33    0.32    0.39    0.29    0.19    0.17    0.16    0.12    0.09    0.07      2.25      0.19
    1932    0.08    0.52    1.96    1.02    0.46    0.30    0.13    0.10    0.09    0.10    0.10    0.08      4.93      0.41
    1933    0.10    4.02    2.48    0.99    0.30    1.46    0.65    0.22    0.20    0.20    0.21    0.19     11.00      0.92
    1934    0.15    0.13    3.05    1.81    0.38    0.16    0.15    0.15    0.18    0.18    0.15    0.12      6.60      0.55
    1935    0.10    0.07    0.14    6.28    2.39    0.63    0.30    0.28    0.21    0.17    0.14    0.13     10.85      0.90
    1936    0.55   19.54    6.70    3.24    8.20    3.65    0.69    0.56    0.50    0.48    0.45    0.45     45.01      3.75
    1937    0.45    0.39    2.71    1.49    0.68    0.35    1.88    0.78    0.35    0.33    0.29    0.25      9.95      0.83
    1938    0.22    0.19   50.78   18.51   50.75   17.29    0.80    0.65    0.59    0.61    0.60    0.58    141.57     11.80
    1939    0.58    4.33    2.18    2.15    0.82    1.68    0.85    0.60    0.88    0.69    0.52    0.44     15.72      1.31
    1940    0.41    1.16    0.61    0.37    0.30    0.26    0.25    0.23    0.20    0.19    0.17    0.15      4.31      0.36
    1941    0.13    0.37    2.41    3.42    1.10    0.77    0.33    0.44    0.83    0.50    0.34    0.27     10.92      0.91
    1942    0.25    5.26    2.40    1.35    0.70    0.90    6.97    2.83    0.61    0.94    1.03    0.76     24.01      2.00
    1943    1.24    0.98    0.57    2.57    4.83    1.75    0.65    0.56    0.52    0.48    0.42    0.38     14.96      1.25
    1944    0.35    0.33    0.28    0.88    0.68    0.58    0.29    0.24    0.20    0.17    0.14    0.12      4.25      0.35
    1945    0.14    0.11    0.08   20.25    8.69    1.06    0.34    0.27    0.22    0.20    0.18    0.17     31.71      2.64
    1946    0.16    0.18    0.36    1.34    0.73    0.29    0.23    0.15    0.13    0.12    0.10    0.09      3.87      0.32
    1947    0.22    2.51    2.35    1.40    1.35    0.91    0.33    0.21    0.18    0.16    0.15    0.14      9.93      0.83
    1948    0.14    0.37    0.21    1.33    1.17    0.63    0.27    0.30    0.22    0.18    0.14    0.19      5.14      0.43
    1949    0.13    0.95    2.94    1.15    0.20    0.26    0.15    0.13    0.12    0.11    0.11    0.09      6.32      0.53
    1950    0.07    0.08    2.12    0.85    0.13    0.45    0.66    0.30    0.15    0.13    0.91    0.46      6.31      0.53
    1951    0.62    0.27    0.27    0.48    0.23    0.10    0.09    0.09    0.09    0.11    0.10    0.07      2.52      0.21
    1952    0.15    1.62    1.58    0.81    0.46    0.46    0.22    0.13    0.11    0.10    0.09    0.09      5.83      0.49
    1953    0.09    1.14    0.45    0.19    1.29    0.54    0.11    0.60    0.31    0.14    0.12    0.30      5.26      0.44
    1954    0.83   18.54    6.48    8.61   15.97    6.74    1.21    0.84    0.78    0.70    0.64    0.58     61.93      5.16
    1955    0.81    1.40    1.12    0.50    3.20    1.31    0.44    0.39    0.35    0.33    0.29    0.27     10.40      0.87
    1956    0.26    0.22    0.47    0.19    1.01    0.55    1.92    0.84    0.25    0.29    0.24    4.54     10.78      0.90
    1957    2.15    0.37    0.21    4.36    1.78    0.29    0.26    0.23    0.22    0.20    0.17    0.15     10.40      0.87
    1958    0.14    0.86    1.01    0.80    0.50    0.24    0.12    0.13    0.12    0.11    0.10    0.08      4.23      0.35
    1959    0.11    0.16    0.40    0.29    1.61    0.90    0.80    0.38    0.16    0.13    0.11    0.11      5.16      0.43
    1960    0.31    0.83    3.09    1.14    0.18    0.16    0.24    0.17    0.16    0.15    0.13    0.20      6.75      0.56
    1961    0.42    0.39    0.34    0.45    0.16    0.19    0.31    0.14    0.09    0.08    0.09    0.09      2.75      0.23
    1962    0.07    2.61    1.63    0.53    0.34    0.37    0.21    0.13    0.52    0.48    0.26    0.16      7.32      0.61
    1963    0.23    0.17    0.12    1.98    0.96    0.16    0.13    0.13    0.11    0.10    0.08    0.07      4.22      0.35
    1964    0.58    0.49    1.30    0.51    0.13    0.10    0.07    0.07    0.07    0.07    0.10    0.10      3.60      0.30
    1965    0.16    0.43    0.37   10.48    4.41    0.63    0.26    0.23    0.22    0.20    0.20    0.19     17.78      1.48
    1966    0.17    0.15    0.51    0.41    6.35    2.77    1.01    0.49    0.31    0.26    0.23    0.19     12.83      1.07
    1967    0.18    0.43    0.18    0.14    0.28    2.22    0.98    0.24    0.18    0.16    0.15    0.12      5.25      0.44
    1968    0.11    0.41    0.29    1.47    0.57    0.72    0.83    0.53    0.26    0.19    0.15    0.45      5.98      0.50
    1969    2.70    1.88    0.78    0.22    0.29    0.18    0.17    0.17    0.17    0.16    0.16    0.15      7.03      0.59
    1970    0.42    0.49    0.27    1.24    0.54    0.29    0.46    0.24    0.16    0.14    0.11    0.09      4.46      0.37
    1971    0.67    0.66    1.51    2.39   18.21    9.41    1.60    0.60    0.55    0.49    0.44    0.40     36.92      3.08
    1972    0.37    0.61    0.33    0.28    3.81    1.41    0.31    0.29    0.25    0.22    0.20    1.58      9.67      0.81
    1973    0.82    1.63    2.12    4.58    1.69    0.38    0.33    0.31    0.28    0.29    0.28    0.23     12.94      1.08
    1974    0.20    1.23    2.17    3.48   10.38    3.64    0.65    0.46    0.40    0.37    0.33    0.32     23.65      1.97
    1975    0.31    0.59    5.38    5.16    3.34    1.44    0.64    0.55    0.46    0.41    0.38    0.34     19.01      1.58
    1976    0.37    1.46    0.71    0.90    3.95    1.72    0.38    0.30    0.27    0.24    0.22    0.21     10.72      0.89
    1977    0.20    0.23    0.47    2.97    2.23    2.43    1.10    0.40    0.30    0.27    0.24    0.22     11.05      0.92
    1978    0.56    0.97    0.61    0.59    0.22    0.49    0.37    0.20    0.16    0.14    0.14    0.14      4.58      0.38
    1979    0.37    0.36    0.59    0.58    1.59    0.65    0.14    0.12    0.11    0.10    0.10    0.28      4.99      0.42
    1980    0.15    2.12    2.38    1.33    1.39    0.98    0.32    0.32    0.26    0.22    0.21    0.20      9.87      0.82
    1981    0.26    0.94    0.44    0.32    0.37    0.21    0.37    0.18    0.13    0.12    0.10    0.08      3.54      0.29
    1982    0.40    0.79    0.44    0.30    0.12    0.16    0.21    0.14    0.12    0.11    0.12    0.09      3.01      0.25
    1983    0.08    3.89    1.60   82.88   27.48    1.05    0.51    0.40    0.37    0.53    0.51    0.42    119.71      9.98
    1984    0.76    0.66    0.44    0.65    7.81    3.00    0.40    0.33    0.30    0.27    0.24    0.22     15.08      1.26
    1985    0.49    0.36    0.18    1.42    0.72    0.54    0.26    0.17    0.14    0.13    0.11    0.09      4.63      0.39
    1986    0.08    0.07    0.58    0.64    0.24    0.77    0.39    0.12    0.09    0.08    0.10    1.52      4.66      0.39
    1987    1.55    0.97    0.42    0.37    4.53    2.12    0.49    0.33    0.30    0.29    0.25    0.22     11.81      0.98
    1988    3.71    1.46    1.85    0.78    3.54    1.39    0.29    0.25    0.26    0.27    0.23    0.19     14.21      1.18
    1989    0.98    2.24    7.21    5.72    1.63    0.42    0.37    0.35    0.32    0.31    0.31    0.28     20.15      1.68
    1990    0.25    0.22    0.22    3.20    1.54    1.24    0.49    0.58    0.40    0.34    0.26    0.21      8.96      0.75
    1991    0.18    0.37    2.03    0.87    0.27    0.16    0.15    0.14    0.13    0.12    0.12    0.11      4.65      0.39
    1992    0.09    0.44    1.62    0.73    5.91    2.36    0.27    0.19    0.16    0.15    0.15    0.13     12.21      1.02
    1993    0.13    0.12    4.45    1.75    0.30    0.63    0.27    0.15    0.12    0.12    0.11    0.10      8.24      0.69
    1994    0.55    0.31    0.51    0.53    0.18    0.49    0.29    0.12    0.11    0.10    0.09    0.07      3.34      0.28
    1995    0.69    1.39   10.67    5.23    4.66    2.03    0.51    0.46    0.43    0.43    0.41    0.38     27.29      2.27
    1996    0.52    0.34    0.75    1.15    0.43    1.46    0.61    0.29    0.28    0.29    0.29    0.27      6.69      0.56
    1997    1.07    2.06    0.88    1.37    1.68    2.11    0.77    0.34    0.29    0.27    0.24    0.21     11.29      0.94
    1998    0.24    1.08    4.18    1.94    0.55    0.57    0.32    0.26    0.23    0.20    0.21    0.22     10.00      0.83
    1999    0.85    0.80    8.30   10.27   79.18   55.51   11.03    1.28    1.75    1.33    1.06    0.65    172.01     14.33
    2000    0.63    3.58    2.42    0.69    4.63    1.80    0.63    0.55    0.46    0.41    0.37    0.32     16.49      1.37
    2001    0.30    5.73    3.75    1.08    0.32    0.25    0.23    0.21    0.20    0.20    0.21    0.19     12.67      1.06
    2002    0.16    0.13    1.12    0.83    1.77    0.67    0.13    0.11    0.11    0.12    0.12    0.11      5.38      0.45
    2003    0.09    0.37    0.54    0.89    0.80    1.37    0.67    0.19    0.16    0.17    0.14    0.12      5.52      0.46
    2004    0.10    0.13    0.39    0.40    0.14    0.08    0.07    0.06    0.06    0.05    0.05    0.04      1.57      0.13
    2005    0.03    0.27    0.11    0.34    2.17    9.14    3.26    0.36    0.25    0.21    0.35    0.24     16.74      1.39
    2006    0.21    0.90    5.57    2.50    1.12    0.46    0.93    0.43    0.31    0.30    0.25    0.22     13.20      1.10
    2007    0.21    1.73    3.32    1.20    0.24    0.20    0.29    0.22    0.21    0.19    0.16    0.14      8.12      0.68
    2008    0.12    0.32    0.39    2.49    1.99    0.71    0.20    0.16    0.15    0.13    0.60    0.29      7.56      0.63
    2009    0.80    1.38    0.52    4.21    1.66    0.22    0.44    0.24    0.21    0.20    0.18    0.16     10.22      0.85
  
 AVERAGE    0.47    1.39    2.24    3.11    3.77    2.71    0.92    0.34    0.27    0.25    0.24    0.30     16.02      1.33
