    1920    1.85    2.47    2.49    1.86    1.48    2.10    1.50    1.03    0.61    0.48    0.39    0.36     16.62
    1921    0.78    3.07    4.30    2.64    2.30    2.41    1.79    1.04    0.70    0.58    0.49    0.48     20.58
    1922    1.14    2.53    3.34   10.07   12.26    4.92    1.88    0.71    0.39    0.39    0.34    0.30     38.27
    1923    0.32    0.68    1.38    1.62    2.07    3.30    3.20    1.56    0.78    0.43    0.33    0.33     16.00
    1924    0.58    4.08    5.65    2.66    1.39    1.51    2.17    1.68    1.32    0.91    0.55    0.64     23.14
    1925    0.69    0.78    0.67    0.84    1.21    0.88    0.63    0.50    0.48    0.35    0.25    0.46      7.74
    1926    0.68    0.85    1.01    0.99    4.65    6.26    3.18    1.59    0.78    0.65    0.60    0.38     21.62
    1927    1.10    1.55    1.28    1.37    1.28    1.33    1.07    0.73    0.40    0.31    0.28    0.25     10.95
    1928    0.23    0.60    1.64    1.51    1.30    1.07    0.81    0.52    0.37    0.35    0.25    0.45      9.10
    1929    2.47    6.65    6.53    6.36    6.62    3.66    1.94    1.07    0.56    0.48    0.44    0.33     37.11
    1930    0.33    0.43    1.11    1.99    1.55    1.23    0.99    0.77    0.49    0.46    0.38    0.25      9.98
    1931    0.29    0.59    0.76    0.91    1.25    1.80    1.43    1.00    0.60    0.37    0.25    0.23      9.48
    1932    0.35    1.23    1.79    1.44    1.17    1.23    1.04    0.75    0.41    0.28    0.23    0.19     10.11
    1933    0.19    0.80    1.57    2.03    2.50    2.02    1.44    0.87    0.52    0.45    0.41    0.31     13.11
    1934    0.30    0.67    1.66    1.85    1.60    1.34    0.89    0.47    0.28    0.28    0.23    0.19      9.76
    1935    0.19    0.17    0.34    0.94    1.75    1.41    1.04    0.94    0.85    0.64    0.36    0.22      8.85
    1936    0.39    1.59    2.19    9.20   11.87    5.02    2.26    1.07    0.50    0.36    0.30    0.31     35.06
    1937    0.36    0.40    5.18    7.45    3.78    2.25    3.52    3.84    1.78    0.87    0.49    0.45     30.37
    1938    0.67    0.86    1.75    2.47   13.33   17.03    6.62    2.60    1.08    0.84    0.74    0.65     48.64
    1939    1.31    7.67   11.97    7.03    3.25    1.72    1.11    1.17    1.55    1.22    0.81    0.64     39.45
    1940    0.64    1.07    1.66    1.16    1.46    2.55    3.05    2.02    1.08    0.51    0.37    0.34     15.91
    1941    0.41    0.45    0.64    1.15    1.01    1.58    1.28    0.90    1.00    0.83    0.61    0.40     10.26
    1942    0.68    1.38    0.98    1.06    1.20    1.16    7.29    9.53    3.99    1.81    1.44    1.07     31.59
    1943    1.04    4.03    5.40    9.94   12.81    6.75    2.76    1.09    0.48    0.48    0.40    0.36     45.54
    1944    0.57    0.89    0.69    0.76    1.14    1.58    1.20    0.88    0.50    0.33    0.26    0.22      9.02
    1945    0.25    0.42    0.36   11.64   21.29   14.83    7.43    2.99    1.17    0.49    0.36    0.30     61.53
    1946    0.31    0.61    1.26    1.88    2.17    1.76    1.24    0.70    0.37    0.35    0.29    0.26     11.20
    1947    0.42    1.12    4.24    5.56    2.81    2.56    2.39    1.24    0.56    0.35    0.30    0.29     21.84
    1948    0.68    1.81    2.19    4.06    4.83    2.58    1.68    1.15    0.68    0.40    0.32    0.38     20.76
    1949    0.50    3.13    8.17    7.56    3.54    2.01    2.16    1.67    1.10    0.59    0.40    0.46     31.29
    1950    0.58    0.51    0.66    0.77    1.21    2.11    3.01    2.60    1.73    1.03    0.72    0.55     15.48
    1951    0.94    0.98    0.75    0.54    0.49    0.85    0.70    0.56    0.45    0.40    0.28    0.19      7.13
    1952    0.21    1.01    4.38    5.60    2.88    2.07    1.60    1.14    0.74    0.43    0.33    0.28     20.67
    1953    0.38    1.97    3.06    2.94    2.95    2.07    1.50    1.13    0.75    0.43    0.34    0.40     17.92
    1954    0.52    1.33    1.51    6.29   15.64   15.58    8.13    3.58    1.62    0.76    0.42    0.34     55.72
    1955    0.42    1.11    9.50   12.39    5.02    2.70    1.59    1.00    1.12    0.73    0.47    0.46     36.51
    1956    0.77    1.31    1.91    1.89    1.95    2.83    2.93    1.45    0.65    0.49    0.52    0.69     17.39
    1957    1.04    1.03    1.12    1.89    2.33    1.75    1.40    1.10    0.69    0.44    0.32    0.58     13.69
    1958    1.01    1.04    1.06    1.67    1.65    1.31    0.84    0.50    0.39    0.32    0.26    0.29     10.34
    1959    0.34    1.14    1.81    1.51    2.03    2.27    1.90    1.53    0.94    0.49    0.34    0.30     14.60
    1960    0.40    0.85    2.21    2.94    1.75    1.66    1.93    1.49    1.03    0.67    0.40    0.34     15.67
    1961    0.56    0.73    3.08    4.28    2.41    1.68    1.42    1.00    0.55    0.35    0.34    0.28     16.68
    1962    0.61    4.53    6.31    3.12    1.55    0.78    0.52    0.38    0.64    0.97    0.59    0.36     20.36
    1963    0.59    1.64    1.91    2.91    3.81    2.73    1.54    0.86    0.47    0.36    0.31    0.25     17.38
    1964    1.78    2.96    2.18    1.81    1.48    0.97    0.53    0.34    0.29    0.28    0.28    0.26     13.16
    1965    0.26    0.59    1.37    1.78    1.51    1.10    0.60    0.31    0.25    0.24    0.21    0.19      8.41
    1966    0.53    1.51    5.47    7.16    6.46    6.14    3.26    2.10    1.20    0.63    0.49    0.42     35.37
    1967    1.11    3.19    4.29    2.73    2.08    4.52    5.29    2.47    1.13    0.56    0.43    0.34     28.14
    1968    0.37    1.22    1.86    1.43    2.59    5.19    4.83    2.36    1.15    0.57    0.38    0.64     22.59
    1969    1.85    2.96    3.93    3.30    1.72    1.00    0.68    0.48    0.37    0.35    0.35    0.28     17.27
    1970    0.46    1.27    1.52    1.95    1.90    1.20    1.37    1.39    1.01    0.64    0.36    0.34     13.41
    1971    0.49    1.36    1.32    1.92    2.35    2.05    1.88    1.58    1.12    0.65    0.37    0.31     15.40
    1972    0.32    0.83    1.14    1.44    4.44    5.63    3.19    2.11    1.17    0.55    0.34    0.55     21.71
    1973    1.55    1.85    1.51    4.82    6.13    3.21    1.88    1.25    0.74    0.50    0.46    0.36     24.26
    1974    0.35    0.77    1.68    4.78    6.17    3.17    1.78    1.19    0.73    0.43    0.35    0.34     21.74
    1975    0.41    0.76    2.84    7.16    7.12    3.86    2.10    1.10    0.58    0.43    0.34    0.28     26.98
    1976    0.35    1.18    2.04    1.65    1.23    0.88    1.25    0.84    0.50    0.32    0.28    0.26     10.78
    1977    0.35    0.96    1.84    5.83    7.11    3.11    1.38    0.64    0.34    0.33    0.31    0.31     22.51
    1978    0.46    0.77    1.10    1.10    0.89    0.69    0.53    0.39    0.25    0.22    0.22    0.22      6.84
    1979    0.35    6.05    8.54    9.29   13.30    9.23    3.93    1.62    0.67    0.39    0.36    0.33     54.06
    1980    0.30    1.60    2.74    4.04    5.62    5.25    3.61    1.69    0.74    0.45    0.40    0.36     26.80
    1981    0.36    0.59    0.88    4.83    6.32    2.68    1.20    0.59    0.31    0.30    0.26    0.23     18.55
    1982    0.46    1.10    0.95    1.21    1.02    0.79    0.60    0.51    0.46    0.40    0.31    0.23      8.04
    1983    0.40    4.90    7.90    8.15    7.12    3.20    1.72    0.93    0.46    0.55    0.47    0.49     36.29
    1984    1.36    1.81    1.66    1.52    5.49    6.81    2.96    1.23    0.58    0.42    0.34    0.35     24.53
    1985    0.51    0.60    1.13    4.58    9.10    7.15    3.15    1.44    0.67    0.42    0.34    0.30     29.39
    1986    0.68    1.42    1.26    5.93   10.10    8.95    6.18    2.58    1.05    0.46    0.49    1.04     40.14
    1987    1.64    4.56    6.42    6.95    6.31    2.70    1.34    0.67    0.49    0.51    0.40    0.43     32.42
    1988    1.45    2.01    1.38    1.56    5.18    6.28    2.56    1.03    0.61    0.59    0.40    0.31     23.36
    1989    0.56    2.76    3.80    1.93    1.17    1.17    1.10    0.81    0.52    0.35    0.28    0.22     14.67
    1990    0.26    0.65    1.63    8.14   12.03   13.04   11.27    4.28    1.60    0.70    0.42    0.34     54.36
    1991    0.36    0.61    0.84    0.66    0.70    0.79    0.66    0.43    0.28    0.25    0.26    0.33      6.17
    1992    0.38    0.33    1.34    2.13    1.74    1.39    1.03    0.62    0.33    0.26    0.22    0.21      9.98
    1993    0.65    1.79    3.87    4.68    5.13    5.34    2.67    1.23    0.52    0.36    0.33    0.31     26.88
    1994    0.40    0.83    1.21    1.79    1.79    1.39    1.98    1.51    0.99    0.52    0.32    0.26     12.99
    1995    0.33    1.25    3.62    4.57    6.57    9.58    6.72    3.05    1.50    0.79    0.54    0.39     38.91
    1996    0.85    1.37    1.32    1.03    0.70    0.79    0.95    0.75    0.56    0.42    0.32    0.35      9.41
    1997    0.74    1.94    2.43    1.24    0.75    0.85    0.65    0.47    0.28    0.23    0.20    0.22     10.00
    1998    0.90    1.41    1.51    1.65    1.29    0.80    0.60    0.45    0.31    0.26    0.23    0.31      9.72
    1999    0.47    0.82    1.18    1.59    2.11    2.75    2.93    2.15    1.30    0.69    0.37    0.30     16.66
    2000    0.42    3.73   11.83   11.26    4.27    1.75    0.89    0.58    0.48    0.39    0.31    0.25     36.16
    2001    0.46    1.59    1.86    1.87    1.83    1.48    1.05    0.70    0.40    0.37    0.39    0.37     12.37
    2002    0.82    0.73    1.19    2.02    1.70    1.33    0.76    0.37    0.26    0.26    0.25    0.20      9.89
    2003    0.28    1.03    1.04    0.99    1.79    2.91    3.05    1.54    0.72    0.43    0.35    0.24     14.37
    2004    0.35    4.86    6.93    3.62    2.42    1.94    1.54    0.97    0.49    0.35    0.30    0.25     24.02
    2005    0.28    0.77    1.12    5.88   10.63    7.87    4.03    1.76    0.71    0.40    0.37    0.30     34.12
    2006    0.34    0.64    1.06    1.05    0.79    0.58    0.54    0.39    0.29    0.28    0.22    0.17      6.35
    2007    0.25    1.09    1.33    4.15    5.33    2.99    1.97    1.25    0.75    0.46    0.33    0.26     20.16
    2008    0.37    0.68    1.48    6.01   12.27    9.93    3.97    1.51    0.61    0.45    0.37    0.29     37.94
    2009    0.84    2.59    3.47    2.80    2.57    1.71    2.13    2.37    1.40    0.70    0.37    0.29     21.24
