    1920    1.78    3.62    7.23    8.26    4.99    5.33    4.59    3.02    2.19    1.54    1.17    0.97     44.70      3.72
    1921    1.37    2.91    3.98    4.06    3.85    4.16    3.46    2.74    2.01    1.65    1.34    1.24     32.76      2.73
    1922    2.03    5.00    7.06   17.67   23.98   13.26    5.88    2.79    1.45    1.01    0.89    0.77     81.79      6.82
    1923    0.79    0.91    1.11    1.36    1.70    2.71    2.66    1.93    1.41    1.06    0.84    0.83     17.31      1.44
    1924    1.06    1.84    2.68    2.50    2.34    3.43    3.87    3.32    2.56    1.94    1.43    1.45     28.41      2.37
    1925    1.53    1.39    1.40    1.52    1.93    2.07    1.68    1.44    1.27    1.06    0.84    0.91     17.04      1.42
    1926    1.06    1.03    1.04    1.01    1.29    1.65    1.56    1.26    1.02    1.02    0.97    0.71     13.62      1.14
    1927    1.34    2.11    2.04    2.97    3.20    2.68    2.25    1.74    1.24    0.92    0.76    0.64     21.89      1.82
    1928    0.60    0.87    1.34    1.37    1.52    2.35    2.44    1.89    1.43    1.08    0.81    0.83     16.52      1.38
    1929    1.49    2.61    2.90    4.11    5.10    4.05    3.35    2.70    1.99    1.42    1.18    0.94     31.83      2.65
    1930    0.77    0.76    1.01    1.61    2.45    2.60    2.30    1.82    1.38    1.31    1.19    0.82     18.01      1.50
    1931    0.71    0.93    1.41    1.81    2.43    3.35    2.86    2.38    1.88    1.45    1.05    0.81     21.07      1.76
    1932    0.92    1.43    2.26    2.42    2.20    2.33    2.08    1.62    1.16    0.91    0.75    0.60     18.69      1.56
    1933    0.60    1.23    2.24    3.92    5.48    4.41    3.73    3.02    2.27    1.90    1.76    1.46     32.01      2.67
    1934    1.27    1.88    3.19    3.78    3.47    2.81    2.21    1.54    1.14    0.99    0.83    0.71     23.82      1.99
    1935    0.78    0.81    0.93    1.81    2.81    3.09    2.76    2.72    2.48    1.96    1.42    0.97     22.53      1.88
    1936    1.14    1.94    2.28   15.68   28.06   18.63    8.48    4.27    2.29    1.33    0.99    0.92     86.00      7.17
    1937    0.95    0.93    1.62    2.84    3.30    3.02    2.99    2.57    2.02    1.59    1.30    1.16     24.30      2.02
    1938    1.35    1.62    2.26    3.27   19.20   25.82   11.58    5.47    2.93    1.87    1.60    1.45     78.43      6.54
    1939    1.59    2.84    5.90    7.78    5.04    3.62    2.73    2.24    2.22    2.01    1.46    1.39     38.82      3.23
    1940    1.52    2.12    4.50    6.14    4.12    3.44    3.79    2.98    2.28    1.56    1.19    1.00     34.65      2.89
    1941    1.03    1.12    1.27    2.02    2.31    2.67    2.56    2.17    2.24    1.83    1.40    1.20     21.82      1.82
    1942    1.44    2.40    2.82    2.51    2.32    2.54    4.03    5.08    3.55    2.56    2.68    2.32     34.26      2.85
    1943    2.11    2.59    2.67    3.02    4.92    6.09    3.99    2.54    1.61    1.32    1.04    0.95     32.85      2.74
    1944    1.36    2.01    1.91    1.97    2.13    2.15    1.99    1.46    1.08    0.90    0.73    0.59     18.28      1.52
    1945    0.66    0.83    0.77    2.07    5.36    7.30    4.73    3.15    2.00    1.29    0.94    0.76     29.85      2.49
    1946    0.72    1.05    1.50    1.89    2.39    2.32    2.08    1.66    1.26    0.99    0.78    0.64     17.27      1.44
    1947    0.76    1.53    3.89    5.79    4.51    3.92    3.43    2.67    1.87    1.28    0.98    0.83     31.46      2.62
    1948    0.97    1.43    1.84    2.31    2.68    2.72    2.52    2.02    1.59    1.20    0.92    0.86     21.05      1.75
    1949    0.96    1.52    2.69    3.67    3.47    2.85    2.43    2.21    1.75    1.36    1.13    0.88     24.93      2.08
    1950    0.82    0.98    1.62    1.88    1.75    2.09    2.40    2.20    1.77    1.40    1.48    1.45     19.85      1.65
    1951    1.56    1.53    2.01    2.43    1.90    1.80    1.60    1.34    1.13    1.16    1.06    0.75     18.26      1.52
    1952    0.66    1.20    2.70    3.38    3.62    4.07    3.57    2.95    2.18    1.52    1.08    0.88     27.81      2.32
    1953    0.90    1.87    2.69    2.90    4.06    4.19    3.69    3.08    2.42    1.77    1.26    1.15     29.99      2.50
    1954    1.43    2.28    2.45    6.64   16.04   15.47    7.79    4.55    2.89    1.90    1.24    0.95     63.64      5.30
    1955    0.98    1.63    3.34    3.28    6.22    7.68    4.49    2.82    2.19    1.81    1.35    1.33     37.14      3.09
    1956    1.71    1.77    1.87    2.03    2.37    2.89    2.61    2.00    1.59    1.54    1.53    1.74     23.66      1.97
    1957    1.99    1.94    2.11    3.34    4.09    3.45    3.34    2.69    2.00    1.39    1.04    1.00     28.37      2.36
    1958    1.09    1.45    2.24    2.65    2.82    2.53    1.96    1.72    1.62    1.25    0.96    0.86     21.13      1.76
    1959    0.87    1.17    2.03    2.19    3.00    3.73    3.46    2.89    2.22    1.52    1.10    0.91     25.09      2.09
    1960    1.02    1.53    7.35   10.16    5.46    3.56    3.30    2.87    2.30    1.74    1.29    1.18     41.77      3.48
    1961    1.44    2.02    2.94    3.11    2.63    2.43    2.30    1.77    1.32    1.05    0.91    0.77     22.68      1.89
    1962    1.01    2.23    3.39    3.66    3.03    2.50    1.97    1.61    1.68    1.96    1.55    1.08     25.66      2.14
    1963    1.24    2.01    2.22    2.80    3.16    2.44    2.00    1.59    1.18    0.93    0.76    0.61     20.94      1.74
    1964    1.10    2.47    3.47    5.09    6.04    3.87    2.54    1.66    1.08    0.93    0.87    0.84     29.95      2.50
    1965    0.84    1.12    1.83    2.72    3.29    2.50    1.89    1.25    0.92    0.81    0.75    0.69     18.60      1.55
    1966    0.88    1.41    2.43    3.43   10.13   12.84    6.54    3.99    2.64    1.79    1.42    1.10     48.58      4.05
    1967    1.37    2.42    3.45    3.69    3.38    3.79    3.94    3.07    2.33    1.68    1.34    1.05     31.51      2.63
    1968    0.95    1.51    2.26    2.30    3.22    6.65    8.40    5.01    3.21    2.08    1.38    1.33     38.27      3.19
    1969    2.40    3.46    3.75    3.51    3.24    2.78    2.19    1.61    1.20    1.03    0.99    0.89     27.05      2.25
    1970    1.01    1.77    2.40    3.21    3.46    2.98    3.23    2.83    2.24    1.68    1.21    1.10     27.11      2.26
    1971    1.44    2.32    3.17    5.48    8.32    6.71    4.52    3.33    2.54    1.88    1.31    1.05     42.05      3.50
    1972    0.97    1.70    2.57    3.05    4.18    4.44    4.56    4.35    3.06    2.00    1.33    1.45     33.66      2.80
    1973    2.34    3.28    4.00    4.45    5.12    4.88    3.47    2.68    2.04    1.60    1.34    1.07     36.27      3.02
    1974    1.03    1.48    2.67    4.01    6.12    7.12    4.07    2.54    1.66    1.21    0.97    0.87     33.75      2.81
    1975    0.95    1.94    7.87   12.10    8.91    6.41    4.59    3.46    2.49    1.72    1.21    0.92     52.57      4.38
    1976    0.91    1.20    1.76    2.31    2.30    2.49    2.61    1.96    1.49    1.12    0.91    0.82     19.88      1.66
    1977    0.84    1.26    2.11    3.38    4.52    3.89    3.22    2.35    1.56    1.13    0.97    0.83     26.07      2.17
    1978    1.01    1.48    1.55    1.56    1.64    1.72    1.66    1.26    0.99    0.86    0.76    0.69     15.18      1.26
    1979    0.77    1.32    1.79    2.80    5.39    6.77    4.23    2.79    1.83    1.22    0.93    0.80     30.65      2.55
    1980    0.70    1.21    2.24    2.74    7.27    9.45    5.27    3.11    1.88    1.25    1.04    0.93     37.10      3.09
    1981    0.96    1.25    1.74    2.56    2.45    1.91    1.66    1.26    0.92    0.79    0.65    0.54     16.68      1.39
    1982    0.63    0.88    1.01    1.21    1.23    1.15    1.18    1.14    0.95    0.77    0.74    0.63     11.53      0.96
    1983    0.67    2.16    5.21   19.40   22.29    9.61    4.96    2.94    1.79    1.51    1.40    1.19     73.14      6.10
    1984    1.74    3.12    3.74    3.48   10.57   13.05    6.10    3.07    1.75    1.21    1.00    1.05     49.88      4.16
    1985    1.44    1.75    2.11    2.79    3.68    3.54    3.02    2.46    1.86    1.36    1.06    0.88     25.95      2.16
    1986    0.90    0.98    1.20    2.08    2.85    3.36    3.45    2.68    2.01    1.39    1.21    2.02     24.13      2.01
    1987    3.61    4.57    5.38    3.85    3.11    2.59    2.16    1.65    1.28    1.16    0.96    0.88     31.20      2.60
    1988    1.51    1.97    2.13    2.67    3.44    3.19    2.49    1.82    1.51    1.42    1.07    0.82     24.04      2.00
    1989    0.89    1.89    2.86    2.54    2.58    2.50    2.31    1.87    1.46    1.05    0.85    0.66     21.46      1.79
    1990    0.66    1.02    1.79    3.23    4.38    9.64   11.08    5.45    3.02    1.96    1.35    1.00     44.57      3.71
    1991    0.92    1.13    1.36    1.58    1.58    1.27    1.12    0.92    0.73    0.64    0.57    0.52     12.35      1.03
    1992    0.59    0.64    1.25    1.97    1.74    2.30    2.25    1.82    1.35    0.97    0.75    0.63     16.26      1.35
    1993    0.81    1.41    2.10    2.45    2.37    2.87    2.66    2.12    1.48    1.00    0.76    0.62     20.65      1.72
    1994    0.71    1.09    1.56    2.24    2.27    2.20    2.51    2.06    1.67    1.21    0.90    0.71     19.13      1.59
    1995    0.72    1.34    2.73    3.88   21.02   34.30   20.57    8.99    4.44    2.52    1.62    1.18    103.32      8.61
    1996    1.53    2.00    1.96    1.89    1.57    2.19    2.78    2.24    1.90    1.66    1.32    1.35     22.40      1.87
    1997    2.04    3.09    2.89    2.52    2.58    2.09    1.72    1.38    1.04    0.88    0.74    0.80     21.76      1.81
    1998    1.43    2.39    3.11    3.34    2.74    2.36    2.04    1.61    1.24    1.03    0.90    0.87     23.07      1.92
    1999    1.00    1.24    2.59    4.67   13.73   15.00    7.81    5.01    3.46    2.38    1.62    1.20     59.71      4.98
    2000    1.35    2.43    4.03    3.46    2.88    2.75    2.53    2.09    1.54    1.25    1.00    0.79     26.09      2.17
    2001    0.83    1.35    1.80    2.12    2.40    2.32    2.11    1.60    1.20    1.02    0.93    0.81     18.47      1.54
    2002    0.97    1.10    1.32    1.72    1.88    1.63    1.29    0.98    0.76    0.68    0.55    0.48     13.35      1.11
    2003    0.55    0.81    1.07    1.53    5.29    7.64    5.02    3.35    2.18    1.47    1.10    0.84     30.85      2.57
    2004    0.76    1.38    2.44    2.81    2.92    2.96    2.65    2.10    1.51    1.06    0.85    0.70     22.13      1.84
    2005    0.70    0.91    0.99    2.05    4.15    5.49    6.30    3.94    2.50    1.62    1.22    1.01     30.87      2.57
    2006    1.03    1.33    2.09    2.21    1.68    1.62    1.68    1.35    1.05    0.91    0.72    0.58     16.25      1.35
    2007    0.63    1.29    1.92    2.62    3.08    2.78    2.44    2.04    1.58    1.19    0.88    0.68     21.13      1.76
    2008    0.65    0.70    1.05    2.64   11.01   14.47    6.66    3.20    1.70    1.10    0.92    0.76     44.87      3.74
    2009    0.94    2.12    3.81    5.54    4.48    3.85    4.10    3.37    2.61    1.82    1.25    0.95     34.84      2.90
  
 AVERAGE    1.13    1.73    2.59    3.69    5.01    5.07    3.70    2.58    1.84    1.38    1.10    0.95     30.78      2.57
