    1920    1.65    3.60    6.56    6.41    4.31    4.57    4.31    2.73    1.91    1.39    1.06    0.89     39.39
    1921    1.24    2.58    3.46    3.59    3.34    3.82    3.55    2.37    1.75    1.39    1.15    1.08     29.32
    1922    1.78    4.65    6.35   14.38   18.53    9.91    4.63    2.27    1.21    0.92    0.81    0.70     66.14
    1923    0.71    0.81    0.97    1.17    1.42    2.25    2.22    1.60    1.18    0.90    0.71    0.71     14.65
    1924    0.92    1.59    2.30    2.10    1.90    3.63    4.48    2.99    2.19    1.65    1.21    1.24     26.20
    1925    1.30    1.17    1.16    1.26    1.56    1.66    1.34    1.17    1.04    0.88    0.70    0.77     14.01
    1926    0.89    0.87    0.85    0.82    1.04    1.31    1.26    1.03    0.85    0.85    0.83    0.63     11.23
    1927    1.17    1.83    1.75    2.50    2.77    2.26    1.83    1.40    1.00    0.74    0.63    0.54     18.42
    1928    0.49    0.73    1.12    1.13    1.22    1.91    1.99    1.56    1.19    0.91    0.69    0.70     13.64
    1929    1.30    2.26    2.48    4.17    5.03    3.46    2.75    2.21    1.63    1.19    1.00    0.80     28.28
    1930    0.64    0.63    0.84    1.34    2.01    2.11    1.86    1.50    1.15    1.09    1.01    0.68     14.86
    1931    0.59    0.77    1.19    1.51    1.98    2.73    2.30    1.94    1.55    1.21    0.88    0.68     17.33
    1932    0.78    1.22    1.92    2.01    1.78    1.87    1.68    1.32    0.95    0.75    0.62    0.50     15.40
    1933    0.50    1.04    1.92    3.92    5.32    3.97    3.11    2.47    1.86    1.60    1.51    1.26     28.48
    1934    1.08    1.60    2.73    3.16    2.85    2.33    1.77    1.22    0.93    0.82    0.69    0.59     19.77
    1935    0.64    0.66    0.76    1.51    2.30    2.51    2.23    2.26    2.08    1.68    1.22    0.84     18.69
    1936    0.97    1.67    1.94   12.67   22.39   14.95    6.97    3.59    1.96    1.15    0.88    0.83     69.97
    1937    0.84    0.80    1.41    2.43    2.74    2.46    2.46    2.15    1.69    1.34    1.10    0.99     20.41
    1938    1.16    1.38    1.92    2.74   15.35   20.79    9.58    4.64    2.53    1.65    1.41    1.30     64.45
    1939    1.40    2.45    5.44    6.59    4.49    3.04    2.22    1.84    1.86    1.70    1.24    1.18     33.45
    1940    1.30    1.80    4.36    5.48    3.46    2.85    3.11    2.48    1.90    1.32    0.99    0.85     29.90
    1941    0.87    0.93    1.04    1.67    1.87    2.13    2.07    1.78    1.86    1.52    1.19    1.00     17.93
    1942    1.22    2.04    2.38    2.07    1.85    2.03    4.12    4.87    3.08    2.22    2.32    2.02     30.22
    1943    1.81    2.22    2.26    2.52    4.71    5.33    3.28    2.08    1.33    1.11    0.87    0.81     28.33
    1944    1.16    1.71    1.59    1.62    1.71    1.71    1.59    1.20    0.89    0.72    0.59    0.47     14.96
    1945    0.54    0.68    0.62    2.19    5.19    5.28    3.63    2.53    1.65    1.08    0.78    0.64     24.81
    1946    0.60    0.88    1.26    1.56    1.94    1.86    1.67    1.36    1.04    0.81    0.64    0.53     14.15
    1947    0.64    1.31    3.88    5.65    4.22    3.34    2.80    2.16    1.52    1.06    0.82    0.70     28.10
    1948    0.82    1.21    1.56    1.93    2.18    2.18    2.03    1.66    1.31    1.00    0.76    0.73     17.37
    1949    0.80    1.29    2.30    3.29    3.43    2.52    1.98    1.78    1.42    1.11    0.93    0.73     21.58
    1950    0.68    0.80    1.35    1.55    1.40    1.67    1.96    1.82    1.49    1.19    1.26    1.25     16.42
    1951    1.33    1.28    1.70    2.02    1.60    1.43    1.29    1.09    0.93    0.97    0.90    0.63     15.17
    1952    0.56    1.02    2.33    2.87    3.07    3.64    3.18    2.46    1.78    1.24    0.90    0.73     23.78
    1953    0.74    1.59    2.29    2.42    4.09    4.68    3.32    2.58    2.00    1.47    1.06    0.97     27.21
    1954    1.22    1.95    2.07    5.26   12.03   12.23    6.65    3.92    2.52    1.66    1.12    0.84     51.47
    1955    0.87    1.42    3.17    3.59    4.98    5.78    3.47    2.27    1.88    1.55    1.17    1.17     31.32
    1956    1.49    1.51    1.57    1.68    1.92    2.33    2.12    1.64    1.32    1.28    1.29    1.50     19.65
    1957    1.70    1.63    1.76    3.70    4.45    3.09    2.74    2.20    1.65    1.15    0.86    0.84     25.77
    1958    0.91    1.21    1.88    2.19    2.29    2.02    1.59    1.39    1.33    1.03    0.79    0.71     17.34
    1959    0.71    0.98    1.71    1.81    2.66    3.35    2.84    2.38    1.81    1.25    0.91    0.74     21.15
    1960    0.84    1.29    5.55    7.62    4.36    2.90    2.74    2.41    1.94    1.49    1.10    1.02     33.26
    1961    1.24    1.73    2.51    2.59    2.12    1.94    1.85    1.46    1.09    0.86    0.75    0.65     18.79
    1962    0.85    1.92    2.90    3.04    2.68    2.08    1.59    1.30    1.38    1.65    1.31    0.93     21.63
    1963    1.04    1.71    1.88    2.33    2.57    2.01    1.62    1.29    0.96    0.75    0.62    0.50     17.28
    1964    0.93    2.13    3.04    4.98    4.83    3.09    2.03    1.31    0.89    0.76    0.72    0.71     25.42
    1965    0.70    0.94    1.55    2.28    2.69    2.05    1.53    1.00    0.74    0.65    0.61    0.58     15.32
    1966    0.74    1.20    2.08    2.90    7.26    8.83    4.93    3.23    2.22    1.55    1.25    0.97     37.16
    1967    1.21    2.12    2.96    3.07    2.73    3.31    3.60    2.63    1.93    1.40    1.11    0.88     26.95
    1968    0.79    1.27    1.91    1.90    2.64    5.50    6.18    3.88    2.64    1.76    1.19    1.15     30.81
    1969    2.11    3.00    3.17    3.09    2.61    2.20    1.75    1.29    0.97    0.84    0.82    0.74     22.59
    1970    0.84    1.50    2.02    2.69    3.03    2.43    2.56    2.30    1.84    1.40    1.01    0.91     22.53
    1971    1.21    1.97    2.69    4.91    6.86    5.31    3.65    2.74    2.14    1.60    1.13    0.90     35.11
    1972    0.83    1.46    2.19    2.57    4.11    4.78    4.51    3.87    2.62    1.69    1.13    1.24     31.00
    1973    2.02    2.81    3.62    4.69    5.01    4.01    2.82    2.22    1.67    1.33    1.13    0.90     32.23
    1974    0.86    1.25    2.27    3.78    5.89    5.17    3.14    2.03    1.37    1.01    0.81    0.73     28.31
    1975    0.79    1.65    6.14    9.04    6.93    5.21    3.83    2.91    2.12    1.48    1.02    0.79     41.91
    1976    0.77    1.02    1.49    1.93    1.86    1.99    2.12    1.62    1.24    0.91    0.74    0.68     16.37
    1977    0.69    1.04    1.79    3.75    4.77    3.41    2.66    1.92    1.27    0.92    0.81    0.69     23.72
    1978    0.84    1.24    1.28    1.28    1.30    1.36    1.33    1.01    0.80    0.70    0.61    0.56     12.31
    1979    0.64    1.12    1.51    2.57    4.99    4.98    3.28    2.23    1.49    1.01    0.78    0.67     25.27
    1980    0.59    1.02    1.91    2.30    5.63    7.07    4.09    2.53    1.56    1.08    0.89    0.81     29.48
    1981    0.83    1.07    1.49    2.15    1.99    1.57    1.33    1.03    0.76    0.65    0.54    0.44     13.85
    1982    0.52    0.74    0.84    0.99    0.98    0.90    0.95    0.93    0.79    0.64    0.63    0.55      9.46
    1983    0.56    2.56    5.39   15.94   18.38    8.02    4.17    2.47    1.52    1.31    1.23    1.05     62.60
    1984    1.54    2.73    3.22    2.93    7.42    8.82    4.51    2.41    1.44    1.04    0.87    0.92     37.85
    1985    1.26    1.50    1.79    2.33    3.03    3.17    2.53    2.02    1.51    1.11    0.87    0.72     21.84
    1986    0.74    0.79    0.99    1.72    2.32    2.71    2.78    2.20    1.66    1.16    1.02    1.74     19.83
    1987    3.11    4.67    4.69    3.29    2.58    2.11    1.75    1.34    1.04    0.96    0.80    0.74     27.08
    1988    1.29    1.68    1.80    2.23    2.83    2.89    2.12    1.49    1.22    1.16    0.87    0.68     20.26
    1989    0.73    1.60    2.42    2.10    2.08    1.99    1.84    1.54    1.21    0.87    0.69    0.54     17.61
    1990    0.54    0.85    1.51    3.56    5.06    6.98    7.07    3.94    2.41    1.67    1.20    0.88     35.67
    1991    0.80    0.97    1.16    1.32    1.29    1.01    0.89    0.75    0.60    0.51    0.46    0.42     10.18
    1992    0.48    0.52    1.06    1.65    1.41    1.86    1.83    1.50    1.12    0.82    0.63    0.53     13.41
    1993    0.70    1.21    1.79    2.05    1.93    2.32    2.16    1.75    1.22    0.84    0.63    0.51     17.11
    1994    0.59    0.92    1.31    1.89    1.85    1.78    2.04    1.71    1.40    1.02    0.76    0.59     15.86
    1995    0.60    1.15    2.36    3.67   17.19   26.87   16.63    7.48    3.81    2.21    1.46    1.07     84.50
    1996    1.37    1.78    1.70    1.61    1.30    1.80    2.30    1.88    1.61    1.41    1.14    1.18     19.08
    1997    1.78    2.67    2.46    2.10    2.10    1.67    1.39    1.13    0.85    0.71    0.60    0.66     18.12
    1998    1.23    2.05    2.65    2.81    2.29    1.94    1.64    1.31    1.02    0.85    0.74    0.73     19.26
    1999    0.84    1.04    2.34    4.87    9.91   11.00    6.36    4.19    2.95    2.05    1.42    1.05     48.02
    2000    1.17    2.10    3.71    3.74    2.59    2.17    2.00    1.69    1.27    1.02    0.82    0.65     22.93
    2001    0.68    1.13    1.51    1.75    1.92    1.83    1.67    1.32    0.99    0.83    0.75    0.66     15.04
    2002    0.80    0.90    1.08    1.41    1.50    1.28    1.04    0.79    0.60    0.54    0.45    0.39     10.78
    2003    0.45    0.68    0.89    1.27    4.40    6.27    4.05    2.77    1.83    1.24    0.95    0.72     25.52
    2004    0.64    1.19    2.09    2.36    2.39    2.39    2.16    1.72    1.25    0.88    0.70    0.58     18.35
    2005    0.58    0.76    0.82    1.72    3.59    5.16    4.50    3.02    2.00    1.34    1.03    0.86     25.38
    2006    0.88    1.12    1.77    1.83    1.37    1.29    1.34    1.09    0.85    0.74    0.59    0.48     13.35
    2007    0.51    1.10    1.63    2.20    2.52    2.23    1.99    1.67    1.31    0.99    0.74    0.56     17.45
    2008    0.54    0.58    0.88    2.36    8.16   10.01    4.94    2.50    1.39    0.96    0.79    0.66     33.77
    2009    0.82    1.85    4.19    5.65    4.31    3.36    3.37    2.77    2.17    1.52    1.08    0.82     31.91
