    1920    0.73    0.78    0.78    0.68    0.63    0.92    1.16    0.92    0.72    0.57    0.46    0.40      8.74      0.73
    1921    0.39    0.52    1.05    1.19    0.80    0.54    0.48    0.48    0.51    0.55    0.58    0.57      7.66      0.64
    1922    0.61    1.18    1.58   10.02   29.53   27.02    9.66    3.92    1.76    0.93    0.59    0.44     87.25      7.27
    1923    0.39    0.36    0.40    0.41    0.38    3.71    5.01    2.25    1.15    0.70    0.50    0.47     15.72      1.31
    1924    0.48    0.53    1.45    2.21    6.20   36.70   44.22   17.31    6.64    2.76    1.34    0.78    120.61     10.05
    1925    0.65    0.67    0.61    0.63    1.04    1.25    0.99    0.77    0.62    0.56    0.50    0.44      8.72      0.73
    1926    0.39    0.36    0.32    0.27    0.34    0.42    0.37    0.32    0.27    0.31    0.33    0.27      3.96      0.33
    1927    0.33    0.34    0.27    3.02    4.16    1.93    1.08    0.68    0.47    0.34    0.28    0.25     13.15      1.10
    1928    0.24    0.25    0.29    0.32    0.43    0.63    0.68    0.58    0.44    0.34    0.26    0.25      4.71      0.39
    1929    0.34    0.49    0.63    0.82    0.90    6.21    8.26    3.67    1.86    1.10    0.76    0.55     25.59      2.13
    1930    0.40    0.36    0.45    0.60    0.77    0.86    0.81    0.71    0.57    0.52    0.48    0.39      6.92      0.58
    1931    0.37    0.43    0.43    0.36    0.34    1.24    1.77    1.13    0.84    0.69    0.57    0.43      8.58      0.71
    1932    0.33    0.33    0.60    0.98    0.91    0.75    0.66    0.56    0.43    0.35    0.30    0.25      6.45      0.54
    1933    0.24    0.30    0.39    1.59    2.16    1.36    1.04    0.80    0.60    0.49    0.42    0.36      9.74      0.81
    1934    0.31    0.29    0.41    0.56    0.54    0.52    0.46    0.38    0.34    0.33    0.28    0.23      4.65      0.39
    1935    0.20    0.18    0.16    2.09    2.97    1.91    1.68    1.33    1.12    0.91    0.70    0.55     13.80      1.15
    1936    0.58    1.31    1.75    1.55   14.52   20.09    8.88    3.84    1.86    1.06    0.70    0.54     56.68      4.72
    1937    0.49    0.45    0.50    0.65    0.69    0.56    0.65    0.72    0.63    0.56    0.49    0.47      6.87      0.57
    1938    0.47    0.44    3.03    4.15   10.24   14.88    8.37    3.75    1.90    1.15    0.88    0.76     50.01      4.17
    1939    0.75    2.38    3.99    3.04    1.89    2.06    2.25    1.81    1.63    1.44    1.08    0.83     23.16      1.93
    1940    0.66    1.11    1.44    1.15    0.98    0.80    0.69    0.61    0.51    0.46    0.41    0.35      9.18      0.77
    1941    0.37    0.38    0.43    0.91    1.14    1.16    1.25    0.99    0.87    0.84    0.73    0.63      9.69      0.81
    1942    0.63    0.72    0.82    0.77    0.67    0.61    1.77    2.47    1.65    1.22    1.15    1.18     13.66      1.14
    1943    1.13    1.05    0.92    0.91   10.60   14.11    5.77    2.63    1.40    0.92    0.68    0.55     40.67      3.39
    1944    0.60    0.65    0.60    0.69    0.84    0.90    0.83    0.71    0.56    0.47    0.40    0.35      7.60      0.63
    1945    0.38    0.41    0.34    9.69   22.12   16.94    6.65    3.15    1.70    1.04    0.70    0.50     63.63      5.30
    1946    0.43    0.44    0.56    0.80    1.27    1.47    1.39    1.23    1.00    0.81    0.66    0.53     10.58      0.88
    1947    0.58    1.51    5.45    7.70    5.33    3.97    3.49    1.96    1.20    0.80    0.58    0.48     33.07      2.76
    1948    0.48    0.51    0.49    0.62    1.00    1.08    1.03    0.97    0.92    0.85    0.72    0.65      9.31      0.78
    1949    0.68    0.87    1.42    1.68    3.15    3.61    2.19    1.54    1.15    0.89    0.73    0.61     18.50      1.54
    1950    0.54    0.51    1.66    2.32    1.38    1.04    1.02    0.98    0.88    0.74    0.76    0.79     12.64      1.05
    1951    0.89    0.93    0.84    0.95    1.12    1.08    0.95    0.78    0.67    0.71    0.66    0.51     10.11      0.84
    1952    0.46    0.62    1.11    1.31    1.33    1.32    1.15    0.94    0.73    0.56    0.47    0.43     10.42      0.87
    1953    0.41    0.51    0.59    0.53    0.63    0.71    0.65    0.62    0.55    0.47    0.41    0.45      6.53      0.54
    1954    0.56    0.99    1.41    4.07    8.68    9.08    5.82    3.02    1.96    1.41    1.02    0.73     38.74      3.23
    1955    0.92    1.72    2.89    2.84    5.00    5.82    2.89    1.67    1.14    0.88    0.69    0.63     27.07      2.26
    1956    0.67    0.69    0.76    0.72    0.89    1.15    1.22    1.17    1.00    0.89    0.88    1.01     11.05      0.92
    1957    1.20    1.12    0.98    7.37    9.79    4.38    2.32    1.47    1.03    0.79    0.61    0.54     31.60      2.63
    1958    0.52    0.58    0.80    1.18    1.26    1.14    0.97    0.85    0.84    0.73    0.62    0.55     10.03      0.84
    1959    0.55    0.54    0.61    0.63    0.84    1.05    1.07    1.13    0.99    0.79    0.62    0.52      9.34      0.78
    1960    0.52    0.60    3.44    4.62    2.33    1.36    1.01    0.89    0.77    0.68    0.61    0.59     17.43      1.45
    1961    0.68    0.81    0.81    0.79    0.69    0.56    0.53    0.48    0.42    0.38    0.35    0.31      6.82      0.57
    1962    0.30    0.42    0.59    0.69    0.74    0.72    0.69    0.65    0.70    0.99    0.97    0.87      8.33      0.69
    1963    0.69    0.59    0.51    0.70    0.83    0.61    0.45    0.38    0.33    0.30    0.25    0.21      5.87      0.49
    1964    0.26    0.33    0.76    1.03    0.69    0.52    0.42    0.35    0.29    0.26    0.24    0.25      5.40      0.45
    1965    0.26    0.37    0.53   11.20   19.93   12.06    4.73    2.10    1.10    0.72    0.56    0.49     54.06      4.51
    1966    0.47    0.46    0.48    0.59    3.64    5.00    2.85    2.01    1.54    1.18    0.90    0.66     19.78      1.65
    1967    0.55    0.63    0.57    0.54    0.74    1.03    1.11    1.02    0.86    0.73    0.67    0.56      9.03      0.75
    1968    0.50    0.60    0.62    0.53    0.55    0.87    1.24    1.18    1.08    0.91    0.73    0.61      9.44      0.79
    1969    0.91    1.28    1.31    1.16    0.89    0.66    0.52    0.47    0.43    0.39    0.37    0.34      8.72      0.73
    1970    0.35    0.45    0.64    1.02    1.18    1.02    1.05    1.10    1.04    0.88    0.70    0.53      9.95      0.83
    1971    0.59    0.86    1.34    7.45   19.19   22.83   14.09    5.86    3.04    1.90    1.27    0.86     79.28      6.61
    1972    0.63    0.60    0.61    0.58    0.66    0.69    0.69    0.67    0.55    0.47    0.44    0.75      7.33      0.61
    1973    1.10    1.13    1.68    7.06    8.49    3.75    1.98    1.34    0.99    0.79    0.67    0.54     29.52      2.46
    1974    0.53    0.64    0.77    1.03    7.04    9.09    4.23    2.38    1.54    1.08    0.80    0.61     29.73      2.48
    1975    0.55    0.58    2.53   12.21   20.44   14.80    6.62    3.16    1.82    1.19    0.84    0.60     65.33      5.44
    1976    0.50    0.60    0.71    0.72    5.67    8.14    4.31    2.25    1.38    0.94    0.69    0.61     26.53      2.21
    1977    0.60    0.57    1.17    7.43    9.20    4.29    2.52    1.72    1.23    0.93    0.75    0.60     31.02      2.58
    1978    0.61    1.14    1.55    1.19    0.96    0.79    0.80    0.73    0.60    0.51    0.46    0.43      9.78      0.81
    1979    0.43    0.45    0.48    0.59    1.87    2.48    1.60    1.15    0.86    0.65    0.51    0.52     11.60      0.97
    1980    0.48    1.03    1.38    1.17    1.41    4.10    4.90    2.47    1.45    0.98    0.72    0.66     20.74      1.73
    1981    0.74    0.91    1.09    1.20    1.22    1.07    0.92    0.82    0.68    0.57    0.50    0.42     10.15      0.85
    1982    0.40    0.42    0.43    0.53    0.66    0.67    0.58    0.53    0.50    0.44    0.43    0.39      5.99      0.50
    1983    0.34    1.67    2.40   28.53   37.37   13.14    5.43    2.51    1.33    1.01    1.00    0.90     95.65      7.97
    1984    0.86    0.95    0.83    0.76    3.78    5.05    2.48    1.40    0.92    0.68    0.55    0.46     18.72      1.56
    1985    0.45    0.50    0.54    0.63    0.73    0.74    0.87    0.85    0.73    0.59    0.48    0.41      7.51      0.63
    1986    0.35    0.31    0.36    0.40    0.34    0.54    0.74    0.63    0.51    0.40    0.38    0.71      5.65      0.47
    1987    1.07    0.99    0.88    0.74    0.70    0.82    0.83    0.75    0.63    0.55    0.47    0.43      8.88      0.74
    1988    0.57    0.64    0.59    0.55    1.00    1.28    0.94    0.70    0.62    0.67    0.57    0.46      8.58      0.72
    1989    0.39    0.68    0.96    0.92    0.95    0.89    0.81    0.73    0.61    0.47    0.38    0.30      8.09      0.67
    1990    0.29    0.30    0.35    3.85    7.90    6.06    3.02    1.68    1.08    0.87    0.71    0.55     26.64      2.22
    1991    0.45    0.39    0.57    0.73    0.52    0.42    0.40    0.38    0.33    0.30    0.27    0.24      4.99      0.42
    1992    0.21    0.21    4.40    6.37    3.63    5.24    5.33    2.69    1.60    1.09    0.82    0.65     32.25      2.69
    1993    0.56    0.51    0.53    0.57    0.56    0.49    0.42    0.37    0.34    0.32    0.29    0.26      5.21      0.43
    1994    0.28    0.31    0.37    1.02    1.37    0.87    0.64    0.52    0.42    0.34    0.32    0.28      6.75      0.56
    1995    0.30    0.41    1.55    2.26    3.98    4.64    2.46    1.48    0.98    0.71    0.55    0.46     19.77      1.65
    1996    1.64    2.26    1.34    1.12    1.10    1.54    1.86    1.53    1.33    1.16    0.96    0.80     16.64      1.39
    1997    0.81    0.92    1.04    1.74    2.15    1.64    1.38    0.99    0.73    0.59    0.52    0.47     12.97      1.08
    1998    0.62    1.35    1.81    5.52   13.00   19.66   15.34    6.05    2.63    1.34    0.82    0.65     68.79      5.73
    1999    0.62    0.73    2.25    7.28   38.23   55.74   30.96   11.22    4.85    2.43    1.40    0.94    156.66     13.06
    2000    0.86    2.90    3.89    2.28    3.98    4.61    6.64    7.27    3.29    1.71    1.04    0.71     39.19      3.27
    2001    0.53    4.26    5.80    2.88    1.70    1.07    0.78    0.73    0.60    0.54    0.49    0.42     19.79      1.65
    2002    0.43    0.41    0.41    0.42    0.48    0.45    0.35    0.30    0.31    0.31    0.26    0.25      4.37      0.36
    2003    0.24    0.21    0.21    2.00    2.98    3.16    3.37    2.16    1.48    1.09    0.85    0.66     18.43      1.54
    2004    0.54    0.92    1.62    5.57    7.05    3.81    2.32    1.64    1.19    0.89    0.68    0.52     26.74      2.23
    2005    0.44    0.50    0.57    0.68    1.43    6.28    7.67    3.64    1.97    1.20    0.81    0.61     25.80      2.15
    2006    0.56    0.62    0.68    0.72    0.78    0.78    0.80    0.72    0.62    0.57    0.48    0.40      7.73      0.64
    2007    0.37    0.38    0.49    0.67    0.64    0.53    0.56    0.50    0.42    0.36    0.30    0.26      5.48      0.46
    2008    0.22    0.25    0.33    0.33    0.33    0.33    0.27    0.21    0.19    0.18    0.23    0.25      3.11      0.26
    2009    0.22    0.97    1.33    0.77    0.48    0.35    0.44    0.50    0.48    0.44    0.40    0.34      6.73      0.56
  
 AVERAGE    0.54    0.75    1.15    2.50    4.48    4.80    3.30    1.79    1.09    0.79    0.62    0.52     22.33      1.86
