    1920    1.38    1.27    0.91    0.72    0.67    1.11    1.34    0.75    0.64    0.56    0.51    0.46     10.32
    1921    0.47    0.68    1.62    1.49    0.66    0.40    0.42    0.43    0.46    0.49    0.51    0.49      8.12
    1922    0.51    2.14    2.74   12.29   34.51   30.51   10.37    3.78    1.43    0.61    0.54    0.48     99.91
    1923    0.43    0.41    0.43    0.41    0.37    6.44    8.61    3.24    1.28    0.58    0.43    0.43     23.06
    1924    0.44    0.46    2.14    3.31    7.41   43.91   51.55   18.19    6.57    2.42    0.97    0.67    138.04
    1925    0.68    0.69    0.60    0.61    1.38    1.40    0.72    0.56    0.52    0.50    0.46    0.41      8.53
    1926    0.38    0.34    0.30    0.25    0.49    0.66    0.36    0.26    0.23    0.29    0.31    0.24      4.11
    1927    0.32    0.37    0.23    4.11    5.54    2.20    0.94    0.46    0.31    0.28    0.24    0.22     15.22
    1928    0.22    0.22    0.24    0.27    0.53    0.85    0.69    0.41    0.27    0.24    0.20    0.21      4.35
    1929    0.29    0.55    0.77    0.95    0.84    8.87   11.72    4.34    1.74    0.78    0.49    0.40     31.74
    1930    0.34    0.31    0.52    0.85    0.97    0.90    0.56    0.45    0.37    0.38    0.35    0.29      6.29
    1931    0.29    0.32    0.31    0.24    0.23    1.66    2.25    1.08    0.60    0.46    0.37    0.31      8.12
    1932    0.27    0.27    0.84    1.44    1.05    0.60    0.42    0.33    0.29    0.26    0.22    0.20      6.19
    1933    0.19    0.26    0.44    2.73    3.51    1.68    0.99    0.52    0.36    0.34    0.31    0.28     11.61
    1934    0.25    0.23    0.57    0.82    0.56    0.41    0.28    0.25    0.24    0.25    0.21    0.19      4.26
    1935    0.17    0.14    0.13    2.89    4.08    4.10    4.05    1.78    0.92    0.56    0.45    0.41     19.68
    1936    0.44    1.70    2.22    1.74   18.28   23.73    8.69    3.33    1.34    0.64    0.54    0.51     63.16
    1937    0.47    0.44    0.47    0.76    0.67    0.42    0.62    0.73    0.45    0.43    0.39    0.38      6.23
    1938    0.38    0.35    4.53    6.19   13.51   17.35    7.68    3.05    1.29    0.70    0.66    0.67     56.36
    1939    0.65    4.22    6.52    3.67    1.65    1.65    1.66    0.97    0.88    0.82    0.66    0.58     23.93
    1940    0.53    1.21    1.69    0.97    0.62    0.50    0.50    0.45    0.40    0.37    0.34    0.30      7.88
    1941    0.32    0.32    0.49    1.44    1.52    1.34    1.31    0.71    0.57    0.57    0.47    0.45      9.51
    1942    0.46    0.56    0.75    0.55    0.39    0.38    4.36    5.79    2.36    1.08    0.79    0.77     18.24
    1943    0.71    0.65    0.55    0.62   13.49   17.79    6.41    2.45    1.02    0.59    0.53    0.48     45.29
    1944    0.52    0.54    0.47    0.69    0.93    0.70    0.54    0.45    0.39    0.34    0.31    0.28      6.16
    1945    0.31    0.33    0.24   13.03   33.08   26.61    9.20    3.54    1.43    0.65    0.50    0.44     89.36
    1946    0.40    0.41    0.57    1.17    2.29    2.31    1.24    0.75    0.57    0.52    0.47    0.40     11.10
    1947    0.46    2.89    8.62    9.14    4.53    2.87    2.28    1.09    0.62    0.53    0.49    0.45     33.97
    1948    0.43    0.45    0.42    0.78    1.42    1.20    0.76    0.63    0.62    0.57    0.48    0.47      8.23
    1949    0.50    0.88    1.99    2.15    2.75    2.73    1.34    0.78    0.60    0.53    0.51    0.45     15.21
    1950    0.41    0.39    2.14    3.00    1.38    0.86    0.77    0.61    0.54    0.47    0.54    0.55     11.66
    1951    0.70    0.77    0.55    0.85    1.05    0.75    0.50    0.44    0.43    0.48    0.45    0.35      7.32
    1952    0.32    0.72    1.54    1.55    1.26    0.97    0.62    0.49    0.41    0.35    0.32    0.30      8.85
    1953    0.30    0.56    0.74    0.43    0.62    0.72    0.45    0.39    0.35    0.31    0.29    0.32      5.48
    1954    0.41    1.50    1.99    5.28    9.31    7.37    3.94    1.86    1.07    0.78    0.64    0.53     34.68
    1955    0.96    3.92    4.98    2.76    4.70    5.42    2.22    1.00    0.66    0.61    0.53    0.53     28.29
    1956    0.58    0.57    0.58    0.51    0.87    1.21    0.96    0.70    0.58    0.60    0.62    0.70      8.48
    1957    0.87    0.68    0.57    9.39   12.56    4.82    1.94    0.91    0.60    0.53    0.47    0.45     33.79
    1958    0.43    0.46    1.05    1.51    1.25    0.77    0.52    0.54    0.55    0.48    0.42    0.39      8.37
    1959    0.40    0.39    0.49    0.57    0.95    1.14    0.95    0.88    0.58    0.45    0.40    0.35      7.55
    1960    0.38    0.42    7.01    9.24    3.45    1.39    0.72    0.53    0.49    0.46    0.43    0.42     24.94
    1961    0.49    0.60    0.57    0.52    0.42    0.33    0.33    0.32    0.29    0.26    0.26    0.22      4.61
    1962    0.22    0.55    0.89    0.83    0.70    0.50    0.42    0.39    0.47    0.70    0.65    0.49      6.81
    1963    0.44    0.41    0.35    0.73    0.92    0.45    0.28    0.26    0.23    0.22    0.19    0.16      4.64
    1964    0.24    0.35    1.12    1.42    0.68    0.37    0.26    0.23    0.21    0.20    0.20    0.20      5.48
    1965    0.22    0.54    0.77   17.89   28.79   14.64    5.20    1.96    0.82    0.49    0.46    0.44     72.22
    1966    0.42    0.39    0.39    0.58    8.17   10.78    4.29    1.95    1.01    0.67    0.57    0.45     29.67
    1967    0.44    0.49    0.42    0.40    0.89    1.27    1.00    0.64    0.52    0.51    0.47    0.41      7.46
    1968    0.37    0.49    0.60    0.35    0.35    1.07    1.46    0.93    0.65    0.55    0.46    0.43      7.71
    1969    0.97    1.47    1.15    0.80    0.45    0.38    0.34    0.32    0.31    0.29    0.28    0.27      7.03
    1970    0.27    0.41    0.90    1.45    1.31    0.79    0.73    0.68    0.60    0.51    0.42    0.36      8.43
    1971    0.43    0.93    2.22    8.92   20.47   22.80   13.19    5.19    2.41    1.21    0.80    0.65     79.22
    1972    0.60    0.61    0.60    0.55    0.60    0.65    0.59    0.57    0.49    0.44    0.42    0.98      7.10
    1973    1.45    1.15    3.18    8.07    7.68    3.01    1.33    0.75    0.62    0.59    0.54    0.45     28.82
    1974    0.45    0.53    0.68    1.24    9.67   12.20    4.78    2.02    0.97    0.65    0.55    0.49     34.23
    1975    0.48    0.50    4.33   16.96   23.59   14.50    5.64    2.31    1.11    0.75    0.62    0.53     71.32
    1976    0.52    0.58    0.63    0.60    9.56   12.81    4.96    1.99    0.93    0.61    0.52    0.53     34.24
    1977    0.52    0.49    1.45   11.40   13.81    5.42    2.39    1.14    0.68    0.61    0.57    0.50     38.98
    1978    0.53    1.40    1.82    1.01    0.61    0.49    0.55    0.49    0.41    0.37    0.35    0.32      8.35
    1979    0.34    0.34    0.35    0.64    4.69    5.86    2.36    1.03    0.53    0.41    0.35    0.39     17.29
    1980    0.35    1.30    1.80    1.31    1.69    4.54    4.95    2.03    0.94    0.54    0.47    0.50     20.42
    1981    0.55    0.74    1.06    1.06    0.87    0.56    0.51    0.49    0.42    0.38    0.34    0.30      7.28
    1982    0.29    0.31    0.30    0.60    0.79    0.53    0.37    0.33    0.33    0.30    0.30    0.27      4.72
    1983    0.23    2.18    3.21   38.17   49.67   16.65    6.13    2.33    0.95    0.74    0.77    0.65    121.68
    1984    0.66    0.69    0.57    0.51    6.46    8.46    3.22    1.27    0.60    0.48    0.43    0.38     23.73
    1985    0.38    0.41    0.41    0.54    0.65    0.51    0.61    0.61    0.45    0.40    0.34    0.29      5.60
    1986    0.25    0.23    0.39    0.51    0.26    0.74    1.00    0.57    0.36    0.28    0.29    0.92      5.80
    1987    1.36    0.88    0.63    0.47    0.52    0.71    0.58    0.43    0.39    0.39    0.33    0.31      7.00
    1988    0.56    0.69    0.52    0.43    1.17    1.48    0.74    0.41    0.41    0.46    0.38    0.30      7.55
    1989    0.28    0.85    1.27    0.98    0.80    0.56    0.46    0.43    0.35    0.30    0.26    0.22      6.76
    1990    0.22    0.22    0.31    7.27   13.97    9.29    3.63    1.50    0.73    0.58    0.49    0.41     38.62
    1991    0.36    0.31    0.76    1.01    0.48    0.29    0.29    0.28    0.25    0.22    0.21    0.19      4.65
    1992    0.16    0.16    6.16   10.16    7.52    7.10    5.00    2.10    1.03    0.63    0.58    0.51     41.11
    1993    0.46    0.42    0.43    0.43    0.41    0.35    0.31    0.28    0.27    0.25    0.23    0.20      4.04
    1994    0.23    0.26    0.39    1.56    1.84    0.86    0.48    0.33    0.29    0.26    0.24    0.21      6.95
    1995    0.24    0.36    2.87    3.99    5.51    5.84    2.40    1.05    0.55    0.45    0.42    0.37     24.05
    1996    2.12    2.93    1.33    1.05    0.93    2.22    2.70    1.27    0.77    0.66    0.57    0.53     17.08
    1997    0.56    0.63    0.81    2.87    3.46    1.54    0.80    0.51    0.43    0.41    0.38    0.35     12.75
    1998    0.70    3.41    4.17    6.08   12.08   18.26   14.67    5.41    2.06    0.89    0.66    0.65     69.04
    1999    0.63    0.75    5.28   10.17   44.31   64.55   34.18   12.06    4.49    1.84    0.87    0.77    179.90
    2000    0.84    5.37    7.14    2.87    3.47    3.69    5.34    5.88    2.34    1.07    0.68    0.60     39.29
    2001    0.56    6.73    9.07    3.68    1.58    0.69    0.59    0.60    0.51    0.48    0.44    0.40     25.33
    2002    0.41    0.38    0.37    0.36    0.38    0.39    0.27    0.25    0.26    0.27    0.23    0.23      3.80
    2003    0.22    0.19    0.18    2.77    5.00    7.14    6.76    2.85    1.27    0.69    0.54    0.46     28.07
    2004    0.41    1.06    2.56    7.14    7.88    3.42    1.63    0.90    0.66    0.55    0.49    0.43     27.13
    2005    0.38    0.58    0.74    0.90    2.76    9.74   10.60    4.14    1.70    0.80    0.54    0.48     33.36
    2006    0.47    0.50    0.52    0.53    0.56    0.51    0.53    0.48    0.42    0.41    0.33    0.30      5.56
    2007    0.28    0.28    0.61    0.99    0.69    0.42    0.36    0.33    0.29    0.25    0.22    0.19      4.91
    2008    0.18    0.20    0.34    0.31    0.26    0.24    0.18    0.15    0.13    0.15    0.20    0.21      2.55
    2009    0.19    1.41    1.88    0.84    0.39    0.25    0.40    0.47    0.33    0.32    0.29    0.25      7.02
