    1920    0.62    0.67    0.66    0.60    0.55    1.26    1.61    0.68    0.48    0.45    0.41    0.38      8.37
    1921    0.38    0.41    1.03    1.00    0.43    0.35    0.36    0.35    0.35    0.34    0.35    0.34      5.69
    1922    0.36    0.65    0.68    3.12   21.18   24.52    8.25    2.98    1.11    0.49    0.46    0.41     64.21
    1923    0.38    0.35    0.35    0.46    0.32    2.67    3.46    1.34    0.57    0.35    0.34    0.34     10.93
    1924    0.33    0.43    1.72    2.34    5.24   33.95   39.60   13.21    4.72    1.73    0.70    0.59    104.56
    1925    0.57    0.53    0.47    1.04    1.89    1.32    0.63    0.48    0.47    0.45    0.42    0.39      8.66
    1926    0.35    0.33    0.30    0.26    0.25    0.23    0.22    0.20    0.19    0.22    0.22    0.19      2.96
    1927    0.22    0.26    0.17    1.66    2.20    0.94    0.46    0.27    0.24    0.22    0.20    0.19      7.03
    1928    0.19    0.22    0.28    0.34    0.69    0.87    0.57    0.32    0.24    0.23    0.21    0.20      4.36
    1929    0.22    0.61    1.01    0.82    0.53    3.52    4.60    1.84    0.78    0.42    0.40    0.35     15.10
    1930    0.34    0.31    0.97    1.42    0.93    0.65    0.38    0.35    0.32    0.32    0.29    0.26      6.54
    1931    0.26    0.29    0.34    0.26    0.25    0.28    0.33    0.29    0.26    0.25    0.22    0.19      3.22
    1932    0.18    0.18    0.70    1.28    0.94    0.45    0.27    0.22    0.20    0.19    0.17    0.16      4.94
    1933    0.15    0.31    0.46    1.07    1.24    0.65    0.44    0.26    0.25    0.24    0.22    0.20      5.49
    1934    0.19    0.18    0.61    0.82    0.40    0.24    0.18    0.18    0.19    0.18    0.16    0.15      3.48
    1935    0.13    0.12    0.12    0.92    1.29    1.79    1.98    0.92    0.51    0.37    0.34    0.34      8.83
    1936    0.38    1.82    2.27    2.04   24.89   31.70   10.71    3.86    1.43    0.59    0.52    0.48     80.69
    1937    0.44    0.41    0.41    0.45    0.54    0.39    0.42    0.42    0.38    0.36    0.33    0.32      4.87
    1938    0.32    0.30    6.51    8.86   14.24   16.02    5.84    2.18    0.90    0.59    0.56    0.54     56.86
    1939    0.53    1.69    2.90    1.85    0.81    0.82    0.86    0.66    0.69    0.66    0.57    0.50     12.54
    1940    0.44    2.40    3.42    1.55    0.67    0.42    0.43    0.41    0.36    0.35    0.32    0.28     11.05
    1941    0.29    0.31    0.47    1.82    2.02    1.29    1.04    0.52    0.41    0.41    0.35    0.34      9.27
    1942    0.32    0.37    0.61    0.48    0.29    0.35    5.95    7.79    2.94    1.19    0.60    0.54     21.43
    1943    0.50    0.47    0.43    0.41    3.33    4.15    1.62    0.69    0.44    0.42    0.38    0.34     13.18
    1944    0.32    0.32    0.29    1.00    1.36    0.63    0.34    0.29    0.28    0.26    0.23    0.20      5.52
    1945    0.21    0.22    0.17    8.81   21.77   17.06    5.86    2.19    0.85    0.42    0.38    0.35     58.29
    1946    0.31    0.31    0.33    0.41    0.47    0.52    0.45    0.38    0.34    0.32    0.29    0.26      4.39
    1947    0.28    1.08    1.63    0.98    0.57    1.04    1.20    0.59    0.35    0.34    0.31    0.28      8.65
    1948    0.28    0.29    0.26    0.68    0.94    0.51    0.29    0.31    0.32    0.31    0.26    0.25      4.70
    1949    0.23    0.79    1.62    1.38    0.89    1.51    1.59    0.78    0.45    0.44    0.42    0.37     10.47
    1950    0.32    0.29    1.45    1.92    0.74    0.37    0.34    0.38    0.35    0.31    0.32    0.34      7.13
    1951    0.35    0.35    0.31    0.43    0.51    0.35    0.31    0.28    0.26    0.28    0.26    0.22      3.91
    1952    0.20    0.69    1.11    0.97    0.95    0.69    0.38    0.32    0.29    0.27    0.24    0.22      6.33
    1953    0.22    0.59    0.78    0.35    0.48    0.54    0.29    0.25    0.22    0.21    0.19    0.22      4.34
    1954    0.25    0.69    0.90    1.69    2.26    1.42    0.84    0.53    0.50    0.46    0.41    0.35     10.30
    1955    0.50    1.29    1.45    0.90    4.32    5.51    2.13    0.88    0.53    0.50    0.44    0.44     18.89
    1956    0.44    0.40    0.38    0.36    0.47    0.76    0.66    0.45    0.40    0.41    0.41    0.43      5.57
    1957    0.46    0.40    0.38    8.38   11.03    4.05    1.52    0.64    0.44    0.42    0.38    0.37     28.47
    1958    0.35    0.35    0.79    1.36    1.16    0.57    0.37    0.39    0.41    0.38    0.35    0.34      6.82
    1959    0.32    0.31    0.30    0.26    0.48    0.57    0.53    0.53    0.32    0.29    0.26    0.26      4.43
    1960    0.25    0.34    3.50    4.41    1.76    0.84    0.51    0.42    0.41    0.40    0.37    0.35     13.56
    1961    0.38    0.38    0.34    0.31    0.29    0.27    0.25    0.23    0.22    0.20    0.20    0.18      3.25
    1962    0.17    0.31    0.57    0.47    0.40    0.37    0.25    0.26    0.32    0.43    0.41    0.32      4.28
    1963    0.28    0.27    0.24    0.59    0.76    0.35    0.22    0.22    0.20    0.19    0.16    0.15      3.63
    1964    0.27    0.36    0.97    1.20    0.56    0.28    0.19    0.18    0.17    0.16    0.15    0.15      4.64
    1965    0.15    0.18    0.22    6.21    8.52    3.24    1.28    0.53    0.33    0.32    0.29    0.27     21.54
    1966    0.28    0.28    0.27    0.40    3.74    4.92    2.16    1.03    0.56    0.51    0.47    0.41     15.03
    1967    0.39    0.38    0.34    0.32    0.47    0.70    0.53    0.41    0.38    0.37    0.34    0.29      4.92
    1968    0.26    0.28    0.32    0.25    0.31    0.57    0.57    0.37    0.31    0.29    0.28    0.26      4.07
    1969    0.72    1.00    0.63    0.45    0.26    0.23    0.22    0.19    0.19    0.18    0.16    0.15      4.38
    1970    0.15    0.16    0.37    0.99    1.07    0.94    0.92    0.52    0.37    0.34    0.31    0.28      6.42
    1971    0.31    0.65    1.10    3.04    5.19    8.34    7.55    2.92    1.31    0.68    0.60    0.53     32.22
    1972    0.50    0.47    0.45    0.42    0.42    0.41    0.42    0.41    0.37    0.34    0.32    0.88      5.41
    1973    1.29    0.77    1.35    2.30    1.83    0.88    0.56    0.54    0.48    0.45    0.41    0.37     11.23
    1974    0.34    0.35    0.36    1.58    3.86    3.58    1.49    0.71    0.54    0.50    0.44    0.39     14.14
    1975    0.36    0.33    5.04   14.66   14.57    6.74    2.55    1.03    0.56    0.51    0.47    0.42     47.24
    1976    0.41    0.42    0.42    0.41    4.47    5.98    2.46    1.03    0.50    0.47    0.42    0.41     17.40
    1977    0.37    0.34    0.35    5.06    6.89    3.27    1.56    0.78    0.56    0.53    0.48    0.44     20.63
    1978    0.41    0.51    0.67    0.67    0.65    0.36    0.38    0.35    0.31    0.29    0.26    0.25      5.11
    1979    0.23    0.23    0.22    0.28    1.37    1.61    0.69    0.35    0.25    0.23    0.22    0.23      5.91
    1980    0.22    0.90    1.20    0.72    0.84    0.94    0.70    0.40    0.34    0.31    0.29    0.29      7.15
    1981    0.32    0.34    0.53    0.68    0.54    0.31    0.29    0.29    0.26    0.25    0.22    0.19      4.22
    1982    0.18    0.16    0.16    0.37    0.47    0.27    0.20    0.22    0.23    0.22    0.20    0.18      2.86
    1983    0.16    0.85    1.23   17.02   22.33    7.56    2.88    1.12    0.50    0.56    0.62    0.50     55.33
    1984    0.50    0.53    0.46    0.50    3.55    4.38    1.73    0.76    0.49    0.45    0.41    0.37     14.13
    1985    0.37    0.38    0.36    0.35    0.41    0.35    0.59    0.70    0.38    0.34    0.31    0.28      4.82
    1986    0.25    0.23    0.25    0.54    0.50    0.60    0.66    0.34    0.23    0.22    0.23    0.40      4.45
    1987    0.53    0.34    0.46    0.49    0.53    0.68    0.50    0.33    0.31    0.29    0.26    0.24      4.96
    1988    0.27    0.31    0.29    0.28    2.46    3.24    1.31    0.57    0.34    0.35    0.31    0.26      9.99
    1989    0.26    1.57    2.20    1.39    1.00    0.54    0.43    0.40    0.35    0.32    0.29    0.25      9.00
    1990    0.25    0.23    0.23    0.66    0.84    0.60    0.42    0.28    0.29    0.28    0.25    0.22      4.55
    1991    0.19    0.19    0.34    0.37    0.23    0.18    0.18    0.16    0.15    0.15    0.13    0.12      2.39
    1992    0.10    0.12    4.41    6.46    3.06    2.14    1.66    0.80    0.52    0.49    0.46    0.41     20.63
    1993    0.37    0.34    0.32    0.31    0.29    0.28    0.26    0.24    0.22    0.20    0.19    0.17      3.19
    1994    0.18    0.19    0.25    1.26    1.48    0.63    0.31    0.22    0.21    0.19    0.19    0.16      5.27
    1995    0.18    0.28    1.26    1.74    1.53    1.23    0.63    0.41    0.40    0.37    0.34    0.30      8.67
    1996    0.47    0.66    0.40    0.45    0.47    0.83    0.98    0.51    0.38    0.37    0.35    0.35      6.22
    1997    0.37    0.37    0.34    0.85    1.01    0.48    0.29    0.26    0.25    0.23    0.22    0.20      4.87
    1998    0.37    1.55    3.19    3.23    4.43    5.13    2.69    1.16    0.62    0.57    0.54    0.53     24.01
    1999    0.50    0.69    2.11    2.74   38.13   59.97   30.27   10.39    3.69    1.40    0.65    0.62    151.16
    2000    0.62    1.86    2.48    1.03    0.91    0.95    0.96    0.92    0.65    0.59    0.54    0.48     11.99
    2001    0.45    2.70    3.72    1.57    0.71    0.41    0.41    0.39    0.35    0.33    0.30    0.27     11.61
    2002    0.27    0.26    0.25    0.23    0.23    0.21    0.20    0.20    0.20    0.20    0.17    0.16      2.58
    2003    0.16    0.17    0.16    2.32    3.46    6.15    6.77    2.60    1.04    0.49    0.43    0.38     24.13
    2004    0.34    0.34    0.31    0.81    1.04    0.51    0.32    0.31    0.29    0.26    0.23    0.20      4.96
    2005    0.17    0.14    0.11    0.10    0.16    0.85    1.04    0.47    0.24    0.18    0.16    0.13      3.75
    2006    0.12    0.12    0.13    0.09    0.35    0.45    0.19    0.10    0.09    0.10    0.09    0.10      1.93
    2007    0.10    0.19    0.35    0.41    0.32    0.18    0.12    0.12    0.12    0.12    0.11    0.10      2.24
    2008    0.13    0.75    1.22    0.84    0.50    0.37    0.22    0.18    0.18    0.17    0.18    0.16      4.90
    2009    0.15    0.92    1.21    0.91    0.81    0.38    0.70    0.84    0.43    0.28    0.26    0.22      7.11
