    1920    4.14    5.23    5.88    4.52    3.25    7.06    8.52    4.62    3.07    2.20    1.61    1.21     51.31
    1921    1.11    2.76    5.58    5.71    3.79    2.60    2.10    1.93    1.89    1.75    1.56    1.48     32.26
    1922    1.76    2.33    2.35   10.96   20.17   14.28    6.25    3.47    2.18    1.51    1.14    0.88     67.28
    1923    0.67    0.59    2.02    2.78    2.56    3.91    4.04    2.78    1.97    1.48    1.18    1.15     25.13
    1924    1.30    2.76    4.16    4.26    5.25   26.47   31.76   11.82    5.38    3.09    2.02    1.75    100.02
    1925    1.75    1.69    1.62    1.64    1.82    2.37    2.53    2.15    1.95    1.70    1.45    1.24     21.91
    1926    1.06    0.96    0.97    1.15    1.96    2.46    2.13    1.68    1.26    1.14    1.22    1.12     17.11
    1927    2.14    2.82    2.33    4.95    5.99    3.54    2.64    2.20    1.71    1.32    1.04    0.83     31.51
    1928    0.81    0.92    1.00    1.57    3.26    4.44    3.76    2.74    1.97    1.49    1.18    1.07     24.21
    1929    1.34    2.28    3.09    3.25    3.34    3.71    3.73    2.92    2.28    1.81    1.44    1.16     30.35
    1930    0.92    0.77    3.26    5.11    4.56    4.14    3.24    2.47    1.89    1.61    1.46    1.22     30.65
    1931    1.04    2.00    2.60    2.17    2.09    2.18    2.09    1.82    1.60    1.37    1.12    0.90     20.98
    1932    0.81    0.94    1.29    2.34    2.66    2.25    2.08    1.71    1.34    1.09    0.93    0.79     18.23
    1933    0.75    1.87    3.10    5.70    6.59    4.54    3.53    2.56    1.93    1.61    1.40    1.24     34.82
    1934    1.16    2.56    4.61    4.62    3.77    3.21    2.52    1.95    1.58    1.36    1.18    1.00     29.52
    1935    0.92    0.94    1.01    1.56    2.35    4.32    5.05    3.76    2.98    2.37    1.89    1.59     28.74
    1936    1.68    2.99    3.44    5.50   16.58   17.37    7.38    4.01    2.54    1.78    1.37    1.17     65.81
    1937    1.14    1.18    2.40    3.81    3.78    2.99    3.04    3.13    2.55    2.26    1.97    1.77     30.02
    1938    1.88    2.17    6.81    9.27   15.45   20.13   11.71    5.41    3.18    2.26    1.92    1.83     82.02
    1939    1.87    4.26    6.26    5.33    4.14    5.32    5.98    4.10    3.27    2.82    2.30    1.81     47.46
    1940    1.59    2.06    2.55    2.49    2.37    2.23    2.17    1.99    1.60    1.26    1.08    0.94     22.33
    1941    0.92    0.96    1.26    6.71    8.72    5.41    4.49    3.35    3.29    3.11    2.62    2.21     43.05
    1942    2.13    2.25    3.01    3.28    2.69    2.87    4.81    5.39    3.75    2.84    2.63    2.67     38.32
    1943    2.58    2.96    3.05    2.86    9.00   12.30    7.17    3.98    2.67    2.10    1.72    1.42     51.81
    1944    2.47    3.24    2.82    2.93    3.36    4.35    4.41    3.14    2.21    1.61    1.22    0.96     32.72
    1945    1.02    1.11    1.02    7.16   12.71    9.67    5.99    3.78    2.61    1.89    1.41    1.06     49.43
    1946    0.86    1.04    2.08    3.81    4.22    3.65    3.46    2.94    2.31    1.83    1.49    1.20     28.89
    1947    1.13    2.52    4.97    5.48    4.31    4.93    5.07    3.48    2.40    1.71    1.28    1.04     38.32
    1948    1.09    1.22    1.22    3.14    5.02    4.46    3.57    2.92    2.56    2.25    1.86    1.63     30.94
    1949    1.54    2.00    2.95    3.29    3.40    3.26    2.66    2.20    1.84    1.56    1.36    1.16     27.22
    1950    0.98    0.96    2.26    3.31    2.75    2.51    2.72    2.59    2.19    1.76    1.71    1.76     25.50
    1951    1.92    1.96    1.89    2.04    2.03    2.15    2.10    1.74    1.48    1.44    1.32    1.12     21.19
    1952    1.04    1.98    3.73    4.34    3.88    3.43    2.84    2.30    1.78    1.36    1.08    0.91     28.67
    1953    0.96    1.89    2.53    2.14    2.67    2.92    2.37    2.11    1.89    1.58    1.32    1.32     23.70
    1954    1.50    3.79    4.94    7.45   14.66   13.25    6.81    4.60    3.40    2.51    1.85    1.36     66.12
    1955    1.84    3.35    4.68    4.45    6.15    7.88    5.65    3.66    2.74    2.18    1.74    1.51     45.83
    1956    1.61    1.78    1.99    2.03    2.24    2.86    3.14    2.78    2.25    1.99    1.99    2.45     27.11
    1957    2.97    3.06    3.26   12.96   15.96    6.88    4.03    2.97    2.20    1.67    1.31    1.14     58.41
    1958    1.18    1.51    2.29    3.17    3.56    3.16    2.52    2.07    1.83    1.56    1.28    1.07     25.20
    1959    1.10    1.35    2.63    3.13    4.82    5.64    4.51    4.11    3.01    2.17    1.63    1.29     35.39
    1960    1.24    1.76    5.96    7.41    4.33    4.21    4.29    3.33    2.70    2.33    2.02    1.85     41.43
    1961    2.13    2.97    4.79    5.19    3.61    2.62    2.15    1.81    1.49    1.22    1.04    0.92     29.94
    1962    0.94    3.02    4.49    4.22    4.02    3.17    2.56    2.11    1.85    2.09    1.95    1.64     32.06
    1963    1.40    1.50    1.74    3.60    4.36    2.93    2.21    1.81    1.48    1.20    0.96    0.77     23.96
    1964    1.01    1.54    3.36    4.50    3.40    2.50    1.97    1.56    1.24    1.04    0.93    1.02     24.07
    1965    1.08    1.78    2.21    4.69    7.04    5.23    3.27    2.19    1.65    1.35    1.16    1.12     32.77
    1966    1.26    1.56    3.27    4.35    9.74   11.51    6.31    4.53    3.31    2.43    1.85    1.41     51.53
    1967    1.16    1.52    1.80    1.68    1.88    2.63    2.98    2.59    2.13    1.74    1.46    1.24     22.81
    1968    1.20    2.48    3.09    2.91    3.99    5.23    4.93    3.69    2.80    2.14    1.67    1.46     35.59
    1969    2.79    3.74    4.82    4.97    3.16    2.22    1.67    1.27    1.00    0.84    0.94    0.94     28.36
    1970    0.94    1.54    2.72    3.89    4.02    3.92    4.23    3.83    3.02    2.28    1.73    1.34     33.46
    1971    1.66    2.81    5.03   12.11   20.03   17.78    9.79    5.61    4.15    3.10    2.26    1.65     85.98
    1972    1.38    1.84    2.11    2.19    2.83    2.87    2.55    2.35    1.91    1.50    1.22    2.16     24.91
    1973    3.05    3.97    6.98    9.91    8.36    4.81    3.62    3.13    2.40    1.89    1.61    1.32     51.05
    1974    1.22    1.52    2.01    3.43    4.84    4.63    3.85    3.08    2.34    1.77    1.38    1.12     31.19
    1975    1.06    1.48    8.36   13.81   13.98   13.95    9.29    4.88    3.18    2.24    1.64    1.22     75.09
    1976    1.08    1.80    2.47    2.73    5.44    6.41    4.25    3.15    2.38    1.79    1.39    1.28     34.17
    1977    1.34    1.70    2.88    7.19    9.80    8.47    6.43    3.96    2.69    1.98    1.57    1.28     49.29
    1978    1.28    2.31    2.89    2.69    2.56    2.41    2.33    2.01    1.63    1.30    1.10    1.05     23.56
    1979    1.16    1.90    2.53    3.13    4.62    4.72    3.43    2.46    1.81    1.38    1.12    1.10     29.36
    1980    1.08    2.86    4.57    5.88    7.75    7.03    4.99    3.55    2.63    2.00    1.57    1.37     45.28
    1981    1.55    2.19    2.96    3.90    3.94    2.78    2.07    1.68    1.34    1.08    0.91    0.76     25.16
    1982    0.81    0.98    1.15    1.43    1.55    1.66    1.76    1.73    1.62    1.40    1.22    1.08     16.39
    1983    1.00    4.12    6.00   18.07   21.46    8.45    4.55    2.94    2.06    1.81    1.80    1.61     73.87
    1984    1.66    2.07    2.23    2.08    8.71   11.11    5.09    2.94    2.01    1.53    1.20    0.95     41.58
    1985    1.04    1.33    1.68    2.39    2.93    3.01    3.20    3.06    2.39    1.81    1.40    1.08     25.32
    1986    0.92    0.90    4.03    5.67    3.44    3.90    4.22    2.92    2.06    1.52    1.26    1.86     32.70
    1987    2.66    2.67    3.57    3.92    4.00    5.36    5.01    3.43    2.42    1.87    1.52    1.43     37.86
    1988    2.39    2.90    3.30    3.69    3.75    3.87    3.14    2.45    2.07    1.86    1.57    1.22     32.21
    1989    1.25    2.81    4.72    5.00    4.63    4.28    3.83    3.31    2.56    1.91    1.46    1.11     36.87
    1990    0.99    1.35    2.42    4.88    5.40    5.29    5.29    3.58    2.72    2.34    1.97    1.55     37.78
    1991    1.22    1.27    2.08    2.49    2.11    1.78    1.49    1.24    1.00    0.81    0.77    0.73     16.99
    1992    0.81    1.11    2.50    3.27    2.77    4.62    5.32    3.45    2.41    1.77    1.37    1.08     30.48
    1993    0.91    0.97    1.82    2.38    1.96    1.95    1.93    1.58    1.24    0.98    0.79    0.65     17.16
    1994    0.75    1.09    1.45    2.30    2.54    2.03    1.82    1.57    1.28    1.04    0.86    0.72     17.45
    1995    0.67    0.86    2.21    5.66   18.89   20.66    8.42    4.58    3.21    2.38    1.79    1.34     70.67
    1996    1.06    2.53    3.39    2.79    2.47    5.26    6.59    4.13    3.01    2.35    1.93    1.71     37.22
    1997    1.60    1.55    1.40    1.12    1.12    1.12    0.89    0.67    0.53    0.49    0.49    0.59     11.57
    1998    2.23    4.18    9.37   11.90    7.90    6.00    4.91    3.70    2.84    2.14    1.73    1.59     58.49
    1999    1.45    1.90   11.18   19.22   28.93   31.61   16.49    7.21    4.28    2.99    2.16    1.61    129.03
    2000    1.36    4.99    9.00    6.99    4.24    3.25    2.66    2.46    2.15    1.80    1.45    1.11     41.46
    2001    1.00    4.00    5.74    4.32    3.57    2.58    2.03    1.71    1.37    1.10    0.93    0.77     29.12
    2002    0.81    0.98    2.20    2.88    2.77    2.69    2.03    1.56    1.26    1.06    0.89    0.75     19.88
    2003    0.81    0.86    0.78    0.97    1.98    3.19    3.19    2.47    1.85    1.40    1.14    0.94     19.58
    2004    0.85    2.06    2.84    3.77    4.37    4.70    5.67    4.72    3.29    2.30    1.71    1.35     37.63
    2005    1.06    1.06    2.08    7.81   12.30    8.66    5.06    3.88    2.75    1.96    1.45    1.06     49.13
    2006    0.80    0.97    2.28    2.71    2.15    1.89    1.85    1.88    1.52    1.22    0.99    0.78     19.04
    2007    0.63    2.00    3.58    3.95    3.50    3.12    3.20    2.80    2.23    1.70    1.30    0.99     29.00
    2008    0.95    1.43    5.39   10.02    8.40    4.79    3.14    2.22    1.77    1.45    1.24    1.12     41.92
    2009    1.10    5.53    7.37    4.57    3.62    2.90    4.18    4.76    3.63    2.72    2.02    1.49     43.89
