    1920    1.22    1.32    1.48    1.24    0.81    2.76    3.36    1.35    0.67    0.52    0.45    0.41     15.58      1.30
    1921    0.42    1.04    2.51    2.28    0.94    0.93    0.97    0.59    0.57    0.56    0.59    0.58     11.97      1.00
    1922    0.69    1.32    1.29   12.62   32.27   25.87    7.92    2.73    1.08    0.55    0.48    0.41     87.24      7.27
    1923    0.36    0.32    0.68    0.88    0.45    6.27    8.08    2.77    1.09    0.56    0.49    0.50     22.44      1.87
    1924    0.52    0.85    2.08    4.23    7.36   30.46   35.67   12.75    4.23    1.59    0.75    0.56    101.05      8.42
    1925    0.54    0.52    0.49    1.19    1.87    1.46    0.88    0.60    0.57    0.54    0.50    0.45      9.59      0.80
    1926    0.39    0.36    0.33    0.31    0.41    0.44    0.36    0.32    0.28    0.33    0.35    0.32      4.18      0.35
    1927    0.66    0.80    0.61    4.86    6.22    2.53    1.26    0.74    0.53    0.48    0.42    0.37     19.49      1.62
    1928    0.37    0.46    0.87    1.39    3.16    5.34    4.25    1.68    0.82    0.58    0.52    0.50     19.94      1.66
    1929    0.57    1.40    2.15    2.24    1.88    5.16    5.96    2.28    1.07    0.64    0.56    0.49     24.40      2.03
    1930    0.41    0.39    2.54    3.81    2.71    1.91    1.11    0.73    0.61    0.59    0.54    0.48     15.84      1.32
    1931    0.49    0.94    1.15    0.74    0.61    1.01    1.11    0.67    0.56    0.51    0.44    0.38      8.61      0.72
    1932    0.36    0.36    0.96    2.08    1.82    1.00    0.74    0.51    0.43    0.39    0.35    0.31      9.31      0.78
    1933    0.31    0.65    1.29    4.62    5.44    2.52    1.44    0.81    0.62    0.59    0.52    0.49     19.30      1.61
    1934    0.48    0.53    1.23    1.37    0.91    0.65    0.48    0.45    0.43    0.41    0.37    0.33      7.66      0.64
    1935    0.32    0.29    0.31    1.16    1.95    3.13    3.13    1.54    0.96    0.73    0.63    0.59     14.72      1.23
    1936    0.64    2.28    2.65    4.76   24.77   29.54   11.28    3.80    1.45    0.69    0.52    0.46     82.83      6.90
    1937    0.41    0.40    0.64    1.09    1.03    0.68    0.58    0.55    0.48    0.47    0.42    0.41      7.15      0.60
    1938    0.44    0.48   10.53   13.84   19.39   23.95   10.57    3.67    1.46    0.79    0.68    0.67     86.47      7.21
    1939    0.66    5.98   10.14    6.19    2.44    2.91    3.22    1.64    1.42    1.30    0.82    0.65     37.39      3.12
    1940    0.55    3.46    4.90    2.51    1.28    0.84    0.69    0.62    0.52    0.49    0.46    0.40     16.71      1.39
    1941    0.69    0.90    0.75    2.35    2.73    2.25    2.07    1.03    0.74    0.70    0.60    0.57     15.39      1.28
    1942    0.57    0.75    1.57    1.54    0.79    1.22    5.47    6.20    2.36    1.15    1.07    0.97     23.66      1.97
    1943    0.83    0.71    0.60    1.10    5.59    6.60    2.69    1.22    0.71    0.64    0.56    0.51     21.75      1.81
    1944    0.52    0.63    0.76    1.38    1.64    1.17    0.91    0.63    0.54    0.48    0.42    0.37      9.44      0.79
    1945    0.39    0.40    0.34   11.73   21.17   12.73    4.79    1.90    0.93    0.60    0.52    0.44     55.94      4.66
    1946    0.38    0.39    1.26    1.75    1.58    1.85    1.62    0.95    0.66    0.61    0.54    0.47     12.07      1.01
    1947    0.49    2.48    3.66    2.37    1.47    2.47    2.73    1.32    0.77    0.60    0.52    0.47     19.35      1.61
    1948    0.50    0.62    0.66    1.94    2.73    1.67    0.97    0.66    0.65    0.61    0.53    0.50     12.01      1.00
    1949    0.47    0.97    1.77    1.89    1.79    2.11    1.92    1.23    0.91    0.70    0.64    0.54     14.95      1.25
    1950    0.45    0.43    2.40    3.17    1.36    0.75    0.81    0.85    0.66    0.59    0.62    0.60     12.70      1.06
    1951    0.65    0.72    0.78    1.28    1.26    1.77    1.91    0.96    0.62    0.62    0.57    0.47     11.60      0.97
    1952    0.44    1.68    2.63    2.24    1.88    1.22    0.80    0.67    0.59    0.52    0.46    0.42     13.53      1.13
    1953    0.41    1.17    1.65    1.03    1.36    1.44    0.86    0.63    0.55    0.48    0.45    0.47     10.49      0.87
    1954    0.49    2.68    3.56    4.54    8.60    7.24    2.90    1.47    1.10    0.78    0.60    0.50     34.44      2.87
    1955    0.85    1.82    2.15    1.66   10.11   12.76    4.51    1.76    0.90    0.68    0.58    0.57     38.34      3.20
    1956    0.57    0.53    0.62    0.77    0.80    1.21    1.28    0.80    0.62    0.62    0.61    0.59      9.01      0.75
    1957    0.72    0.78    1.68   17.22   20.87    6.61    2.34    0.99    0.55    0.51    0.45    0.47     53.18      4.43
    1958    0.49    0.54    1.08    1.92    1.88    1.20    0.84    0.60    0.57    0.53    0.48    0.45     10.56      0.88
    1959    0.47    0.54    0.73    0.67    2.17    2.69    1.75    1.46    0.84    0.62    0.54    0.50     12.98      1.08
    1960    0.48    1.14    7.61    8.83    3.24    2.89    2.70    1.30    1.15    1.03    0.75    0.65     31.78      2.65
    1961    0.66    0.74    0.97    1.01    0.77    0.64    0.60    0.55    0.49    0.45    0.42    0.37      7.68      0.64
    1962    0.36    1.33    2.05    1.27    0.90    0.79    0.55    0.50    0.54    0.62    0.59    0.48      9.97      0.83
    1963    0.42    0.47    0.61    1.62    1.96    0.99    0.61    0.49    0.44    0.40    0.35    0.31      8.66      0.72
    1964    0.40    0.54    1.59    2.12    1.17    0.64    0.42    0.36    0.32    0.30    0.29    0.28      8.43      0.70
    1965    0.29    0.88    1.12    3.71    8.99    7.42    2.65    1.08    0.57    0.52    0.48    0.45     28.16      2.35
    1966    0.74    0.99    1.07    1.76   14.22   18.78   12.09    8.75    3.07    1.28    0.69    0.54     63.98      5.33
    1967    0.49    0.49    0.45    0.44    0.85    1.08    0.87    0.63    0.57    0.55    0.51    0.44      7.37      0.61
    1968    0.41    0.85    1.10    1.12    2.79    3.16    1.66    0.95    0.68    0.61    0.54    0.49     14.36      1.20
    1969    1.14    1.57    1.72    1.64    0.78    0.47    0.41    0.36    0.34    0.32    0.32    0.30      9.37      0.78
    1970    0.29    0.60    1.28    2.47    2.55    3.52    4.11    2.08    1.49    0.95    0.62    0.55     20.51      1.71
    1971    0.70    1.49    4.50   16.10   25.18   22.07   12.75    4.66    2.10    1.12    0.72    0.57     91.97      7.66
    1972    0.52    0.52    0.47    0.50    0.70    0.60    0.63    0.66    0.46    0.41    0.38    1.36      7.21      0.60
    1973    2.07    1.98    5.42   11.13    9.19    3.36    1.63    1.10    0.67    0.60    0.54    0.47     38.17      3.18
    1974    0.44    0.45    1.04    2.79    5.38    4.97    2.23    1.40    1.00    0.72    0.61    0.52     21.55      1.80
    1975    0.47    0.47   13.13   27.20   21.93   10.52    3.94    1.65    0.87    0.61    0.53    0.44     81.75      6.81
    1976    0.44    1.32    1.93    1.39    4.24    5.65    2.93    1.36    0.86    0.64    0.57    0.56     21.90      1.83
    1977    0.52    0.54    1.07   10.75   17.04   11.44    6.35    2.41    1.11    0.64    0.57    0.49     52.92      4.41
    1978    0.47    0.79    1.03    1.54    1.61    0.97    0.78    0.56    0.50    0.46    0.43    0.39      9.54      0.80
    1979    0.39    0.70    0.91    1.36    2.80    2.65    1.24    0.72    0.54    0.48    0.44    0.43     12.67      1.06
    1980    0.41    1.43    2.23    2.16    2.54    2.44    1.73    1.16    0.75    0.61    0.53    0.50     16.48      1.37
    1981    0.51    0.97    1.48    1.37    1.04    0.61    0.52    0.49    0.43    0.39    0.35    0.31      8.46      0.71
    1982    0.30    0.29    0.28    0.27    0.25    0.31    0.40    0.36    0.35    0.32    0.31    0.27      3.69      0.31
    1983    0.26    2.68    4.04   15.39   18.24    6.05    2.53    1.17    0.66    0.85    0.96    0.68     53.53      4.46
    1984    0.69    0.95    1.03    0.94    7.34    9.26    3.44    1.46    0.79    0.60    0.52    0.44     27.46      2.29
    1985    0.44    0.48    0.60    1.19    1.47    1.05    1.11    1.11    0.67    0.55    0.48    0.41      9.56      0.80
    1986    0.36    0.36    1.37    2.96    2.52    1.21    0.79    0.50    0.44    0.40    0.42    1.41     12.74      1.06
    1987    1.96    1.15    1.24    1.20    3.69    4.66    2.12    1.17    0.73    0.62    0.55    0.51     19.60      1.63
    1988    0.83    1.06    1.03    1.13    4.69    5.71    2.21    1.02    0.69    0.66    0.57    0.49     20.10      1.67
    1989    0.49    2.80    3.61    2.23    1.80    1.25    1.07    0.90    0.64    0.56    0.49    0.42     16.27      1.36
    1990    0.40    0.40    1.22    2.09    1.47    1.89    2.02    0.94    0.62    0.60    0.52    0.44     12.61      1.05
    1991    0.39    0.49    1.18    1.74    1.40    0.72    0.49    0.45    0.40    0.36    0.35    0.32      8.28      0.69
    1992    0.31    0.34    4.06    5.47    2.37    3.29    3.64    1.57    0.87    0.70    0.58    0.49     23.67      1.97
    1993    0.42    0.39    0.39    0.42    0.33    0.32    0.34    0.33    0.30    0.28    0.25    0.23      3.99      0.33
    1994    0.24    0.27    0.35    0.60    0.58    0.40    0.35    0.28    0.24    0.22    0.21    0.18      3.93      0.33
    1995    0.19    0.48    3.36    7.45   17.79   17.49    5.70    2.38    1.41    0.95    0.76    0.58     58.54      4.88
    1996    0.55    0.73    0.77    0.53    0.44    0.87    1.11    0.65    0.52    0.52    0.50    0.49      7.69      0.64
    1997    0.51    0.65    0.74    0.94    1.04    0.64    0.42    0.36    0.32    0.29    0.27    0.28      6.46      0.54
    1998    2.05    5.15    7.70   13.04   17.11   11.27    4.00    1.68    0.88    0.62    0.62    0.71     64.85      5.40
    1999    0.69    1.19    3.68   12.01   48.35   58.52   25.41    7.95    2.98    1.36    0.79    0.61    163.55     13.63
    2000    0.58    5.35    7.43    3.36    1.49    0.98    0.99    0.91    0.73    0.63    0.54    0.45     23.44      1.95
    2001    0.43    2.23    3.12    1.57    0.78    0.46    0.44    0.41    0.36    0.34    0.32    0.28     10.74      0.89
    2002    0.28    0.29    0.97    1.24    0.65    0.46    0.39    0.37    0.32    0.30    0.27    0.25      5.77      0.48
    2003    0.25    0.26    0.25    1.16    1.78    2.07    2.10    1.20    0.75    0.61    0.56    0.47     11.45      0.95
    2004    0.41    0.81    1.08    1.74    1.86    1.05    0.88    0.62    0.48    0.43    0.39    0.34     10.09      0.84
    2005    0.29    0.77    1.18    3.27    7.65   19.23   18.73    6.04    2.17    0.94    0.56    0.51     61.34      5.11
    2006    0.43    0.44    1.13    1.18    0.60    0.40    0.39    0.37    0.35    0.33    0.29    0.25      6.18      0.51
    2007    0.22    0.78    1.83    1.88    1.14    1.28    1.45    0.88    0.58    0.50    0.44    0.36     11.35      0.95
    2008    0.34    0.98    3.74    7.80    6.88    2.94    1.35    0.76    0.63    0.57    0.54    0.49     27.01      2.25
    2009    0.47    4.60    5.91    2.33    1.28    1.01    9.01   11.31    3.89    1.56    0.79    0.53     42.69      3.56
  
 AVERAGE    0.54    1.11    2.15    3.68    5.47    5.32    3.32    1.63    0.86    0.62    0.52    0.48     25.70      2.14
