    1920    1.49    1.58    1.52    1.31    1.12    1.87    2.38    1.21    0.91    0.82    0.71    0.62     15.56      1.30
    1921    0.61    0.68    1.57    1.58    0.82    0.66    0.66    0.64    0.63    0.62    0.66    0.66      9.77      0.81
    1922    0.72    1.19    1.27    3.97   24.70   28.51    9.98    3.99    1.67    1.21    1.10    0.95     79.27      6.61
    1923    0.82    0.71    0.69    0.72    0.60    3.24    4.30    2.06    1.07    0.77    0.72    0.70     16.39      1.37
    1924    0.69    0.79    2.36    3.18    6.12   39.49   46.63   15.92    6.25    2.55    1.45    1.39    126.81     10.57
    1925    1.31    1.16    0.98    1.48    2.64    2.06    1.22    0.95    0.88    0.83    0.74    0.66     14.90      1.24
    1926    0.57    0.51    0.44    0.34    0.33    0.32    0.30    0.27    0.24    0.33    0.38    0.32      4.37      0.36
    1927    0.46    0.54    0.41    2.04    2.79    1.52    0.91    0.66    0.57    0.52    0.46    0.40     11.28      0.94
    1928    0.42    0.48    0.56    0.68    1.11    1.40    1.13    0.77    0.57    0.53    0.47    0.44      8.55      0.71
    1929    0.50    1.00    1.51    1.42    1.06    4.48    5.92    2.88    1.47    1.05    0.95    0.83     23.08      1.92
    1930    0.75    0.67    1.41    2.04    1.52    1.21    0.86    0.78    0.66    0.66    0.61    0.53     11.70      0.97
    1931    0.52    0.58    0.68    0.59    0.48    0.59    0.68    0.62    0.58    0.54    0.46    0.39      6.72      0.56
    1932    0.36    0.36    0.99    1.71    1.45    0.89    0.62    0.53    0.46    0.43    0.37    0.32      8.50      0.71
    1933    0.32    0.53    0.77    1.48    1.76    1.16    0.89    0.63    0.59    0.58    0.51    0.46      9.67      0.81
    1934    0.43    0.40    0.94    1.19    0.75    0.53    0.41    0.41    0.43    0.41    0.36    0.31      6.58      0.55
    1935    0.29    0.26    0.24    1.17    1.69    2.41    2.79    1.71    1.16    0.95    0.85    0.83     14.34      1.20
    1936    0.93    2.62    3.20    3.03   29.03   37.06   12.96    5.18    2.16    1.40    1.27    1.14     99.97      8.33
    1937    1.01    0.91    0.86    0.88    0.89    0.74    0.81    0.82    0.70    0.67    0.59    0.58      9.46      0.79
    1938    0.60    0.53    7.72   10.76   16.54   18.55    7.55    3.20    1.56    1.48    1.37    1.29     71.16      5.93
    1939    1.23    2.42    4.07    2.87    1.50    1.44    1.53    1.47    1.55    1.46    1.18    0.97     21.70      1.81
    1940    0.83    3.22    4.40    2.41    1.24    0.83    0.85    0.78    0.65    0.60    0.54    0.44     16.80      1.40
    1941    0.48    0.54    0.83    2.31    2.68    2.09    1.79    1.09    0.95    0.91    0.77    0.72     15.16      1.26
    1942    0.69    0.72    1.07    0.93    0.62    0.69    6.98    9.33    4.13    1.99    1.44    1.34     29.94      2.49
    1943    1.19    1.11    0.95    0.88    4.19    5.30    2.54    1.31    0.99    0.92    0.79    0.69     20.85      1.74
    1944    0.63    0.61    0.54    1.44    1.88    1.12    0.73    0.60    0.55    0.50    0.43    0.37      9.39      0.78
    1945    0.39    0.41    0.30   10.37   25.58   19.90    7.36    3.10    1.40    1.09    0.97    0.83     71.71      5.98
    1946    0.71    0.69    0.72    0.73    0.86    0.97    0.95    0.82    0.70    0.67    0.59    0.51      8.90      0.74
    1947    0.54    1.55    2.24    1.69    1.15    1.72    1.97    1.19    0.82    0.75    0.66    0.57     14.85      1.24
    1948    0.58    0.61    0.50    1.06    1.40    0.94    0.66    0.68    0.72    0.66    0.55    0.53      8.90      0.74
    1949    0.47    1.19    2.16    2.04    1.57    2.39    2.59    1.57    1.09    1.06    0.98    0.80     17.92      1.49
    1950    0.66    0.58    1.98    2.51    1.17    0.67    0.75    0.85    0.77    0.66    0.72    0.74     12.06      1.01
    1951    0.78    0.79    0.68    0.85    0.94    0.75    0.67    0.58    0.56    0.60    0.54    0.42      8.16      0.68
    1952    0.39    1.04    1.56    1.54    1.62    1.30    0.88    0.76    0.67    0.60    0.52    0.47     11.34      0.94
    1953    0.45    0.92    1.20    0.69    0.82    0.92    0.63    0.57    0.50    0.45    0.42    0.51      8.08      0.67
    1954    0.59    1.13    1.43    2.36    3.15    2.37    1.67    1.34    1.23    1.09    0.93    0.77     18.06      1.50
    1955    0.86    1.94    2.29    1.63    5.33    6.82    3.17    1.56    1.28    1.16    0.99    0.97     28.01      2.33
    1956    0.93    0.79    0.74    0.68    0.83    1.26    1.24    0.99    0.81    0.86    0.87    0.91     10.93      0.91
    1957    1.00    0.83    0.83    9.87   13.15    5.34    2.31    1.16    1.04    0.96    0.83    0.79     38.10      3.18
    1958    0.73    0.72    1.24    2.05    1.88    1.14    0.76    0.84    0.90    0.80    0.70    0.67     12.45      1.04
    1959    0.66    0.61    0.59    0.52    0.82    0.97    0.95    1.02    0.76    0.62    0.58    0.56      8.66      0.72
    1960    0.54    0.65    4.30    5.55    2.64    1.45    1.09    1.03    0.99    0.95    0.85    0.79     20.83      1.74
    1961    0.84    0.84    0.71    0.64    0.58    0.53    0.50    0.45    0.41    0.38    0.37    0.33      6.59      0.55
    1962    0.33    0.57    0.90    0.86    0.79    0.76    0.60    0.61    0.79    1.07    1.00    0.80      9.07      0.76
    1963    0.66    0.62    0.52    0.93    1.18    0.68    0.47    0.46    0.42    0.38    0.33    0.28      6.94      0.58
    1964    0.47    0.63    1.32    1.66    1.00    0.62    0.46    0.43    0.39    0.36    0.33    0.32      7.98      0.66
    1965    0.32    0.38    0.46    7.37   10.35    4.39    2.02    1.00    0.87    0.80    0.72    0.63     29.33      2.44
    1966    0.64    0.64    0.60    0.74    4.61    6.24    3.37    1.95    1.33    1.25    1.09    0.91     23.37      1.95
    1967    0.85    0.82    0.68    0.60    0.78    1.15    1.03    0.85    0.77    0.76    0.70    0.58      9.58      0.80
    1968    0.50    0.54    0.62    0.47    0.58    0.98    1.06    0.84    0.69    0.65    0.59    0.58      8.10      0.68
    1969    1.18    1.61    1.24    0.95    0.60    0.49    0.43    0.38    0.36    0.34    0.31    0.28      8.17      0.68
    1970    0.28    0.33    0.62    1.35    1.54    1.52    1.62    1.13    0.91    0.82    0.71    0.63     11.45      0.95
    1971    0.71    1.12    1.79    3.86    6.00    9.41    8.97    4.06    2.22    1.70    1.47    1.24     42.55      3.55
    1972    1.12    1.02    0.92    0.82    0.79    0.72    0.76    0.75    0.62    0.55    0.51    1.33      9.92      0.83
    1973    1.90    1.47    2.21    3.34    2.94    1.69    1.31    1.24    1.05    0.95    0.83    0.70     19.62      1.64
    1974    0.62    0.63    0.67    2.15    4.49    4.28    2.32    1.42    1.26    1.12    0.95    0.81     20.71      1.73
    1975    0.70    0.63    5.96   17.36   16.87    7.99    3.52    1.71    1.35    1.21    1.06    0.91     59.25      4.94
    1976    0.83    0.86    0.85    0.78    5.38    7.41    3.68    1.82    1.14    1.01    0.90    0.83     25.50      2.12
    1977    0.73    0.63    0.63    6.04    8.49    4.63    2.67    1.64    1.31    1.20    1.06    0.90     29.93      2.49
    1978    0.84    0.91    1.14    1.16    1.13    0.70    0.71    0.65    0.56    0.50    0.45    0.40      9.14      0.76
    1979    0.38    0.40    0.37    0.52    1.73    2.14    1.23    0.76    0.57    0.51    0.49    0.53      9.65      0.80
    1980    0.50    1.29    1.68    1.25    1.41    1.61    1.36    0.94    0.82    0.73    0.66    0.67     12.91      1.08
    1981    0.73    0.78    1.01    1.24    1.07    0.71    0.65    0.66    0.57    0.51    0.45    0.39      8.78      0.73
    1982    0.35    0.31    0.29    0.59    0.74    0.54    0.46    0.50    0.55    0.50    0.46    0.40      5.70      0.47
    1983    0.38    1.18    1.72   20.07   26.52    9.35    4.02    1.81    1.20    1.41    1.46    1.22     70.35      5.86
    1984    1.22    1.27    1.05    0.97    4.51    5.65    2.73    1.45    1.12    1.00    0.87    0.73     22.56      1.88
    1985    0.73    0.75    0.69    0.67    0.79    0.71    1.06    1.27    0.87    0.68    0.61    0.53      9.37      0.78
    1986    0.46    0.41    0.46    0.88    0.86    1.00    1.11    0.72    0.52    0.47    0.51    0.75      8.14      0.68
    1987    1.03    0.82    0.92    0.91    0.93    1.16    1.00    0.78    0.72    0.68    0.59    0.53     10.07      0.84
    1988    0.61    0.64    0.63    0.60    3.06    4.10    2.05    1.08    0.86    0.87    0.73    0.60     15.82      1.32
    1989    0.59    2.09    2.93    2.23    1.74    1.13    1.02    0.92    0.78    0.69    0.60    0.50     15.22      1.27
    1990    0.48    0.45    0.43    1.01    1.28    1.11    0.90    0.66    0.64    0.63    0.54    0.45      8.58      0.72
    1991    0.38    0.39    0.59    0.67    0.50    0.38    0.36    0.35    0.31    0.29    0.27    0.23      4.73      0.39
    1992    0.22    0.26    5.20    7.87    4.18    3.28    2.71    1.64    1.35    1.22    1.11    0.97     30.00      2.50
    1993    0.83    0.72    0.66    0.61    0.54    0.49    0.46    0.41    0.36    0.33    0.30    0.27      5.97      0.50
    1994    0.31    0.33    0.48    1.60    1.96    1.09    0.64    0.53    0.48    0.43    0.41    0.36      8.64      0.72
    1995    0.39    0.55    1.71    2.41    2.32    2.10    1.31    1.03    0.96    0.87    0.79    0.66     15.10      1.26
    1996    0.82    1.12    0.83    0.88    0.89    1.36    1.62    1.07    0.87    0.83    0.79    0.79     11.86      0.99
    1997    0.81    0.80    0.74    1.38    1.62    0.95    0.63    0.55    0.49    0.46    0.41    0.38      9.22      0.77
    1998    0.63    2.03    4.08    4.35    5.31    5.84    3.40    1.90    1.53    1.36    1.26    1.20     32.88      2.74
    1999    1.08    1.15    3.02    3.96   44.79   70.28   35.45   12.83    5.01    2.21    1.49    1.38    182.65     15.22
    2000    1.35    2.65    3.51    1.73    1.54    1.61    1.71    1.74    1.28    1.12    0.97    0.80     20.02      1.67
    2001    0.73    3.39    4.62    2.43    1.29    0.71    0.73    0.69    0.59    0.53    0.47    0.39     16.58      1.38
    2002    0.40    0.38    0.40    0.45    0.41    0.40    0.33    0.35    0.37    0.37    0.32    0.31      4.49      0.37
    2003    0.31    0.35    0.38    2.80    4.29    7.18    7.93    3.63    1.73    1.18    1.09    0.93     31.80      2.65
    2004    0.80    0.78    0.67    1.21    1.54    0.92    0.71    0.66    0.60    0.52    0.45    0.37      9.24      0.77
    2005    0.29    0.21    0.15    0.14    0.26    1.05    1.39    0.85    0.54    0.43    0.37    0.31      5.99      0.50
    2006    0.24    0.26    0.29    0.22    0.52    0.64    0.36    0.22    0.20    0.23    0.21    0.24      3.64      0.30
    2007    0.26    0.38    0.59    0.70    0.63    0.41    0.30    0.29    0.28    0.29    0.27    0.26      4.64      0.39
    2008    0.33    1.05    1.72    1.37    0.98    0.77    0.53    0.46    0.44    0.41    0.42    0.38      8.86      0.74
    2009    0.32    1.22    1.62    1.35    1.29    0.76    1.16    1.40    0.89    0.68    0.63    0.52     11.86      0.99
  
 AVERAGE    0.66    0.90    1.42    2.36    3.98    4.34    2.87    1.55    0.99    0.81    0.71    0.65     21.26      1.77
