    1920    3.62    9.33    7.88    4.89    4.91    6.55    5.26    3.26    2.36    1.83    1.49    1.30     52.68
    1921    1.95    4.76    5.13    7.09    7.21    5.60    3.76    2.39    2.29    2.04    1.74    1.58     45.54
    1922    2.64    5.39    5.46   26.45   12.86    4.84    2.53    1.78    1.48    1.36    1.27    1.08     67.14
    1923    1.14    1.76    2.53    2.63    3.85   12.37    8.61    3.16    2.18    1.73    1.43    1.34     42.73
    1924    1.52    3.32    4.40    3.76    4.41   16.07   11.54    6.03    4.37    3.28    2.10    2.37     63.17
    1925    2.55    2.89    2.55    2.28    2.57    2.34    1.77    1.91    1.96    1.67    1.39    1.51     25.39
    1926    1.61    1.98    2.59    2.66    6.77    7.33    5.21    3.69    2.03    2.38    2.34    1.69     40.28
    1927    2.67    3.48    3.63    4.95    5.70    5.53    4.43    2.60    1.76    1.52    1.36    1.24     38.87
    1928    1.40    2.23    3.33    3.58    3.70    4.58    4.78    3.11    2.05    1.85    1.47    1.90     33.98
    1929    3.90    8.50    8.44   15.61    9.75    5.40    4.60    3.37    2.13    1.99    1.76    1.33     66.78
    1930    1.27    1.58    2.64    4.19    4.29    3.63    2.95    1.93    1.54    1.65    1.49    1.11     28.27
    1931    1.10    1.49    2.08    2.36    3.11    3.89    3.64    3.24    2.45    1.86    1.45    1.24     27.91
    1932    1.36    2.32    3.07    2.99    2.91    3.23    3.08    1.99    1.49    1.36    1.16    1.00     25.96
    1933    0.96    2.02    2.98    3.38    5.24    5.81    4.90    3.20    2.10    1.92    1.63    1.38     35.52
    1934    1.29    1.72    2.89    3.61    3.70    3.03    2.31    1.59    1.38    1.28    1.09    0.97     24.86
    1935    1.03    0.94    1.53    2.98    3.81    3.68    3.73    3.71    3.25    2.19    1.57    1.38     29.80
    1936    1.75    3.07    3.36   33.72   25.53    9.19    5.09    2.89    1.87    1.59    1.33    1.25     90.64
    1937    1.32    1.46    3.04    4.09    4.05    4.83   11.29    7.69    3.09    2.47    1.86    1.83     47.02
    1938    2.61    3.31    8.58    7.98   40.87   17.09    4.91    2.65    1.98    2.41    2.35    2.22     96.96
    1939    3.41    9.49   11.17    9.38    6.63    5.75    5.61    4.90    4.64    3.71    2.29    2.23     69.21
    1940    2.12    2.91    4.65    5.22    5.50    5.95    6.34    4.70    2.51    1.91    1.58    1.38     44.77
    1941    1.47    1.52    1.74    3.00    3.25    9.72    6.91    4.74    4.85    3.45    2.57    2.08     45.30
    1942    2.23    3.25    3.43    3.88    4.33    4.33   12.17    8.69    3.58    3.36    4.02    3.44     56.71
    1943    3.66    5.06    5.32   20.27   15.53    7.18    3.18    1.91    1.82    1.76    1.41    1.26     68.36
    1944    1.91    2.42    2.15    2.72    3.70    4.05    4.13    3.10    1.83    1.54    1.28    1.04     29.87
    1945    1.05    1.38    1.46   15.26   23.44   17.01    7.56    3.49    2.21    1.75    1.43    1.17     77.21
    1946    1.04    1.61    2.93    4.05    5.05    6.08    5.10    2.84    1.91    1.68    1.37    1.25     34.91
    1947    1.59    2.42   11.91    8.26    6.44    5.87    4.80    2.59    1.78    1.54    1.30    1.20     49.70
    1948    1.91    3.28    3.36    5.39    6.21    5.83    4.53    3.12    2.20    1.78    1.41    1.49     40.51
    1949    1.59    2.94    5.44    7.39    6.61    3.63    4.53    4.12    2.58    1.97    1.62    1.60     44.02
    1950    1.89    2.08    2.67    2.76    2.94    4.20    6.41    6.58    4.58    2.68    2.68    2.25     41.72
    1951    2.61    2.55    2.70    2.64    2.59    2.87    2.36    2.01    1.82    1.67    1.42    1.09     26.33
    1952    1.05    1.70    4.04    4.38    6.21    6.73    5.13    2.92    2.02    1.66    1.36    1.17     38.37
    1953    1.30    3.08    4.46    5.31    7.55    6.79    5.35    3.80    2.41    1.86    1.51    1.68     45.10
    1954    2.09    3.00    3.53   17.60   33.54   15.01    7.40    4.82    3.27    2.29    1.70    1.30     95.55
    1955    1.57    3.01   21.97   10.36    7.10    6.12    3.65    3.25    3.36    2.43    1.80    1.85     66.47
    1956    2.32    2.78    3.71    4.39    6.39    9.67    6.68    3.37    2.23    2.05    2.04    2.24     47.87
    1957    2.49    2.53    3.10    8.00    8.42    6.05    4.01    2.97    1.97    1.70    1.37    1.58     44.19
    1958    2.05    2.31    2.58    3.74    5.02    7.10    5.36    2.75    2.20    1.76    1.42    1.31     37.60
    1959    1.40    2.46    3.51    2.98    6.74    6.47    5.86    4.45    2.21    1.76    1.61    1.43     40.88
    1960    1.49    2.52    7.43    5.07    3.76    4.11    4.36    3.71    2.96    2.35    1.71    1.47     40.94
    1961    1.86    2.33    8.52    6.21    5.14    4.90    3.89    2.48    1.70    1.45    1.33    1.19     41.00
    1962    1.64    6.83    5.76    6.25    5.11    2.47    2.22    1.83    1.92    2.21    1.75    1.22     39.21
    1963    2.10    3.76    4.42    7.13   13.29    8.07    4.36    2.90    2.00    1.67    1.38    1.10     52.18
    1964    2.40    4.23    4.03    4.92    5.16    3.55    2.45    1.86    1.49    1.32    1.25    1.27     33.93
    1965    1.22    1.76    2.52    3.30    4.45    3.69    2.50    1.62    1.34    1.24    1.13    1.07     25.84
    1966    1.49    2.39    3.84    4.34    9.19    7.96    7.52    5.68    3.02    2.40    2.00    1.70     51.53
    1967    2.84    8.65    8.21    7.44    6.46    9.51    6.97    3.82    2.43    2.00    1.71    1.36     61.40
    1968    1.22    2.23    3.59    3.39    3.88    6.71    6.58    4.28    2.24    1.84    1.53    2.09     39.58
    1969    3.70    4.87    7.32    6.35    3.56    3.25    2.60    1.92    1.53    1.41    1.40    1.20     39.11
    1970    1.41    2.59    3.55    4.28    4.27    4.17    3.86    3.58    2.62    1.88    1.47    1.40     35.08
    1971    1.76    2.79    3.31    4.16    7.20    6.96    5.19    4.39    3.36    2.17    1.66    1.40     44.35
    1972    1.56    2.83    3.36    3.14    5.18    6.54   10.49    6.52    2.81    2.00    1.58    2.07     48.08
    1973    3.15    3.50    3.94   11.30   15.53    7.38    4.56    3.63    2.16    2.00    1.79    1.45     60.39
    1974    1.55    2.42    3.55   10.08   10.85    6.21    4.56    3.58    2.18    1.80    1.49    1.42     49.69
    1975    1.56    2.13    4.92   11.10   13.81    7.57    5.51    3.55    2.45    1.85    1.48    1.21     57.14
    1976    1.30    2.16    2.87    3.42    3.37    3.50    3.87    3.09    1.81    1.53    1.33    1.29     29.54
    1977    1.48    2.84    9.01   17.42    9.66    5.16    3.50    2.14    1.65    1.48    1.37    1.31     57.02
    1978    1.52    2.07    2.65    2.92    2.80    2.57    2.30    1.78    1.39    1.23    1.29    1.26     23.78
    1979    1.51   11.35    9.56   16.20   18.22    8.88    3.94    2.35    1.77    1.56    1.35    1.21     77.90
    1980    1.08    2.53    4.39    8.72   13.70    7.92    4.65    2.63    1.95    1.72    1.49    1.34     52.12
    1981    1.38    1.78    2.30    7.58    6.09    5.71    3.98    2.08    1.58    1.42    1.23    1.06     36.19
    1982    1.39    2.33    2.47    3.26    3.13    2.69    2.42    1.99    1.77    1.59    1.51    1.31     25.86
    1983    1.43    7.55   10.11   20.26    8.92    4.51    3.47    2.05    1.70    1.91    1.74    1.72     65.37
    1984    2.79    3.47    3.03    2.98    7.09    6.58    3.63    2.02    1.68    1.47    1.22    1.12     37.08
    1985    1.43    1.92    2.86    4.68    6.79    6.45    3.70    2.35    1.77    1.53    1.27    1.09     35.84
    1986    1.65    2.57    3.00    8.15    9.82    8.30    5.49    3.18    1.99    1.68    1.63    2.36     49.82
    1987    3.34    6.40    8.38    8.01    5.50    4.49    3.52    2.11    1.95    1.90    1.50    1.57     48.67
    1988    3.14    3.29    5.65    6.97   19.83    9.32    3.17    2.14    1.98    1.85    1.49    1.18     60.01
    1989    1.75    3.80    4.16    3.30    3.44    3.71    3.70    3.00    1.98    1.63    1.36    1.09     32.92
    1990    1.25    1.98    3.50   18.48   17.04   22.62    9.91    3.02    2.31    1.99    1.57    1.30     84.97
    1991    1.25    1.67    2.12    2.14    2.35    2.61    2.36    1.72    1.31    1.15    1.09    1.06     20.83
    1992    1.13    1.15    2.31    4.06    4.49    5.08    3.79    2.21    1.59    1.38    1.21    1.24     29.64
    1993    2.02    3.04    4.16    5.01    6.13    6.06    3.81    2.00    1.52    1.34    1.16    1.01     37.26
    1994    1.26    2.00    2.86    3.99    3.89    3.86    5.86    5.18    3.17    1.88    1.56    1.24     36.75
    1995    1.32    2.86    4.97    7.38   21.87   12.36    6.29    4.15    2.97    2.32    1.96    1.49     69.94
    1996    2.21    3.26    4.12    3.91    3.24    3.45    3.85    3.26    2.48    1.91    1.57    1.63     34.89
    1997    2.17    3.14    2.93    2.23    3.19    3.66    3.17    2.10    1.50    1.33    1.18    1.18     27.78
    1998    2.35    3.14    3.38    4.36    3.47    2.36    2.14    1.93    1.58    1.39    1.27    1.39     28.76
    1999    1.59    2.04    3.16    5.43   12.33    9.80    7.20    5.29    3.16    2.27    1.68    1.35     55.30
    2000    1.44    3.26   16.74    9.43    4.45    3.10    2.24    1.97    1.71    1.47    1.22    0.98     48.01
    2001    1.42    3.42    3.99    3.61    3.76    3.47    2.66    1.95    1.54    1.48    1.42    1.31     30.03
    2002    2.04    2.12    2.59    3.91    4.40    3.64    2.00    1.51    1.35    1.26    1.12    0.97     26.91
    2003    1.12    2.20    2.59    2.87    3.75    5.77    5.32    3.19    1.79    1.63    1.39    1.07     32.69
    2004    1.28    4.30    4.73    5.29    6.76    5.38    3.77    2.51    1.72    1.48    1.24    1.05     39.51
    2005    1.07    1.86    2.53   11.30   15.45   10.71    5.60    2.86    1.90    1.66    1.52    1.26     57.72
    2006    1.33    1.99    3.44    4.12    3.24    2.55    2.54    1.99    1.59    1.49    1.26    1.06     26.60
    2007    1.20    2.32    3.37   13.44   10.95    6.45    4.71    3.17    2.37    1.87    1.48    1.15     52.48
    2008    1.53    2.72    6.66   29.04   30.77   11.91    4.76    3.57    3.58    2.57    1.94    1.46    100.51
    2009    1.97    3.68    4.08    4.58    5.53    4.85    7.36    5.85    3.11    2.09    1.61    1.23     45.94
