    1920    2.52    3.85    5.05    4.82    4.27    9.98   11.53    5.68    3.72    2.78    2.17    1.71     58.08
    1921    2.01    4.51    7.20    6.79    4.88    4.13    3.69    3.05    2.51    2.08    1.90    1.75     44.50
    1922    3.17    4.84    4.43   13.40   38.00   33.50   10.23    4.89    3.08    2.25    1.78    1.44    121.01
    1923    1.21    1.26    3.92    5.11    3.83    4.83    4.89    3.69    2.96    2.42    2.03    1.96     38.11
    1924    2.27    9.11   12.04   11.41   15.22   52.74   55.88   15.08    6.68    4.29    3.23    2.72    190.67
    1925    2.56    2.80    3.00    4.11    4.96    4.49    4.01    3.09    2.37    2.28    2.26    1.92     37.85
    1926    1.59    1.54    2.10    2.52    3.25    3.74    3.19    2.67    2.17    2.55    2.94    2.46     30.72
    1927    2.78    3.08    2.73    5.77    6.98    4.65    3.81    3.17    2.51    2.01    1.74    1.46     40.69
    1928    1.31    1.33    1.50    1.99    3.29    5.44    5.52    3.90    2.84    2.21    1.78    1.51     32.62
    1929    3.41    6.75    7.10   11.17   12.99   16.38   17.53    9.05    5.27    3.75    2.90    2.26     98.56
    1930    1.73    1.87    4.43    6.45    6.97    6.57    5.19    4.34    3.44    2.93    2.61    2.15     48.68
    1931    1.84    2.40    2.97    2.92    3.13    3.26    3.03    2.60    2.24    1.89    1.55    1.24     29.07
    1932    1.06    1.39    3.75    6.50    6.04    4.50    3.82    2.97    2.22    1.76    1.48    1.27     36.76
    1933    1.27    4.57    5.95    6.41    7.22    5.21    4.40    3.66    2.95    2.45    2.09    1.77     47.95
    1934    1.65    2.07    5.14    7.10    5.99    4.85    3.87    2.99    2.33    1.98    1.69    1.43     41.09
    1935    1.32    1.25    1.42    3.86    4.82    5.11    5.51    4.16    3.41    2.81    2.32    2.07     38.06
    1936    2.28    2.81    4.07   24.57   53.23   40.69   13.83    6.28    3.83    2.73    2.11    1.75    158.18
    1937    1.51    1.36    1.84    2.55    2.80    2.86    2.86    2.78    2.35    1.99    1.74    1.85     26.49
    1938    2.16    2.38   21.13   29.98   43.42   55.31   27.84    8.96    4.54    3.36    3.09    2.97    205.14
    1939    2.91    8.65   14.16   10.93    6.96    6.47    6.16    4.54    3.74    3.39    2.89    2.46     73.26
    1940    2.35    3.64    5.13    4.59    3.68    3.39    4.29    4.54    3.42    2.62    2.16    1.80     41.61
    1941    1.60    1.68    2.82    4.31    4.14    5.55    6.08    4.34    3.77    3.50    3.01    2.59     43.39
    1942    2.61    3.19    4.23    4.17    3.42    3.65    5.01    5.21    4.07    3.44    3.74    3.75     46.49
    1943    3.82    4.37    4.52    5.05   13.74   15.16    6.77    4.07    2.95    2.61    2.19    1.84     67.09
    1944    2.37    2.77    2.83    3.66    3.80    3.52    3.39    2.97    2.40    1.89    1.53    1.25     32.38
    1945    1.34    1.48    1.43   15.75   29.69   21.40   10.22    5.26    3.43    2.56    1.98    1.56     96.10
    1946    1.26    2.66    4.07    5.50    6.30    6.02    5.93    4.82    3.80    3.07    2.55    2.05     48.03
    1947    1.96    2.68    7.97    9.50    5.91    8.68    9.23    5.19    3.48    2.58    2.01    1.67     60.86
    1948    1.74    1.89    2.07    2.93    3.85    4.06    3.77    3.23    2.71    2.29    1.92    1.66     32.12
    1949    1.56    3.38    5.44    6.40    6.39    5.28    4.42    3.72    3.08    2.54    2.14    1.87     46.22
    1950    1.63    1.52    4.46    5.78    3.54    3.52    4.03    3.69    3.21    2.67    2.55    2.59     39.19
    1951    2.43    2.29    3.90    4.75    3.74    3.63    3.53    2.93    2.42    2.25    2.07    1.74     35.68
    1952    1.42    3.10    7.95    8.77   13.33   14.34    7.01    4.77    3.59    2.78    2.24    1.92     71.22
    1953    1.72    2.74    4.08    7.04   11.21    9.48    5.53    3.99    3.06    2.40    2.01    1.83     55.09
    1954    1.90    3.34    4.33   15.90   40.41   36.30   14.94    8.05    5.56    4.33    3.37    2.55    140.98
    1955    2.53    5.74   14.67   15.28   34.27   42.88   17.62    7.04    4.45    3.55    2.88    2.70    153.61
    1956    3.03    2.86    3.45    3.90    4.25    6.02    6.16    4.50    3.51    3.07    3.17    3.25     47.17
    1957    3.44    3.48    4.48   26.32   30.82   10.36    5.75    4.32    3.32    2.57    2.06    2.21     99.13
    1958    2.42    2.98    5.75    9.15    8.58    5.80    4.42    3.36    2.63    2.15    1.81    1.67     50.72
    1959    1.71    2.13    3.89    4.34   15.11   18.06    7.79    5.37    4.01    3.03    2.40    2.08     69.92
    1960    1.91    4.72    8.05    7.45    6.58   13.39   14.17    6.70    4.57    3.90    3.44    2.91     77.79
    1961    2.57    2.77    4.70    5.54    4.63    4.35    4.00    3.54    2.93    2.34    1.90    1.59     40.86
    1962    1.53    9.63   12.70    6.57    5.23    4.45    3.81    3.24    2.94    3.02    2.61    2.13     57.86
    1963    1.90    3.03    4.05    4.96    5.24    3.97    3.16    2.75    2.39    2.00    1.64    1.30     36.39
    1964    1.45    2.03    4.09    5.92    5.28    3.98    3.09    2.46    1.96    1.58    1.37    1.28     34.49
    1965    1.26    2.02    2.54    3.54    6.74    6.71    4.09    2.85    2.18    1.77    1.49    1.37     36.56
    1966    1.55    2.18    4.58    7.35   21.96   23.50   15.73   13.93    6.15    3.76    2.81    2.18    105.68
    1967    2.01    3.12    3.82    3.23    2.97    2.92    2.88    2.70    2.40    2.13    1.85    1.56     31.59
    1968    1.41    2.78    3.85    3.56    4.63   12.89   14.22    6.72    4.43    3.34    2.65    2.10     62.58
    1969    3.47    4.84    4.97    4.62    3.92    3.57    2.85    2.29    1.93    1.77    1.62    1.42     37.27
    1970    1.30    1.70    3.79    7.47    7.65    5.38    4.68    3.98    3.37    2.83    2.31    1.92     46.38
    1971    2.17    2.64    4.20   17.10   37.54   33.11   13.98    6.72    4.86    3.78    2.94    2.26    131.30
    1972    2.06    2.63    3.07    4.18    4.84    4.16    4.40    4.37    3.50    2.76    2.24    3.36     41.57
    1973    4.46    4.37   20.90   40.86   36.93   19.77    8.07    5.32    3.96    3.14    2.65    2.22    152.65
    1974    2.04    2.34    3.24    7.16   11.34    9.66    6.18    4.62    3.63    2.93    2.38    2.07     57.59
    1975    1.95    1.99    6.60   21.74   37.60   44.47   29.53    9.59    4.98    3.38    2.52    1.94    166.29
    1976    1.74    2.12    2.99    6.69   19.92   20.22    8.35    4.98    3.46    2.57    2.15    2.50     77.69
    1977    2.58    2.40    7.63   24.68   27.65   16.36   10.21    5.22    3.30    2.41    1.92    1.62    105.98
    1978    1.64    2.54    3.77    3.92    3.63    3.52    3.42    2.87    2.33    1.94    1.72    1.47     32.77
    1979    1.44    3.05    4.28    4.24   11.16   12.74    6.25    4.12    3.01    2.31    1.87    1.87     56.34
    1980    1.82    4.40    5.86    8.97   11.47    8.07    5.63    4.19    3.20    2.51    2.02    1.93     60.07
    1981    2.15    2.28    2.34    4.42    5.18    3.45    2.66    2.28    1.92    1.61    1.40    1.17     30.86
    1982    1.12    1.31    1.51    1.86    2.09    2.35    2.68    2.55    2.24    1.88    1.62    1.46     22.67
    1983    1.43    2.91    4.80    6.85    6.87    5.21    4.65    3.82    3.01    2.93    3.07    2.78     48.33
    1984    2.80    3.60    4.10    4.36   15.64   17.93    7.17    4.08    2.95    2.35    1.89    1.57     68.44
    1985    1.74    2.22    6.56    8.75    6.41    5.55    5.97    5.72    4.19    3.15    2.45    1.96     54.67
    1986    1.83    1.89    2.16    2.30    2.14    5.65    6.92    4.01    2.82    2.21    2.07    2.31     36.31
    1987    2.44    2.85    3.48    3.85    6.40    8.79    7.31    4.92    3.68    2.99    2.56    2.49     51.76
    1988    3.09    3.60    3.63    3.92   10.90   12.68    6.08    4.05    3.30    2.90    2.46    1.96     58.57
    1989    1.99    3.58    6.01    8.84   12.79   11.05    6.04    4.36    3.34    2.58    2.09    1.73     64.40
    1990    1.67    1.93    3.83    7.87    8.44   12.24   12.72    6.27    4.26    3.31    2.62    2.09     67.25
    1991    1.81    1.94    2.44    2.67    2.47    2.38    2.32    2.01    1.65    1.36    1.22    1.07     23.34
    1992    1.12    1.40    4.27    5.90    5.34   10.05   10.40    5.39    3.48    2.55    2.04    1.68     53.62
    1993    1.51    1.67    1.91    2.43    2.85    3.27    3.37    2.72    2.10    1.66    1.35    1.17     26.01
    1994    1.53    1.83    2.25    3.77    4.17    3.70    3.72    3.40    2.79    2.20    1.78    1.48     32.62
    1995    1.26    1.67    3.71    7.39   52.14   60.81   17.84    7.24    4.42    3.38    2.84    2.36    165.06
    1996    2.02    2.32    2.87    6.80    8.36   20.11   22.45    8.39    4.84    3.48    2.67    2.67     86.98
    1997    3.20    3.67    3.89    4.35    4.89    4.50    3.84    3.10    2.38    1.89    1.67    1.53     38.91
    1998    2.41    3.31    7.68    9.82   10.86   10.90    6.33    4.56    3.51    2.74    2.22    1.87     66.21
    1999    1.69    2.10    4.06    7.35   52.81   66.40   23.84    8.79    5.02    3.72    2.96    2.36    181.10
    2000    2.22    3.08    7.97    8.76    6.98    6.94    5.15    4.27    3.47    2.86    2.41    1.93     56.04
    2001    1.92   17.56   23.56   15.78   12.68    6.43    4.57    3.59    2.81    2.27    2.00    1.70     94.87
    2002    2.05    2.42    2.47    2.56    2.34    2.18    2.07    1.89    1.76    1.69    1.46    1.38     24.27
    2003    1.53    1.77    1.97    3.46    8.38   10.29    7.08    4.75    3.52    2.90    2.63    2.25     50.53
    2004    1.82    1.83    2.43    5.50    6.45    4.51    3.86    3.38    2.81    2.27    1.87    1.56     38.29
    2005    1.45    2.09    4.49   23.44   40.14   28.56   12.72    6.09    3.84    2.78    2.17    1.78    129.55
    2006    1.93    3.49    6.03    5.78    3.98    3.13    2.80    2.54    2.12    1.81    1.61    1.48     36.70
    2007    1.77    3.29    5.31   12.23   13.42    7.31    5.43    4.26    3.31    2.58    2.06    1.64     62.61
    2008    1.54    1.79    2.06    4.33   11.49   11.87    5.85    3.72    2.75    2.27    1.99    1.67     51.33
    2009    1.59    4.28    6.44    6.32    5.87    4.56    5.18    5.40    4.01    3.08    2.45    1.92     51.10
