    1920    1.12    1.24    1.29    1.20    1.08    2.83    3.43    1.83    1.32    1.04    0.85    0.72     17.95
    1921    0.79    1.50    2.77    2.73    1.75    1.44    1.32    1.08    0.92    0.80    0.73    0.66     16.49
    1922    0.74    1.11    1.24    4.91   11.59    9.48    3.50    1.87    1.26    0.96    0.82    0.69     38.17
    1923    0.62    0.62    1.18    1.53    1.39    2.02    2.03    1.40    1.11    0.93    0.81    0.76     14.40
    1924    0.86    2.46    3.31    2.82    2.73   14.06   16.47    5.16    2.47    1.66    1.26    1.21     54.47
    1925    1.18    1.06    0.90    1.18    1.50    1.52    1.44    1.12    0.93    0.89    0.83    0.72     13.27
    1926    0.62    0.57    0.58    0.54    1.16    1.52    1.18    1.03    0.88    0.94    0.98    0.88     10.88
    1927    1.26    1.46    1.19    2.75    3.22    1.86    1.41    1.17    0.95    0.77    0.65    0.55     17.24
    1928    0.53    0.56    0.63    0.80    1.52    2.17    1.94    1.39    1.06    0.85    0.70    0.64     12.79
    1929    1.39    2.17    1.97    2.69    2.98    2.72    2.69    2.06    1.66    1.33    1.08    0.88     23.62
    1930    0.69    0.68    1.66    2.60    2.73    2.41    1.74    1.40    1.12    1.02    0.95    0.76     17.76
    1931    0.72    0.82    1.13    1.31    1.28    1.43    1.34    1.12    0.95    0.80    0.68    0.55     12.13
    1932    0.48    0.52    0.89    1.78    1.92    1.45    1.30    1.05    0.84    0.69    0.60    0.53     12.05
    1933    0.49    1.45    1.87    2.13    2.37    1.73    1.52    1.26    1.04    0.90    0.79    0.70     16.25
    1934    0.69    0.99    1.85    2.23    1.97    1.59    1.24    0.98    0.81    0.74    0.63    0.55     14.27
    1935    0.53    0.50    0.52    0.92    1.14    1.20    1.30    1.14    1.02    0.88    0.73    0.66     10.54
    1936    0.81    1.20    1.55    6.74   20.99   19.03    5.87    2.75    1.71    1.23    0.99    0.84     63.71
    1937    0.73    0.64    0.76    0.93    0.95    0.94    1.04    1.12    0.95    0.91    0.79    0.82     10.58
    1938    0.93    0.94   11.93   15.05   26.53   31.35   10.77    3.87    2.03    1.49    1.39    1.31    107.59
    1939    1.28    3.26    4.99    3.73    2.34    1.89    1.73    1.51    1.49    1.42    1.19    1.11     25.94
    1940    1.05    1.34    1.96    1.79    1.30    1.24    2.05    2.27    1.54    1.17    0.98    0.81     17.50
    1941    0.74    0.74    1.27    1.66    1.30    2.19    2.49    1.59    1.31    1.18    1.01    0.94     16.42
    1942    0.94    1.20    1.40    1.18    1.01    1.33    2.24    2.35    1.72    1.43    1.50    1.50     17.80
    1943    1.46    1.66    1.75    1.81    2.67    2.75    1.88    1.38    1.12    1.08    0.91    0.79     19.26
    1944    0.90    1.00    0.95    1.34    1.48    1.33    1.29    1.10    0.89    0.72    0.61    0.51     12.12
    1945    0.54    0.56    0.47    3.64    6.48    4.55    2.58    1.69    1.22    0.96    0.76    0.62     24.07
    1946    0.52    0.70    1.19    1.70    2.10    2.30    2.11    1.65    1.29    1.05    0.87    0.73     16.21
    1947    0.81    1.82    3.19    3.32    2.59    2.48    2.32    1.71    1.28    0.99    0.83    0.72     22.06
    1948    0.78    0.87    0.89    1.15    1.54    1.49    1.18    1.00    0.84    0.75    0.65    0.62     11.76
    1949    0.58    1.36    2.26    2.53    2.21    1.60    1.33    1.16    1.04    0.90    0.81    0.68     16.46
    1950    0.60    0.62    2.69    3.45    1.74    1.50    1.97    2.01    1.59    1.29    1.23    1.23     19.92
    1951    1.26    1.24    1.32    1.33    1.08    1.02    0.94    0.80    0.70    0.70    0.65    0.54     11.58
    1952    0.49    1.54    4.86    5.20    5.73    5.93    2.97    1.97    1.46    1.13    0.94    0.82     33.04
    1953    0.74    1.43    2.09    2.20    2.28    1.88    1.59    1.35    1.14    0.93    0.83    0.78     17.24
    1954    0.78    1.51    1.92    4.78   12.18   11.09    5.00    3.28    2.34    1.82    1.41    1.08     47.19
    1955    1.20    2.33    4.62    4.60   10.96   12.53    4.59    2.47    1.86    1.63    1.34    1.27     49.40
    1956    1.34    1.24    1.30    1.43    1.39    1.84    1.99    1.51    1.21    1.11    1.17    1.23     16.76
    1957    1.24    1.13    1.25    7.16    8.68    3.41    2.03    1.57    1.23    1.01    0.83    0.86     30.40
    1958    0.92    1.07    1.75    2.49    2.40    1.71    1.30    1.03    0.91    0.78    0.67    0.63     15.66
    1959    0.66    0.71    1.10    1.46    5.06    6.11    3.15    2.44    1.80    1.38    1.09    0.99     25.95
    1960    0.93    1.71    3.50    3.46    2.15    2.17    2.24    1.78    1.51    1.46    1.26    1.11     23.28
    1961    1.11    1.27    2.17    2.34    1.74    1.50    1.31    1.17    0.98    0.81    0.71    0.61     15.72
    1962    0.65    3.42    4.49    2.45    1.79    1.40    1.14    0.96    0.95    1.02    0.90    0.73     19.90
    1963    0.71    0.97    1.16    1.55    1.72    1.29    1.04    0.92    0.79    0.66    0.57    0.47     11.85
    1964    0.68    1.04    1.85    2.32    1.82    1.32    1.00    0.78    0.64    0.55    0.51    0.49     13.00
    1965    0.49    0.96    1.20    1.87    2.84    2.29    1.46    1.05    0.82    0.72    0.65    0.60     14.95
    1966    0.64    0.93    1.93    2.66    3.67    3.68    2.66    2.37    1.81    1.40    1.13    0.92     23.80
    1967    0.85    0.98    1.04    0.93    0.93    1.01    1.05    0.94    0.83    0.75    0.66    0.55     10.52
    1968    0.51    1.01    1.30    1.27    1.59    2.47    2.67    1.80    1.36    1.07    0.87    0.78     16.70
    1969    1.03    1.43    2.07    2.09    1.34    1.02    0.84    0.72    0.66    0.62    0.59    0.54     12.95
    1970    0.49    0.64    0.95    1.83    2.09    1.68    1.65    1.37    1.17    0.98    0.81    0.68     14.34
    1971    0.83    1.18    2.59    6.61    8.46   10.69    9.24    3.71    2.30    1.70    1.31    1.01     49.63
    1972    0.96    1.05    0.99    1.05    1.17    1.09    1.28    1.41    1.12    0.91    0.77    1.41     13.21
    1973    1.83    1.44    4.74   10.74   10.97    6.03    2.90    2.07    1.58    1.33    1.19    0.98     45.80
    1974    0.93    0.99    1.14    3.12    4.24    3.06    2.14    1.72    1.39    1.12    0.94    0.81     21.60
    1975    0.75    0.86    5.91   11.19   10.57   10.30    7.48    3.15    1.91    1.39    1.08    0.87     55.46
    1976    0.85    1.01    1.22    2.10    3.09    2.77    2.00    1.52    1.16    0.91    0.83    0.86     18.32
    1977    0.87    0.88    1.93    3.47    3.55    3.20    2.77    1.86    1.35    1.04    0.86    0.71     22.49
    1978    0.67    0.79    0.94    0.95    0.97    0.91    0.96    0.87    0.76    0.66    0.60    0.55      9.63
    1979    0.56    1.03    1.41    1.52    3.72    4.16    2.15    1.43    1.08    0.85    0.71    0.70     19.32
    1980    0.75    2.48    3.82    5.49    6.12    3.67    2.23    1.57    1.18    0.98    0.84    0.78     29.91
    1981    0.87    1.03    1.36    2.17    2.25    1.45    1.09    0.92    0.78    0.72    0.66    0.55     13.85
    1982    0.50    0.54    0.59    0.57    0.53    0.69    0.83    0.75    0.69    0.61    0.55    0.48      7.33
    1983    0.48    0.99    1.67    3.92    4.31    2.37    1.87    1.46    1.16    1.16    1.16    1.05     21.60
    1984    1.20    1.74    1.92    1.66   14.46   17.61    5.34    2.40    1.48    1.11    0.92    0.77     50.61
    1985    0.88    1.08    1.55    1.84    1.61    1.52    1.95    2.10    1.53    1.17    0.93    0.77     16.93
    1986    0.71    0.70    0.78    0.92    1.08    2.74    3.15    1.77    1.20    0.92    0.87    1.04     15.88
    1987    1.19    1.18    2.25    2.63    2.40    2.67    2.17    1.69    1.31    1.05    0.89    0.89     20.32
    1988    1.25    1.53    1.55    1.49    2.36    2.68    1.62    1.22    1.12    1.08    0.92    0.75     17.57
    1989    0.72    2.21    3.90    3.59    3.83    3.99    2.87    2.16    1.66    1.28    1.07    0.84     28.12
    1990    0.83    0.91    1.21    8.16   11.23    6.02    3.45    2.03    1.43    1.26    1.04    0.90     38.47
    1991    0.79    0.89    1.14    1.08    0.96    0.94    0.89    0.75    0.62    0.55    0.51    0.45      9.57
    1992    0.44    0.57    0.88    1.00    1.24    1.97    2.03    1.42    1.08    0.87    0.72    0.62     12.84
    1993    0.57    0.58    0.61    0.81    0.85    1.09    1.22    0.93    0.74    0.60    0.50    0.42      8.92
    1994    0.55    0.69    0.85    1.06    1.00    1.10    1.24    1.07    0.90    0.72    0.62    0.54     10.34
    1995    0.47    1.23    2.39    4.54   24.57   26.88    7.41    3.20    2.01    1.53    1.34    1.09     76.66
    1996    0.97    1.09    1.31    1.45    1.39    2.34    2.79    1.92    1.53    1.28    1.10    1.09     18.26
    1997    1.13    1.54    1.74    1.81    1.93    1.49    1.25    1.02    0.81    0.71    0.63    0.62     14.68
    1998    1.25    2.48    5.19    5.83    4.37    5.28    4.54    2.46    1.69    1.31    1.12    1.02     36.54
    1999    0.92    0.96    2.69    5.64   37.69   47.33   16.71    5.34    2.52    1.67    1.26    1.01    123.74
    2000    0.96    1.89    3.84    3.50    2.34    2.10    1.76    1.59    1.35    1.18    0.99    0.78     22.28
    2001    0.77    3.17    4.60    3.16    2.20    1.57    1.20    0.94    0.76    0.69    0.63    0.53     20.22
    2002    0.60    0.62    0.76    0.88    0.75    0.69    0.60    0.52    0.52    0.54    0.45    0.41      7.34
    2003    0.39    0.55    0.65    0.79    1.57    3.61    3.79    2.08    1.43    1.12    0.96    0.80     17.74
    2004    0.66    0.95    1.22    2.48    3.00    2.18    1.91    1.48    1.14    0.90    0.74    0.63     17.29
    2005    0.55    0.47    0.43    5.13    6.82    4.84    4.49    2.52    1.74    1.30    1.02    0.84     30.15
    2006    1.11    1.58    2.86    3.20    2.06    1.54    1.58    1.60    1.23    1.00    0.82    0.65     19.23
    2007    0.61    2.11    2.67    2.35    2.29    1.53    1.29    1.02    0.83    0.72    0.63    0.53     16.58
    2008    0.50    0.60    1.18    1.66    1.62    1.59    1.55    1.31    1.16    0.99    0.92    0.81     13.89
    2009    1.03    5.50    7.04    3.36    2.22    1.89    1.94    1.96    1.57    1.26    1.02    0.80     29.59
