    1920    0.64    0.70    0.75    0.72    0.73    2.98    3.05    0.97    0.90    0.79    0.70    0.61     13.54
    1921    0.54    1.21    1.68    0.89    0.63    0.62    0.61    0.57    0.60    0.57    0.54    0.52      8.98
    1922    0.59    0.82    0.72    5.70    6.01    1.03    0.95    0.89    0.77    0.69    0.63    0.54     19.34
    1923    0.48    0.44    0.50    0.51    0.63    0.97    0.74    0.63    0.58    0.53    0.47    0.43      6.91
    1924    0.44    3.09    4.14    1.68    0.92    4.66    4.79    2.47    1.60    1.22    0.82    0.82     26.65
    1925    0.80    0.73    0.64    0.59    0.59    0.84    0.90    0.72    0.69    0.64    0.57    0.52      8.23
    1926    0.47    0.42    0.37    0.31    1.85    1.95    0.51    0.46    0.41    0.41    0.40    0.37      7.93
    1927    0.73    0.80    0.48    2.21    2.28    0.61    0.59    0.54    0.47    0.43    0.38    0.33      9.85
    1928    0.31    0.30    0.32    0.32    0.45    0.76    0.66    0.49    0.45    0.43    0.38    0.36      5.23
    1929    0.60    1.63    1.46    0.67    0.69    0.76    0.76    0.71    0.66    0.61    0.54    0.49      9.58
    1930    0.42    0.37    0.53    0.79    1.20    1.12    0.73    0.66    0.59    0.58    0.53    0.45      7.97
    1931    0.42    0.41    0.63    0.65    0.52    0.57    0.49    0.46    0.44    0.40    0.36    0.31      5.66
    1932    0.30    0.32    0.35    0.37    0.34    0.55    0.60    0.44    0.41    0.40    0.36    0.32      4.76
    1933    0.30    0.47    0.52    0.56    0.60    0.56    0.58    0.52    0.49    0.47    0.43    0.38      5.88
    1934    0.37    1.05    1.57    1.23    0.89    0.78    0.69    0.63    0.58    0.54    0.48    0.42      9.23
    1935    0.38    0.34    0.31    0.66    0.73    0.46    0.52    0.53    0.52    0.47    0.42    0.37      5.71
    1936    0.38    1.40    1.48    5.01    8.44    4.24    2.80    2.63    1.41    1.10    0.78    0.69     30.36
    1937    0.61    0.56    0.80    0.84    0.62    0.64    0.69    0.68    0.63    0.62    0.56    0.51      7.76
    1938    0.51    0.50    3.79    4.18   14.90   15.52    3.39    1.60    1.24    0.93    0.91    0.79     48.26
    1939    0.76    2.11    2.50    1.07    0.98    0.87    0.92    0.89    0.89    0.85    0.74    0.66     13.24
    1940    0.62    1.84    2.51    1.19    0.91    0.99    1.06    1.18    0.87    0.78    0.69    0.61     13.25
    1941    0.54    0.49    0.76    0.91    0.59    3.10    3.22    0.73    0.72    0.70    0.63    0.59     12.98
    1942    0.55    1.17    1.26    0.63    0.60    0.65    1.14    1.19    0.85    0.83    0.88    0.87     10.62
    1943    0.83    0.85    0.80    1.59    1.84    0.99    0.93    0.82    0.77    0.74    0.64    0.57     11.37
    1944    0.57    0.57    0.52    0.65    0.68    0.60    0.63    0.55    0.48    0.44    0.39    0.34      6.42
    1945    0.33    0.31    0.29    4.17    6.39    2.74    0.82    0.73    0.65    0.60    0.52    0.47     18.02
    1946    0.41    0.63    0.84    1.05    1.14    0.80    0.86    0.83    0.73    0.66    0.59    0.52      9.06
    1947    0.53    1.36    2.25    1.56    0.94    1.00    0.98    0.85    0.77    0.69    0.62    0.56     12.11
    1948    0.57    0.57    0.57    0.60    0.78    0.74    0.65    0.63    0.60    0.55    0.49    0.47      7.22
    1949    0.45    0.92    1.69    1.31    0.69    0.66    0.66    0.62    0.58    0.55    0.50    0.44      9.07
    1950    0.41    0.39    0.78    0.83    0.45    0.54    0.65    0.66    0.61    0.57    0.62    0.62      7.13
    1951    0.58    0.53    0.67    0.73    0.58    0.61    0.58    0.53    0.50    0.48    0.44    0.38      6.61
    1952    0.36    0.60    4.60    4.45    0.87    0.89    0.85    0.75    0.68    0.61    0.55    0.50     15.71
    1953    0.47    1.33    1.44    0.64    0.70    0.71    0.73    0.73    0.68    0.62    0.58    0.55      9.18
    1954    0.55    0.83    0.96    2.44    3.69    3.28    4.00    3.57    2.35    1.57    1.05    0.74     25.03
    1955    0.76    1.09    3.12    2.82    2.23    2.40    1.82    0.99    1.15    0.88    0.77    0.71     18.74
    1956    0.74    0.69    0.63    0.61    0.62    0.69    0.77    0.74    0.66    0.64    0.63    0.69      8.11
    1957    0.73    0.73    0.86    4.15    4.06    0.99    1.05    1.30    0.89    0.80    0.70    0.65     16.91
    1958    0.63    0.69    1.13    1.05    0.83    0.85    0.77    0.75    0.72    0.65    0.57    0.52      9.16
    1959    0.47    0.48    0.89    0.88    2.73    2.86    0.95    0.98    0.85    0.76    0.67    0.60     13.12
    1960    0.60    0.70    4.19    4.15    0.90    0.97    1.03    1.12    1.11    1.19    0.82    0.77     17.55
    1961    0.77    0.90    2.73    2.46    0.83    0.77    0.75    0.68    0.61    0.56    0.51    0.44     12.01
    1962    0.45    1.73    2.19    1.06    0.77    0.69    0.63    0.59    0.59    0.60    0.56    0.48     10.34
    1963    0.44    0.45    0.42    2.18    2.26    0.56    0.56    0.55    0.48    0.45    0.40    0.33      9.08
    1964    0.68    0.88    1.05    1.05    0.64    0.59    0.54    0.47    0.42    0.40    0.36    0.36      7.44
    1965    0.35    0.47    0.49    1.15    1.31    0.57    0.50    0.46    0.43    0.40    0.38    0.35      6.86
    1966    0.35    0.41    1.28    1.31    2.48    2.59    0.96    0.93    0.86    0.78    0.70    0.60     13.25
    1967    0.57    0.60    0.61    0.60    0.63    0.80    0.89    0.80    0.73    0.69    0.62    0.55      8.09
    1968    0.52    1.34    1.41    0.67    0.74    1.52    1.57    0.90    0.82    0.75    0.67    0.65     11.56
    1969    0.82    0.97    0.92    0.86    0.77    0.75    0.70    0.60    0.55    0.50    0.51    0.48      8.43
    1970    0.44    0.48    0.74    0.87    0.67    0.74    0.90    0.86    0.78    0.71    0.62    0.57      8.38
    1971    0.58    0.93    2.12    3.43    2.73    2.93    3.34    1.98    1.83    1.09    0.83    0.72     22.51
    1972    0.67    0.74    0.73    0.64    0.74    0.79    0.82    0.79    0.71    0.64    0.58    0.67      8.52
    1973    0.76    0.79    1.41    1.46    0.96    0.88    0.88    0.87    0.77    0.75    0.67    0.59     10.79
    1974    0.56    0.55    0.55    1.42    1.51    0.75    0.75    0.68    0.60    0.55    0.49    0.44      8.85
    1975    0.42    0.49    2.71    2.68    1.52    2.14    1.37    1.00    0.92    0.82    0.72    0.61     15.40
    1976    0.57    0.59    0.66    0.65    0.60    0.63    0.64    0.58    0.52    0.47    0.43    0.39      6.73
    1977    0.38    0.40    0.81    1.28    1.08    1.49    1.45    0.80    0.73    0.66    0.60    0.52     10.20
    1978    0.50    0.53    0.52    0.47    0.46    0.48    0.50    0.46    0.42    0.39    0.36    0.35      5.44
    1979    0.35    0.42    0.47    0.52    1.03    0.93    0.60    0.55    0.50    0.46    0.41    0.37      6.61
    1980    0.35    1.57    1.91    1.69    1.75    1.06    1.02    0.88    0.80    0.72    0.65    0.60     13.00
    1981    0.56    0.57    0.61    0.98    0.98    0.58    0.55    0.51    0.45    0.43    0.39    0.34      6.95
    1982    0.32    0.31    0.31    0.33    0.31    0.36    0.43    0.42    0.39    0.37    0.34    0.30      4.19
    1983    0.29    3.11    3.25   16.05   16.20    0.92    0.94    0.87    0.78    0.79    0.75    0.68     44.63
    1984    0.73    0.82    0.80    0.77    5.45    5.59    1.38    0.88    0.79    0.72    0.64    0.58     19.15
    1985    0.63    0.68    0.64    0.92    0.96    0.83    0.99    0.96    0.85    0.77    0.69    0.62      9.54
    1986    0.55    0.48    1.34    1.41    0.57    2.16    2.31    0.77    0.69    0.62    0.60    0.67     12.17
    1987    0.76    0.72    1.65    1.69    0.80    0.96    0.97    0.85    0.76    0.70    0.65    0.62     11.13
    1988    0.72    0.71    0.63    0.64    0.65    0.70    0.69    0.63    0.63    0.60    0.53    0.45      7.58
    1989    0.45    0.86    1.31    0.98    0.81    0.83    0.83    0.76    0.68    0.61    0.55    0.47      9.14
    1990    0.45    0.48    0.52    1.50    1.54    1.35    1.42    0.73    0.73    0.70    0.65    0.57     10.64
    1991    0.49    0.46    0.48    0.47    0.46    0.45    0.42    0.38    0.34    0.31    0.29    0.25      4.80
    1992    0.25    0.28    0.47    0.49    0.39    0.79    0.85    0.49    0.46    0.43    0.39    0.35      5.64
    1993    0.33    0.34    0.68    0.73    0.39    0.48    0.51    0.44    0.40    0.36    0.33    0.29      5.28
    1994    0.30    0.34    0.37    0.79    0.78    0.49    0.54    0.51    0.46    0.42    0.40    0.35      5.75
    1995    0.33    0.36    0.61    1.37    8.06    7.96    1.60    1.87    1.71    1.05    0.86    0.70     26.48
    1996    0.64    0.98    1.08    0.74    0.72    3.30    3.46    1.05    1.34    1.07    0.82    0.80     16.00
    1997    0.75    0.68    0.57    0.48    0.46    0.45    0.39    0.34    0.30    0.28    0.26    0.25      5.21
    1998    0.63    0.75    2.75    2.90    0.71    0.84    0.88    0.81    0.74    0.68    0.63    0.60     12.92
    1999    0.54    0.54    9.79   10.47    9.70   14.63    6.42    2.82    1.71    0.98    0.86    0.74     59.20
    2000    0.69    1.10    2.68    2.12    0.85    0.84    0.82    0.77    0.69    0.64    0.57    0.48     12.25
    2001    0.46    1.67    1.88    0.96    0.90    0.71    0.73    0.69    0.60    0.56    0.51    0.45     10.12
    2002    0.45    0.46    0.65    0.75    0.62    0.61    0.53    0.48    0.46    0.42    0.37    0.35      6.15
    2003    0.32    0.31    0.29    0.42    3.80    3.91    0.79    0.71    0.63    0.58    0.53    0.45     12.74
    2004    0.42    0.52    0.60    0.73    0.79    0.77    0.87    0.78    0.70    0.63    0.58    0.50      7.89
    2005    0.44    0.42    0.66    3.78    3.90    1.01    1.01    0.93    0.82    0.75    0.69    0.61     15.02
    2006    0.54    0.55    1.49    1.51    0.62    0.60    0.60    0.56    0.50    0.46    0.41    0.37      8.21
    2007    0.36    1.18    1.37    1.00    0.96    0.66    0.71    0.68    0.63    0.58    0.51    0.45      9.09
    2008    0.43    0.43    1.38    2.75    1.91    0.88    0.83    0.73    0.68    0.63    0.60    0.55     11.80
    2009    0.55    1.57    2.30    1.30    0.80    0.83    0.89    0.85    0.77    0.70    0.62    0.54     11.72
