    1920    2.79    2.55    2.32    1.98    1.73    4.20    5.05    2.92    2.49    2.05    1.58    1.20     30.86
    1921    0.99    1.37    2.53    2.33    1.77    1.59    1.42    1.27    1.21    1.08    0.99    0.93     17.48
    1922    0.92    0.95    0.92    4.81    7.60    3.47    3.00    2.48    2.02    1.64    1.21    0.86     29.88
    1923    0.64    0.50    1.23    1.64    2.34    3.03    1.97    1.78    1.49    1.23    0.94    0.81     17.60
    1924    0.69    1.91    2.60    1.48    1.26   26.59   26.91    6.03    3.12    2.69    2.14    1.87     77.29
    1925    1.49    1.32    1.02    0.88    0.79    1.04    1.09    1.21    1.13    1.09    0.94    0.83     12.83
    1926    0.67    0.56    0.47    0.38    1.39    2.01    1.31    0.98    0.79    0.71    0.64    0.57     10.48
    1927    1.03    1.35    1.11    1.99    2.35    1.70    1.48    1.16    0.96    0.81    0.63    0.52     15.09
    1928    0.44    0.40    0.36    0.34    0.87    1.32    1.09    0.90    0.79    0.67    0.52    0.48      8.18
    1929    0.64    1.32    1.23    1.35    1.25    1.38    1.43    1.43    1.34    1.19    0.99    0.79     14.34
    1930    0.60    0.49    1.30    2.13    1.53    1.82    1.69    1.42    1.25    1.14    0.93    0.74     15.04
    1931    0.70    0.63    1.20    1.53    1.27    1.26    1.16    1.01    0.90    0.76    0.62    0.50     11.54
    1932    0.44    0.46    0.53    1.06    1.00    1.25    1.18    1.04    0.93    0.81    0.65    0.53      9.88
    1933    0.46    0.82    0.95    1.57    1.66    1.60    1.41    1.23    1.10    0.98    0.83    0.69     13.30
    1934    0.68    1.02    1.80    1.61    1.73    1.67    1.38    1.16    0.98    0.82    0.64    0.53     14.02
    1935    0.46    0.38    0.33    0.46    0.55    0.63    0.75    0.83    0.80    0.70    0.60    0.58      7.07
    1936    0.65    1.56    1.97    4.16   15.55   15.31    7.99    3.53    3.14    2.72    2.17    1.66     60.41
    1937    1.17    0.88    0.75    0.78    0.80    0.75    0.75    0.78    0.94    0.90    0.78    0.77     10.05
    1938    0.77    0.72   14.66   15.49   40.66   45.26    9.68    3.12    2.71    2.43    1.92    1.68    139.10
    1939    1.40    2.98    4.98    2.99    2.59    2.44    2.31    2.09    2.09    1.89    1.65    1.50     28.91
    1940    1.24    2.53    3.58    2.03    1.85    1.70    2.53    2.52    2.11    1.91    1.51    1.15     24.66
    1941    0.94    0.79    1.60    2.06    1.44    2.94    3.55    2.35    2.11    1.75    1.42    1.23     22.18
    1942    1.01    1.53    1.71    1.31    1.03    0.95    1.94    2.38    1.99    1.96    1.96    1.84     19.61
    1943    1.76    1.69    1.55    1.74    2.61    2.31    2.27    1.94    1.82    1.51    1.22    0.96     21.38
    1944    0.90    0.77    0.73    1.09    1.11    1.25    1.18    1.08    0.96    0.81    0.64    0.52     11.04
    1945    0.49    0.41    0.36    2.65    5.51    3.88    2.52    2.06    1.69    1.34    1.01    0.74     22.66
    1946    0.56    0.75    1.05    1.48    1.68    1.68    1.79    1.63    1.48    1.27    1.01    0.79     15.17
    1947    0.75    1.98    3.02    2.08    2.31    2.80    2.69    2.20    1.89    1.52    1.17    0.93     23.34
    1948    0.84    0.79    0.78    1.39    2.08    1.55    1.67    1.48    1.27    1.11    0.89    0.79     14.64
    1949    0.64    1.15    2.29    2.63    1.74    1.88    1.66    1.51    1.30    1.18    0.98    0.77     17.73
    1950    0.66    0.55    1.34    1.92    1.25    1.16    1.41    1.62    1.70    1.58    1.56    1.36     16.11
    1951    1.38    1.12    1.00    0.89    0.85    0.89    0.80    0.74    0.70    0.65    0.55    0.47     10.04
    1952    0.44    0.60    3.40    3.99    2.26    2.12    2.16    1.79    1.48    1.21    0.92    0.76     21.13
    1953    0.61    1.10    1.46    1.13    1.06    1.01    1.02    1.00    0.93    0.85    0.76    0.68     11.61
    1954    0.65    1.99    2.58    4.06   11.89   12.59    7.53    3.93    3.42    3.00    2.43    1.84     55.91
    1955    1.48    2.11    3.62    3.18    5.91    8.69    4.66    3.21    2.87    2.40    1.87    1.61     41.61
    1956    1.40    1.14    1.00    0.91    0.89    0.96    1.15    1.18    1.12    1.12    1.05    1.05     12.97
    1957    1.08    1.10    1.06    9.60   10.10    3.66    3.09    2.57    2.16    1.76    1.31    1.11     38.60
    1958    0.91    0.82    1.65    2.61    1.93    2.12    1.86    1.73    1.50    1.27    1.02    0.86     18.28
    1959    0.72    0.68    0.90    0.96    3.51    4.53    3.19    2.93    2.40    2.06    1.63    1.30     24.81
    1960    1.06    1.17    3.36    3.83    2.41    2.27    2.19    2.13    2.12    1.93    1.68    1.54     25.69
    1961    1.44    1.35    1.89    1.84    1.51    1.33    1.15    0.96    0.83    0.71    0.61    0.49     14.11
    1962    0.49    1.82    2.78    1.65    1.57    1.38    1.15    1.00    1.00    1.02    0.90    0.77     15.53
    1963    0.75    0.69    0.65    2.18    2.76    1.87    1.65    1.35    1.12    0.95    0.74    0.58     15.29
    1964    0.55    0.60    1.32    1.85    1.30    1.21    0.99    0.81    0.68    0.60    0.48    0.47     10.86
    1965    0.44    0.70    0.82    1.77    2.54    1.67    1.47    1.20    1.04    0.87    0.75    0.62     13.89
    1966    0.62    0.61    1.12    1.45    3.13    3.81    2.81    2.57    2.33    2.06    1.68    1.26     23.45
    1967    1.05    0.91    0.74    0.67    0.66    0.75    0.86    0.96    0.93    0.84    0.70    0.58      9.65
    1968    0.56    0.82    0.99    0.82    0.99    1.56    1.48    1.67    1.50    1.31    1.05    0.94     13.69
    1969    1.31    1.51    2.25    2.19    1.68    1.47    1.15    0.92    0.77    0.66    0.58    0.49     14.98
    1970    0.43    0.58    0.89    1.10    1.05    1.29    1.65    1.87    1.77    1.59    1.30    1.05     14.57
    1971    0.98    1.20    3.44   11.83   14.59   15.42   12.03    6.44    3.62    3.15    2.58    1.94     77.22
    1972    1.57    1.28    1.00    0.89    0.86    0.91    1.11    1.08    1.08    0.96    0.82    1.45     13.01
    1973    1.99    1.67    1.92    5.96    6.19    3.37    2.87    2.44    2.04    1.78    1.40    1.08     32.71
    1974    0.94    0.80    0.78    1.96    2.78    2.13    2.19    1.91    1.68    1.40    1.11    0.86     18.54
    1975    0.72    0.67   10.26   12.57    4.74    7.20    5.71    3.34    2.85    2.32    1.76    1.25     53.39
    1976    0.98    0.88    0.94    0.97    1.57    1.50    1.65    1.46    1.28    1.07    0.89    0.79     13.98
    1977    0.67    0.63    1.15    2.40    2.61    2.40    2.34    2.06    1.79    1.47    1.16    0.86     19.54
    1978    0.76    0.78    0.81    0.80    0.76    0.89    0.93    0.90    0.85    0.79    0.71    0.59      9.57
    1979    0.59    0.84    0.95    0.87    3.57    4.42    2.58    2.11    1.70    1.34    1.02    0.83     20.82
    1980    0.66    1.99    2.87    2.60    3.81    3.16    2.92    2.45    2.12    1.73    1.37    1.11     26.79
    1981    0.95    0.98    1.13    1.38    1.32    1.28    1.12    0.89    0.74    0.63    0.49    0.40     11.31
    1982    0.33    0.29    0.24    0.22    0.21    0.31    0.39    0.49    0.52    0.50    0.48    0.40      4.38
    1983    0.37    2.35    3.18   13.19   13.54    5.97    3.30    2.77    2.38    2.19    1.82    1.62     52.68
    1984    1.56    1.44    1.34    1.27   30.42   30.78    6.28    3.06    2.68    2.21    1.70    1.24     83.98
    1985    1.06    0.87    0.82    0.83    0.92    0.99    1.11    1.22    1.36    1.22    1.01    0.78     12.19
    1986    0.66    0.57    2.02    2.63    1.61    1.61    1.70    1.51    1.29    1.06    0.94    0.89     16.49
    1987    0.97    1.05    1.05    0.93    1.44    2.04    1.64    1.69    1.53    1.31    1.06    0.94     15.65
    1988    0.90    0.89    0.98    0.95    1.73    1.93    1.69    1.48    1.42    1.24    1.01    0.80     15.02
    1989    0.76    1.50    2.30    1.64    1.78    1.87    1.92    1.78    1.59    1.38    1.10    0.82     18.44
    1990    0.72    0.59    0.78    1.84    2.29    1.86    1.58    1.47    1.45    1.26    1.04    0.84     15.72
    1991    0.69    0.62    0.79    0.96    0.80    0.83    0.82    0.70    0.63    0.56    0.53    0.43      8.36
    1992    0.41    0.43    0.95    1.26    1.05    1.77    2.16    1.78    1.57    1.31    1.07    0.82     14.58
    1993    0.66    0.55    0.48    0.45    0.40    0.50    0.57    0.68    0.63    0.55    0.47    0.41      6.35
    1994    0.45    0.53    0.59    0.66    0.63    0.75    0.76    0.67    0.60    0.54    0.48    0.41      7.07
    1995    0.41    0.65    1.45    8.99   41.21   31.78    9.97    3.33    2.97    2.62    2.19    1.66    107.23
    1996    1.35    1.15    0.97    0.85    0.69    1.02    1.27    1.16    1.10    1.05    0.91    0.88     12.40
    1997    0.82    0.78    0.76    0.88    0.89    1.00    0.83    0.69    0.59    0.50    0.42    0.39      8.55
    1998    1.04    2.20    3.68    5.28    4.38    4.53    3.47    3.20    2.79    2.34    2.02    1.70     36.63
    1999    1.30    1.22    3.34    6.91   61.93   72.61   15.27    5.44    3.42    2.89    2.29    1.82    178.44
    2000    1.53    4.39    5.55    2.67    2.42    2.24    2.13    1.99    1.82    1.60    1.30    1.00     28.64
    2001    0.89    1.68    2.26    1.68    1.39    1.25    1.05    0.82    0.69    0.60    0.49    0.40     13.20
    2002    0.39    0.35    0.53    0.64    0.56    0.51    0.49    0.45    0.43    0.40    0.35    0.31      5.41
    2003    0.29    0.29    0.23    0.24    0.48    1.21    1.53    1.21    1.04    0.90    0.76    0.62      8.80
    2004    0.53    0.74    0.83    2.08    2.61    1.88    1.81    1.67    1.45    1.27    1.05    0.83     16.75
    2005    0.67    0.48    0.33   11.78   13.58    5.91    4.93    3.47    2.91    2.48    1.96    1.47     49.97
    2006    1.08    0.91    1.25    1.26    1.06    0.94    0.91    0.80    0.79    0.72    0.59    0.48     10.79
    2007    0.41    1.31    1.93    1.33    1.13    1.19    1.28    1.36    1.26    1.11    0.91    0.71     13.93
    2008    0.62    0.58    1.62    2.62    1.70    2.07    1.74    1.65    1.45    1.23    1.16    0.92     17.36
    2009    0.88    4.32    5.35    2.76    2.41    2.27    2.13    2.19    2.27    2.04    1.69    1.28     29.59
