    1920    3.86    5.54    6.58    5.61    7.97   25.01   22.64    5.70    4.53    3.49    2.67    2.11     95.71      7.98
    1921    2.90   12.62   13.87    5.41    3.97    5.48    5.61    3.44    2.85    2.42    2.09    1.78     62.43      5.20
    1922    1.92    4.36    5.40   18.49   55.34   44.68    8.77    5.11    3.63    2.70    2.11    1.63    154.13     12.84
    1923    1.26    1.57    4.44    4.82    3.02    8.30    8.65    3.58    3.00    2.41    2.06    1.94     45.04      3.75
    1924    2.02    7.24   10.70   11.68   21.04   77.71   67.18    6.26    4.93    3.88    3.04    2.86    218.55     18.21
    1925    2.86    3.37    3.47    3.93    4.97    6.03    5.46    3.26    2.42    2.51    2.65    2.22     43.14      3.60
    1926    1.85    1.94    2.68    4.16    7.87    9.24    6.70    4.93    3.72    4.30    4.55    3.25     55.21      4.60
    1927    3.35    3.73    3.42   13.50   14.88    6.45    6.33    5.11    3.79    2.99    2.66    2.28     68.50      5.71
    1928    1.93    2.10    3.90    6.99    9.11   10.44    8.57    5.04    3.80    3.10    2.64    2.38     60.00      5.00
    1929    4.74    9.99   10.95   10.78   10.00   11.12   11.02    6.33    4.79    3.69    2.92    2.28     88.62      7.38
    1930    1.72    1.59    4.61    6.34    4.47    5.00    5.22    3.56    2.75    2.66    2.56    2.09     42.56      3.55
    1931    1.76    4.41    6.74    6.15    5.21    4.62    4.12    3.30    2.74    2.21    1.77    1.42     44.45      3.70
    1932    1.37    3.01    6.50    9.27    7.71    5.05    4.51    3.84    2.89    2.28    1.97    1.68     50.07      4.17
    1933    1.59    7.27    9.65   14.16   14.79    7.66    7.16    5.75    4.35    3.52    2.90    2.40     81.21      6.77
    1934    2.25    4.72    9.26   10.31    7.90    6.07    4.77    3.64    2.86    2.43    2.15    1.80     58.16      4.85
    1935    1.58    1.47    2.11    4.19    7.56   11.52    9.82    5.76    4.65    3.74    3.07    3.03     58.49      4.87
    1936    3.61    5.20    7.52   20.94   38.77   27.95    9.02    5.43    3.88    2.87    2.28    1.92    129.40     10.78
    1937    1.68    1.58    3.77    5.11    4.66    4.62    4.45    3.91    2.95    2.40    2.08    2.49     39.68      3.31
    1938    3.02    2.99   33.12   36.49   37.94   46.49   16.07    5.42    4.33    3.85    3.57    3.46    196.77     16.40
    1939    3.42    9.94   13.80    8.97    6.45    7.24    7.09    4.77    4.02    3.61    2.97    2.78     75.06      6.25
    1940    2.88    5.59    8.50    7.65    6.21    5.41    6.26    5.96    3.78    2.86    2.39    2.02     59.50      4.96
    1941    1.81    1.84    3.45    8.50    8.40    5.83    5.59    3.94    3.72    3.48    2.94    2.79     52.30      4.36
    1942    3.20    5.16    6.79    6.62    5.78    7.61   11.23    9.12    5.32    4.35    4.38    4.97     74.53      6.21
    1943    4.98    4.95    4.70    5.14   17.02   17.25    5.69    4.00    3.05    2.61    2.19    1.92     73.49      6.12
    1944    3.08    3.71    3.12    5.14    6.29    5.85    5.63    4.41    3.25    2.45    1.95    1.60     46.48      3.87
    1945    2.01    2.43    2.48   25.23   32.34   12.56    7.18    5.03    3.79    2.91    2.27    1.77    100.00      8.33
    1946    1.42    3.94    5.55    6.31    8.58    7.88    6.04    4.73    3.61    2.96    2.46    2.01     55.50      4.62
    1947    2.13    4.81   13.80   13.59    6.60   13.69   13.70    5.59    4.04    3.02    2.39    1.98     85.35      7.11
    1948    2.14    3.03    3.74    6.18    9.34    8.87    6.43    4.64    3.71    3.01    2.45    2.11     55.66      4.64
    1949    1.94    5.16    7.64    7.90    8.09    6.82    5.68    4.60    3.93    3.21    2.67    2.36     60.00      5.00
    1950    2.04    1.97   11.37   12.29    3.47    4.45    5.64    4.95    3.91    3.12    3.02    3.06     59.30      4.94
    1951    3.34    3.60    4.61    5.47    5.37    6.15    5.63    3.94    3.15    2.93    2.71    2.22     49.12      4.09
    1952    1.82    7.89   16.78   15.20   27.85   29.67   10.47    5.63    4.15    3.14    2.54    2.14    127.28     10.61
    1953    1.89    3.34    6.25   15.21   19.83   11.96    6.47    5.02    3.82    2.95    2.47    2.23     81.44      6.79
    1954    2.14    3.99    4.70   20.76   37.84   28.01   12.72    6.43    5.20    4.13    3.19    2.40    131.51     10.96
    1955    2.71    5.92   11.30   10.46   23.31   26.15    9.15    5.61    4.77    4.06    3.28    2.99    109.71      9.14
    1956    3.17    2.99    4.48    5.25    6.27    9.46    8.19    5.01    3.83    3.33    3.30    3.23     58.51      4.88
    1957    3.64    4.14    5.65   30.00   30.71    7.34    6.41    5.62    3.93    2.94    2.32    2.40    105.10      8.76
    1958    2.61    3.31    6.12    8.74    9.06    7.22    4.84    3.46    2.62    2.26    2.04    1.88     54.17      4.51
    1959    1.97    3.85   10.87   10.94   21.17   21.62    6.55    5.61    4.07    3.06    2.50    2.35     94.56      7.88
    1960    2.20    5.43   13.72   15.26   13.29   14.07   10.42    6.54    5.17    4.48    3.86    3.28     97.70      8.14
    1961    2.96    3.80    6.19    7.00    6.36    5.72    4.57    3.76    2.94    2.31    1.90    1.63     49.14      4.09
    1962    1.59   12.50   15.44    6.43    5.59    5.32    4.50    3.66    3.50    3.51    3.03    2.34     67.41      5.62
    1963    2.09    4.65    6.19   10.28   10.80    5.37    3.75    3.11    2.64    2.15    1.74    1.44     54.19      4.52
    1964    2.21    3.33    8.61   13.89    9.77    5.33    4.34    3.48    2.69    2.13    1.88    1.77     59.43      4.95
    1965    1.68    4.26    5.18    6.97   15.93   13.22    4.64    3.41    2.64    2.21    1.93    1.79     63.85      5.32
    1966    2.08    2.89    7.27   10.85   14.42   12.68   14.69   14.17    5.13    3.84    3.09    2.41     93.52      7.79
    1967    2.24    3.29    4.92    4.95    4.05    4.07    4.18    3.72    3.11    2.69    2.32    1.96     41.50      3.46
    1968    1.86    4.13    6.03    6.07    9.48   14.03   10.81    5.78    4.45    3.47    2.77    2.27     71.16      5.93
    1969    4.16    5.43    5.75    5.26    4.12    3.83    2.85    2.38    2.10    1.99    1.87    1.64     41.37      3.45
    1970    1.55    2.25    3.51   12.71   13.60    5.43    4.62    3.80    3.18    2.72    2.33    2.06     57.77      4.81
    1971    2.38    3.64    5.73   19.34   31.40   28.64   16.51    6.53    5.38    4.09    3.11    2.39    129.14     10.76
    1972    2.93    3.95    3.77    5.38    6.11    5.18    6.61    6.28    4.04    3.12    2.57    3.99     53.92      4.49
    1973    5.26    5.33   16.10   29.03   29.46   17.06    6.50    5.49    4.09    3.27    2.84    2.38    126.80     10.57
    1974    2.19    3.14    5.05    7.68    9.60    7.89    5.45    4.43    3.71    3.15    2.59    2.13     57.01      4.75
    1975    1.90    1.98    7.28   23.45   27.86   27.73   20.16    5.93    4.73    3.62    2.77    2.14    129.55     10.80
    1976    1.90    2.93    4.28   11.56   18.88   17.04   10.78    5.76    4.17    3.07    2.52    2.80     85.69      7.14
    1977    3.11    4.03   14.03   35.77   31.23   14.22   10.02    5.19    3.70    2.78    2.25    1.85    128.17     10.68
    1978    2.11    4.44    5.70    4.81    3.95    4.17    4.16    3.07    2.45    2.06    2.00    1.85     40.76      3.40
    1979    1.96    4.84    6.08    5.60   12.45   12.56    5.90    4.35    3.22    2.44    2.08    2.15     63.64      5.30
    1980    2.16   11.06   12.61   18.22   23.12   11.75    7.40    5.29    4.06    3.11    2.47    2.33    103.58      8.63
    1981    2.55    2.82    3.18    4.98    5.26    3.67    3.27    2.96    2.39    1.98    1.74    1.48     36.30      3.02
    1982    1.46    2.35    2.84    2.95    2.94    3.25    3.70    3.09    2.48    2.02    1.81    1.66     30.55      2.55
    1983    1.91    6.12    9.32    8.08    6.15    5.43    5.22    3.74    2.85    3.41    3.72    3.03     58.97      4.91
    1984    3.16    5.94    7.58    8.50   19.44   17.74    6.07    4.37    3.46    2.83    2.27    1.86     83.22      6.94
    1985    2.40    2.97    6.13    8.48    7.89    7.11    6.24    5.51    3.87    2.90    2.31    1.99     57.79      4.82
    1986    2.04    2.36    3.68    4.18    3.77    8.31    8.54    3.91    2.97    2.37    2.29    2.89     47.31      3.94
    1987    3.24    3.23    7.54    9.32   21.93   23.49    8.25    5.71    4.37    3.58    3.05    2.88     96.58      8.05
    1988    4.27    4.62    4.11    4.27   15.05   15.52    4.29    3.47    3.12    2.85    2.38    1.90     65.85      5.49
    1989    2.38    4.30    7.11    9.04   10.54    9.50    6.58    5.21    3.89    2.98    2.46    2.04     66.05      5.50
    1990    1.87    2.46    8.49   19.70   18.51   15.54   12.58    5.33    4.11    3.37    2.72    2.19     96.88      8.07
    1991    2.05    2.72    3.91    4.67    4.04    2.94    2.85    2.59    2.01    1.61    1.47    1.34     32.22      2.68
    1992    1.40    2.37    7.65    9.15    7.98   12.77   10.62    5.06    3.68    2.82    2.29    1.94     67.73      5.64
    1993    1.91    2.52    4.54    5.70    4.98    4.88    4.41    3.15    2.36    1.83    1.54    1.37     39.20      3.27
    1994    2.10    2.51    3.37    5.70    6.20    5.57    5.18    4.29    3.25    2.48    2.04    1.72     44.40      3.70
    1995    1.53    3.27   10.70   19.52   52.58   45.53    7.68    6.24    5.07    4.09    3.49    2.92    162.63     13.55
    1996    2.71    2.95    4.23    8.11    8.65   14.73   14.70    5.81    4.63    3.61    2.84    3.21     76.18      6.35
    1997    4.14    4.56    4.32    7.13    8.07    5.94    5.33    3.99    2.95    2.31    2.00    1.79     52.54      4.38
    1998    4.12    5.37   16.01   18.18   11.74   11.62    7.33    5.70    4.38    3.34    2.63    2.14     92.55      7.71
    1999    1.98    5.25    9.97   18.65   62.25   65.79   19.98    6.51    5.35    4.54    3.61    2.88    206.77     17.23
    2000    2.76    5.40   10.57    9.17    8.62    9.50    6.38    5.16    3.90    3.12    2.64    2.11     69.34      5.78
    2001    2.48   19.12   22.81   10.55    8.75    5.97    4.57    3.41    2.63    2.24    1.95    1.64     86.10      7.18
    2002    2.19    2.58    3.58    4.13    3.48    3.16    2.53    2.08    1.91    1.86    1.61    1.49     30.60      2.55
    2003    1.60    1.91    2.30    4.14    9.33   12.78    9.11    5.00    3.79    2.97    2.52    2.09     57.53      4.79
    2004    1.80    2.37    4.32    7.73    7.23    4.86    4.82    4.08    3.19    2.53    2.10    1.87     46.90      3.91
    2005    1.66    2.66    6.77   20.44   18.77    9.34    9.18    5.69    4.25    3.20    2.49    1.94     86.38      7.20
    2006    1.87    3.88    5.66    4.66    3.30    2.72    2.44    2.26    1.82    1.61    1.45    1.30     32.97      2.75
    2007    1.25    1.85    2.74    7.52    7.81    3.43    3.05    2.51    2.04    1.71    1.44    1.18     36.53      3.04
    2008    1.13    1.73    2.73    9.41   21.19   16.43    5.59    4.03    3.11    2.58    2.17    1.79     71.88      5.99
    2009    2.15    3.72    4.93    6.44    6.09    4.23    6.89    7.10    3.72    2.85    2.32    1.82     52.26      4.36
  
 AVERAGE    2.40    4.31    7.32   10.61   13.79   12.91    8.14    4.79    3.61    2.95    2.50    2.21     75.56      6.30
