    1920    2.09    2.57    3.06    2.94    3.91   11.21   10.66    3.52    2.81    2.23    1.76    1.48     48.24
    1921    1.58    5.51    5.95    2.40    1.71    1.52    1.46    1.35    1.28    1.20    1.09    0.95     26.00
    1922    0.97    1.46    1.67    5.37   22.18   20.16    4.58    3.15    2.33    1.80    1.46    1.17     66.30
    1923    0.94    0.90    2.17    2.38    1.30    4.60    4.97    1.85    1.58    1.34    1.30    1.26     24.59
    1924    1.22    2.43    4.26    5.66   11.40   43.78   37.83    4.44    3.48    2.77    2.21    1.99    121.47
    1925    1.97    1.92    1.73    1.59    2.63    3.31    2.48    1.70    1.38    1.46    1.48    1.31     22.96
    1926    1.14    1.18    1.56    2.19    2.74    3.18    3.01    2.30    1.89    2.25    2.43    1.85     25.72
    1927    1.86    2.14    2.19    6.11    6.82    4.06    3.95    3.05    2.42    1.99    1.81    1.54     37.94
    1928    1.33    1.27    2.36    3.43    4.38    5.91    4.94    2.93    2.33    2.03    1.79    1.62     34.32
    1929    2.60    4.16    4.43    4.56    4.34    4.84    5.08    3.71    2.86    2.27    1.87    1.54     42.26
    1930    1.21    1.05    2.84    3.79    2.47    2.32    2.41    1.96    1.61    1.69    1.61    1.33     24.29
    1931    1.13    2.13    3.08    2.66    2.45    2.52    2.15    1.78    1.56    1.34    1.12    0.93     22.85
    1932    0.86    1.01    2.05    4.02    3.86    2.66    2.57    2.10    1.67    1.39    1.23    1.07     24.49
    1933    0.99    3.26    4.32    5.89    6.03    3.84    3.66    2.69    2.23    1.95    1.66    1.42     37.94
    1934    1.33    2.55    4.63    5.29    4.36    3.25    2.53    2.01    1.69    1.57    1.39    1.17     31.77
    1935    1.02    0.93    1.00    1.64    2.59    4.51    4.38    2.57    2.16    1.83    1.57    1.58     25.78
    1936    1.94    2.62    3.62    8.92   20.14   15.71    4.60    3.52    2.65    2.03    1.70    1.46     68.91
    1937    1.23    1.04    1.22    1.60    1.74    1.63    1.78    1.83    1.44    1.40    1.27    1.41     17.59
    1938    1.66    1.60   21.75   23.44   24.14   26.76    7.12    3.90    3.19    2.86    2.60    2.31    121.33
    1939    2.06    5.78    7.59    4.68    3.27    3.49    3.40    2.48    2.27    2.12    1.78    1.74     40.66
    1940    1.60    2.93    4.35    3.50    2.31    2.09    4.14    4.33    2.24    1.76    1.54    1.31     32.10
    1941    1.13    1.09    2.28    4.92    4.45    4.47    4.61    2.59    2.49    2.31    1.98    1.79     34.11
    1942    1.83    2.34    2.80    2.77    2.30    3.50    5.60    4.67    2.77    2.35    2.42    2.51     35.86
    1943    2.38    2.33    2.14    1.87    6.35    6.88    2.65    1.96    1.66    1.56    1.33    1.22     32.33
    1944    1.57    1.79    1.68    2.72    3.40    3.14    2.72    2.17    1.71    1.37    1.16    0.98     24.41
    1945    1.07    1.15    1.05   12.66   16.28    6.09    3.60    2.62    2.05    1.64    1.35    1.10     50.66
    1946    0.92    1.33    1.99    2.68    3.67    3.76    3.13    2.48    2.00    1.72    1.47    1.22     26.37
    1947    1.20    2.26    6.10    6.19    3.26    5.46    5.55    2.90    2.23    1.76    1.47    1.29     39.67
    1948    1.29    1.44    1.58    3.12    4.10    3.21    2.49    2.06    1.83    1.59    1.36    1.22     25.29
    1949    1.09    2.52    3.56    3.46    3.36    2.96    2.64    2.33    2.14    1.82    1.59    1.43     28.90
    1950    1.20    1.16    5.32    5.94    2.14    2.13    2.58    2.48    2.14    1.79    1.72    1.74     30.34
    1951    1.86    1.85    2.09    2.31    2.09    2.61    2.59    1.87    1.59    1.55    1.45    1.21     23.07
    1952    1.04    4.13    6.49    5.27    8.02    8.42    4.86    3.49    2.68    2.10    1.77    1.51     49.78
    1953    1.34    1.87    3.55    6.40    7.56    5.17    3.28    2.71    2.17    1.76    1.59    1.42     38.82
    1954    1.33    2.04    2.31   10.41   18.90   12.91    6.15    4.42    3.53    2.84    2.23    1.71     68.78
    1955    1.93    3.94    7.84    7.16   14.58   17.02    6.55    3.84    3.15    2.63    2.15    1.99     72.78
    1956    1.91    1.65    1.79    1.96    2.63    4.55    4.32    2.64    2.17    2.02    2.05    1.99     29.68
    1957    2.09    2.24    2.75   15.18   15.68    3.70    3.08    2.63    2.04    1.66    1.39    1.41     53.85
    1958    1.48    1.81    2.64    4.01    5.11    4.06    2.47    1.88    1.55    1.43    1.29    1.20     28.93
    1959    1.25    1.73    3.53    3.74   10.36   10.90    3.84    3.45    2.58    2.02    1.70    1.59     46.69
    1960    1.42    3.66    9.79    9.50    5.42    5.57    4.91    3.57    3.00    2.80    2.45    2.12     54.21
    1961    1.91    2.16    3.06    3.32    3.41    3.07    2.23    1.90    1.56    1.35    1.20    1.04     26.21
    1962    0.95    6.69    7.93    2.80    2.27    2.10    1.83    1.70    1.76    1.89    1.70    1.40     33.02
    1963    1.19    1.83    2.46    4.54    4.89    2.70    2.11    1.90    1.64    1.39    1.18    1.00     26.83
    1964    1.40    1.85    3.94    5.83    4.06    2.37    1.97    1.64    1.35    1.16    1.04    0.99     27.60
    1965    0.95    1.72    2.04    2.42    6.60    6.18    2.21    1.71    1.41    1.27    1.13    1.04     28.68
    1966    1.23    1.61    3.02    4.31    5.82    5.31    5.44    5.55    3.06    2.40    1.98    1.59     41.32
    1967    1.44    1.72    2.04    1.92    1.67    1.82    2.05    1.91    1.65    1.52    1.34    1.15     20.23
    1968    1.06    1.87    2.42    2.76    3.59    5.00    4.62    2.80    2.26    1.85    1.55    1.31     31.09
    1969    1.98    2.48    3.21    3.08    1.84    1.58    1.29    1.17    1.13    1.14    1.07    0.95     20.92
    1970    0.91    1.21    1.88    7.37    7.72    2.72    2.38    2.06    1.78    1.56    1.35    1.26     32.20
    1971    1.41    1.87    3.59    8.82   11.50   12.56    9.65    4.36    3.59    2.82    2.19    1.71     64.07
    1972    1.81    2.14    1.93    2.18    2.34    1.96    2.46    2.54    1.85    1.58    1.44    2.53     24.76
    1973    3.13    3.27    8.76   14.69   10.99    5.37    4.23    3.73    2.80    2.35    2.09    1.74     63.15
    1974    1.60    1.95    2.87    5.01    6.80    5.32    3.31    2.73    2.30    1.94    1.64    1.46     36.93
    1975    1.33    1.33    5.09   14.31   14.96   11.49    8.71    4.28    3.43    2.69    2.11    1.68     71.41
    1976    1.49    1.68    2.50    6.29    8.41    6.77    5.18    3.47    2.67    2.07    1.79    1.88     44.20
    1977    1.88    1.79    5.57   17.06   15.39    6.64    5.69    3.54    2.61    2.04    1.73    1.44     65.38
    1978    1.36    2.27    2.75    2.38    2.06    1.91    1.88    1.47    1.28    1.18    1.15    1.08     20.77
    1979    1.08    1.75    2.59    2.68    5.63    6.06    3.00    2.27    1.77    1.42    1.33    1.37     30.95
    1980    1.35    4.10    5.29    8.58   10.88    6.40    4.06    3.06    2.42    1.93    1.64    1.57     51.28
    1981    1.60    1.64    1.80    2.37    2.27    1.58    1.50    1.48    1.25    1.17    1.10    0.96     18.72
    1982    0.89    0.96    1.12    1.22    1.23    1.43    1.68    1.56    1.38    1.19    1.06    0.97     14.69
    1983    1.09    2.21    3.26    3.40    2.77    2.93    3.04    2.08    1.67    1.97    2.17    1.84     28.43
    1984    1.87    2.86    3.33    3.46   13.51   13.43    3.40    2.56    2.09    1.74    1.46    1.27     50.98
    1985    1.32    1.41    3.68    4.49    3.73    3.53    3.05    2.94    2.12    1.68    1.43    1.29     30.67
    1986    1.25    1.25    1.53    1.62    1.41    4.01    4.37    1.88    1.53    1.32    1.28    1.71     23.16
    1987    1.92    1.68    5.56    6.40   10.32   11.21    4.53    3.38    2.69    2.25    1.99    1.88     53.81
    1988    2.35    2.49    2.30    2.17    9.97   10.41    2.40    1.95    1.83    1.70    1.46    1.23     40.26
    1989    1.24    2.02    3.47    4.30    4.86    4.41    3.08    2.50    1.99    1.66    1.47    1.24     32.24
    1990    1.16    1.28    2.89    7.20    7.45    5.10    4.38    2.81    2.25    1.94    1.61    1.39     39.46
    1991    1.26    1.37    1.75    1.81    1.51    1.28    1.28    1.18    0.99    0.90    0.85    0.79     14.97
    1992    0.84    1.20    2.64    3.24    2.98    7.01    6.89    2.78    2.15    1.71    1.44    1.21     34.09
    1993    1.13    1.27    1.98    2.19    1.81    1.88    1.76    1.36    1.10    0.95    0.86    0.79     17.08
    1994    1.24    1.52    1.81    2.73    2.80    2.50    2.39    2.04    1.63    1.32    1.16    1.02     22.16
    1995    0.93    1.68    4.64    7.84   28.53   26.67    4.74    3.91    3.33    2.78    2.46    2.08     89.59
    1996    1.82    1.79    2.22    4.38    4.95    9.76    9.81    3.54    2.80    2.24    1.87    2.01     47.19
    1997    2.32    2.28    2.24    4.12    4.53    2.84    2.35    1.89    1.48    1.36    1.25    1.15     27.81
    1998    2.20    2.85   10.24   11.95    6.94    6.46    4.37    3.63    2.88    2.27    1.86    1.59     57.24
    1999    1.44    2.01    3.94    8.47   34.44   39.96   13.94    4.90    3.77    3.20    2.57    2.04    120.68
    2000    1.91    2.57    5.80    5.67    4.19    4.30    3.05    2.64    2.14    1.94    1.69    1.37     37.27
    2001    1.38    6.02    8.00    4.88    4.23    3.58    2.61    2.07    1.68    1.52    1.35    1.17     38.49
    2002    1.33    1.49    1.67    1.76    1.48    1.40    1.25    1.14    1.12    1.10    0.96    0.91     15.61
    2003    0.95    0.98    1.00    1.72    4.46    5.49    3.54    2.43    1.93    1.60    1.40    1.17     26.67
    2004    1.01    1.19    1.83    3.36    3.29    2.20    2.22    1.94    1.60    1.34    1.18    1.05     22.21
    2005    0.96    1.17    2.03   12.77   17.62   11.19    7.43    4.07    3.06    2.35    1.88    1.53     66.06
    2006    1.39    2.11    2.74    2.18    1.66    1.36    1.39    1.40    1.15    1.09    0.99    0.93     18.39
    2007    1.07    2.30    3.33    4.52    4.14    2.54    2.28    1.98    1.65    1.43    1.22    1.04     27.50
    2008    1.02    1.53    2.78    6.53   11.14    8.59    4.03    3.00    2.42    2.03    1.77    1.50     46.34
    2009    1.53    2.12    2.41    3.53    3.61    2.46    2.76    2.62    1.94    1.61    1.38    1.13     27.10
