    1920    2.18    2.88    3.25    2.64    3.18   19.14   18.16    1.89    1.39    0.96    0.66    0.54     56.88      4.74
    1921    0.80    6.03    6.83    2.15    1.29    1.73    1.85    1.09    0.81    0.65    0.56    0.47     24.25      2.02
    1922    0.61    2.32    2.93    8.73   29.39   24.19    3.47    1.41    0.86    0.59    0.46    0.37     75.33      6.28
    1923    0.29    0.35    2.92    3.39    1.37    6.34    6.72    1.83    1.37    0.96    0.78    0.75     27.07      2.26
    1924    0.72    3.40    5.03   10.30   17.35   46.17   38.32    2.21    1.67    1.22    0.88    0.88    128.14     10.68
    1925    1.02    1.11    1.14    1.80    2.97    4.14    3.25    1.37    0.93    0.98    1.01    0.79     20.52      1.71
    1926    0.58    0.71    1.21    2.23    3.17    3.14    2.45    1.59    1.05    1.95    2.30    1.32     21.69      1.81
    1927    1.49    1.69    1.44    4.84    5.40    2.84    2.68    1.85    1.22    0.88    0.79    0.61     25.71      2.14
    1928    0.52    0.54    1.45    2.67    6.07   11.21    7.54    1.53    0.98    0.79    0.68    0.65     34.65      2.89
    1929    1.55    4.93    5.40    5.50    5.44   10.49   11.57    3.60    1.56    1.06    0.77    0.58     52.46      4.37
    1930    0.42    0.47    5.85    7.07    2.48    2.44    2.54    1.77    1.15    1.18    1.23    0.88     27.47      2.29
    1931    0.65    2.34    3.68    2.80    2.16    1.92    1.61    1.18    0.91    0.68    0.50    0.41     18.84      1.57
    1932    0.41    0.83    3.31    6.49    5.82    3.25    2.22    1.63    1.04    0.73    0.60    0.50     26.84      2.24
    1933    0.49    3.39    5.53   11.47   13.29    7.07    4.17    2.12    1.54    1.18    0.88    0.70     51.83      4.32
    1934    0.75    4.38    9.38   10.20    6.79    3.05    1.80    1.22    0.84    0.71    0.60    0.49     40.19      3.35
    1935    0.46    0.49    0.71    2.37    4.94   10.67    8.75    2.00    1.40    1.06    0.86    1.05     34.75      2.90
    1936    1.96    2.98    8.09   15.25   25.66   18.68    2.96    1.71    1.08    0.71    0.57    0.51     80.16      6.68
    1937    0.43    0.41    1.54    3.06    2.95    2.05    2.89    2.92    1.47    1.11    0.92    1.23     20.97      1.75
    1938    1.65    1.64   21.32   24.45   30.26   32.84    7.31    1.83    1.52    1.41    1.38    1.23    126.83     10.57
    1939    1.09    6.42   12.12    7.27    2.23    2.61    2.76    1.96    1.70    1.55    1.14    1.01     41.87      3.49
    1940    0.98    3.32    5.88    4.19    2.09    1.79    4.48    4.42    1.39    0.88    0.68    0.53     30.63      2.55
    1941    0.46    0.52    3.02    7.57    5.83    7.37    7.26    1.75    1.79    1.75    1.30    1.14     39.76      3.31
    1942    1.22    1.79    2.51    2.53    2.32    3.38    7.32    5.96    1.54    1.21    1.39    1.57     32.74      2.73
    1943    1.47    2.03    2.09    1.62    8.45    8.77    2.00    1.19    0.81    0.73    0.57    0.50     30.22      2.52
    1944    1.20    1.61    1.32    3.35    5.64    4.72    2.84    1.68    1.05    0.68    0.52    0.42     25.04      2.09
    1945    0.62    0.83    0.85   10.54   16.31    8.01    2.81    1.45    0.92    0.63    0.49    0.38     43.86      3.65
    1946    0.32    0.64    1.53    1.98    4.78    5.22    2.80    2.27    1.50    1.16    0.90    0.65     23.74      1.98
    1947    0.66    2.34    7.93    7.58    3.29   10.89   10.30    1.75    1.12    0.75    0.57    0.50     47.67      3.97
    1948    0.64    0.92    1.09    3.00    4.16    3.10    2.27    1.56    1.20    0.94    0.69    0.55     20.13      1.68
    1949    0.47    1.90    3.20    3.12    3.20    3.25    2.72    1.92    1.52    1.11    0.83    0.69     23.94      1.99
    1950    0.53    0.57    4.30    5.02    1.70    1.57    1.95    1.93    1.57    1.10    0.95    0.96     22.14      1.85
    1951    1.29    1.41    1.61    1.79    1.59    1.95    1.84    1.20    0.87    0.80    0.71    0.54     15.58      1.30
    1952    0.44    2.53    4.23    5.07   13.27   14.38    5.32    1.81    1.18    0.79    0.61    0.50     50.13      4.18
    1953    0.46    1.22    2.77    5.07    8.21    5.95    2.16    1.80    1.25    0.87    0.73    0.63     31.14      2.59
    1954    0.60    1.79    2.31   11.16   20.93   15.19    5.84    2.20    1.60    1.14    0.79    0.53     64.09      5.34
    1955    1.21    3.74    7.76    6.29   19.52   25.60    8.25    1.73    1.38    1.10    0.82    0.79     78.18      6.52
    1956    0.85    0.77    1.29    1.62    3.11    7.57    6.26    2.08    1.54    1.21    1.16    1.11     28.57      2.38
    1957    1.40    1.64    2.07   20.86   21.92    3.24    1.78    1.36    0.90    0.64    0.51    0.56     56.88      4.74
    1958    0.69    1.39    2.31    5.19   10.60    7.59    1.58    0.98    0.68    0.63    0.57    0.54     32.76      2.73
    1959    0.66    1.30    3.13    3.33   14.75   15.27    3.69    2.98    1.47    0.95    0.69    0.64     48.86      4.07
    1960    0.57    3.54   11.64   11.80    7.76   10.43    7.34    2.10    1.63    1.50    1.27    1.04     60.61      5.05
    1961    0.94    1.23    1.99    2.44    3.17    2.92    1.77    1.35    0.94    0.66    0.55    0.46     18.42      1.53
    1962    0.42    6.28    8.17    3.12    2.29    2.00    1.57    1.33    1.27    1.48    1.33    0.92     30.21      2.52
    1963    0.65    1.19    2.05    5.75    6.01    2.32    1.56    1.25    0.97    0.70    0.54    0.42     23.40      1.95
    1964    0.92    1.52    4.19    8.26    5.78    1.96    1.58    1.17    0.78    0.56    0.47    0.51     27.69      2.31
    1965    0.57    1.49    1.81    3.19   12.49   10.75    1.53    0.99    0.74    0.64    0.54    0.50     35.24      2.94
    1966    1.06    1.58    2.56    5.80   10.78    8.10    8.08    7.61    1.47    0.99    0.83    0.64     49.49      4.12
    1967    0.60    1.36    2.11    1.94    1.77    2.14    2.23    1.78    1.37    1.09    0.85    0.62     17.86      1.49
    1968    0.54    1.60    2.38    3.24    6.87   10.05    6.37    1.81    1.17    0.79    0.61    0.50     35.93      2.99
    1969    1.55    2.36    2.80    2.46    1.49    1.26    0.85    0.64    0.65    0.70    0.58    0.45     15.80      1.32
    1970    0.47    0.91    2.49   12.70   12.33    2.92    2.49    1.89    1.38    1.05    0.78    0.71     40.12      3.34
    1971    1.08    2.12    4.11   15.82   24.27   20.08   10.04    2.28    1.78    1.21    0.81    0.56     84.15      7.01
    1972    0.88    1.52    1.45    1.64    2.08    1.83    2.16    2.16    1.29    0.90    0.77    2.81     19.48      1.62
    1973    3.72    3.67   14.29   23.96   17.48    6.38    2.18    1.92    1.25    1.03    0.96    0.76     77.59      6.47
    1974    0.74    1.62    2.55    7.53   13.83    8.84    2.29    1.78    1.46    1.08    0.77    0.61     43.10      3.59
    1975    0.53    0.59    5.50   21.04   23.56   14.38    7.62    1.93    1.49    1.02    0.71    0.54     78.90      6.58
    1976    0.52    1.02    2.64    8.25   14.77   16.22    8.78    1.68    1.07    0.71    0.60    1.06     57.31      4.78
    1977    1.27    0.99    5.32   19.31   19.07    9.20    5.51    1.58    0.98    0.67    0.54    0.44     64.88      5.41
    1978    0.50    1.84    2.40    2.45    2.30    1.95    1.88    1.12    0.82    0.68    0.66    0.60     17.20      1.43
    1979    0.63    1.19    2.36    2.71    7.15    7.68    2.63    1.54    1.01    0.69    0.64    0.74     28.98      2.41
    1980    0.79    2.67    4.80   12.05   17.31    9.18    2.45    1.66    1.23    0.86    0.69    0.77     54.46      4.54
    1981    0.98    1.33    1.53    2.19    2.13    1.20    1.22    1.25    0.89    0.72    0.67    0.54     14.64      1.22
    1982    0.48    0.69    0.91    0.98    0.99    1.10    1.32    1.30    1.11    0.83    0.64    0.53     10.88      0.91
    1983    0.68    2.68    4.14    3.13    2.19    3.17    3.30    1.70    1.09    2.10    2.50    1.52     28.20      2.35
    1984    1.42    2.33    3.29    3.62   18.28   17.57    1.97    1.25    0.91    0.69    0.52    0.47     52.32      4.36
    1985    0.84    1.27    3.88    5.34    4.78    3.67    2.71    2.61    1.36    0.86    0.66    0.57     28.53      2.38
    1986    0.61    0.77    1.14    1.44    1.26    3.99    4.31    1.39    0.92    0.67    0.62    1.48     18.59      1.55
    1987    1.82    1.21    4.52    5.27   11.14   13.59    4.74    1.82    1.26    0.99    0.87    0.85     48.07      4.01
    1988    1.47    1.65    1.60    1.58   10.13   10.60    1.76    1.25    1.03    0.91    0.71    0.51     33.19      2.77
    1989    0.66    1.72    3.49    4.05    5.29    4.68    2.13    1.54    1.02    0.73    0.64    0.49     26.46      2.20
    1990    0.52    0.67    3.49   11.98   12.26   10.14    7.61    1.62    1.19    0.97    0.77    0.66     51.88      4.32
    1991    0.61    0.70    1.12    1.34    1.07    0.87    0.86    0.76    0.54    0.42    0.40    0.37      9.05      0.75
    1992    0.35    0.62    2.91    4.31    5.34   14.60   11.97    1.64    1.10    0.78    0.64    0.52     44.78      3.73
    1993    0.46    0.67    2.30    3.13    2.53    2.22    1.69    1.15    0.74    0.52    0.43    0.36     16.20      1.35
    1994    0.77    1.08    1.94    2.89    3.18    3.10    2.54    2.05    1.34    0.87    0.68    0.56     20.99      1.75
    1995    0.57    3.33   12.48   21.55   34.79   24.08    2.69    2.40    2.04    1.50    1.28    1.08    107.79      8.98
    1996    0.92    1.03    1.47    4.16    8.33   15.86   11.85    1.87    1.29    0.91    0.70    0.81     49.19      4.10
    1997    1.15    1.58    1.60    6.23    6.73    2.41    2.13    1.43    0.91    0.72    0.65    0.60     26.13      2.18
    1998    1.36    2.70   12.75   22.83   17.69   11.51    6.55    1.97    1.43    0.97    0.67    0.57     81.01      6.75
    1999    0.54    1.18    4.21   12.71   43.57   46.69   13.69    2.22    1.74    1.42    1.03    0.80    129.80     10.82
    2000    0.95    1.60   10.37   10.49    3.69    3.56    1.90    1.49    1.04    0.82    0.68    0.53     37.13      3.09
    2001    0.91    5.92    9.10    7.29    5.97    3.61    1.98    1.36    0.91    0.76    0.63    0.50     38.95      3.25
    2002    0.71    0.81    1.28    1.45    0.96    1.13    1.11    0.79    0.65    0.63    0.52    0.49     10.54      0.88
    2003    0.62    0.87    0.98    2.00    8.21   13.81    8.00    1.65    1.08    0.83    0.70    0.53     39.29      3.27
    2004    0.47    0.71    1.17    2.43    2.62    1.71    1.70    1.49    1.12    0.83    0.64    0.50     15.40      1.28
    2005    0.45    0.84    0.90   14.30   23.80   24.77   16.06    1.68    1.06    0.73    0.64    0.52     85.76      7.15
    2006    0.48    1.11    1.86    1.71    1.62    1.40    1.75    1.90    1.24    1.29    1.19    0.88     16.44      1.37
    2007    1.19    2.07    3.23    6.64    5.55    2.01    1.87    1.35    0.94    0.69    0.57    0.50     26.59      2.22
    2008    0.48    0.58    0.92    1.68   10.56   12.23    4.28    2.56    1.67    1.21    0.93    0.71     37.81      3.15
    2009    0.68    3.52    6.23    9.39    7.48    3.05    5.49    4.53    1.39    0.89    0.66    0.49     43.79      3.65
  
 AVERAGE    0.85    1.83    3.96    6.63    9.09    8.64    4.74    1.87    1.19    0.94    0.79    0.70     41.25      3.44
