    1920    0.84    0.93    0.86    0.66    0.76    4.11    4.20    0.96    0.73    0.57    0.45    0.38     15.44      1.29
    1921    0.38    0.85    1.09    0.70    0.49    0.55    0.57    0.43    0.38    0.33    0.31    0.27      6.36      0.53
    1922    0.29    0.68    0.78    2.52    5.95    4.17    1.02    0.77    0.57    0.45    0.37    0.30     17.89      1.49
    1923    0.24    0.21    0.86    0.96    0.35    0.80    0.90    0.51    0.45    0.38    0.33    0.29      6.26      0.52
    1924    0.26    0.52    0.70    1.21    1.55   11.11   11.06    1.09    0.88    0.71    0.57    0.49     30.16      2.51
    1925    0.48    0.47    0.42    0.50    0.66    0.70    0.61    0.48    0.41    0.40    0.38    0.32      5.83      0.49
    1926    0.25    0.23    0.26    0.36    0.48    0.49    0.44    0.38    0.31    0.44    0.53    0.43      4.60      0.38
    1927    0.45    0.47    0.39    0.89    0.99    0.59    0.59    0.49    0.40    0.34    0.31    0.26      6.19      0.52
    1928    0.22    0.20    0.29    0.41    0.79    1.09    0.84    0.61    0.48    0.40    0.35    0.31      6.00      0.50
    1929    0.41    0.89    0.99    0.70    0.73    1.53    1.71    1.03    0.81    0.63    0.51    0.40     10.34      0.86
    1930    0.30    0.26    1.97    2.19    0.69    0.68    0.64    0.58    0.47    0.46    0.44    0.37      9.08      0.76
    1931    0.29    0.51    0.71    0.63    0.58    0.55    0.51    0.47    0.43    0.36    0.30    0.25      5.59      0.47
    1932    0.22    0.21    0.40    0.87    1.01    0.84    0.75    0.60    0.46    0.37    0.32    0.26      6.31      0.53
    1933    0.23    0.71    0.97    1.07    1.22    0.97    0.85    0.74    0.60    0.48    0.39    0.33      8.54      0.71
    1934    0.31    0.61    0.86    0.82    0.83    0.72    0.58    0.47    0.38    0.34    0.29    0.25      6.45      0.54
    1935    0.22    0.19    0.20    0.67    0.96    0.90    0.84    0.63    0.52    0.45    0.38    0.37      6.33      0.53
    1936    0.53    0.69    1.37    1.83    5.58    5.37    1.09    0.83    0.62    0.49    0.41    0.34     19.15      1.60
    1937    0.28    0.25    0.37    0.78    0.78    0.51    0.83    0.91    0.58    0.48    0.42    0.43      6.62      0.55
    1938    0.46    0.43    5.85    6.27   12.22   15.45    4.28    0.94    0.70    0.64    0.61    0.56     48.40      4.03
    1939    0.50    2.20    3.05    1.57    0.90    0.82    0.79    0.72    0.68    0.63    0.52    0.44     12.82      1.07
    1940    0.41    1.01    1.29    0.82    0.61    0.62    0.94    0.97    0.65    0.50    0.40    0.33      8.55      0.71
    1941    0.28    0.25    1.05    1.37    0.74    0.81    0.83    0.57    0.52    0.49    0.44    0.43      7.78      0.65
    1942    0.46    0.50    0.52    0.52    0.53    0.65    0.86    0.85    0.64    0.53    0.51    0.47      7.05      0.59
    1943    0.41    0.45    0.45    0.40    0.83    0.90    0.52    0.40    0.33    0.30    0.26    0.23      5.51      0.46
    1944    0.27    0.36    0.36    0.51    0.67    0.66    0.61    0.50    0.39    0.31    0.26    0.22      5.10      0.43
    1945    0.24    0.26    0.24    3.30    4.14    1.39    0.86    0.67    0.52    0.41    0.34    0.27     12.64      1.05
    1946    0.22    0.23    0.28    0.33    0.75    0.85    0.59    0.57    0.48    0.41    0.36    0.29      5.36      0.45
    1947    0.26    0.52    1.36    1.42    0.85    1.51    1.62    0.92    0.72    0.56    0.45    0.37     10.57      0.88
    1948    0.37    0.38    0.33    0.55    0.80    0.71    0.55    0.49    0.44    0.39    0.33    0.27      5.61      0.47
    1949    0.23    0.50    0.87    0.81    0.60    0.79    0.84    0.63    0.55    0.47    0.40    0.33      7.00      0.58
    1950    0.27    0.22    0.62    0.73    0.39    0.35    0.44    0.50    0.45    0.39    0.34    0.33      5.03      0.42
    1951    0.36    0.38    0.39    0.40    0.39    0.46    0.46    0.40    0.34    0.31    0.28    0.24      4.40      0.37
    1952    0.22    0.73    0.97    0.81    1.31    1.52    1.19    0.93    0.73    0.56    0.45    0.36      9.78      0.82
    1953    0.33    0.44    0.63    0.74    0.89    0.85    0.71    0.66    0.56    0.45    0.39    0.34      6.98      0.58
    1954    0.29    0.35    0.42    3.40    4.51    2.87    2.16    1.05    0.84    0.66    0.52    0.40     17.47      1.46
    1955    0.39    0.64    1.11    1.01    5.07    6.85    2.58    0.98    0.78    0.66    0.55    0.48     21.10      1.76
    1956    0.44    0.36    0.36    0.40    0.62    0.83    0.75    0.68    0.62    0.53    0.48    0.45      6.50      0.54
    1957    0.47    0.46    0.57    6.03    6.17    0.87    0.72    0.61    0.49    0.40    0.34    0.33     17.47      1.46
    1958    0.33    0.37    0.49    0.68    1.38    1.36    0.68    0.51    0.39    0.35    0.31    0.29      7.13      0.59
    1959    0.29    0.33    0.52    0.54    3.61    3.87    0.93    0.83    0.65    0.51    0.42    0.36     12.85      1.07
    1960    0.30    0.68    2.14    2.01    1.16    1.54    1.35    0.98    0.83    0.77    0.67    0.56     12.98      1.08
    1961    0.47    0.44    0.55    0.63    0.59    0.54    0.47    0.43    0.37    0.31    0.28    0.24      5.31      0.44
    1962    0.21    0.84    1.21    0.76    0.54    0.47    0.43    0.40    0.41    0.45    0.42    0.35      6.50      0.54
    1963    0.28    0.38    0.44    0.82    0.95    0.59    0.48    0.41    0.36    0.31    0.26    0.22      5.50      0.46
    1964    0.24    0.29    1.20    1.58    0.95    0.79    0.64    0.53    0.42    0.35    0.29    0.27      7.54      0.63
    1965    0.27    0.32    0.35    0.60    2.05    1.98    0.68    0.52    0.42    0.37    0.32    0.28      8.16      0.68
    1966    0.32    0.36    0.44    1.00    1.74    1.47    1.23    1.25    0.83    0.64    0.56    0.47     10.29      0.86
    1967    0.38    0.38    0.41    0.42    0.45    0.51    0.54    0.51    0.47    0.42    0.36    0.30      5.15      0.43
    1968    0.27    0.34    0.44    0.57    1.08    1.45    1.16    0.82    0.63    0.50    0.41    0.34      8.02      0.67
    1969    0.49    0.58    0.53    0.49    0.38    0.33    0.26    0.24    0.24    0.26    0.24    0.20      4.25      0.35
    1970    0.20    0.27    0.75    2.06    1.90    0.87    0.90    0.85    0.71    0.59    0.48    0.39      9.96      0.83
    1971    0.40    0.48    0.66    3.11    6.40    5.84    2.79    1.21    0.88    0.69    0.54    0.42     23.42      1.95
    1972    0.40    0.45    0.43    0.41    0.43    0.45    0.49    0.48    0.41    0.34    0.32    0.58      5.17      0.43
    1973    0.73    0.61    2.29    5.82    5.47    2.22    1.04    0.87    0.68    0.57    0.50    0.41     21.23      1.77
    1974    0.37    0.39    0.50    1.20    1.82    1.39    0.89    0.72    0.60    0.50    0.42    0.35      9.14      0.76
    1975    0.29    0.25    1.05    5.04    5.65    3.42    2.40    0.97    0.77    0.61    0.49    0.40     21.34      1.78
    1976    0.34    0.35    0.42    0.87    1.37    1.34    1.10    0.93    0.72    0.55    0.44    0.44      8.87      0.74
    1977    0.42    0.39    0.71    3.30    3.68    2.97    2.61    0.91    0.67    0.52    0.43    0.34     16.95      1.41
    1978    0.33    0.39    0.52    0.68    0.64    0.53    0.51    0.40    0.33    0.29    0.28    0.26      5.16      0.43
    1979    0.27    0.29    0.35    0.44    0.65    0.83    0.73    0.56    0.44    0.36    0.31    0.29      5.51      0.46
    1980    0.27    0.59    0.76    1.70    3.94    3.15    1.19    0.91    0.71    0.56    0.46    0.42     14.66      1.22
    1981    0.41    0.42    0.41    0.46    0.45    0.33    0.40    0.45    0.36    0.33    0.32    0.28      4.63      0.39
    1982    0.25    0.24    0.21    0.19    0.20    0.21    0.24    0.27    0.27    0.25    0.22    0.20      2.75      0.23
    1983    0.21    0.47    0.62    0.49    0.43    0.63    0.69    0.48    0.39    0.43    0.51    0.48      5.83      0.49
    1984    0.45    0.45    0.40    0.53    3.26    3.37    0.81    0.61    0.49    0.41    0.34    0.28     11.41      0.95
    1985    0.29    0.32    0.36    0.39    0.49    0.52    0.62    0.67    0.49    0.39    0.33    0.28      5.16      0.43
    1986    0.28    0.29    0.29    0.35    0.36    0.47    0.52    0.39    0.32    0.28    0.25    0.35      4.14      0.35
    1987    0.43    0.40    2.53    2.72    2.07    2.27    1.04    0.80    0.62    0.51    0.44    0.38     14.20      1.18
    1988    0.38    0.37    0.36    0.35    1.33    1.47    0.53    0.45    0.42    0.39    0.33    0.27      6.65      0.55
    1989    0.27    0.39    0.59    0.60    0.83    0.93    0.69    0.59    0.48    0.39    0.35    0.29      6.39      0.53
    1990    0.29    0.29    0.55    0.97    0.97    0.94    0.90    0.63    0.51    0.46    0.39    0.32      7.23      0.60
    1991    0.27    0.25    0.26    0.26    0.23    0.20    0.19    0.18    0.16    0.15    0.14    0.14      2.42      0.20
    1992    0.12    0.14    0.58    0.77    0.54    1.75    1.89    0.75    0.60    0.49    0.40    0.33      8.36      0.70
    1993    0.29    0.37    0.67    0.81    0.67    0.56    0.48    0.39    0.30    0.26    0.23    0.19      5.21      0.43
    1994    0.20    0.22    0.26    0.37    0.44    0.46    0.48    0.47    0.39    0.32    0.28    0.25      4.14      0.35
    1995    0.24    0.53    2.63    3.47    7.22    6.53    1.06    0.95    0.88    0.74    0.64    0.52     25.41      2.12
    1996    0.46    0.43    0.56    0.80    0.85    1.20    1.24    0.82    0.66    0.53    0.44    0.42      8.42      0.70
    1997    0.43    0.40    0.40    1.50    1.62    0.61    0.57    0.51    0.42    0.42    0.43    0.37      7.68      0.64
    1998    0.37    0.49    1.86    3.98    3.11    2.80    2.65    1.12    0.81    0.63    0.53    0.44     18.79      1.57
    1999    0.37    0.51    1.21    1.57    8.37   14.07    6.96    1.30    1.04    0.89    0.72    0.56     37.55      3.13
    2000    0.47    0.45    0.89    0.97    0.91    0.98    0.66    0.56    0.47    0.44    0.37    0.29      7.47      0.62
    2001    0.30    1.13    2.29    1.85    1.05    0.86    0.68    0.56    0.45    0.38    0.33    0.28     10.16      0.85
    2002    0.27    0.25    0.27    0.29    0.27    0.27    0.24    0.21    0.20    0.20    0.18    0.16      2.81      0.23
    2003    0.15    0.15    0.15    0.30    1.35    1.50    0.71    0.61    0.51    0.42    0.36    0.30      6.52      0.54
    2004    0.27    0.29    0.44    0.55    0.49    0.40    0.38    0.38    0.35    0.31    0.27    0.23      4.35      0.36
    2005    0.20    0.20    0.28    1.39    1.92    1.50    1.31    0.92    0.73    0.57    0.46    0.37      9.88      0.82
    2006    0.34    0.38    0.46    0.44    0.40    0.37    0.35    0.31    0.27    0.26    0.24    0.21      4.01      0.33
    2007    0.24    0.33    0.80    0.88    0.52    0.43    0.41    0.38    0.33    0.28    0.24    0.22      5.05      0.42
    2008    0.20    0.20    0.49    4.47    4.85    1.37    1.10    0.87    0.69    0.56    0.47    0.39     15.66      1.30
    2009    0.33    0.56    0.68    0.60    0.57    0.59    0.97    1.01    0.68    0.54    0.44    0.35      7.31      0.61
  
 AVERAGE    0.33    0.45    0.81    1.29    1.78    1.79    1.14    0.67    0.54    0.45    0.39    0.34      9.97      0.83
