    1920    1.10    0.62    0.38    0.35    0.60   15.29    5.26    0.43    0.36    0.31    0.27    0.26     25.23
    1921    0.25    1.15    1.30    0.45    0.21    0.21    0.21    0.19    0.19    0.17    0.17    0.12      4.62
    1922    0.14    0.57    0.27   13.06   17.35    4.61    0.41    0.32    0.28    0.26    0.22    0.19     37.68
    1923    0.15    0.12    1.26    0.50    0.17    1.31    0.58    0.21    0.20    0.17    0.15    0.14      4.96
    1924    0.13    1.52    1.46   12.40    5.28   47.32   15.62    0.52    0.44    0.40    0.34    0.31     85.74
    1925    0.30    0.27    0.22    0.24    0.50    0.36    0.24    0.21    0.19    0.20    0.19    0.16      3.08
    1926    0.12    0.13    0.14    0.38    0.41    0.20    0.15    0.14    0.11    0.24    0.21    0.15      2.38
    1927    0.46    0.24    0.14    2.35    0.97    0.27    0.21    0.17    0.15    0.14    0.14    0.09      5.33
    1928    0.08    0.06    0.09    0.26    0.99    1.32    0.53    0.21    0.17    0.17    0.16    0.14      4.18
    1929    0.45    0.85    0.63    0.28    0.47    3.85    1.56    0.38    0.30    0.26    0.22    0.20      9.45
    1930    0.17    0.13    5.37    2.10    0.40    0.33    0.32    0.26    0.21    0.24    0.23    0.18      9.94
    1931    0.17    0.32    0.32    0.20    0.18    0.17    0.17    0.17    0.14    0.14    0.11    0.08      2.17
    1932    0.07    0.06    0.18    1.43    0.88    0.55    0.29    0.17    0.17    0.15    0.14    0.11      4.20
    1933    0.09    0.79    0.74    2.22    0.93    0.35    0.31    0.26    0.22    0.20    0.17    0.17      6.45
    1934    0.17    0.93    0.84    0.45    0.69    0.33    0.22    0.20    0.18    0.17    0.14    0.13      4.45
    1935    0.11    0.07    0.07    1.13    0.80    0.79    0.39    0.26    0.22    0.20    0.17    0.27      4.48
    1936    0.35    0.83    2.89    5.77   37.92   12.25    0.56    0.43    0.35    0.31    0.27    0.26     62.19
    1937    0.22    0.19    0.21    0.26    0.21    0.19    1.38    0.64    0.23    0.22    0.20    0.27      4.22
    1938    0.23    0.20   19.40    6.87   47.24   20.33    1.88    0.46    0.40    0.37    0.35    0.31     98.04
    1939    0.26    5.48    7.97    2.31    0.36    0.36    0.37    0.34    0.33    0.31    0.24    0.22     18.55
    1940    0.21    2.63    2.04    0.55    0.25    0.34    1.07    0.52    0.26    0.23    0.20    0.17      8.47
    1941    0.13    0.12    2.27    1.30    0.31    1.15    0.53    0.23    0.25    0.25    0.20    0.20      6.94
    1942    0.20    0.24    0.20    0.17    0.14    0.43    0.82    0.40    0.22    0.22    0.22    0.20      3.46
    1943    0.17    0.20    0.14    0.26    1.89    0.82    0.21    0.17    0.17    0.14    0.14    0.11      4.42
    1944    0.15    0.31    0.16    0.60    0.34    0.32    0.21    0.17    0.14    0.14    0.09    0.08      2.71
    1945    0.12    0.09    0.06   30.16   19.63    3.41    0.34    0.27    0.23    0.20    0.19    0.15     54.85
    1946    0.13    0.14    0.22    0.28    0.60    0.32    0.24    0.20    0.17    0.17    0.14    0.13      2.74
    1947    0.11    0.89    4.08    1.76    0.49    9.26    3.30    0.36    0.30    0.27    0.22    0.21     21.25
    1948    0.21    0.21    0.17    1.66    1.28    0.40    0.26    0.25    0.21    0.20    0.17    0.14      5.16
    1949    0.13    1.14    0.94    0.39    0.19    0.77    0.39    0.23    0.20    0.17    0.17    0.14      4.86
    1950    0.11    0.09    1.65    0.76    0.15    0.22    0.47    0.30    0.22    0.18    0.18    0.18      4.51
    1951    0.39    0.22    0.32    0.19    0.19    0.19    0.17    0.15    0.14    0.14    0.14    0.09      2.33
    1952    0.11    1.65    1.14    1.23    4.94    2.11    0.50    0.41    0.34    0.29    0.25    0.21     13.18
    1953    0.20    0.69    0.69    0.54    1.30    0.57    0.30    0.27    0.22    0.20    0.18    0.17      5.33
    1954    0.13    0.44    0.27    6.44   10.75   16.50    4.78    0.46    0.39    0.33    0.29    0.24     41.02
    1955    0.24    0.95    2.13    0.83   25.94   15.85    2.68    0.43    0.40    0.35    0.30    0.27     50.37
    1956    0.26    0.22    0.24    0.24    0.52    0.42    0.31    0.34    0.29    0.25    0.23    0.21      3.53
    1957    0.22    0.21    0.88   32.64   10.77    0.36    0.36    0.31    0.25    0.22    0.19    0.19     46.60
    1958    0.20    0.94    0.67    0.99   11.93    4.05    0.29    0.25    0.22    0.20    0.19    0.17     20.10
    1959    0.17    0.19    0.24    0.17   21.53    7.29    0.59    0.42    0.32    0.27    0.23    0.22     31.64
    1960    0.19    1.40    6.79    2.38    0.65    1.04    0.50    0.36    0.37    0.38    0.33    0.29     14.68
    1961    0.24    0.21    0.37    0.24    0.20    0.18    0.17    0.17    0.13    0.12    0.11    0.07      2.21
    1962    0.07    3.44    1.60    0.32    0.21    0.18    0.19    0.19    0.20    0.22    0.20    0.14      6.96
    1963    0.13    0.14    0.15    1.05    0.65    0.20    0.17    0.14    0.14    0.12    0.09    0.07      3.05
    1964    0.19    0.14    0.40    0.47    0.22    0.15    0.14    0.13    0.09    0.09    0.06    0.09      2.17
    1965    0.09    0.22    0.14    3.31    3.51    1.01    0.21    0.18    0.17    0.17    0.14    0.13      9.28
    1966    0.21    0.19    0.19    1.24    5.34    1.98    3.87    1.51    0.36    0.32    0.28    0.22     15.71
    1967    0.20    0.20    0.17    0.13    0.43    0.33    0.25    0.21    0.20    0.17    0.17    0.13      2.59
    1968    0.09    0.33    0.32    0.23    0.44    0.82    0.46    0.26    0.20    0.19    0.17    0.15      3.66
    1969    1.79    0.79    0.29    0.17    0.17    0.15    0.14    0.10    0.13    0.14    0.11    0.08      4.06
    1970    0.06    0.19    0.43    5.25    1.91    0.49    0.37    0.34    0.28    0.25    0.20    0.19      9.96
    1971    0.21    0.69    0.86   10.91    7.61   16.34    5.22    0.49    0.44    0.37    0.31    0.27     43.72
    1972    0.26    0.26    0.22    0.21    0.21    0.20    0.20    0.20    0.17    0.15    0.12    1.82      4.02
    1973    0.86    0.46   15.35   14.27    3.50    0.45    0.44    0.42    0.34    0.33    0.31    0.26     36.99
    1974    0.22    0.28    1.14    4.24    3.89    1.13    0.36    0.34    0.33    0.28    0.22    0.20     12.63
    1975    0.17    0.12    2.69   24.52   25.26    6.10    0.46    0.40    0.32    0.28    0.25    0.21     60.78
    1976    0.19    0.21    0.39    1.17    2.71    5.38    1.79    0.32    0.26    0.22    0.20    0.34     13.18
    1977    0.23    0.17    0.37    5.24    7.85    9.93    2.94    0.41    0.33    0.29    0.25    0.21     28.22
    1978    0.20    0.53    0.36    0.32    0.20    0.37    0.21    0.17    0.17    0.14    0.14    0.13      2.94
    1979    0.13    0.14    0.35    0.42    0.80    0.45    0.21    0.17    0.15    0.14    0.14    0.14      3.24
    1980    0.14    0.90    1.18    4.22    6.16    1.98    0.38    0.34    0.29    0.26    0.22    0.21     16.28
    1981    0.21    0.20    0.17    0.84    0.35    0.14    0.14    0.17    0.14    0.13    0.13    0.08      2.70
    1982    0.07    0.06    0.06    0.04    0.04    0.09    0.10    0.12    0.13    0.09    0.09    0.06      0.95
    1983    0.08    1.44    1.25    0.94    0.39    0.92    0.47    0.26    0.20    0.62    0.37    0.28      7.22
    1984    0.26    0.41    0.25    0.69   11.18    3.91    0.38    0.32    0.29    0.25    0.20    0.18     18.32
    1985    0.18    0.21    0.21    0.18    0.18    0.17    0.43    0.26    0.17    0.17    0.14    0.13      2.43
    1986    0.11    0.08    0.12    0.15    0.11    0.65    0.32    0.14    0.13    0.10    0.10    0.47      2.48
    1987    0.29    0.14   10.19    3.56    3.40    1.42    0.34    0.27    0.23    0.21    0.20    0.19     20.44
    1988    0.19    0.17    0.14    0.12    3.38    1.32    0.23    0.20    0.21    0.20    0.17    0.14      6.47
    1989    0.14    0.69    0.88    0.43    0.21    0.19    0.19    0.17    0.14    0.14    0.12    0.09      3.39
    1990    0.11    0.09    1.30    0.72    0.30    0.43    0.24    0.17    0.17    0.17    0.14    0.12      3.96
    1991    0.09    0.09    0.11    0.08    0.06    0.06    0.06    0.06    0.06    0.05    0.04    0.03      0.79
    1992    0.03    0.18    2.34    1.04    0.36    0.94    0.47    0.25    0.21    0.18    0.17    0.14      6.31
    1993    0.13    0.12    0.50    0.33    0.15    0.15    0.14    0.13    0.09    0.08    0.06    0.06      1.94
    1994    0.19    0.14    0.35    1.91    0.84    0.21    0.27    0.23    0.19    0.17    0.17    0.14      4.81
    1995    0.14    0.34    9.51   10.50   39.50   12.47    0.55    0.51    0.46    0.42    0.40    0.33     75.13
    1996    0.28    0.27    0.30    0.80    0.37    3.38    1.46    0.41    0.32    0.29    0.24    0.22      8.34
    1997    0.21    0.27    0.32    0.94    0.39    0.18    0.17    0.14    0.12    0.12    0.09    0.07      3.02
    1998    0.17    3.97    8.53    3.06    5.02    2.10    0.51    0.44    0.36    0.32    0.29    0.25     25.02
    1999    0.23    1.31    2.04   11.39   65.47   45.00    8.30    0.71    0.45    0.39    0.32    0.29    135.90
    2000    0.26    2.14    0.95    0.29    5.06    1.99    0.41    0.36    0.29    0.24    0.21    0.19     12.39
    2001    0.17    5.95    4.19    1.21    0.33    0.26    0.25    0.21    0.19    0.17    0.15    0.12     13.20
    2002    0.13    0.12    0.14    0.10    0.07    0.07    0.09    0.09    0.09    0.09    0.06    0.06      1.11
    2003    0.09    0.06    0.04    1.23    4.28    1.63    0.47    0.35    0.30    0.26    0.23    0.20      9.14
    2004    0.17    1.18    1.22    1.95    0.76    0.27    0.26    0.23    0.20    0.17    0.17    0.14      6.72
    2005    0.12    0.26    0.43    1.04    4.19   13.44    4.20    0.32    0.27    0.23    0.20    0.19     24.89
    2006    0.16    0.43    0.28    0.17    0.39    0.20    0.19    0.17    0.17    0.14    0.13    0.11      2.54
    2007    0.10    0.18    1.60    0.78    0.17    0.14    0.14    0.13    0.09    0.08    0.06    0.05      3.52
    2008    0.04    0.57    1.99    1.10    7.08    2.59    0.33    0.26    0.22    0.21    0.19    0.17     14.75
    2009    0.13    1.74    1.69    1.05    0.38    0.36    5.37    2.01    0.34    0.29    0.24    0.20     13.80
