    1920    2.28    2.49    2.20    1.58    2.04   14.88   14.55    1.74    1.33    1.03    0.81    0.67     45.60
    1921    0.71    2.37    3.08    1.76    1.18    1.49    1.54    1.04    0.84    0.72    0.65    0.58     15.96
    1922    0.66    2.00    2.24    7.83   18.96   12.73    2.04    1.50    1.11    0.86    0.69    0.54     51.16
    1923    0.43    0.39    2.66    2.92    0.80    2.38    2.63    1.17    1.01    0.84    0.69    0.61     16.53
    1924    0.55    1.48    2.04    3.87    6.79   29.98   27.29    2.12    1.67    1.35    1.08    0.91     79.13
    1925    0.93    0.98    0.97    1.34    1.87    1.91    1.58    1.15    0.94    0.89    0.83    0.70     14.09
    1926    0.55    0.51    0.66    1.03    1.35    1.34    1.15    0.93    0.75    1.15    1.36    0.98     11.76
    1927    1.13    1.20    0.94    2.79    3.04    1.55    1.53    1.21    0.95    0.77    0.69    0.57     16.37
    1928    0.49    0.46    0.81    1.19    2.47    3.89    2.77    1.40    1.08    0.88    0.75    0.66     16.85
    1929    1.05    2.66    2.85    1.83    1.99    7.58    8.51    2.83    1.53    1.19    0.95    0.74     33.71
    1930    0.56    0.49    5.88    6.44    1.69    1.70    1.58    1.39    1.09    1.01    0.97    0.81     23.61
    1931    0.64    1.45    2.08    1.72    1.56    1.46    1.30    1.18    1.03    0.84    0.68    0.55     14.49
    1932    0.47    0.47    1.16    2.77    3.08    2.53    2.13    1.42    1.07    0.83    0.69    0.56     17.18
    1933    0.48    2.18    3.02    3.40    4.90    3.56    2.01    1.67    1.32    1.03    0.82    0.66     25.05
    1934    0.63    1.74    2.54    2.26    2.25    1.92    1.45    1.15    0.90    0.74    0.63    0.52     16.73
    1935    0.47    0.41    0.46    2.12    3.04    2.87    2.49    1.48    1.20    0.99    0.84    0.84     17.21
    1936    1.37    1.83    5.33    8.98   16.91   13.85    2.46    1.60    1.19    0.91    0.73    0.61     55.77
    1937    0.50    0.46    1.01    2.31    2.20    1.27    2.34    2.50    1.35    1.09    0.93    1.01     16.97
    1938    1.10    1.01   14.79   17.91   32.19   37.66    9.88    1.68    1.29    1.17    1.14    1.08    120.90
    1939    1.00    6.36   10.96    5.96    1.91    1.85    1.87    1.62    1.47    1.36    1.13    0.93     36.42
    1940    0.86    2.95    3.86    2.13    1.52    1.66    3.79    3.64    1.38    1.04    0.83    0.67     24.33
    1941    0.55    0.52    3.27    4.29    1.93    2.19    2.25    1.35    1.19    1.11    0.98    0.96     20.59
    1942    1.05    1.24    1.34    1.40    1.47    1.85    3.43    3.14    1.43    1.16    1.10    1.03     19.64
    1943    0.90    1.14    1.18    1.06    2.54    2.67    1.29    0.97    0.76    0.68    0.58    0.50     14.27
    1944    0.65    0.93    0.90    1.46    1.99    1.84    1.61    1.23    0.93    0.72    0.58    0.47     13.31
    1945    0.53    0.61    0.59    9.24   13.25    5.21    1.84    1.40    1.07    0.83    0.66    0.53     35.76
    1946    0.43    0.49    0.72    0.88    2.29    2.54    1.50    1.41    1.13    0.95    0.80    0.65     13.79
    1947    0.57    1.49    4.35    4.40    2.31    7.50    7.46    1.85    1.39    1.07    0.86    0.70     33.95
    1948    0.72    0.78    0.74    1.54    2.38    1.91    1.36    1.20    1.05    0.89    0.74    0.59     13.90
    1949    0.50    1.44    2.71    2.32    1.55    2.24    2.35    1.55    1.31    1.08    0.89    0.74     18.68
    1950    0.58    0.50    1.92    2.23    0.98    0.89    1.21    1.32    1.08    0.90    0.78    0.73     13.12
    1951    0.87    0.95    1.02    1.06    1.06    1.27    1.23    0.99    0.82    0.71    0.64    0.54     11.16
    1952    0.49    2.29    3.01    2.32    6.29    8.47    4.48    1.85    1.39    1.07    0.86    0.69     33.21
    1953    0.62    1.12    1.73    2.02    2.59    2.37    1.79    1.61    1.31    1.03    0.86    0.73     17.78
    1954    0.62    0.90    1.15    9.50   16.42   11.89    5.59    2.08    1.59    1.25    0.97    0.75     52.71
    1955    0.72    1.70    3.20    2.73   15.86   20.92    6.74    1.79    1.46    1.26    1.04    0.91     58.33
    1956    0.85    0.72    0.87    1.05    1.77    2.37    1.97    1.68    1.48    1.23    1.07    1.00     16.06
    1957    1.09    1.13    1.57   17.49   17.43    1.87    1.56    1.33    1.04    0.82    0.67    0.65     46.65
    1958    0.68    0.92    1.31    1.91    5.75    5.38    1.47    1.08    0.82    0.70    0.63    0.58     21.23
    1959    0.61    0.79    1.44    1.47   10.18   10.97    2.37    1.88    1.41    1.07    0.86    0.72     33.77
    1960    0.60    1.98    6.64    5.89    4.91    8.45    5.45    1.89    1.58    1.47    1.32    1.11     41.29
    1961    0.95    0.94    1.44    1.69    1.57    1.40    1.16    1.03    0.87    0.70    0.59    0.50     12.84
    1962    0.44    2.64    3.84    2.07    1.35    1.21    1.08    0.98    0.96    1.05    0.97    0.80     17.39
    1963    0.63    1.02    1.21    2.52    2.87    1.50    1.19    1.00    0.85    0.70    0.58    0.47     14.54
    1964    0.57    0.72    3.78    4.95    2.94    2.29    1.54    1.23    0.97    0.76    0.62    0.58     20.95
    1965    0.57    0.83    0.93    1.78    7.25    6.63    1.47    1.11    0.89    0.77    0.66    0.58     23.47
    1966    0.77    0.88    1.18    3.10    7.78    6.37    5.01    4.91    1.51    1.15    1.02    0.88     34.56
    1967    0.73    0.81    0.99    1.05    1.19    1.39    1.42    1.26    1.12    0.99    0.83    0.67     12.45
    1968    0.58    0.90    1.21    1.63    3.91    7.29    5.24    1.66    1.25    0.97    0.79    0.65     26.08
    1969    1.25    1.49    1.33    1.28    0.95    0.83    0.65    0.54    0.55    0.57    0.52    0.43     10.39
    1970    0.44    0.72    2.34    7.47    6.52    2.07    2.67    2.43    1.54    1.25    1.00    0.81     29.26
    1971    0.84    1.23    1.78   10.75   20.14   16.47    7.19    2.21    1.70    1.33    1.03    0.79     65.46
    1972    0.77    1.00    1.01    1.00    1.15    1.16    1.23    1.21    0.97    0.78    0.68    1.61     12.57
    1973    2.00    1.51    8.13   18.87   16.53    6.12    2.16    1.74    1.35    1.08    0.95    0.80     61.24
    1974    0.70    0.89    1.32    3.66    8.19    6.22    1.90    1.49    1.23    1.03    0.83    0.68     28.14
    1975    0.57    0.50    3.27   14.66   18.09   11.66    6.08    1.85    1.45    1.14    0.91    0.72     60.90
    1976    0.62    0.69    1.09    2.53    5.38    6.26    4.06    2.18    1.44    1.09    0.86    0.85     27.05
    1977    0.86    0.85    1.99   11.03   14.59   10.29    6.10    1.67    1.23    0.94    0.76    0.60     50.91
    1978    0.59    0.92    1.36    1.84    1.69    1.40    1.35    0.97    0.77    0.64    0.58    0.55     12.66
    1979    0.57    0.68    0.94    1.21    1.91    2.46    1.98    1.36    1.04    0.82    0.69    0.63     14.29
    1980    0.60    1.75    2.28    6.12   14.94   11.98    3.32    1.66    1.31    1.03    0.83    0.76     46.58
    1981    0.78    0.91    0.96    1.22    1.21    0.83    1.09    1.19    0.85    0.73    0.71    0.62     11.10
    1982    0.54    0.54    0.48    0.49    0.52    0.55    0.61    0.65    0.64    0.58    0.49    0.44      6.53
    1983    0.48    1.37    1.83    1.32    1.13    1.84    1.98    1.19    0.93    1.09    1.27    1.09     15.52
    1984    1.06    1.09    1.00    1.50   10.71   10.63    1.74    1.29    1.02    0.85    0.69    0.56     32.14
    1985    0.58    0.72    0.92    1.04    1.35    1.41    1.73    1.83    1.18    0.90    0.74    0.62     13.02
    1986    0.61    0.67    0.72    0.95    1.00    1.35    1.46    0.95    0.77    0.63    0.56    0.90     10.57
    1987    1.10    0.96    7.38    7.82    8.67    9.48    2.57    1.52    1.18    0.96    0.82    0.71     43.17
    1988    0.77    0.81    0.87    0.88    4.15    4.47    1.25    1.03    0.92    0.83    0.72    0.58     17.28
    1989    0.56    1.04    1.68    1.65    2.44    2.68    1.76    1.46    1.14    0.90    0.77    0.63     16.71
    1990    0.64    0.66    1.60    3.07    2.87    4.04    3.70    1.36    1.10    0.97    0.82    0.66     21.49
    1991    0.56    0.54    0.60    0.64    0.57    0.48    0.46    0.40    0.34    0.30    0.29    0.28      5.46
    1992    0.26    0.31    1.88    2.44    1.48    6.69    6.81    1.58    1.25    0.99    0.81    0.66     25.16
    1993    0.60    0.91    1.93    2.34    1.77    1.43    1.22    0.94    0.71    0.57    0.48    0.40     13.30
    1994    0.43    0.49    0.67    1.06    1.27    1.26    1.28    1.21    0.95    0.74    0.63    0.55     10.54
    1995    0.53    1.58    7.91   13.78   21.16   15.06    2.23    1.95    1.83    1.51    1.27    1.07     69.88
    1996    0.93    0.89    1.50    2.30    2.38    5.75    5.56    1.77    1.35    1.07    0.88    0.84     25.22
    1997    0.87    0.86    0.98    4.62    4.88    1.47    1.37    1.23    0.96    0.92    0.94    0.82     19.92
    1998    0.83    1.30    5.88   15.10   13.16    8.38    6.28    2.03    1.54    1.19    0.98    0.82     57.49
    1999    0.68    1.34    3.63    5.99   23.60   35.28   16.56    2.73    2.02    1.71    1.40    1.07     96.01
    2000    0.91    0.92    2.51    2.73    2.52    2.70    1.61    1.33    1.08    0.95    0.82    0.64     18.72
    2001    0.66    3.51    8.49    7.30    3.08    1.92    1.51    1.22    0.97    0.77    0.65    0.55     30.63
    2002    0.55    0.52    0.68    0.77    0.66    0.68    0.61    0.51    0.45    0.43    0.39    0.34      6.59
    2003    0.32    0.33    0.35    0.90    4.39    4.66    1.79    1.46    1.18    0.94    0.79    0.64     17.75
    2004    0.58    0.70    1.21    1.57    1.30    1.03    0.97    0.93    0.84    0.72    0.60    0.51     10.96
    2005    0.43    0.49    0.78    4.43    7.09    7.95    5.77    1.84    1.40    1.09    0.87    0.71     32.85
    2006    0.65    0.87    1.17    1.14    1.02    0.95    0.84    0.74    0.63    0.57    0.51    0.46      9.55
    2007    0.52    0.88    2.47    2.65    1.33    1.10    1.05    0.95    0.78    0.64    0.54    0.47     13.38
    2008    0.43    0.46    1.49   12.20   15.96    7.19    3.12    1.66    1.30    1.06    0.89    0.75     46.51
    2009    0.62    1.51    1.87    1.57    1.50    1.60    3.84    3.67    1.46    1.13    0.91    0.72     20.40
