    1920    0.38    0.32    0.30    0.28    0.27   10.61    3.68    0.31    0.31    0.31    0.28    0.27     17.32
    1921    0.24    0.50    0.50    0.19    0.18    0.17    0.16    0.15    0.13    0.12    0.10    0.09      2.53
    1922    0.09    0.15    0.06   10.00   14.30    3.69    0.25    0.26    0.27    0.25    0.24    0.21     29.77
    1923    0.18    0.16    0.67    0.23    0.12    0.65    0.22    0.10    0.10    0.10    0.09    0.08      2.70
    1924    0.07    0.88    0.66    6.64    2.42   54.23   17.69    0.45    0.50    0.37    0.35    0.33     84.59
    1925    0.30    0.27    0.23    0.21    0.19    0.18    0.16    0.15    0.14    0.13    0.12    0.10      2.18
    1926    0.09    0.08    0.07    0.08    0.06    0.06    0.05    0.05    0.05    0.05    0.05    0.05      0.74
    1927    0.09    0.05    0.06    1.51    0.53    0.09    0.09    0.09    0.09    0.08    0.06    0.06      2.80
    1928    0.06    0.05    0.04    0.03    0.41    0.41    0.10    0.06    0.09    0.09    0.09    0.09      1.52
    1929    0.10    0.25    0.12    0.09    0.09    1.20    0.40    0.15    0.16    0.18    0.18    0.16      3.08
    1930    0.15    0.13    4.25    1.51    0.15    0.15    0.15    0.15    0.15    0.15    0.13    0.13      7.20
    1931    0.12    0.10    0.10    0.08    0.08    0.07    0.07    0.06    0.06    0.06    0.06    0.06      0.92
    1932    0.05    0.04    0.03    0.73    0.31    0.06    0.06    0.08    0.09    0.09    0.09    0.06      1.69
    1933    0.06    0.31    0.22    1.03    0.35    0.10    0.12    0.13    0.13    0.13    0.12    0.12      2.82
    1934    0.10    0.38    0.25    0.09    0.15    0.10    0.11    0.11    0.11    0.10    0.10    0.08      1.68
    1935    0.07    0.06    0.06    0.57    0.26    0.18    0.06    0.09    0.10    0.11    0.11    0.10      1.77
    1936    0.10    0.22    0.86    1.24   41.32   13.40    0.37    0.38    0.37    0.34    0.32    0.30     59.22
    1937    0.27    0.23    0.21    0.18    0.16    0.15    0.67    0.23    0.13    0.13    0.13    0.13      2.62
    1938    0.13    0.12   16.03    5.36   52.99   19.38    0.70    0.68    0.37    0.37    0.34    0.32     96.79
    1939    0.29    4.28    2.71    0.42    0.27    0.27    0.26    0.24    0.23    0.22    0.21    0.19      9.59
    1940    0.17    1.77    0.92    0.16    0.16    0.15    0.29    0.15    0.15    0.15    0.15    0.13      4.35
    1941    0.12    0.10    1.48    0.63    0.09    0.48    0.16    0.11    0.11    0.12    0.11    0.11      3.62
    1942    0.10    0.10    0.10    0.08    0.07    0.08    0.20    0.07    0.09    0.10    0.10    0.10      1.19
    1943    0.10    0.10    0.08    0.06    1.07    0.37    0.09    0.08    0.09    0.08    0.07    0.06      2.25
    1944    0.06    0.05    0.05    0.18    0.06    0.05    0.06    0.06    0.06    0.06    0.06    0.05      0.80
    1945    0.05    0.04    0.03   29.56   18.01    2.79    0.22    0.23    0.24    0.22    0.20    0.18     51.77
    1946    0.15    0.13    0.12    0.10    0.14    0.08    0.09    0.09    0.10    0.10    0.08    0.08      1.26
    1947    0.06    0.38    1.92    0.69    0.12    3.77    1.33    0.23    0.23    0.23    0.21    0.19      9.36
    1948    0.18    0.16    0.14    0.95    0.53    0.13    0.13    0.13    0.13    0.13    0.12    0.10      2.83
    1949    0.09    0.54    0.31    0.08    0.08    0.26    0.09    0.10    0.10    0.10    0.10    0.08      1.93
    1950    0.07    0.06    0.95    0.33    0.06    0.06    0.06    0.06    0.07    0.09    0.09    0.09      1.99
    1951    0.09    0.09    0.09    0.09    0.08    0.08    0.07    0.06    0.06    0.06    0.06    0.05      0.88
    1952    0.05    0.92    0.46    0.39    0.92    0.33    0.18    0.22    0.23    0.24    0.21    0.19      4.34
    1953    0.18    0.23    0.17    0.13    0.48    0.15    0.15    0.15    0.15    0.15    0.13    0.12      2.19
    1954    0.11    0.10    0.08    4.22    5.49   14.49    4.45    0.31    0.33    0.33    0.31    0.28     30.50
    1955    0.27    0.36    0.89    0.26   24.03   13.05    1.78    0.34    0.34    0.34    0.31    0.30     42.27
    1956    0.27    0.24    0.21    0.19    0.17    0.16    0.16    0.15    0.15    0.15    0.15    0.14      2.14
    1957    0.13    0.13    0.31   31.82   10.31    0.24    0.24    0.24    0.22    0.21    0.19    0.18     44.22
    1958    0.16    0.38    0.16    0.31    6.19    2.15    0.19    0.19    0.19    0.18    0.16    0.15     10.41
    1959    0.13    0.12    0.10    0.09   18.42    6.02    0.19    0.21    0.23    0.23    0.21    0.20     26.15
    1960    0.18    0.73    2.82    0.88    0.18    0.25    0.21    0.21    0.22    0.22    0.21    0.21      6.32
    1961    0.19    0.18    0.16    0.15    0.13    0.12    0.11    0.09    0.09    0.07    0.06    0.06      1.41
    1962    0.05    2.47    0.93    0.07    0.08    0.08    0.09    0.09    0.08    0.08    0.08    0.08      4.18
    1963    0.07    0.06    0.06    0.48    0.18    0.06    0.06    0.06    0.06    0.06    0.05    0.05      1.25
    1964    0.04    0.04    0.08    0.08    0.03    0.04    0.04    0.04    0.04    0.04    0.03    0.03      0.53
    1965    0.03    0.03    0.03    2.32    1.27    0.16    0.10    0.10    0.10    0.10    0.10    0.09      4.43
    1966    0.07    0.06    0.06    0.60    1.51    0.47    0.32    0.17    0.21    0.23    0.23    0.21      4.14
    1967    0.19    0.18    0.15    0.13    0.11    0.10    0.09    0.09    0.09    0.09    0.08    0.08      1.38
    1968    0.07    0.06    0.06    0.06    0.07    0.22    0.06    0.09    0.10    0.10    0.10    0.10      1.09
    1969    1.04    0.35    0.10    0.10    0.10    0.09    0.08    0.06    0.06    0.06    0.05    0.05      2.14
    1970    0.04    0.03    0.08    2.85    1.00    0.09    0.12    0.13    0.15    0.15    0.15    0.15      4.94
    1971    0.13    0.16    0.23    4.88    2.77   15.27    5.08    0.37    0.43    0.37    0.34    0.31     30.34
    1972    0.29    0.27    0.22    0.21    0.18    0.16    0.15    0.13    0.13    0.11    0.09    1.07      3.01
    1973    0.36    0.11   10.81   10.23    2.33    0.30    0.31    0.31    0.30    0.29    0.27    0.24     25.86
    1974    0.22    0.19    0.47    1.60    0.82    0.19    0.21    0.21    0.21    0.21    0.19    0.17      4.69
    1975    0.15    0.13    1.85   21.68   24.53    5.79    0.30    0.31    0.30    0.28    0.27    0.23     55.82
    1976    0.21    0.18    0.16    0.48    0.81    0.68    0.16    0.18    0.19    0.18    0.18    0.16      3.57
    1977    0.15    0.13    0.11    3.22    2.23    6.59    2.18    0.26    0.27    0.26    0.24    0.21     15.85
    1978    0.19    0.16    0.15    0.14    0.13    0.12    0.11    0.09    0.09    0.08    0.07    0.06      1.39
    1979    0.06    0.06    0.06    0.06    0.25    0.08    0.06    0.06    0.06    0.06    0.06    0.06      0.93
    1980    0.05    0.38    0.47    1.22    1.00    0.22    0.18    0.20    0.21    0.19    0.18    0.16      4.46
    1981    0.15    0.13    0.12    0.32    0.11    0.09    0.08    0.07    0.06    0.06    0.06    0.05      1.30
    1982    0.04    0.04    0.03    0.03    0.03    0.03    0.02    0.02    0.02    0.02    0.02    0.02      0.32
    1983    0.02    0.76    0.51    0.26    0.06    0.29    0.10    0.12    0.12    0.15    0.13    0.13      2.65
    1984    0.13    0.13    0.13    0.22    5.40    1.88    0.19    0.21    0.21    0.20    0.19    0.16      9.05
    1985    0.15    0.13    0.13    0.11    0.09    0.09    0.08    0.08    0.08    0.08    0.08    0.07      1.17
    1986    0.06    0.06    0.05    0.04    0.04    0.23    0.08    0.03    0.03    0.03    0.03    0.10      0.78
    1987    0.04    0.04    8.18    2.74    1.26    0.41    0.18    0.19    0.19    0.18    0.16    0.15     13.72
    1988    0.14    0.12    0.11    0.09    2.42    0.86    0.10    0.10    0.10    0.10    0.10    0.10      4.34
    1989    0.08    0.22    0.26    0.07    0.08    0.09    0.09    0.09    0.08    0.07    0.06    0.06      1.25
    1990    0.05    0.05    0.68    0.26    0.05    0.06    0.06    0.06    0.07    0.07    0.07    0.06      1.54
    1991    0.06    0.05    0.05    0.04    0.03    0.03    0.03    0.03    0.03    0.02    0.02    0.02      0.41
    1992    0.02    0.02    1.44    0.51    0.04    0.27    0.09    0.10    0.12    0.12    0.12    0.10      2.95
    1993    0.09    0.08    0.13    0.06    0.06    0.06    0.05    0.05    0.05    0.04    0.04    0.03      0.74
    1994    0.03    0.03    0.05    1.05    0.37    0.06    0.08    0.09    0.10    0.10    0.10    0.09      2.15
    1995    0.08    0.06    5.31    5.94   44.07   13.90    0.37    0.63    0.62    0.37    0.36    0.33     72.04
    1996    0.31    0.28    0.25    0.26    0.21    1.57    0.53    0.21    0.21    0.22    0.21    0.19      4.45
    1997    0.18    0.16    0.15    0.33    0.12    0.12    0.11    0.09    0.09    0.08    0.07    0.06      1.56
    1998    0.06    2.39    2.93    0.90    0.85    0.30    0.27    0.28    0.30    0.28    0.28    0.25      9.09
    1999    0.22    0.64    0.89    5.70   76.21   51.38    8.80    1.18    0.36    0.34    0.31    0.28    146.31
    2000    0.25    1.31    0.44    0.20    3.09    1.05    0.21    0.21    0.20    0.19    0.18    0.16      7.49
    2001    0.15    4.65    2.04    0.19    0.16    0.17    0.16    0.16    0.15    0.13    0.12    0.10      8.18
    2002    0.09    0.07    0.06    0.06    0.05    0.04    0.04    0.03    0.03    0.03    0.03    0.03      0.56
    2003    0.03    0.03    0.02    0.63    1.76    0.56    0.09    0.12    0.13    0.15    0.15    0.15      3.82
    2004    0.13    0.56    0.47    0.66    0.18    0.13    0.15    0.14    0.13    0.13    0.12    0.10      2.90
    2005    0.08    0.07    0.08    0.40    1.17    9.33    3.06    0.21    0.22    0.21    0.20    0.18     15.21
    2006    0.16    0.13    0.13    0.12    0.09    0.09    0.09    0.08    0.08    0.07    0.06    0.06      1.16
    2007    0.06    0.05    0.88    0.31    0.06    0.06    0.06    0.06    0.05    0.05    0.04    0.03      1.71
    2008    0.03    0.20    1.09    0.44    1.63    0.56    0.13    0.15    0.16    0.16    0.15    0.13      4.83
    2009    0.12    1.06    0.84    0.31    0.12    0.13    0.98    0.32    0.18    0.19    0.19    0.18      4.62
