    1920    0.66    0.66    0.65    0.64    0.64    0.63    0.62    0.62    0.61    0.60    0.59    0.58      7.49      0.62
    1921    0.57    0.55    0.54    0.52    0.51    0.49    0.48    0.46    0.44    0.43    0.41    0.39      5.79      0.48
    1922    0.37    0.35    0.33    3.80    1.67    0.29    0.29    0.28    0.26    0.26    0.25    0.24      8.38      0.70
    1923    0.22    0.21    0.19    0.18    0.17    0.27    0.14    0.14    0.13    0.12    0.11    0.10      1.98      0.16
    1924    0.10    0.18    0.11    0.98    0.70    5.81    1.98    0.18    0.21    0.23    0.25    0.27     11.01      0.92
    1925    0.28    0.27    0.26    0.25    0.24    0.22    0.21    0.19    0.18    0.17    0.16    0.14      2.57      0.21
    1926    0.13    0.12    0.11    0.10    0.09    0.08    0.08    0.07    0.06    0.06    0.05    0.05      1.01      0.08
    1927    0.04    0.04    0.03    0.33    0.11    0.03    0.03    0.03    0.02    0.02    0.02    0.02      0.72      0.06
    1928    0.02    0.02    0.02    0.01    0.01    0.01    0.01    0.01    0.01    0.01    0.01    0.01      0.15      0.01
    1929    0.01    0.04    0.01    0.01    0.01    0.69    0.25    0.02    0.02    0.03    0.03    0.03      1.15      0.10
    1930    0.03    0.03    0.58    0.21    0.03    0.03    0.03    0.03    0.03    0.03    0.03    0.03      1.09      0.09
    1931    0.03    0.03    0.03    0.03    0.02    0.02    0.02    0.02    0.02    0.02    0.02    0.02      0.26      0.02
    1932    0.02    0.02    0.01    0.11    0.04    0.01    0.01    0.01    0.01    0.01    0.01    0.01      0.29      0.02
    1933    0.01    0.06    0.02    0.17    0.06    0.02    0.02    0.02    0.02    0.02    0.02    0.02      0.44      0.04
    1934    0.02    0.02    0.03    0.02    0.02    0.02    0.02    0.02    0.02    0.02    0.02    0.02      0.24      0.02
    1935    0.02    0.02    0.02    0.13    0.04    0.07    0.02    0.02    0.02    0.02    0.02    0.02      0.39      0.03
    1936    0.02    0.35    0.12    0.33    9.82    3.22    0.14    0.15    0.17    0.18    0.19    0.19     14.88      1.24
    1937    0.19    0.18    0.17    0.16    0.15    0.14    0.12    0.12    0.11    0.10    0.10    0.09      1.63      0.14
    1938    0.08    0.08    1.49    0.54    2.02    0.71    0.11    0.12    0.12    0.13    0.14    0.14      5.67      0.47
    1939    0.14    0.13    0.12    0.12    0.11    0.11    0.10    0.09    0.09    0.09    0.08    0.08      1.26      0.10
    1940    0.08    0.95    0.32    0.08    0.08    0.08    0.07    0.07    0.07    0.06    0.06    0.05      1.96      0.16
    1941    0.05    0.05    0.41    0.78    0.23    0.17    0.06    0.06    0.06    0.06    0.06    0.07      2.04      0.17
    1942    0.07    0.06    0.06    0.06    0.06    0.06    2.23    0.80    0.08    0.08    0.09    0.09      3.75      0.31
    1943    0.09    0.51    0.17    0.10    0.28    0.09    0.10    0.10    0.09    0.09    0.08    0.08      1.78      0.15
    1944    0.07    0.07    0.06    0.28    0.10    0.05    0.05    0.05    0.04    0.04    0.04    0.04      0.91      0.08
    1945    0.03    0.03    0.03    1.95    4.30    1.26    0.08    0.08    0.08    0.08    0.08    0.08      8.09      0.67
    1946    0.07    0.07    0.07    0.06    0.06    0.05    0.05    0.04    0.04    0.04    0.04    0.03      0.62      0.05
    1947    0.03    0.13    0.05    0.03    0.03    1.63    0.57    0.05    0.05    0.05    0.05    0.05      2.73      0.23
    1948    0.05    0.05    0.05    0.19    0.07    0.05    0.04    0.04    0.04    0.04    0.04    0.04      0.70      0.06
    1949    0.04    0.08    0.40    0.13    0.06    0.04    0.04    0.05    0.05    0.05    0.06    0.06      1.06      0.09
    1950    0.06    0.05    1.21    0.43    0.06    0.06    0.05    0.05    0.05    0.05    0.04    0.04      2.16      0.18
    1951    0.04    0.04    0.04    0.06    0.03    0.04    0.04    0.03    0.03    0.03    0.03    0.03      0.45      0.04
    1952    0.03    0.26    0.09    0.17    0.06    0.03    0.03    0.03    0.03    0.04    0.04    0.04      0.85      0.07
    1953    0.03    0.03    0.03    0.03    0.05    0.03    0.03    0.03    0.03    0.02    0.02    0.02      0.35      0.03
    1954    0.02    0.09    0.03    0.29    0.11    0.03    0.03    0.03    0.03    0.03    0.04    0.04      0.76      0.06
    1955    0.04    0.11    0.05    0.04    1.10    0.39    0.05    0.05    0.05    0.05    0.06    0.05      2.05      0.17
    1956    0.05    0.05    0.05    0.05    0.04    0.04    0.04    0.04    0.04    0.03    0.03    0.03      0.50      0.04
    1957    0.03    0.03    0.03    0.94    0.34    0.04    0.04    0.04    0.04    0.04    0.04    0.03      1.64      0.14
    1958    0.03    0.03    0.19    0.07    0.03    0.03    0.03    0.03    0.03    0.03    0.03    0.03      0.56      0.05
    1959    0.03    0.03    0.03    0.03    0.97    0.35    0.04    0.04    0.04    0.04    0.04    0.04      1.66      0.14
    1960    0.04    0.04    0.49    0.17    0.10    0.04    0.04    0.04    0.04    0.05    0.05    0.05      1.14      0.10
    1961    0.05    0.05    0.05    0.05    0.05    0.04    0.04    0.04    0.04    0.03    0.03    0.03      0.49      0.04
    1962    0.03    0.08    0.03    0.02    0.02    0.02    0.02    0.02    0.02    0.02    0.02    0.02      0.33      0.03
    1963    0.02    0.02    0.02    0.02    0.02    0.02    0.02    0.02    0.02    0.02    0.02    0.02      0.26      0.02
    1964    0.02    0.02    0.02    0.02    0.02    0.02    0.02    0.01    0.01    0.01    0.01    0.01      0.18      0.02
    1965    0.01    0.01    0.01    0.91    0.32    0.02    0.02    0.02    0.02    0.02    0.02    0.02      1.41      0.12
    1966    0.02    0.02    0.02    0.02    2.14    0.77    0.04    0.05    0.05    0.05    0.06    0.06      3.31      0.28
    1967    0.07    0.07    0.07    0.06    0.06    0.06    0.05    0.05    0.05    0.04    0.04    0.04      0.65      0.05
    1968    0.04    0.04    0.03    0.03    0.03    0.03    0.03    0.03    0.02    0.02    0.02    0.02      0.35      0.03
    1969    0.13    0.04    0.03    0.03    0.03    0.03    0.03    0.03    0.03    0.03    0.02    0.02      0.44      0.04
    1970    0.02    0.02    0.02    0.02    0.02    0.04    0.01    0.02    0.02    0.02    0.02    0.02      0.23      0.02
    1971    0.02    0.02    0.02    0.66    0.26    0.24    0.08    0.06    0.07    0.08    0.09    0.10      1.70      0.14
    1972    0.11    0.11    0.11    0.10    0.09    0.09    0.08    0.08    0.07    0.06    0.06    0.30      1.25      0.10
    1973    0.10    0.05    0.47    0.19    0.06    0.07    0.07    0.08    0.08    0.08    0.08    0.08      1.42      0.12
    1974    0.08    0.08    0.08    0.19    0.09    0.07    0.07    0.07    0.07    0.07    0.06    0.06      0.98      0.08
    1975    0.06    0.06    1.34    1.39    0.43    0.08    0.08    0.09    0.09    0.09    0.10    0.10      3.91      0.33
    1976    0.09    0.09    0.09    0.08    2.93    1.05    0.10    0.10    0.10    0.10    0.10    0.10      4.95      0.41
    1977    0.10    0.09    0.09    1.09    1.14    0.29    0.10    0.10    0.11    0.11    0.12    0.12      3.46      0.29
    1978    0.12    0.12    0.12    0.11    0.11    0.10    0.10    0.09    0.08    0.08    0.07    0.07      1.17      0.10
    1979    0.06    0.06    0.05    0.05    0.08    0.04    0.04    0.04    0.04    0.03    0.03    0.03      0.56      0.05
    1980    0.03    0.03    0.02    0.12    0.05    0.03    0.03    0.03    0.04    0.04    0.04    0.04      0.52      0.04
    1981    0.05    0.05    0.05    0.40    0.13    0.05    0.05    0.05    0.04    0.04    0.04    0.04      0.97      0.08
    1982    0.03    0.03    0.03    0.03    0.03    0.02    0.02    0.02    0.02    0.02    0.02    0.02      0.28      0.02
    1983    0.01    0.01    0.07    1.17    0.40    0.03    0.03    0.04    0.04    0.08    0.04    0.05      1.99      0.17
    1984    0.05    0.06    0.06    0.09    1.65    0.57    0.09    0.10    0.10    0.10    0.11    0.11      3.09      0.26
    1985    0.11    0.10    0.10    0.09    0.09    0.08    0.07    0.07    0.07    0.06    0.06    0.05      0.95      0.08
    1986    0.05    0.05    0.04    0.08    0.04    0.04    0.04    0.03    0.03    0.03    0.03    0.03      0.48      0.04
    1987    0.03    0.03    0.32    0.11    0.03    0.03    0.03    0.03    0.03    0.04    0.04    0.04      0.75      0.06
    1988    0.04    0.04    0.03    0.03    1.87    0.66    0.06    0.05    0.05    0.05    0.05    0.05      2.98      0.25
    1989    0.05    0.06    0.05    0.05    0.05    0.05    0.05    0.05    0.05    0.05    0.05    0.05      0.58      0.05
    1990    0.04    0.04    0.08    0.04    0.04    0.03    0.03    0.03    0.03    0.03    0.03    0.02      0.44      0.04
    1991    0.02    0.02    0.02    0.02    0.02    0.02    0.02    0.01    0.01    0.01    0.01    0.01      0.20      0.02
    1992    0.01    0.01    1.37    0.47    0.03    0.06    0.03    0.03    0.03    0.03    0.04    0.04      2.15      0.18
    1993    0.04    0.04    0.04    0.04    0.03    0.03    0.03    0.03    0.03    0.02    0.02    0.02      0.38      0.03
    1994    0.02    0.02    0.02    1.28    0.45    0.04    0.04    0.04    0.04    0.04    0.04    0.04      2.06      0.17
    1995    0.04    0.04    0.04    0.14    0.58    0.18    0.06    0.06    0.07    0.07    0.08    0.08      1.44      0.12
    1996    0.08    0.08    0.08    0.31    0.10    0.07    0.07    0.06    0.06    0.06    0.06    0.06      1.08      0.09
    1997    0.05    0.05    0.05    0.35    0.11    0.05    0.05    0.05    0.05    0.05    0.04    0.04      0.95      0.08
    1998    0.04    0.78    1.52    0.45    0.54    0.18    0.08    0.10    0.11    0.12    0.13    0.13      4.17      0.35
    1999    0.13    0.25    0.13    0.25   15.28    6.69    0.58    0.29    0.32    0.35    0.37    0.36     25.02      2.08
    2000    0.35    0.38    0.31    0.30    0.58    0.27    0.27    0.25    0.24    0.23    0.21    0.20      3.58      0.30
    2001    0.19    2.13    0.74    0.17    0.16    0.15    0.14    0.13    0.12    0.11    0.10    0.10      4.25      0.35
    2002    0.09    0.08    0.07    0.06    0.06    0.05    0.05    0.04    0.04    0.04    0.03    0.03      0.64      0.05
    2003    0.03    0.02    0.02    0.76    0.43    0.12    0.03    0.03    0.03    0.03    0.04    0.04      1.58      0.13
    2004    0.04    0.09    0.04    0.06    0.04    0.04    0.04    0.04    0.04    0.04    0.04    0.04      0.56      0.05
    2005    0.03    0.03    0.03    0.03    0.15    0.22    0.06    0.03    0.03    0.03    0.03    0.03      0.71      0.06
    2006    0.03    0.03    0.03    0.03    0.03    0.02    0.02    0.02    0.02    0.02    0.02    0.01      0.28      0.02
    2007    0.01    0.01    0.05    0.02    0.01    0.01    0.01    0.01    0.01    0.01    0.01    0.01      0.18      0.01
    2008    0.01    0.05    0.20    0.15    0.05    0.01    0.02    0.02    0.02    0.02    0.02    0.02      0.59      0.05
    2009    0.02    0.15    0.05    0.02    0.02    0.02    0.05    0.02    0.02    0.02    0.02    0.02      0.45      0.04
  
 AVERAGE    0.08    0.13    0.19    0.30    0.62    0.34    0.13    0.08    0.07    0.07    0.07    0.07      2.14      0.18
