    1920    1.66    1.62    1.57    1.51    1.46    1.55    1.51    1.31    1.25    1.19    1.12    1.05     16.81      1.40
    1921    0.97    0.87    2.08    1.25    0.69    0.63    0.57    0.52    0.47    0.43    0.38    0.34      9.21      0.77
    1922    0.30    0.25    0.21   12.67   14.99    2.45    0.35    0.34    0.32    0.31    0.29    0.28     32.76      2.73
    1923    0.26    0.23    0.86    0.86    0.17    1.78    1.77    0.15    0.13    0.11    0.10    0.09      6.51      0.54
    1924    0.08    1.34    1.90    4.81    6.37   51.30   49.09    0.62    0.64    0.66    0.67    0.68    118.17      9.85
    1925    0.67    0.62    0.56    0.48    0.67    0.51    0.36    0.33    0.30    0.27    0.24    0.21      5.21      0.43
    1926    0.18    0.15    0.13    0.11    0.10    0.08    0.07    0.06    0.05    0.05    0.04    0.04      1.07      0.09
    1927    0.13    0.13    0.02    1.89    1.90    0.05    0.04    0.04    0.03    0.03    0.03    0.02      4.33      0.36
    1928    0.02    0.02    0.01    0.15    0.26    0.20    0.09    0.01    0.01    0.01    0.01    0.01      0.80      0.07
    1929    0.07    0.58    0.57    0.06    0.04    3.45    3.45    0.08    0.07    0.06    0.06    0.05      8.54      0.71
    1930    0.05    0.04    2.97    3.10    0.24    0.13    0.07    0.06    0.05    0.05    0.04    0.04      6.84      0.57
    1931    0.03    0.03    0.02    0.02    0.02    0.23    0.23    0.02    0.01    0.01    0.01    0.01      0.66      0.05
    1932    0.01    0.01    0.28    1.20    0.94    0.07    0.07    0.02    0.02    0.02    0.02    0.01      2.66      0.22
    1933    0.01    0.63    0.65    1.24    1.24    0.22    0.22    0.03    0.03    0.03    0.03    0.02      4.35      0.36
    1934    0.02    0.11    0.56    0.47    0.10    0.10    0.02    0.02    0.02    0.01    0.01    0.01      1.44      0.12
    1935    0.01    0.01    0.01    1.00    1.01    0.71    0.71    0.03    0.03    0.03    0.03    0.03      3.59      0.30
    1936    0.06    2.06    2.13    2.04   46.60   44.58    0.43    0.43    0.42    0.41    0.40    0.38     99.95      8.33
    1937    0.35    0.31    0.27    0.22    0.19    0.18    0.89    0.89    0.14    0.13    0.11    0.10      3.78      0.31
    1938    0.08    0.07    7.29    7.65    6.92    6.69    0.28    0.28    0.27    0.27    0.26    0.23     30.30      2.53
    1939    0.20    0.19    1.68    1.49    0.14    0.26    0.28    0.10    0.10    0.09    0.08    0.07      4.67      0.39
    1940    0.06    4.12    4.19    0.11    0.10    0.09    0.21    0.20    0.07    0.06    0.05    0.04      9.30      0.78
    1941    0.04    0.03    2.80    4.04    1.30    1.86    1.87    0.11    0.11    0.10    0.09    0.09     12.44      1.04
    1942    0.08    0.15    0.41    0.27    0.06    0.21    8.65    8.51    0.19    0.18    0.17    0.17     19.04      1.59
    1943    0.16    4.23    4.26    0.21    2.58    2.50    0.21    0.18    0.17    0.15    0.13    0.12     14.88      1.24
    1944    0.10    0.09    0.07    1.82    2.04    0.28    0.07    0.07    0.06    0.05    0.05    0.04      4.76      0.40
    1945    0.04    0.03    0.03    7.07   24.70   17.31    0.30    0.28    0.26    0.24    0.23    0.21     50.69      4.22
    1946    0.19    0.17    0.14    0.12    0.11    0.09    0.08    0.07    0.06    0.06    0.05    0.04      1.18      0.10
    1947    0.04    1.09    1.49    0.43    0.04   11.72   11.75    0.20    0.18    0.17    0.15    0.14     27.41      2.28
    1948    0.13    0.11    0.10    2.03    2.12    0.09    0.09    0.08    0.07    0.06    0.06    0.05      4.99      0.42
    1949    0.04    1.04    2.49    1.52    0.44    1.01    0.62    0.08    0.07    0.07    0.07    0.06      7.52      0.63
    1950    0.06    0.05    8.54    8.58    0.16    0.13    0.12    0.11    0.10    0.09    0.08    0.07     18.08      1.51
    1951    0.06    0.05    0.17    0.85    0.89    0.18    0.05    0.04    0.04    0.03    0.03    0.03      2.40      0.20
    1952    0.02    2.16    2.23    2.34    2.40    0.11    0.08    0.07    0.07    0.06    0.06    0.05      9.67      0.81
    1953    0.05    0.44    0.44    0.04    0.89    0.89    0.04    0.04    0.03    0.03    0.02    0.02      2.93      0.24
    1954    0.02    0.52    0.53    1.92    2.30    0.43    0.06    0.05    0.05    0.05    0.04    0.04      6.01      0.50
    1955    0.04    1.08    1.30    0.27    5.29    5.32    0.13    0.12    0.11    0.10    0.09    0.08     13.93      1.16
    1956    0.07    0.06    0.05    0.06    0.25    0.46    0.25    0.04    0.03    0.03    0.03    0.02      1.35      0.11
    1957    0.02    0.02    0.18    7.23    7.13    0.12    0.11    0.10    0.09    0.08    0.08    0.07     15.24      1.27
    1958    0.06    0.05    0.77    0.86    0.45    0.31    0.04    0.04    0.04    0.03    0.03    0.03      2.71      0.23
    1959    0.02    0.02    0.02    0.01   10.86   10.91    0.29    0.29    0.14    0.13    0.12    0.11     22.92      1.91
    1960    0.10    0.21    2.61    2.43    1.06    1.07    0.11    0.10    0.12    0.12    0.08    0.07      8.06      0.67
    1961    0.06    0.06    0.05    0.06    0.04    0.03    0.03    0.03    0.02    0.02    0.02    0.02      0.43      0.04
    1962    0.01    2.36    2.64    0.29    0.05    0.04    0.04    0.04    0.03    0.03    0.03    0.03      5.57      0.46
    1963    0.02    0.02    0.02    0.93    1.22    0.32    0.03    0.03    0.03    0.02    0.02    0.02      2.68      0.22
    1964    0.34    0.34    0.31    0.36    0.06    0.02    0.02    0.01    0.01    0.01    0.01    0.01      1.50      0.13
    1965    0.01    0.03    0.03    1.75    2.02    0.28    0.04    0.03    0.03    0.03    0.02    0.02      4.28      0.36
    1966    0.02    0.01    0.29    0.30    8.51    8.78    0.25    0.14    0.14    0.13    0.13    0.12     18.82      1.57
    1967    0.11    0.11    0.09    0.08    0.38    0.37    0.06    0.05    0.05    0.04    0.04    0.03      1.41      0.12
    1968    0.03    0.20    0.37    0.18    0.11    0.42    0.33    0.02    0.02    0.02    0.02    0.02      1.74      0.14
    1969    1.34    1.35    0.14    0.14    0.03    0.03    0.03    0.02    0.02    0.02    0.02    0.01      3.16      0.26
    1970    0.01    0.01    0.06    0.85    0.82    0.18    0.18    0.02    0.02    0.02    0.02    0.02      2.21      0.18
    1971    0.03    0.12    0.48    2.99    3.91    2.79    1.55    0.15    0.17    0.18    0.19    0.20     12.78      1.06
    1972    0.20    0.19    0.17    0.15    0.13    0.11    0.09    0.08    0.08    0.07    0.06    2.31      3.63      0.30
    1973    2.33    0.08    2.88    3.66    0.87    0.13    0.13    0.12    0.12    0.11    0.11    0.10     10.64      0.89
    1974    0.09    0.74    0.77    0.77    1.59    0.93    0.08    0.07    0.07    0.06    0.06    0.05      5.28      0.44
    1975    0.05    0.04    3.16    7.33    4.81    0.74    0.15    0.15    0.15    0.14    0.14    0.13     16.98      1.42
    1976    0.12    0.10    0.15    0.70   16.29   16.12    0.42    0.27    0.26    0.25    0.24    0.22     35.13      2.93
    1977    0.21    0.20    0.31    2.26    3.99    3.56    1.51    0.22    0.22    0.21    0.20    0.19     13.08      1.09
    1978    0.19    0.50    0.74    0.71    0.47    0.12    0.11    0.09    0.08    0.07    0.06    0.06      3.21      0.27
    1979    0.05    0.04    0.54    0.63    2.92    2.86    0.08    0.08    0.07    0.06    0.06    0.05      7.43      0.62
    1980    0.05    0.17    1.99    6.63    4.89    0.51    0.47    0.16    0.15    0.15    0.15    0.14     15.46      1.29
    1981    0.13    0.15    0.14    1.54    1.54    0.10    0.08    0.07    0.07    0.06    0.05    0.04      3.96      0.33
    1982    0.04    0.03    0.03    0.02    0.02    0.38    0.39    0.02    0.02    0.02    0.01    0.01      0.98      0.08
    1983    0.01    0.54    1.75    2.83    1.65    0.29    0.28    0.07    0.06    0.75    0.76    0.08      9.06      0.75
    1984    0.07    0.09    0.25    0.90    5.42    4.76    0.16    0.16    0.15    0.14    0.13    0.12     12.35      1.03
    1985    0.11    0.12    0.09    0.08    0.07    0.06    0.13    0.13    0.04    0.04    0.03    0.03      0.91      0.08
    1986    0.02    0.02    0.13    0.47    0.36    0.77    0.77    0.03    0.03    0.02    0.02    0.09      2.75      0.23
    1987    0.10    0.02    3.21    3.24    0.52    0.58    0.07    0.07    0.06    0.05    0.05    0.04      8.01      0.67
    1988    0.04    0.03    0.11    0.11    2.37    2.39    0.06    0.05    0.05    0.04    0.04    0.03      5.33      0.44
    1989    0.04    0.47    0.85    0.61    0.22    0.20    0.16    0.03    0.03    0.03    0.03    0.02      2.68      0.22
    1990    0.11    0.11    6.49    6.56    0.11    0.10    0.09    0.08    0.07    0.07    0.06    0.05     13.89      1.16
    1991    0.04    0.14    0.15    0.03    0.02    0.02    0.02    0.02    0.01    0.01    0.01    0.01      0.49      0.04
    1992    0.01    0.17    5.35    5.22    0.40    0.44    0.08    0.07    0.07    0.06    0.06    0.05     11.97      1.00
    1993    0.04    0.04    1.27    1.29    0.05    0.05    0.05    0.03    0.03    0.03    0.02    0.02      2.91      0.24
    1994    0.16    0.16    0.34    2.74    2.57    0.15    0.13    0.13    0.06    0.06    0.05    0.05      6.61      0.55
    1995    0.05    0.04    1.14    4.80    9.23    5.54    0.22    0.22    0.22    0.22    0.22    0.22     22.12      1.84
    1996    0.21    0.19    0.16    1.23    1.25    0.13    0.12    0.10    0.09    0.08    0.07    0.06      3.70      0.31
    1997    0.06    0.26    0.63    2.06    1.72    0.07    0.06    0.05    0.05    0.04    0.04    0.03      5.06      0.42
    1998    0.03    2.91    6.29    3.44    6.60    6.76    0.23    0.25    0.25    0.25    0.25    0.24     27.51      2.29
    1999    0.23    0.70    1.34    1.35   31.33   65.10   33.31    0.65    0.63    0.58    0.52    0.47    136.21     11.35
    2000    0.42    1.31    1.32    0.30    8.51    8.59    0.34    0.31    0.28    0.25    0.22    0.20     22.06      1.84
    2001    0.18    5.29    5.53    0.27    0.18    0.16    0.14    0.12    0.11    0.10    0.08    0.07     12.22      1.02
    2002    0.06    0.05    0.04    0.04    0.03    0.11    0.11    0.02    0.02    0.02    0.02    0.01      0.53      0.04
    2003    0.01    0.01    0.01    4.04   11.23    7.23    0.18    0.18    0.17    0.17    0.17    0.16     23.56      1.96
    2004    0.16    0.97    1.22    0.40    0.15    0.11    0.09    0.08    0.07    0.07    0.06    0.05      3.44      0.29
    2005    0.04    0.22    0.23    1.38    2.93    2.93    1.41    0.10    0.09    0.09    0.09    0.08      9.60      0.80
    2006    0.08    0.07    0.32    0.32    0.15    0.15    0.04    0.03    0.03    0.03    0.02    0.02      1.27      0.11
    2007    0.02    0.26    1.48    1.25    0.04    0.03    0.03    0.02    0.02    0.02    0.02    0.01      3.20      0.27
    2008    0.01    0.23    0.96    1.89    1.35    0.20    0.04    0.04    0.04    0.03    0.03    0.03      4.85      0.40
    2009    0.03    0.84    0.96    0.19    0.07    0.03    0.45    0.45    0.03    0.03    0.02    0.02      3.11      0.26
  
 AVERAGE    0.16    0.52    1.26    1.82    3.25    3.51    1.45    0.24    0.12    0.12    0.12    0.13     12.70      1.06
